0.003296 -0.006573 0.004294 -0.005969 
-0.004864 0.002683 -0.005086 0.002232 
0.003301 -0.006520 0.004278 -0.005925 
0.003268 -0.006498 0.004234 -0.005914 
-0.005523 -0.000807 -0.005426 -0.001308 
-0.002733 -0.004787 -0.002296 -0.005012 
0.002613 0.004855 0.002170 0.005068 
0.001633 0.001671 0.001606 0.001697 
0.000784 -0.005591 0.001304 -0.005494 
0.003284 -0.006492 0.004250 -0.005906 
0.005261 0.000750 0.005181 0.001183 
0.004780 -0.002469 0.004972 -0.002055 
0.005341 0.000836 0.005249 0.001291 
-0.001784 0.001741 -0.001816 0.001708 
0.002616 0.004768 0.002192 0.004977 
-0.002583 -0.004865 -0.002140 -0.005075 
0.005329 0.000859 0.005236 0.001311 
0.002545 0.004632 0.002158 0.004825 
0.005325 0.000900 0.005228 0.001352 
0.006522 0.003378 0.005907 0.004365 
-0.004877 0.002622 -0.005093 0.002173 
-0.002658 -0.004934 -0.002193 -0.005158 
0.004705 -0.002539 0.004901 -0.002136 
0.001701 0.001639 0.001674 0.001667 
-0.006546 -0.003356 -0.005933 -0.004349 
0.006543 0.003337 0.005935 0.004327 
-0.001720 0.001634 -0.001746 0.001605 
-0.004913 0.002754 -0.005148 0.002285 
-0.003274 0.006559 -0.004264 0.005963 
0.004751 -0.002614 0.004958 -0.002194 
-0.005427 -0.000740 -0.005341 -0.001215 
0.005330 0.000809 0.005241 0.001260 
-0.002615 -0.004886 -0.002164 -0.005101 
-0.005479 -0.000783 -0.005387 -0.001272 
0.000783 -0.005470 0.001269 -0.005378 
-0.001844 -0.001792 -0.001809 -0.001827 
0.003297 -0.006600 0.004306 -0.005992 
-0.001737 0.001765 -0.001768 0.001734 
-0.003363 0.006577 -0.004370 0.005957 
-0.005462 -0.000728 -0.005376 -0.001211 
0.002607 0.004737 0.002191 0.004943 
-0.006520 -0.003295 -0.005926 -0.004272 
-0.006501 -0.003349 -0.005897 -0.004324 
0.002621 0.004645 0.002224 0.004848 
0.004763 -0.002573 0.004966 -0.002154 
0.002581 0.004763 0.002162 0.004967 
0.000782 -0.005436 0.001259 -0.005346 
0.004727 -0.002649 0.004938 -0.002233 
-0.001946 -0.001746 -0.001910 -0.001785 
0.001688 0.001703 0.001659 0.001731 
0.005294 0.000840 0.005204 0.001283 
-0.004944 0.002732 -0.005178 0.002257 
0.006590 0.003323 0.005977 0.004329 
0.001650 -0.001964 0.001688 -0.001932 
-0.004726 0.002697 -0.004942 0.002276 
0.005338 0.000881 0.005242 0.001335 
0.002418 0.004679 0.002030 0.004860 
0.003248 -0.006604 0.004253 -0.006007 
0.003380 -0.006435 0.004333 -0.005836 
0.001759 0.001610 0.001732 0.001639 
-0.006463 -0.003264 -0.005886 -0.004216 
0.001573 -0.001841 0.001604 -0.001814 
0.005273 0.000809 0.005187 0.001246 
0.002623 0.004780 0.002196 0.004990 
-0.004879 0.002706 -0.005106 0.002249 
0.001717 0.001530 0.001693 0.001557 
0.004771 -0.002567 0.004974 -0.002147 
-0.003393 0.006611 -0.004415 0.005977 
0.003349 -0.006466 0.004311 -0.005869 
0.001691 0.001515 0.001667 0.001541 
-0.001761 0.001793 -0.001794 0.001760 
0.006467 0.003392 0.005859 0.004359 
0.003264 -0.006559 0.004252 -0.005966 
0.001681 0.001523 0.001658 0.001548 
-0.001719 0.001715 -0.001749 0.001685 
0.003345 -0.006521 0.004327 -0.005915 
-0.001808 0.001673 -0.001838 0.001641 
-0.000870 0.005298 -0.001315 0.005205 
-0.001710 0.001731 -0.001740 0.001701 
0.001634 0.001596 0.001609 0.001621 
-0.002715 -0.004866 -0.002261 -0.005093 
0.001725 0.001622 0.001698 0.001650 
0.002483 0.004676 0.002091 0.004864 
0.001703 0.001555 0.001678 0.001581 
-0.005465 -0.000712 -0.005380 -0.001196 
0.004716 -0.002554 0.004915 -0.002147 
0.001660 0.001534 0.001637 0.001558 
0.003190 -0.006575 0.004177 -0.005997 
0.003391 -0.006524 0.004380 -0.005906 
-0.002691 -0.004907 -0.002229 -0.005133 
-0.001728 0.001724 -0.001758 0.001694 
0.002680 0.004746 0.002256 0.004961 
-0.001581 0.001675 -0.001607 0.001650 
0.000797 -0.005481 0.001286 -0.005387 
-0.004866 0.002653 -0.005085 0.002204 
0.001574 -0.001847 0.001606 -0.001819 
0.001598 0.001693 0.001571 0.001719 
0.001514 -0.001792 0.001543 -0.001768 
0.001780 0.001646 0.001751 0.001677 
0.001589 -0.001931 0.001624 -0.001901 
0.003296 -0.006492 0.004262 -0.005903 
-0.005608 -0.000878 -0.005500 -0.001404 
-0.002679 -0.004817 -0.002239 -0.005036 
0.001704 0.001662 0.001676 0.001690 
-0.005514 -0.000784 -0.005420 -0.001282 
0.003346 -0.006552 0.004341 -0.005940 
-0.000766 0.005270 -0.001201 0.005189 
-0.000831 0.005299 -0.001275 0.005210 
-0.005512 -0.000780 -0.005418 -0.001277 
-0.001909 -0.001765 -0.001873 -0.001803 
-0.001854 -0.001780 -0.001819 -0.001816 
-0.000806 0.005304 -0.001251 0.005217 
-0.002595 -0.004839 -0.002157 -0.005049 
0.000648 -0.005532 0.001149 -0.005450 
-0.005539 -0.000695 -0.005452 -0.001198 
0.002469 0.004675 0.002078 0.004861 
0.006543 0.003325 0.005938 0.004313 
-0.001821 0.001691 -0.001851 0.001657 
0.006565 0.003356 0.005948 0.004357 
0.001645 -0.001910 0.001680 -0.001879 
-0.002676 -0.004863 -0.002226 -0.005085 
-0.001764 0.001705 -0.001794 0.001673 
-0.001748 0.001707 -0.001777 0.001676 
-0.001633 0.001743 -0.001662 0.001716 
0.002533 0.004714 0.002128 0.004910 
0.006583 0.003296 0.005977 0.004298 
-0.005450 -0.000781 -0.005359 -0.001262 
0.001594 -0.001792 0.001624 -0.001765 
-0.005463 -0.000760 -0.005374 -0.001244 
0.001696 0.001555 0.001671 0.001582 
0.005316 0.000905 0.005219 0.001355 
-0.004902 0.002662 -0.005124 0.002203 
0.003379 -0.006524 0.004366 -0.005909 
0.001732 0.001561 0.001707 0.001589 
-0.005491 -0.000783 -0.005398 -0.001275 
0.000762 -0.005475 0.001249 -0.005384 
-0.002767 -0.004887 -0.002303 -0.005122 
-0.005588 -0.000683 -0.005500 -0.001199 
0.006525 0.003338 0.005920 0.004321 
0.002632 0.004772 0.002206 0.004983 
0.005322 0.000779 0.005237 0.001228 
-0.005553 -0.000760 -0.005459 -0.001268 
0.000739 -0.005461 0.001222 -0.005374 
0.004754 -0.002498 0.004948 -0.002087 
-0.004825 0.002653 -0.005042 0.002214 
-0.005535 -0.000750 -0.005444 -0.001253 
-0.002669 -0.004938 -0.002202 -0.005164 
0.006395 0.003395 0.005799 0.004335 
-0.004872 0.002666 -0.005093 0.002214 
0.001591 -0.001942 0.001626 -0.001912 
-0.001824 0.001826 -0.001860 0.001790 
-0.001781 0.001719 -0.001811 0.001687 
-0.004882 0.002685 -0.005106 0.002230 
0.001534 0.001573 0.001511 0.001594 
-0.004845 0.002769 -0.005078 0.002315 
-0.005511 -0.000793 -0.005417 -0.001290 
-0.001888 -0.001727 -0.001854 -0.001763 
-0.004818 0.002572 -0.005024 0.002141 
0.000704 -0.005384 0.001167 -0.005303 
-0.006516 -0.003336 -0.005913 -0.004316 
-0.001962 -0.001812 -0.001924 -0.001852 
0.005374 0.000824 0.005282 0.001286 
0.003334 -0.006668 0.004373 -0.006038 
-0.002702 -0.004930 -0.002234 -0.005160 
-0.006579 -0.003379 -0.005954 -0.004387 
-0.004907 0.002712 -0.005136 0.002248 
0.001672 0.001569 0.001647 0.001595 
0.003252 -0.006600 0.004256 -0.006003 
-0.000869 0.005242 -0.001300 0.005152 
0.001532 -0.001980 0.001568 -0.001951 
0.004763 -0.002564 0.004965 -0.002146 
-0.002688 -0.004851 -0.002239 -0.005074 
0.005351 0.000858 0.005257 0.001315 
0.003224 -0.006509 0.004190 -0.005934 
0.001590 -0.002010 0.001628 -0.001979 
-0.003268 0.006596 -0.004271 0.005996 
-0.006483 -0.003314 -0.005891 -0.004279 
-0.006505 -0.003238 -0.005927 -0.004203 
-0.003167 0.006642 -0.004179 0.006057 
-0.005514 -0.000793 -0.005419 -0.001291 
-0.005492 -0.000770 -0.005400 -0.001262 
0.006575 0.003272 0.005977 0.004268 
0.003330 -0.006512 0.004308 -0.005911 
0.005410 0.000836 0.005315 0.001308 
0.003303 -0.006535 0.004286 -0.005937 
-0.005611 -0.000739 -0.005517 -0.001263 
0.004694 -0.002526 0.004888 -0.002126 
0.006526 0.003264 0.005938 0.004241 
0.004813 -0.002583 0.005020 -0.002152 
0.003181 -0.006465 0.004126 -0.005907 
-0.001704 0.001607 -0.001730 0.001579 
-0.000847 0.005443 -0.001328 0.005346 
0.000780 -0.005558 0.001290 -0.005462 
-0.001833 0.001727 -0.001864 0.001692 
-0.001962 -0.001765 -0.001925 -0.001804 
0.000766 -0.005416 0.001239 -0.005328 
-0.006592 -0.003343 -0.005973 -0.004352 
0.002581 0.004804 0.002152 0.005011 
-0.004859 0.002606 -0.005072 0.002162 
-0.000978 0.005372 -0.001444 0.005266 
0.005369 0.000876 0.005273 0.001339 
-0.003233 0.006567 -0.004222 0.005979 
0.004624 -0.002640 0.004827 -0.002246 
0.003360 -0.006475 0.004326 -0.005873 
-0.001675 0.001652 -0.001701 0.001625 
-0.006567 -0.003335 -0.005956 -0.004334 
0.005335 0.000960 0.005233 0.001416 
-0.005443 -0.000718 -0.005359 -0.001197 
0.002594 0.004720 0.002183 0.004923 
-0.001749 0.001769 -0.001780 0.001737 
-0.001818 0.001740 -0.001850 0.001706 
0.005294 0.000881 0.005200 0.001325 
-0.003290 0.006631 -0.004310 0.006018 
-0.001915 -0.001757 -0.001880 -0.001795 
0.000749 -0.005474 0.001236 -0.005385 
0.000657 -0.005508 0.001151 -0.005426 
-0.000784 0.005333 -0.001235 0.005247 
0.005229 0.000745 0.005151 0.001170 
-0.001883 -0.001763 -0.001848 -0.001799 
-0.005500 -0.000602 -0.005424 -0.001093 
0.006525 0.003241 0.005943 0.004214 
-0.004907 0.002733 -0.005139 0.002267 
-0.002731 -0.004809 -0.002289 -0.005035 
-0.003286 0.006517 -0.004260 0.005926 
-0.001931 -0.001727 -0.001896 -0.001764 
-0.005588 -0.000813 -0.005487 -0.001332 
0.000703 -0.005460 0.001185 -0.005376 
-0.001674 0.001615 -0.001700 0.001589 
-0.005450 -0.000690 -0.005368 -0.001169 
0.001604 0.001579 0.001580 0.001603 
-0.002677 -0.004875 -0.002224 -0.005097 
0.001561 -0.001898 0.001594 -0.001870 
0.002594 0.004748 0.002177 0.004953 
0.001668 0.001637 0.001642 0.001664 
-0.001795 -0.001787 -0.001761 -0.001821 
-0.005519 -0.000785 -0.005425 -0.001285 
-0.001967 -0.001710 -0.001932 -0.001749 
-0.002708 -0.004854 -0.002257 -0.005079 
-0.003293 0.006675 -0.004330 0.006054 
-0.006621 -0.003367 -0.005991 -0.004391 
0.001581 -0.001877 0.001614 -0.001849 
-0.004882 0.002604 -0.005095 0.002155 
0.006462 0.003307 0.005875 0.004263 
-0.001722 0.001686 -0.001751 0.001657 
0.001694 0.001525 0.001671 0.001551 
0.006505 0.003408 0.005886 0.004390 
-0.005642 -0.000661 -0.005554 -0.001192 
-0.001741 0.001764 -0.001772 0.001732 
0.000794 -0.005566 0.001307 -0.005469 
0.001534 -0.001845 0.001565 -0.001819 
-0.000823 0.005416 -0.001297 0.005323 
0.005295 0.000800 0.005209 0.001243 
0.006608 0.003348 0.005986 0.004365 
-0.002649 -0.004940 -0.002183 -0.005163 
-0.006557 -0.003307 -0.005954 -0.004299 
-0.000734 0.005440 -0.001212 0.005353 
0.002503 0.004791 0.002084 0.004987 
-0.000795 0.005313 -0.001242 0.005226 
0.006495 0.003274 0.005911 0.004239 
0.001604 -0.001780 0.001634 -0.001753 
0.005333 0.000827 0.005243 0.001279 
-0.006607 -0.003353 -0.005984 -0.004370 
0.004669 -0.002640 0.004875 -0.002236 
-0.002605 -0.004811 -0.002172 -0.005021 
0.000762 -0.005520 0.001261 -0.005428 
0.005334 0.000787 0.005248 0.001239 
-0.001695 0.001563 -0.001719 0.001537 
-0.000846 0.005317 -0.001295 0.005226 
0.005303 0.000901 0.005207 0.001347 
0.001509 -0.001892 0.001541 -0.001866 
0.000785 -0.005371 0.001246 -0.005283 
-0.002699 -0.004941 -0.002228 -0.005171 
-0.003284 0.006592 -0.004287 0.005988 
0.006519 0.003283 0.005928 0.004258 
-0.002711 -0.004830 -0.002266 -0.005054 
0.002424 0.004730 0.002024 0.004914 
-0.001820 0.001679 -0.001850 0.001646 
0.001614 -0.001928 0.001649 -0.001898 
0.003360 -0.006573 0.004364 -0.005954 
-0.005508 -0.000832 -0.005409 -0.001330 
-0.001798 0.001685 -0.001828 0.001653 
0.002616 0.004727 0.002202 0.004934 
0.003235 -0.006554 0.004219 -0.005968 
0.004774 -0.002619 0.004984 -0.002194 
0.003401 -0.006591 0.004417 -0.005959 
0.006571 0.003473 0.005924 0.004488 
0.005220 0.000838 0.005134 0.001263 
-0.004910 0.002702 -0.005138 0.002239 
0.003335 -0.006501 0.004309 -0.005901 
0.006504 0.003351 0.005900 0.004328 
-0.004883 0.002595 -0.005096 0.002147 
0.002611 0.004825 0.002175 0.005036 
0.001666 -0.001889 0.001701 -0.001857 
0.001686 -0.001733 0.001716 -0.001704 
0.005323 0.000903 0.005226 0.001355 
-0.002655 -0.004860 -0.002207 -0.005079 
-0.000788 0.005297 -0.001230 0.005212 
0.002463 0.004678 0.002072 0.004864 
-0.005586 -0.000764 -0.005490 -0.001281 
-0.004937 0.002744 -0.005172 0.002271 
-0.003370 0.006549 -0.004366 0.005932 
-0.002561 -0.004897 -0.002113 -0.005107 
-0.000846 0.005333 -0.001299 0.005241 
0.004735 -0.002612 0.004942 -0.002196 
0.000776 -0.005554 0.001285 -0.005459 
-0.002680 -0.004825 -0.002238 -0.005045 
-0.001764 0.001682 -0.001793 0.001651 
-0.004873 0.002673 -0.005095 0.002221 
-0.003325 0.006515 -0.004303 0.005915 
0.004788 -0.002562 0.004991 -0.002138 
0.004759 -0.002628 0.004969 -0.002206 
-0.004915 0.002608 -0.005131 0.002151 
0.001679 0.001556 0.001655 0.001581 
0.006567 0.003418 0.005934 0.004426 
0.004691 -0.002481 0.004880 -0.002085 
-0.000778 0.005318 -0.001225 0.005233 
0.004703 -0.002568 0.004903 -0.002163 
0.006500 0.003255 0.005919 0.004220 
-0.006455 -0.003385 -0.005851 -0.004347 
0.001556 -0.001888 0.001589 -0.001861 
0.006439 0.003292 0.005860 0.004237 
0.002526 0.004756 0.002112 0.004954 
-0.001822 -0.001785 -0.001788 -0.001819 
0.001643 0.001619 0.001617 0.001645 
0.001703 0.001490 0.001681 0.001515 
0.002437 0.004834 0.002013 0.005025 
0.003279 -0.006396 0.004208 -0.005827 
-0.005531 -0.000807 -0.005434 -0.001310 
-0.002749 -0.004860 -0.002293 -0.005091 
-0.005453 -0.000782 -0.005362 -0.001264 
0.000812 -0.005502 0.001307 -0.005405 
0.005337 0.000891 0.005241 0.001346 
0.005344 0.000776 0.005258 0.001230 
0.006648 0.003369 0.006013 0.004403 
0.001618 -0.001941 0.001654 -0.001911 
0.002568 0.004728 0.002157 0.004929 
-0.001765 0.001710 -0.001795 0.001678 
0.004693 -0.002516 0.004886 -0.002117 
0.002585 0.004749 0.002169 0.004954 
-0.003246 0.006520 -0.004218 0.005937 
-0.006594 -0.003365 -0.005970 -0.004378 
-0.004791 0.002676 -0.005009 0.002243 
0.004713 -0.002466 0.004902 -0.002067 
-0.002685 -0.004790 -0.002251 -0.005009 
-0.000786 0.005319 -0.001233 0.005233 
-0.000796 0.005329 -0.001247 0.005242 
0.003362 -0.006555 0.004360 -0.005939 
-0.002734 -0.004834 -0.002286 -0.005061 
-0.004819 0.002669 -0.005037 0.002230 
0.002658 0.004731 0.002239 0.004943 
0.003319 -0.006556 0.004312 -0.005950 
0.000857 -0.005567 0.001371 -0.005463 
-0.000804 0.005360 -0.001262 0.005271 
0.003265 -0.006510 0.004235 -0.005925 
-0.001773 0.001785 -0.001805 0.001752 
-0.006493 -0.003422 -0.005873 -0.004402 
-0.002736 -0.004908 -0.002270 -0.005140 
-0.004916 0.002611 -0.005133 0.002153 
0.006516 0.003337 0.005913 0.004317 
-0.003386 0.006613 -0.004409 0.005980 
-0.004850 0.002707 -0.005075 0.002257 
0.005373 0.000804 0.005283 0.001265 
0.003336 -0.006623 0.004357 -0.006001 
0.006512 0.003331 0.005910 0.004309 
0.006538 0.003268 0.005947 0.004248 
0.006524 0.003295 0.005929 0.004273 
-0.006551 -0.003256 -0.005961 -0.004241 
0.006600 0.003290 0.005993 0.004297 
-0.001864 -0.001747 -0.001830 -0.001782 
0.006615 0.003292 0.006005 0.004305 
0.001581 -0.001940 0.001616 -0.001911 
-0.001950 -0.001800 -0.001913 -0.001840 
-0.005471 -0.000646 -0.005392 -0.001131 
0.005427 0.000716 0.005344 0.001190 
0.001734 0.001557 0.001708 0.001584 
0.005465 0.000748 0.005377 0.001233 
-0.003270 0.006625 -0.004286 0.006018 
0.001720 0.001528 0.001696 0.001555 
-0.002676 -0.004922 -0.002212 -0.005147 
0.000783 -0.005567 0.001296 -0.005470 
0.002628 0.004782 0.002201 0.004994 
0.000757 -0.005415 0.001229 -0.005328 
0.002477 0.004779 0.002062 0.004973 
0.002617 0.004745 0.002198 0.004953 
0.006512 0.003334 0.005910 0.004312 
-0.003353 0.006574 -0.004356 0.005956 
0.006496 0.003320 0.005901 0.004290 
-0.000891 0.005295 -0.001335 0.005200 
0.002529 0.004770 0.002112 0.004969 
-0.003263 0.006518 -0.004235 0.005932 
0.001761 0.001584 0.001734 0.001613 
0.001652 -0.001886 0.001686 -0.001855 
0.001765 0.001582 0.001739 0.001610 
-0.001889 -0.001792 -0.001853 -0.001829 
0.004709 -0.002562 0.004908 -0.002156 
-0.005518 -0.000753 -0.005427 -0.001252 
0.001583 -0.001803 0.001613 -0.001776 
0.002597 0.004751 0.002179 0.004957 
-0.004966 0.002652 -0.005191 0.002179 
-0.001756 0.001612 -0.001782 0.001582 
0.001579 -0.001880 0.001612 -0.001852 
0.005307 0.000868 0.005214 0.001315 
-0.005480 -0.000830 -0.005383 -0.001320 
0.006719 0.003263 0.006097 0.004315 
0.002571 0.004716 0.002163 0.004917 
0.005332 0.000928 0.005233 0.001383 
-0.006579 -0.003297 -0.005974 -0.004297 
-0.000872 0.005302 -0.001317 0.005209 
0.002539 0.004700 0.002136 0.004896 
-0.001667 0.001693 -0.001695 0.001665 
0.001788 0.001616 0.001760 0.001646 
0.004772 -0.002585 0.004977 -0.002164 
0.004631 -0.002607 0.004831 -0.002215 
-0.000828 0.005228 -0.001255 0.005142 
0.002578 0.004799 0.002151 0.005005 
-0.003373 0.006546 -0.004368 0.005928 
0.006643 0.003372 0.006008 0.004405 
0.005301 0.000774 0.005217 0.001217 
0.001673 -0.001895 0.001708 -0.001863 
-0.001745 0.001602 -0.001771 0.001574 
-0.004830 0.002537 -0.005033 0.002106 
-0.006400 -0.003306 -0.005824 -0.004238 
0.006570 0.003348 0.005954 0.004349 
0.004753 -0.002530 0.004950 -0.002117 
0.005407 0.000802 0.005316 0.001273 
-0.000845 0.005376 -0.001309 0.005282 
0.000716 -0.005418 0.001188 -0.005334 
-0.005504 -0.000768 -0.005412 -0.001264 
0.003296 -0.006570 0.004292 -0.005967 
0.004685 -0.002696 0.004899 -0.002285 
-0.000853 0.005333 -0.001306 0.005241 
0.003351 -0.006520 0.004334 -0.005912 
-0.004770 0.002654 -0.004984 0.002227 
0.001646 0.001573 0.001622 0.001598 
0.006501 0.003333 0.005902 0.004307 
-0.000900 0.005300 -0.001345 0.005204 
0.006532 0.003326 0.005929 0.004310 
-0.006646 -0.003394 -0.006005 -0.004430 
0.001711 0.001567 0.001686 0.001594 
0.002660 0.004768 0.002233 0.004983 
0.006560 0.003241 0.005972 0.004228 
0.006540 0.003363 0.005926 0.004355 
-0.004860 0.002708 -0.005085 0.002256 
-0.002645 -0.004892 -0.002190 -0.005111 
0.001639 0.001420 0.001619 0.001442 
0.001605 -0.001853 0.001638 -0.001825 
-0.001851 -0.001702 -0.001819 -0.001736 
0.001817 0.001571 0.001790 0.001602 
-0.002671 -0.004828 -0.002229 -0.005047 
-0.005509 -0.000830 -0.005410 -0.001328 
-0.001920 -0.001769 -0.001885 -0.001807 
0.001748 0.001559 0.001723 0.001587 
0.005276 0.000847 0.005186 0.001286 
-0.002677 -0.004979 -0.002199 -0.005208 
0.004761 -0.002528 0.004959 -0.002113 
-0.005549 -0.000767 -0.005455 -0.001274 
-0.001920 -0.001775 -0.001884 -0.001814 
0.005259 0.000791 0.005175 0.001225 
0.001628 -0.001834 0.001660 -0.001805 
0.001622 -0.001860 0.001655 -0.001831 
-0.005486 -0.000787 -0.005393 -0.001278 
0.003299 -0.006584 0.004301 -0.005978 
0.001507 -0.001941 0.001541 -0.001914 
-0.001800 -0.001704 -0.001769 -0.001736 
0.001478 -0.001886 0.001510 -0.001861 
0.001791 0.001643 0.001762 0.001674 
0.003403 -0.006563 0.004408 -0.005935 
-0.002664 -0.004926 -0.002200 -0.005150 
0.006565 0.003281 0.005967 0.004274 
-0.005312 -0.000791 -0.005226 -0.001238 
0.002595 0.004740 0.002179 0.004944 
0.003264 -0.006686 0.004303 -0.006070 
0.000757 -0.005445 0.001236 -0.005356 
0.004729 -0.002575 0.004931 -0.002163 
-0.001912 -0.001783 -0.001876 -0.001822 
-0.006639 -0.003423 -0.005992 -0.004460 
0.002487 0.004740 0.002080 0.004932 
0.005274 0.000836 0.005186 0.001274 
0.000629 -0.005441 0.001105 -0.005365 
0.003340 -0.006581 0.004345 -0.005965 
-0.000735 0.005260 -0.001168 0.005181 
0.001637 -0.001875 0.001671 -0.001845 
0.000676 -0.005524 0.001175 -0.005440 
0.000715 -0.005446 0.001194 -0.005361 
0.006526 0.003356 0.005916 0.004342 
0.004703 -0.002621 0.004908 -0.002212 
0.003400 -0.006558 0.004403 -0.005932 
-0.000792 0.005360 -0.001251 0.005272 
-0.006607 -0.003307 -0.005995 -0.004319 
0.004774 -0.002574 0.004978 -0.002153 
-0.000852 0.005312 -0.001299 0.005220 
-0.001742 0.001732 -0.001773 0.001701 
-0.004859 0.002714 -0.005085 0.002262 
0.001795 0.001609 0.001767 0.001639 
-0.004892 0.002616 -0.005108 0.002164 
0.006639 0.003294 0.006024 0.004317 
0.002544 0.004713 0.002138 0.004911 
0.002616 0.004720 0.002203 0.004926 
0.006546 0.003273 0.005953 0.004257 
-0.000878 0.005260 -0.001314 0.005169 
0.002582 0.004722 0.002172 0.004924 
-0.000829 0.005315 -0.001277 0.005225 
0.004776 -0.002588 0.004982 -0.002165 
0.001631 -0.001826 0.001663 -0.001797 
0.004666 -0.002507 0.004856 -0.002115 
0.002593 0.004764 0.002172 0.004970 
0.005394 0.000758 0.005308 0.001224 
-0.006661 -0.003355 -0.006027 -0.004393 
0.004836 -0.002612 0.005048 -0.002173 
0.006498 0.003439 0.005874 0.004422 
0.000732 -0.005446 0.001212 -0.005359 
-0.005512 -0.000845 -0.005412 -0.001344 
-0.002618 -0.004880 -0.002168 -0.005095 
-0.004921 0.002623 -0.005139 0.002163 
0.003313 -0.006607 0.004326 -0.005994 
0.002544 0.004702 0.002141 0.004899 
0.000831 -0.005528 0.001334 -0.005429 
-0.006530 -0.003306 -0.005931 -0.004288 
-0.006520 -0.003393 -0.005902 -0.004380 
-0.000831 0.005281 -0.001271 0.005192 
-0.001926 -0.001803 -0.001888 -0.001842 
0.003299 -0.006486 0.004264 -0.005897 
0.003295 -0.006672 0.004331 -0.006051 
-0.002705 -0.004936 -0.002235 -0.005165 
0.001668 0.001641 0.001641 0.001667 
-0.003207 0.006515 -0.004173 0.005942 
-0.001782 -0.001706 -0.001751 -0.001737 
-0.002584 -0.004866 -0.002141 -0.005076 
0.005265 0.000805 0.005180 0.001240 
0.004796 -0.002526 0.004996 -0.002104 
-0.000909 0.005322 -0.001361 0.005225 
0.000825 -0.005449 0.001307 -0.005354 
-0.001784 -0.001749 -0.001752 -0.001781 
-0.001677 0.001683 -0.001705 0.001655 
-0.002645 -0.004851 -0.002200 -0.005069 
-0.001903 -0.001808 -0.001866 -0.001846 
-0.006533 -0.003310 -0.005933 -0.004293 
-0.002553 -0.004934 -0.002097 -0.005145 
0.005337 0.000813 0.005248 0.001266 
0.001746 0.001525 0.001721 0.001552 
0.001700 0.001522 0.001677 0.001548 
0.005224 0.000909 0.005132 0.001337 
0.004818 -0.002483 0.005013 -0.002058 
-0.000749 0.005360 -0.001206 0.005276 
-0.001885 -0.001661 -0.001854 -0.001696 
0.002555 0.004848 0.002118 0.005054 
-0.001994 -0.001780 -0.001956 -0.001822 
-0.005472 -0.000719 -0.005386 -0.001205 
0.001679 0.001474 0.001658 0.001498 
0.000702 -0.005539 0.001206 -0.005452 
-0.002669 -0.004863 -0.002220 -0.005084 
0.004670 -0.002587 0.004870 -0.002188 
0.001517 -0.001839 0.001547 -0.001813 
0.006554 0.003245 0.005966 0.004230 
0.001584 -0.001845 0.001615 -0.001817 
-0.005483 -0.000730 -0.005395 -0.001219 
-0.001744 0.001657 -0.001772 0.001627 
0.005326 0.000805 0.005238 0.001255 
0.002625 0.004697 0.002217 0.004903 
-0.000913 0.005280 -0.001354 0.005184 
-0.001899 -0.001771 -0.001863 -0.001808 
0.000713 -0.005485 0.001202 -0.005399 
0.001582 -0.001871 0.001615 -0.001843 
-0.001922 -0.001750 -0.001887 -0.001788 
0.005370 0.000764 0.005284 0.001225 
0.001808 0.001619 0.001779 0.001650 
0.006559 0.003264 0.005966 0.004253 
0.003276 -0.006569 0.004270 -0.005971 
-0.001939 -0.001685 -0.001906 -0.001722 
-0.002699 -0.004913 -0.002236 -0.005140 
0.004782 -0.002615 0.004992 -0.002189 
-0.001905 -0.001739 -0.001871 -0.001776 
-0.005398 -0.000725 -0.005314 -0.001192 
-0.004822 0.002725 -0.005047 0.002280 
-0.005522 -0.000767 -0.005429 -0.001267 
0.001522 -0.001875 0.001554 -0.001848 
0.001569 -0.001876 0.001602 -0.001848 
0.006531 0.003380 0.005915 0.004370 
-0.005566 -0.000751 -0.005473 -0.001262 
0.002639 0.004737 0.002220 0.004947 
0.001637 -0.001868 0.001671 -0.001838 
-0.000825 0.005347 -0.001280 0.005256 
0.005310 0.000811 0.005223 0.001257 
0.003378 -0.006484 0.004349 -0.005877 
0.006662 0.003277 0.006047 0.004307 
-0.001671 0.001706 -0.001699 0.001678 
0.004739 -0.002600 0.004944 -0.002184 
-0.003282 0.006560 -0.004273 0.005962 
-0.001750 0.001664 -0.001778 0.001634 
-0.001896 -0.001748 -0.001862 -0.001785 
0.001806 0.001575 0.001779 0.001606 
0.001591 -0.001799 0.001621 -0.001772 
-0.003309 0.006469 -0.004268 0.005881 
0.006560 0.003325 0.005951 0.004320 
-0.004918 0.002648 -0.005140 0.002188 
-0.004929 0.002682 -0.005156 0.002216 
-0.001747 0.001695 -0.001776 0.001664 
-0.006472 -0.003399 -0.005862 -0.004368 
-0.003268 0.006534 -0.004247 0.005944 
-0.000846 0.005218 -0.001271 0.005131 
0.005343 0.000773 0.005257 0.001227 
-0.006560 -0.003311 -0.005955 -0.004305 
0.004747 -0.002531 0.004945 -0.002119 
0.003347 -0.006605 0.004363 -0.005983 
-0.006548 -0.003322 -0.005943 -0.004313 
0.004787 -0.002586 0.004994 -0.002161 
-0.002631 -0.004822 -0.002195 -0.005035 
0.000819 -0.005513 0.001317 -0.005415 
-0.002623 -0.004814 -0.002189 -0.005027 
0.004770 -0.002624 0.004980 -0.002200 
-0.001779 0.001565 -0.001805 0.001535 
0.000788 -0.005536 0.001292 -0.005441 
0.000705 -0.005588 0.001222 -0.005499 
-0.002557 -0.004957 -0.002095 -0.005170 
-0.002702 -0.004940 -0.002232 -0.005169 
-0.001882 -0.001768 -0.001847 -0.001805 
0.001616 -0.001918 0.001651 -0.001888 
-0.003270 0.006539 -0.004251 0.005948 
-0.005494 -0.000826 -0.005397 -0.001319 
-0.003261 0.006585 -0.004259 0.005988 
-0.003315 0.006636 -0.004339 0.006016 
0.002536 0.004766 0.002120 0.004965 
0.005332 0.000796 0.005245 0.001247 
0.001585 -0.001938 0.001621 -0.001909 
-0.000889 0.005288 -0.001332 0.005194 
-0.005453 -0.000814 -0.005358 -0.001297 
-0.006527 -0.003290 -0.005933 -0.004269 
0.001574 -0.001869 0.001606 -0.001841 
0.001574 -0.001825 0.001605 -0.001798 
0.006518 0.003238 0.005938 0.004208 
-0.006524 -0.003316 -0.005925 -0.004297 
-0.003308 0.006541 -0.004295 0.005940 
0.003279 -0.006607 0.004288 -0.006002 
-0.001788 0.001658 -0.001816 0.001626 
-0.003403 0.006558 -0.004406 0.005931 
0.003359 -0.006573 0.004363 -0.005954 
0.001513 -0.001847 0.001544 -0.001821 
0.006632 0.003279 0.006022 0.004298 
0.006491 0.003297 0.005902 0.004264 
-0.000933 0.005331 -0.001387 0.005231 
0.003307 -0.006448 0.004258 -0.005864 
0.006571 0.003199 0.005991 0.004186 
-0.001857 -0.001739 -0.001823 -0.001774 
0.004690 -0.002596 0.004892 -0.002192 
-0.004859 0.002621 -0.005074 0.002176 
0.005333 0.000880 0.005238 0.001333 
0.006498 0.003367 0.005891 0.004344 
0.003304 -0.006570 0.004301 -0.005965 
-0.003304 0.006573 -0.004302 0.005968 
-0.001682 0.001718 -0.001711 0.001689 
0.001775 0.001628 0.001747 0.001658 
-0.003322 0.006588 -0.004328 0.005975 
0.004771 -0.002454 0.004961 -0.002042 
0.005244 0.000883 0.005153 0.001315 
-0.006531 -0.003216 -0.005954 -0.004189 
0.006515 0.003346 0.005910 0.004326 
0.001743 0.001593 0.001716 0.001621 
0.003314 -0.006601 0.004324 -0.005988 
0.006506 0.003359 0.005899 0.004337 
-0.001770 0.001730 -0.001801 0.001698 
0.006633 0.003361 0.006002 0.004389 
-0.006532 -0.003252 -0.005946 -0.004229 
0.001590 0.001590 0.001566 0.001613 
0.006657 0.003325 0.006031 0.004359 
0.001739 0.001613 0.001712 0.001642 
0.003255 -0.006481 0.004213 -0.005903 
-0.002621 -0.004824 -0.002184 -0.005037 
-0.004834 0.002639 -0.005050 0.002199 
0.001597 -0.001827 0.001628 -0.001799 
0.003237 -0.006586 0.004234 -0.005994 
-0.003309 0.006626 -0.004329 0.006010 
-0.001890 -0.001660 -0.001859 -0.001695 
-0.000860 0.005385 -0.001326 0.005289 
0.001754 0.001701 0.001724 0.001731 
-0.003317 0.006468 -0.004276 0.005878 
-0.002614 -0.004906 -0.002159 -0.005122 
0.001695 0.001576 0.001670 0.001602 
-0.004829 0.002622 -0.005042 0.002184 
0.001563 -0.001827 0.001594 -0.001800 
0.001587 -0.001925 0.001622 -0.001896 
-0.000801 0.005347 -0.001256 0.005259 
0.006625 0.003307 0.006010 0.004326 
0.005202 0.000810 0.005119 0.001230 
0.002638 0.004861 0.002192 0.005078 
0.005284 0.000896 0.005190 0.001338 
-0.006560 -0.003269 -0.005965 -0.004259 
0.001590 -0.001911 0.001625 -0.001881 
0.004710 -0.002627 0.004917 -0.002216 
0.005320 0.000873 0.005226 0.001323 
-0.006630 -0.003335 -0.006007 -0.004359 
-0.002514 -0.004840 -0.002082 -0.005041 
-0.006595 -0.003307 -0.005985 -0.004314 
0.000653 -0.005554 0.001160 -0.005470 
0.003356 -0.006560 0.004355 -0.005944 
-0.003358 0.006601 -0.004373 0.005977 
-0.006650 -0.003251 -0.006044 -0.004274 
-0.006554 -0.003287 -0.005956 -0.004277 
0.004772 -0.002591 0.004979 -0.002168 
-0.000831 0.005272 -0.001268 0.005184 
-0.001672 0.001717 -0.001700 0.001689 
0.001549 -0.001836 0.001580 -0.001809 
-0.000809 0.005344 -0.001264 0.005255 
0.000755 -0.005463 0.001239 -0.005374 
0.004711 -0.002570 0.004911 -0.002163 
-0.004939 0.002723 -0.005171 0.002250 
-0.001860 -0.001780 -0.001825 -0.001816 
-0.001925 -0.001745 -0.001890 -0.001783 
-0.002686 -0.004833 -0.002242 -0.005055 
-0.006550 -0.003235 -0.005965 -0.004218 
-0.002604 -0.004951 -0.002139 -0.005169 
0.000723 -0.005443 0.001201 -0.005358 
0.001626 -0.001956 0.001663 -0.001924 
-0.004869 0.002653 -0.005088 0.002204 
0.005345 0.000807 0.005256 0.001262 
-0.006578 -0.003311 -0.005970 -0.004312 
0.002611 0.004759 0.002190 0.004967 
0.004820 -0.002585 0.005028 -0.002153 
-0.000764 0.005386 -0.001229 0.005299 
-0.000861 0.005336 -0.001314 0.005243 
-0.003267 0.006535 -0.004247 0.005945 
0.001687 0.001587 0.001662 0.001613 
-0.000765 0.005398 -0.001233 0.005311 
-0.000802 0.005403 -0.001272 0.005312 
0.006549 0.003308 0.005947 0.004298 
-0.006471 -0.003301 -0.005884 -0.004260 
-0.004842 0.002630 -0.005057 0.002189 
0.001558 -0.001967 0.001594 -0.001938 
0.000769 -0.005454 0.001251 -0.005364 
0.003434 -0.006497 0.004417 -0.005874 
0.001676 0.001551 0.001652 0.001577 
0.005277 0.000860 0.005186 0.001300 
0.001732 0.001589 0.001706 0.001617 
0.001615 -0.001822 0.001646 -0.001793 
-0.004917 0.002528 -0.005124 0.002077 
0.003260 -0.006630 0.004276 -0.006025 
-0.001783 0.001715 -0.001813 0.001683 
0.002604 0.004753 0.002185 0.004960 
0.003372 -0.006579 0.004380 -0.005956 
0.005286 0.000887 0.005192 0.001329 
0.000707 -0.005505 0.001202 -0.005419 
-0.006558 -0.003315 -0.005953 -0.004309 
-0.001879 -0.001828 -0.001841 -0.001866 
0.001680 0.001645 0.001654 0.001672 
-0.004974 0.002545 -0.005186 0.002079 
0.004692 -0.002537 0.004888 -0.002137 
-0.001752 0.001749 -0.001783 0.001717 
-0.004790 0.002695 -0.005010 0.002261 
-0.002659 -0.004934 -0.002194 -0.005158 
-0.003195 0.006489 -0.004150 0.005924 
0.006542 0.003367 0.005926 0.004360 
-0.001861 -0.001699 -0.001829 -0.001733 
-0.000868 0.005385 -0.001334 0.005289 
-0.005453 -0.000797 -0.005360 -0.001279 
-0.002702 -0.005002 -0.002216 -0.005236 
-0.002746 -0.004902 -0.002281 -0.005135 
-0.000808 0.005228 -0.001234 0.005144 
-0.002563 -0.004937 -0.002105 -0.005149 
0.002698 0.004700 0.002283 0.004915 
-0.003320 0.006596 -0.004329 0.005982 
-0.006596 -0.003226 -0.006005 -0.004225 
-0.001830 -0.001747 -0.001796 -0.001781 
0.004721 -0.002537 0.004918 -0.002131 
0.003332 -0.006503 0.004306 -0.005903 
0.001580 -0.001857 0.001612 -0.001830 
-0.005439 -0.000737 -0.005353 -0.001215 
0.004779 -0.002504 0.004976 -0.002086 
0.001690 0.001633 0.001664 0.001660 
-0.005558 -0.000780 -0.005462 -0.001290 
-0.002575 -0.004907 -0.002123 -0.005119 
0.002529 0.004732 0.002120 0.004928 
0.001678 0.001488 0.001656 0.001513 
-0.001723 0.001640 -0.001750 0.001611 
-0.002688 -0.004871 -0.002235 -0.005095 
0.001691 0.001649 0.001663 0.001677 
-0.002671 -0.004843 -0.002226 -0.005063 
-0.006461 -0.003386 -0.005856 -0.004350 
0.001524 -0.001930 0.001558 -0.001903 
0.004738 -0.002482 0.004930 -0.002075 
0.004724 -0.002538 0.004921 -0.002131 
-0.003425 0.006496 -0.004406 0.005875 
0.001494 -0.001871 0.001525 -0.001845 
0.006567 0.003274 0.005970 0.004267 
0.001505 -0.001875 0.001537 -0.001849 
-0.006527 -0.003291 -0.005933 -0.004271 
0.006550 0.003331 0.005942 0.004323 
-0.000806 0.005366 -0.001266 0.005276 
-0.002685 -0.004920 -0.002220 -0.005146 
-0.005458 -0.000730 -0.005372 -0.001213 
0.006503 0.003298 0.005912 0.004269 
0.003281 -0.006563 0.004273 -0.005965 
-0.005533 -0.000640 -0.005452 -0.001141 
0.003311 -0.006407 0.004247 -0.005829 
0.002537 0.004844 0.002102 0.005048 
0.006650 0.003362 0.006017 0.004396 
0.006571 0.003321 0.005961 0.004320 
0.003327 -0.006559 0.004322 -0.005950 
-0.001845 -0.001768 -0.001811 -0.001803 
0.003293 -0.006550 0.004282 -0.005951 
0.001755 0.001580 0.001729 0.001608 
0.004779 -0.002509 0.004976 -0.002092 
-0.004915 0.002616 -0.005133 0.002159 
0.006655 0.003308 0.006033 0.004339 
-0.004892 0.002609 -0.005107 0.002158 
0.001682 0.001597 0.001657 0.001623 
0.001603 -0.001879 0.001637 -0.001850 
-0.000916 0.005242 -0.001348 0.005148 
-0.001907 -0.001750 -0.001872 -0.001787 
0.004702 -0.002610 0.004907 -0.002202 
0.001746 0.001552 0.001721 0.001580 
-0.001867 -0.001751 -0.001833 -0.001786 
-0.001845 -0.001734 -0.001812 -0.001769 
-0.001690 0.001635 -0.001716 0.001607 
0.002593 0.004890 0.002143 0.005103 
0.004706 -0.002592 0.004908 -0.002184 
0.003345 -0.006537 0.004334 -0.005928 
0.001666 0.001622 0.001640 0.001648 
-0.000784 0.005356 -0.001241 0.005268 
-0.003337 0.006501 -0.004312 0.005901 
-0.003283 0.006610 -0.004294 0.006003 
0.000764 -0.005534 0.001267 -0.005441 
-0.001894 -0.001732 -0.001860 -0.001769 
0.005331 0.000809 0.005243 0.001260 
0.005281 0.000884 0.005188 0.001324 
-0.002657 -0.004909 -0.002198 -0.005131 
-0.002729 -0.004877 -0.002271 -0.005106 
0.003364 -0.006450 0.004321 -0.005852 
0.006674 0.003259 0.006061 0.004293 
0.006647 0.003249 0.006042 0.004271 
-0.000914 0.005287 -0.001356 0.005191 
-0.001899 -0.001740 -0.001864 -0.001777 
0.001766 0.001597 0.001739 0.001626 
0.006571 0.003369 0.005950 0.004374 
0.004722 -0.002465 0.004911 -0.002064 
-0.003295 0.006587 -0.004297 0.005981 
-0.000827 0.005368 -0.001288 0.005276 
0.005297 0.000807 0.005211 0.001250 
-0.000892 0.005328 -0.001344 0.005233 
-0.002739 -0.004900 -0.002274 -0.005133 
-0.005522 -0.000782 -0.005428 -0.001282 
0.000732 -0.005447 0.001212 -0.005361 
0.002583 0.004699 0.002177 0.004900 
-0.002020 -0.001646 -0.001987 -0.001686 
0.001556 -0.001936 0.001591 -0.001908 
0.002549 0.004718 0.002142 0.004916 
0.000701 -0.005513 0.001198 -0.005427 
0.006538 0.003399 0.005915 0.004394 
0.000759 -0.005494 0.001252 -0.005403 
-0.005454 -0.000692 -0.005371 -0.001173 
0.001648 0.001573 0.001624 0.001598 
0.004655 -0.002608 0.004857 -0.002211 
-0.001761 0.001656 -0.001789 0.001626 
-0.002634 -0.004932 -0.002171 -0.005153 
0.006596 0.003386 0.005967 0.004402 
-0.002624 -0.004875 -0.002176 -0.005091 
-0.005454 -0.000746 -0.005366 -0.001228 
0.006592 0.003333 0.005976 0.004342 
0.005295 0.000833 0.005206 0.001276 
-0.000865 0.005371 -0.001328 0.005276 
-0.001845 -0.001717 -0.001812 -0.001751 
-0.006485 -0.003254 -0.005907 -0.004214 
-0.001780 -0.001806 -0.001745 -0.001840 
0.000721 -0.005476 0.001208 -0.005390 
0.000637 -0.005471 0.001121 -0.005393 
0.002349 0.004629 0.001976 0.004800 
0.001704 0.001622 0.001677 0.001649 
-0.005519 -0.000825 -0.005421 -0.001326 
-0.004901 0.002745 -0.005133 0.002280 
-0.005495 -0.000771 -0.005403 -0.001264 
-0.000814 0.005305 -0.001259 0.005217 
0.002517 0.004736 0.002108 0.004932 
-0.000761 0.005326 -0.001211 0.005242 
-0.000730 0.005327 -0.001179 0.005246 
-0.000786 0.005225 -0.001211 0.005143 
-0.001704 0.001724 -0.001734 0.001694 
-0.004777 0.002597 -0.004984 0.002174 
-0.002735 -0.004896 -0.002272 -0.005127 
-0.004932 0.002605 -0.005149 0.002144 
0.001754 0.001597 0.001728 0.001626 
-0.003363 0.006536 -0.004353 0.005923 
-0.005464 -0.000748 -0.005375 -0.001232 
0.001738 0.001686 0.001709 0.001715 
0.001621 -0.001768 0.001651 -0.001741 
-0.005501 -0.000750 -0.005410 -0.001244 
0.005280 0.000871 0.005189 0.001312 
-0.003241 0.006543 -0.004222 0.005958 
-0.004814 0.002726 -0.005040 0.002283 
0.000713 -0.005485 0.001202 -0.005399 
0.004775 -0.002610 0.004984 -0.002185 
0.000856 -0.005427 0.001333 -0.005330 
-0.006561 -0.003316 -0.005955 -0.004311 
-0.006562 -0.003219 -0.005979 -0.004204 
-0.001821 0.001760 -0.001854 0.001726 
-0.006619 -0.003308 -0.006004 -0.004325 
-0.001689 0.001800 -0.001721 0.001769 
0.002464 0.004700 0.002068 0.004887 
0.006531 0.003177 0.005963 0.004146 
-0.006597 -0.003300 -0.005988 -0.004307 
-0.003320 0.006561 -0.004315 0.005953 
-0.005513 -0.000768 -0.005420 -0.001265 
0.000836 -0.005538 0.001342 -0.005438 
0.003292 -0.006562 0.004285 -0.005961 
-0.004943 0.002620 -0.005162 0.002155 
-0.006572 -0.003402 -0.005943 -0.004411 
-0.001868 -0.001786 -0.001833 -0.001822 
-0.001707 0.001742 -0.001737 0.001712 
-0.004878 0.002718 -0.005106 0.002261 
-0.002687 -0.004871 -0.002234 -0.005095 
-0.006609 -0.003364 -0.005982 -0.004383 
-0.000909 0.005365 -0.001371 0.005266 
-0.001806 0.001830 -0.001841 0.001794 
-0.002642 -0.004898 -0.002186 -0.005117 
-0.002572 -0.004887 -0.002125 -0.005097 
0.003341 -0.006523 0.004324 -0.005917 
0.001749 0.001616 0.001722 0.001645 
-0.006691 -0.003226 -0.006083 -0.004262 
-0.006506 -0.003210 -0.005934 -0.004173 
0.003267 -0.006527 0.004244 -0.005939 
0.003343 -0.006546 0.004335 -0.005936 
-0.006599 -0.003373 -0.005972 -0.004389 
0.005294 0.000850 0.005203 0.001293 
-0.001711 0.001708 -0.001740 0.001679 
-0.005541 -0.000767 -0.005447 -0.001272 
0.003379 -0.006609 0.004399 -0.005978 
0.006572 0.003299 0.005968 0.004296 
0.006529 0.003387 0.005911 0.004377 
0.005424 0.000834 0.005329 0.001309 
0.002559 0.004732 0.002149 0.004932 
0.000765 -0.005458 0.001247 -0.005368 
0.003348 -0.006443 0.004301 -0.005850 
-0.001687 0.001692 -0.001715 0.001664 
0.001701 0.001559 0.001676 0.001586 
-0.001777 0.001657 -0.001805 0.001626 
0.002608 0.004757 0.002188 0.004964 
-0.002658 -0.004948 -0.002189 -0.005172 
0.006469 0.003391 0.005861 0.004358 
0.001566 -0.001831 0.001597 -0.001805 
0.001604 -0.001881 0.001638 -0.001852 
-0.001849 -0.001796 -0.001814 -0.001832 
-0.003319 0.006465 -0.004278 0.005875 
0.004740 -0.002532 0.004937 -0.002122 
0.000772 -0.005538 0.001276 -0.005444 
-0.001769 0.001705 -0.001799 0.001674 
0.000803 -0.005519 0.001303 -0.005423 
-0.006509 -0.003348 -0.005904 -0.004326 
-0.002665 -0.004758 -0.002240 -0.004972 
0.000763 -0.005514 0.001261 -0.005422 
0.001649 0.001573 0.001625 0.001598 
-0.005496 -0.000804 -0.005401 -0.001298 
0.004737 -0.002547 0.004936 -0.002136 
0.006515 0.003304 0.005920 0.004279 
-0.006528 -0.003376 -0.005913 -0.004364 
-0.005520 -0.000821 -0.005422 -0.001321 
0.001660 0.001613 0.001634 0.001639 
0.005267 0.000845 0.005178 0.001281 
0.000718 -0.005552 0.001225 -0.005463 
-0.006511 -0.003240 -0.005932 -0.004208 
0.004770 -0.002558 0.004972 -0.002139 
0.002617 0.004736 0.002201 0.004944 
-0.001907 -0.001721 -0.001873 -0.001758 
0.004688 -0.002589 0.004890 -0.002186 
0.001692 0.001617 0.001666 0.001644 
0.003272 -0.006512 0.004243 -0.005925 
-0.005492 -0.000733 -0.005404 -0.001225 
-0.004900 0.002591 -0.005114 0.002139 
0.004805 -0.002554 0.005008 -0.002127 
-0.004924 0.002674 -0.005150 0.002210 
0.004718 -0.002647 0.004927 -0.002232 
0.003391 -0.006578 0.004400 -0.005950 
-0.002617 -0.004899 -0.002164 -0.005116 
0.005377 0.000752 0.005292 0.001214 
0.004803 -0.002478 0.004997 -0.002057 
0.005300 0.000971 0.005198 0.001419 
0.003283 -0.006514 0.004256 -0.005924 
-0.005515 -0.000709 -0.005428 -0.001206 
-0.003449 0.006624 -0.004482 0.005974 
0.006515 0.003324 0.005915 0.004302 
-0.003288 0.006599 -0.004295 0.005992 
0.001668 0.001613 0.001642 0.001639 
-0.000816 0.005360 -0.001275 0.005269 
-0.001751 0.001678 -0.001780 0.001648 
-0.002632 -0.004866 -0.002185 -0.005082 
0.006557 0.003256 0.005966 0.004243 
-0.001880 -0.001789 -0.001844 -0.001826 
-0.001938 -0.001729 -0.001904 -0.001767 
0.000775 -0.005474 0.001263 -0.005383 
0.005392 0.000760 0.005306 0.001226 
-0.002639 -0.004781 -0.002211 -0.004993 
-0.003226 0.006579 -0.004219 0.005991 
0.002545 0.004763 0.002129 0.004964 
0.001640 -0.001902 0.001675 -0.001871 
0.004820 -0.002651 0.005037 -0.002213 
-0.002503 -0.004794 -0.002083 -0.004991 
0.000785 -0.005516 0.001283 -0.005422 
-0.001906 -0.001848 -0.001868 -0.001887 
-0.006611 -0.003273 -0.006006 -0.004283 
-0.003263 0.006627 -0.004278 0.006022 
-0.004853 0.002730 -0.005081 0.002278 
-0.002693 -0.004956 -0.002219 -0.005185 
-0.005490 -0.000757 -0.005399 -0.001248 
0.003359 -0.006656 0.004395 -0.006022 
-0.001880 -0.001828 -0.001843 -0.001866 
-0.001906 0.001768 -0.001940 0.001730 
0.001781 0.001563 0.001755 0.001592 
0.006594 0.003270 0.005993 0.004273 
-0.002619 -0.004835 -0.002180 -0.005048 
0.004671 -0.002599 0.004872 -0.002198 
-0.005471 -0.000733 -0.005384 -0.001219 
0.006533 0.003350 0.005923 0.004337 
0.002647 0.004691 0.002239 0.004900 
-0.001859 -0.001815 -0.001823 -0.001851 
0.000727 -0.005436 0.001204 -0.005350 
-0.006610 -0.003263 -0.006008 -0.004271 
0.006714 0.003301 0.006084 0.004355 
-0.005522 -0.000849 -0.005421 -0.001350 
0.003413 -0.006407 0.004359 -0.005805 
-0.004874 0.002659 -0.005094 0.002207 
0.001627 -0.001843 0.001660 -0.001814 
-0.005497 -0.000731 -0.005409 -0.001224 
0.001682 0.001537 0.001659 0.001562 
0.004745 -0.002582 0.004948 -0.002166 
-0.002546 -0.004934 -0.002090 -0.005143 
-0.004905 0.002626 -0.005123 0.002170 
-0.002667 -0.004926 -0.002203 -0.005151 
-0.005546 -0.000738 -0.005455 -0.001244 
-0.000768 0.005258 -0.001201 0.005177 
0.003350 -0.006600 0.004364 -0.005978 
-0.003286 0.006552 -0.004274 0.005955 
-0.001900 -0.001825 -0.001862 -0.001863 
-0.002590 -0.004909 -0.002136 -0.005123 
0.001619 -0.001914 0.001654 -0.001884 
-0.000863 0.005200 -0.001283 0.005112 
-0.006547 -0.003344 -0.005936 -0.004336 
-0.006612 -0.003339 -0.005991 -0.004356 
0.005199 0.000808 0.005117 0.001227 
0.002591 0.004873 0.002146 0.005085 
0.001550 -0.001848 0.001581 -0.001821 
-0.001838 0.001785 -0.001872 0.001750 
-0.004859 0.002725 -0.005087 0.002271 
-0.000791 0.005396 -0.001259 0.005307 
0.006476 0.003245 0.005901 0.004200 
-0.006515 -0.003289 -0.005924 -0.004263 
-0.005580 -0.000670 -0.005494 -0.001184 
-0.003356 0.006518 -0.004339 0.005910 
0.002572 0.004702 0.002167 0.004902 
0.003196 -0.006485 0.004149 -0.005920 
-0.001919 -0.001792 -0.001883 -0.001830 
0.000784 -0.005481 0.001274 -0.005389 
0.005318 0.000801 0.005231 0.001249 
-0.005480 -0.000821 -0.005384 -0.001311 
0.000761 -0.005474 0.001248 -0.005384 
0.001725 0.001616 0.001698 0.001644 
-0.001885 -0.001905 -0.001844 -0.001944 
0.003232 -0.006511 0.004199 -0.005933 
0.004716 -0.002479 0.004906 -0.002078 
-0.000961 0.005364 -0.001425 0.005260 
-0.006412 -0.003326 -0.005830 -0.004265 
-0.003359 0.006432 -0.004309 0.005838 
-0.006463 -0.003344 -0.005867 -0.004304 
-0.004964 0.002657 -0.005190 0.002184 
-0.004812 0.002618 -0.005024 0.002184 
0.006643 0.003235 0.006042 0.004254 
0.001562 -0.001918 0.001596 -0.001890 
-0.004907 0.002609 -0.005123 0.002154 
0.002633 0.004874 0.002184 0.005091 
-0.006536 -0.003283 -0.005942 -0.004265 
0.006559 0.003223 0.005975 0.004208 
-0.001848 0.001771 -0.001882 0.001736 
0.005349 0.000884 0.005253 0.001342 
-0.006526 -0.003294 -0.005931 -0.004273 
-0.003224 0.006528 -0.004197 0.005950 
0.002618 0.004761 0.002196 0.004970 
0.001656 0.001611 0.001631 0.001636 
-0.000782 0.005265 -0.001217 0.005182 
-0.003263 0.006577 -0.004258 0.005981 
0.000743 -0.005570 0.001255 -0.005477 
0.000697 -0.005560 0.001206 -0.005472 
-0.004939 0.002703 -0.005169 0.002232 
-0.005580 -0.000726 -0.005489 -0.001241 
0.006526 0.003346 0.005918 0.004331 
-0.001939 -0.001744 -0.001904 -0.001782 
-0.004808 0.002620 -0.005020 0.002187 
0.003256 -0.006508 0.004224 -0.005925 
-0.002533 -0.004961 -0.002071 -0.005171 
-0.001893 -0.001849 -0.001855 -0.001888 
0.006519 0.003363 0.005909 0.004347 
-0.006476 -0.003334 -0.005880 -0.004298 
-0.004825 0.002609 -0.005036 0.002173 
0.001732 0.001593 0.001706 0.001621 
-0.002708 -0.004992 -0.002224 -0.005226 
-0.000830 0.005297 -0.001274 0.005208 
-0.004883 0.002587 -0.005095 0.002140 
0.001705 -0.001838 0.001739 -0.001806 
-0.002001 -0.001657 -0.001968 -0.001697 
-0.000926 0.005346 -0.001384 0.005246 
-0.006531 -0.003371 -0.005917 -0.004360 
0.005412 0.000795 0.005321 0.001267 
-0.005515 -0.000637 -0.005435 -0.001133 
0.002521 0.004757 0.002108 0.004954 
-0.001722 0.001768 -0.001753 0.001737 
-0.005431 -0.000753 -0.005344 -0.001229 
-0.003275 0.006586 -0.004276 0.005985 
0.005317 0.000829 0.005228 0.001278 
-0.005457 -0.000710 -0.005372 -0.001192 
-0.004807 0.002453 -0.004999 0.002033 
-0.001714 0.001748 -0.001745 0.001717 
0.004737 -0.002588 0.004940 -0.002174 
0.004728 -0.002469 0.004917 -0.002066 
0.004712 -0.002573 0.004913 -0.002166 
-0.006599 -0.003277 -0.005996 -0.004282 
-0.001748 0.001721 -0.001778 0.001690 
-0.002620 -0.004979 -0.002147 -0.005201 
0.004721 -0.002589 0.004924 -0.002179 
0.001560 -0.001909 0.001594 -0.001881 
-0.005540 -0.000901 -0.005433 -0.001409 
-0.001731 0.001728 -0.001761 0.001697 
-0.001862 -0.001758 -0.001828 -0.001793 
-0.004921 0.002653 -0.005143 0.002191 
-0.003399 0.006573 -0.004407 0.005944 
-0.000835 0.005308 -0.001282 0.005218 
0.001457 -0.001930 0.001490 -0.001905 
-0.002707 -0.004940 -0.002236 -0.005171 
-0.001749 0.001616 -0.001776 0.001586 
0.001692 0.001615 0.001666 0.001642 
0.005347 0.000791 0.005260 0.001247 
-0.005522 -0.000847 -0.005421 -0.001349 
-0.002634 -0.004812 -0.002199 -0.005025 
-0.004766 0.002721 -0.004988 0.002289 
0.004720 -0.002566 0.004920 -0.002157 
0.006478 0.003341 0.005880 0.004306 
-0.000868 0.005334 -0.001321 0.005240 
0.001644 0.001678 0.001617 0.001704 
0.000736 -0.005465 0.001220 -0.005377 
-0.000833 0.005415 -0.001307 0.005321 
-0.002677 -0.004842 -0.002231 -0.005063 
0.001530 -0.001870 0.001562 -0.001844 
-0.005466 -0.000748 -0.005377 -0.001233 
0.004773 -0.002548 0.004974 -0.002129 
0.000754 -0.005503 0.001249 -0.005412 
-0.006486 -0.003290 -0.005899 -0.004254 
-0.001945 -0.001816 -0.001907 -0.001856 
0.004708 -0.002580 0.004909 -0.002173 
0.001519 -0.001870 0.001551 -0.001844 
-0.004877 0.002580 -0.005088 0.002135 
0.005385 0.000850 0.005290 0.001316 
-0.005439 -0.000788 -0.005348 -0.001267 
0.000731 -0.005479 0.001219 -0.005392 
-0.003346 0.006660 -0.004383 0.006029 
0.005172 0.000800 0.005091 0.001213 
-0.002714 -0.004997 -0.002228 -0.005232 
0.000709 -0.005465 0.001193 -0.005381 
-0.002596 -0.004846 -0.002157 -0.005057 
0.005379 0.000833 0.005287 0.001298 
0.003316 -0.006623 0.004335 -0.006006 
0.004635 -0.002567 0.004831 -0.002176 
0.001647 0.001711 0.001619 0.001738 
-0.000793 0.005381 -0.001257 0.005292 
-0.002630 -0.004796 -0.002199 -0.005008 
0.006583 0.003375 0.005958 0.004385 
0.003362 -0.006543 0.004355 -0.005929 
0.006429 0.003277 0.005855 0.004218 
-0.001769 0.001689 -0.001799 0.001657 
0.001702 0.001582 0.001677 0.001609 
0.001562 -0.001922 0.001596 -0.001894 
0.001628 0.001632 0.001603 0.001658 
0.004759 -0.002529 0.004958 -0.002115 
0.004754 -0.002561 0.004956 -0.002145 
-0.005482 -0.000903 -0.005378 -0.001395 
0.005399 0.000831 0.005306 0.001301 
0.005287 0.000846 0.005197 0.001287 
0.001758 0.001726 0.001727 0.001757 
0.003268 -0.006526 0.004245 -0.005937 
0.006560 0.003361 0.005943 0.004360 
0.001561 -0.001822 0.001592 -0.001795 
-0.002673 -0.004850 -0.002226 -0.005070 
-0.002689 -0.004836 -0.002244 -0.005058 
0.005334 0.000854 0.005241 0.001307 
0.005366 0.000827 0.005275 0.001287 
0.004707 -0.002526 0.004902 -0.002123 
-0.002720 -0.004941 -0.002247 -0.005173 
-0.004730 0.002665 -0.004942 0.002246 
-0.001819 0.001613 -0.001847 0.001581 
-0.005488 -0.000759 -0.005398 -0.001250 
-0.001943 -0.001705 -0.001909 -0.001743 
-0.000809 0.005302 -0.001253 0.005215 
0.001570 -0.001905 0.001604 -0.001876 
-0.006549 -0.003321 -0.005944 -0.004312 
0.001645 0.001542 0.001622 0.001567 
0.004791 -0.002602 0.005000 -0.002174 
0.001717 0.001638 0.001690 0.001666 
-0.000806 0.005324 -0.001255 0.005236 
-0.000793 0.005399 -0.001261 0.005310 
-0.001887 -0.001760 -0.001852 -0.001796 
0.000700 -0.005513 0.001196 -0.005427 
0.005262 0.000890 0.005170 0.001326 
0.000805 -0.005591 0.001325 -0.005492 
0.006549 0.003395 0.005926 0.004393 
0.003238 -0.006487 0.004197 -0.005912 
-0.005607 -0.000703 -0.005517 -0.001225 
-0.005434 -0.000782 -0.005343 -0.001259 
-0.001768 0.001560 -0.001793 0.001531 
-0.004907 0.002672 -0.005131 0.002211 
-0.003279 0.006501 -0.004247 0.005914 
0.002572 0.004783 0.002149 0.004987 
-0.001932 -0.001612 -0.001902 -0.001648 
0.005240 0.000737 0.005162 0.001165 
0.006612 0.003294 0.006002 0.004306 
-0.004906 0.002672 -0.005130 0.002212 
0.003276 -0.006455 0.004226 -0.005877 
-0.004811 0.002751 -0.005039 0.002307 
-0.004898 0.002703 -0.005125 0.002242 
0.005363 0.000855 0.005269 0.001316 
0.004716 -0.002629 0.004923 -0.002217 
0.006508 0.003346 0.005904 0.004323 
-0.005524 -0.000778 -0.005430 -0.001279 
0.005370 0.000879 0.005273 0.001342 
0.004818 -0.002591 0.005027 -0.002159 
-0.002562 -0.004892 -0.002114 -0.005102 
0.002476 0.004789 0.002059 0.004983 
-0.001881 -0.001754 -0.001846 -0.001791 
-0.003256 0.006431 -0.004196 0.005862 
-0.003304 0.006525 -0.004284 0.005928 
-0.002677 -0.004853 -0.002230 -0.005074 
0.006453 0.003278 0.005874 0.004227 
-0.000809 0.005297 -0.001252 0.005210 
0.001583 -0.001831 0.001614 -0.001803 
0.006526 0.003312 0.005927 0.004293 
0.005272 0.000858 0.005182 0.001296 
-0.003369 0.006455 -0.004328 0.005855 
-0.001811 0.001738 -0.001842 0.001704 
0.005293 0.000852 0.005203 0.001295 
0.005321 0.000845 0.005230 0.001294 
0.001574 -0.001889 0.001608 -0.001860 
-0.002663 -0.004834 -0.002221 -0.005053 
0.002631 0.004784 0.002203 0.004995 
-0.006534 -0.003238 -0.005951 -0.004214 
-0.005469 -0.000750 -0.005380 -0.001235 
0.004782 -0.002575 0.004986 -0.002152 
0.000793 -0.005464 0.001278 -0.005371 
-0.001912 -0.001766 -0.001876 -0.001803 
-0.000832 0.005365 -0.001293 0.005273 
-0.001878 -0.001757 -0.001844 -0.001793 
-0.001934 -0.001736 -0.001899 -0.001774 
-0.004878 0.002575 -0.005088 0.002130 
0.002536 0.004705 0.002133 0.004901 
0.004775 -0.002569 0.004979 -0.002148 
0.001706 0.001603 0.001680 0.001630 
-0.005471 -0.000895 -0.005368 -0.001384 
-0.002648 -0.004791 -0.002217 -0.005005 
-0.003292 0.006547 -0.004279 0.005949 
-0.005499 -0.000870 -0.005397 -0.001366 
-0.001893 -0.001828 -0.001855 -0.001866 
-0.002632 -0.004814 -0.002197 -0.005027 
0.005325 0.000761 0.005241 0.001210 
0.004743 -0.002552 0.004943 -0.002139 
-0.003137 0.006523 -0.004100 0.005965 
-0.002667 -0.004875 -0.002215 -0.005096 
-0.005555 -0.000750 -0.005463 -0.001259 
-0.006523 -0.003334 -0.005920 -0.004316 
0.004645 -0.002391 0.004821 -0.002011 
0.003271 -0.006626 0.004286 -0.006019 
0.004808 -0.002530 0.005009 -0.002105 
-0.003342 0.006563 -0.004341 0.005950 
-0.002581 -0.004846 -0.002143 -0.005055 
0.000725 -0.005514 0.001222 -0.005426 
0.003188 -0.006497 0.004146 -0.005933 
0.004670 -0.002582 0.004869 -0.002183 
0.005270 0.000870 0.005179 0.001308 
0.004736 -0.002598 0.004941 -0.002183 
-0.005012 0.002643 -0.005239 0.002160 
0.001661 0.001564 0.001637 0.001589 
0.001597 -0.001871 0.001630 -0.001842 
0.006580 0.003272 0.005981 0.004270 
-0.003289 0.006513 -0.004263 0.005922 
-0.001899 -0.001734 -0.001865 -0.001770 
0.005333 0.000793 0.005246 0.001245 
0.001621 -0.001936 0.001657 -0.001905 
-0.000744 0.005276 -0.001180 0.005196 
0.001620 -0.001860 0.001653 -0.001831 
-0.001895 -0.001733 -0.001861 -0.001770 
-0.004841 0.002662 -0.005060 0.002218 
-0.005493 -0.000743 -0.005404 -0.001234 
-0.004815 0.002605 -0.005025 0.002172 
0.000699 -0.005572 0.001211 -0.005484 
-0.000849 0.005397 -0.001318 0.005302 
-0.000835 0.005332 -0.001287 0.005241 
-0.004929 0.002726 -0.005161 0.002256 
0.001520 -0.001819 0.001550 -0.001794 
0.002598 0.004660 0.002201 0.004860 
0.001510 -0.001946 0.001544 -0.001919 
-0.005487 -0.000718 -0.005400 -0.001207 
0.003280 -0.006583 0.004280 -0.005981 
0.002569 0.004806 0.002141 0.005012 
0.006601 0.003365 0.005975 0.004381 
-0.003313 0.006542 -0.004300 0.005940 
-0.004861 0.002612 -0.005074 0.002168 
-0.006558 -0.003288 -0.005959 -0.004279 
-0.005511 -0.000734 -0.005422 -0.001231 
0.006584 0.003377 0.005959 0.004388 
0.001625 -0.001843 0.001657 -0.001814 
-0.005526 -0.000767 -0.005433 -0.001268 
-0.005555 -0.000754 -0.005462 -0.001262 
0.002603 0.004684 0.002200 0.004886 
0.001725 0.001579 0.001699 0.001606 
-0.001679 0.001685 -0.001706 0.001657 
0.001539 -0.001805 0.001569 -0.001780 
0.001549 -0.001845 0.001581 -0.001819 
0.001575 0.001605 0.001551 0.001629 
-0.006504 -0.003293 -0.005913 -0.004264 
-0.003237 0.006579 -0.004231 0.005988 
0.001633 -0.001927 0.001669 -0.001896 
-0.003323 0.006611 -0.004338 0.005994 
-0.005507 -0.000695 -0.005422 -0.001190 
-0.003337 0.006577 -0.004341 0.005963 
0.004740 -0.002671 0.004954 -0.002250 
-0.001930 -0.001872 -0.001890 -0.001912 
0.005271 0.000788 0.005187 0.001224 
-0.003273 0.006478 -0.004232 0.005897 
0.006470 0.003381 0.005864 0.004347 
0.005236 0.000824 0.005150 0.001253 
-0.001873 -0.001735 -0.001839 -0.001771 
-0.006433 -0.003356 -0.005839 -0.004306 
0.006675 0.003323 0.006047 0.004364 
-0.005524 -0.000746 -0.005433 -0.001246 
0.004757 -0.002568 0.004959 -0.002151 
-0.005503 -0.000844 -0.005403 -0.001341 
-0.002700 -0.004810 -0.002260 -0.005032 
-0.006517 -0.003219 -0.005941 -0.004187 
0.001656 -0.001941 0.001692 -0.001909 
0.004786 -0.002717 0.005008 -0.002282 
-0.001754 0.001663 -0.001782 0.001633 
-0.004915 0.002690 -0.005142 0.002226 
-0.002682 -0.004890 -0.002225 -0.005115 
-0.005459 -0.000706 -0.005375 -0.001188 
0.004735 -0.002554 0.004934 -0.002143 
0.001713 0.001568 0.001688 0.001595 
-0.001813 -0.001828 -0.001777 -0.001863 
0.006630 0.003258 0.006026 0.004273 
0.002592 0.004721 0.002181 0.004925 
-0.001766 0.001782 -0.001799 0.001749 
0.000737 -0.005464 0.001221 -0.005376 
-0.003305 0.006529 -0.004287 0.005931 
-0.001773 0.001733 -0.001804 0.001701 
0.001710 0.001602 0.001684 0.001629 
-0.004868 0.002672 -0.005089 0.002221 
0.002500 0.004693 0.002102 0.004885 
-0.004923 0.002635 -0.005143 0.002174 
-0.001856 -0.001821 -0.001819 -0.001858 
0.000627 -0.005607 0.001147 -0.005524 
0.004715 -0.002599 0.004919 -0.002188 
-0.006565 -0.003263 -0.005971 -0.004254 
-0.001727 0.001813 -0.001760 0.001781 
0.001642 -0.001857 0.001675 -0.001827 
0.005320 0.000811 0.005232 0.001260 
0.002566 0.004761 0.002149 0.004963 
-0.002646 -0.004947 -0.002178 -0.005170 
0.005323 0.000898 0.005227 0.001350 
-0.006510 -0.003253 -0.005928 -0.004221 
0.001552 -0.001858 0.001583 -0.001831 
0.003273 -0.006529 0.004251 -0.005939 
-0.001909 -0.001735 -0.001875 -0.001772 
0.000796 -0.005479 0.001285 -0.005385 
0.006517 0.003337 0.005914 0.004318 
0.005340 0.000816 0.005250 0.001270 
-0.003304 0.006585 -0.004306 0.005977 
-0.002597 -0.004935 -0.002137 -0.005151 
-0.001904 -0.001770 -0.001868 -0.001807 
-0.004826 0.002693 -0.005048 0.002250 
-0.004867 0.002682 -0.005090 0.002230 
-0.001922 -0.001808 -0.001885 -0.001847 
-0.006428 -0.003298 -0.005849 -0.004241 
-0.002613 -0.004912 -0.002156 -0.005128 
0.003340 -0.006500 0.004314 -0.005899 
-0.006495 -0.003336 -0.005896 -0.004308 
0.006621 0.003369 0.005991 0.004393 
-0.001722 -0.001586 -0.001696 -0.001613 
-0.003363 0.006608 -0.004381 0.005982 
0.002579 0.004746 0.002164 0.004949 
-0.000795 0.005336 -0.001247 0.005249 
0.000849 -0.005440 0.001329 -0.005343 
0.003304 -0.006622 0.004322 -0.006008 
-0.004921 0.002666 -0.005145 0.002203 
0.005375 0.000762 0.005289 0.001224 
-0.001757 0.001669 -0.001785 0.001639 
-0.003426 0.006479 -0.004401 0.005861 
-0.001733 0.001702 -0.001762 0.001672 
0.003270 -0.006503 0.004238 -0.005918 
-0.002639 -0.004846 -0.002196 -0.005062 
0.002599 0.004741 0.002183 0.004946 
0.006625 0.003314 0.006008 0.004333 
0.001550 -0.001922 0.001584 -0.001894 
0.004692 -0.002500 0.004884 -0.002103 
0.004712 -0.002665 0.004923 -0.002250 
-0.004880 0.002610 -0.005095 0.002161 
0.001654 0.001606 0.001629 0.001632 
0.003346 -0.006519 0.004328 -0.005913 
0.003199 -0.006588 0.004193 -0.006005 
0.003306 -0.006572 0.004304 -0.005966 
0.006527 0.003281 0.005936 0.004259 
0.006587 0.003298 0.005980 0.004301 
0.003353 -0.006519 0.004335 -0.005912 
0.000720 -0.005536 0.001222 -0.005447 
0.005360 0.000788 0.005273 0.001246 
0.002590 0.004745 0.002174 0.004949 
-0.002629 -0.004893 -0.002176 -0.005111 
0.006567 0.003290 0.005966 0.004284 
0.001548 0.001620 0.001524 0.001642 
-0.006471 -0.003340 -0.005875 -0.004303 
0.001761 0.001464 0.001738 0.001491 
-0.006536 -0.003233 -0.005954 -0.004210 
-0.000888 0.005355 -0.001347 0.005259 
-0.006507 -0.003274 -0.005921 -0.004244 
0.001666 0.001478 0.001645 0.001503 
-0.004858 0.002727 -0.005086 0.002273 
0.004694 -0.002621 0.004900 -0.002214 
0.002557 0.004786 0.002135 0.004989 
-0.002667 -0.004934 -0.002201 -0.005159 
0.003263 -0.006613 0.004273 -0.006010 
0.004753 -0.002665 0.004967 -0.002241 
-0.005530 -0.000844 -0.005429 -0.001347 
0.003275 -0.006586 0.004276 -0.005985 
0.004650 -0.002589 0.004849 -0.002194 
0.004729 -0.002453 0.004917 -0.002051 
0.000863 -0.005455 0.001347 -0.005356 
-0.002683 -0.004856 -0.002234 -0.005078 
-0.004903 0.002602 -0.005118 0.002149 
-0.001645 0.001669 -0.001672 0.001642 
0.000802 -0.005512 0.001299 -0.005416 
-0.006540 -0.003268 -0.005949 -0.004250 
-0.001803 0.001701 -0.001834 0.001668 
-0.003366 0.006519 -0.004350 0.005908 
0.005321 0.000786 0.005235 0.001234 
0.002568 0.004780 0.002146 0.004984 
0.000824 -0.005503 0.001320 -0.005405 
-0.003320 0.006592 -0.004328 0.005979 
-0.006614 -0.003400 -0.005978 -0.004425 
0.006586 0.003347 0.005968 0.004354 
-0.001730 0.001673 -0.001758 0.001644 
0.001713 -0.001884 0.001748 -0.001851 
-0.001909 -0.001754 -0.001874 -0.001791 
0.006442 0.003402 0.005836 0.004360 
0.006508 0.003391 0.005893 0.004373 
-0.005465 -0.000781 -0.005374 -0.001267 
-0.001882 -0.001794 -0.001846 -0.001831 
0.006552 0.003392 0.005929 0.004391 
-0.002706 -0.004939 -0.002236 -0.005169 
-0.001701 0.001683 -0.001729 0.001654 
0.000683 -0.005500 0.001175 -0.005416 
0.006523 0.003319 0.005923 0.004300 
0.005330 0.000889 0.005234 0.001342 
-0.002613 -0.004776 -0.002188 -0.004985 
-0.003301 0.006472 -0.004260 0.005885 
0.001551 -0.001851 0.001582 -0.001824 
-0.003324 0.006540 -0.004312 0.005935 
0.004640 -0.002598 0.004840 -0.002204 
-0.005559 -0.000749 -0.005466 -0.001258 
0.004753 -0.002505 0.004948 -0.002094 
0.001519 -0.001776 0.001547 -0.001752 
0.004815 -0.002541 0.005017 -0.002113 
0.001671 0.001618 0.001645 0.001645 
0.001520 -0.001817 0.001549 -0.001792 
-0.001943 -0.001731 -0.001908 -0.001769 
0.000761 -0.005450 0.001242 -0.005361 
-0.003341 0.006633 -0.004367 0.006008 
-0.003222 0.006529 -0.004195 0.005951 
0.003272 -0.006521 0.004247 -0.005932 
0.005339 0.000805 0.005251 0.001259 
0.000794 -0.005485 0.001285 -0.005391 
-0.004865 0.002698 -0.005090 0.002246 
0.006525 0.003311 0.005926 0.004291 
0.001660 0.001667 0.001632 0.001694 
-0.000843 0.005393 -0.001311 0.005299 
0.003364 -0.006490 0.004336 -0.005885 
-0.001971 -0.001605 -0.001940 -0.001642 
0.001562 -0.001852 0.001593 -0.001825 
-0.004852 0.002730 -0.005080 0.002278 
0.003290 -0.006515 0.004264 -0.005923 
0.006528 0.003284 0.005935 0.004263 
0.002562 0.004661 0.002166 0.004858 
-0.005587 -0.000723 -0.005496 -0.001240 
0.005428 0.000875 0.005329 0.001353 
-0.001812 0.001669 -0.001842 0.001636 
-0.000850 0.005336 -0.001303 0.005243 
0.001608 0.001655 0.001582 0.001680 
-0.003299 0.006500 -0.004269 0.005909 
-0.005492 -0.000768 -0.005400 -0.001260 
-0.001676 0.001756 -0.001706 0.001726 
-0.003347 0.006494 -0.004319 0.005892 
-0.000784 0.005339 -0.001237 0.005252 
-0.001773 0.001754 -0.001805 0.001721 
0.005276 0.000839 0.005187 0.001278 
0.000704 -0.005487 0.001193 -0.005402 
-0.006532 -0.003313 -0.005932 -0.004296 
0.000745 -0.005510 0.001241 -0.005420 
-0.002695 -0.004961 -0.002220 -0.005191 
-0.001809 -0.001796 -0.001774 -0.001830 
-0.001808 0.001744 -0.001840 0.001711 
0.006558 0.003285 0.005960 0.004276 
-0.003359 0.006450 -0.004316 0.005853 
-0.005476 -0.000700 -0.005392 -0.001187 
0.005384 0.000928 0.005282 0.001395 
0.001665 -0.001912 0.001701 -0.001880 
0.000657 -0.005574 0.001169 -0.005489 
-0.002670 -0.004815 -0.002232 -0.005033 
0.005332 0.000786 0.005246 0.001237 
-0.002671 -0.004940 -0.002203 -0.005166 
-0.005504 -0.000809 -0.005408 -0.001305 
0.000797 -0.005439 0.001275 -0.005347 
0.004815 -0.002705 0.005037 -0.002264 
0.003296 -0.006461 0.004250 -0.005877 
0.000786 -0.005485 0.001276 -0.005392 
0.006545 0.003260 0.005955 0.004242 
0.004762 -0.002524 0.004960 -0.002110 
-0.004873 0.002594 -0.005086 0.002148 
0.003275 -0.006562 0.004266 -0.005965 
0.006488 0.003303 0.005898 0.004268 
-0.002698 -0.004874 -0.002243 -0.005099 
-0.000708 0.005336 -0.001159 0.005256 
0.001561 -0.001820 0.001592 -0.001793 
0.006514 0.003380 0.005900 0.004363 
0.001466 -0.001932 0.001500 -0.001906 
-0.000790 0.005264 -0.001225 0.005180 
-0.000812 0.005318 -0.001260 0.005230 
-0.001710 0.001583 -0.001735 0.001555 
-0.003334 0.006594 -0.004343 0.005977 
0.004765 -0.002566 0.004968 -0.002148 
-0.001758 0.001829 -0.001792 0.001796 
-0.001796 0.001643 -0.001824 0.001612 
-0.001740 0.001668 -0.001768 0.001638 
-0.002717 -0.004908 -0.002253 -0.005138 
0.002604 0.004717 0.002193 0.004922 
-0.006617 -0.003337 -0.005996 -0.004356 
-0.004934 0.002639 -0.005155 0.002175 
0.002479 0.004729 0.002075 0.004920 
0.003386 -0.006593 0.004400 -0.005964 
0.001631 0.001659 0.001605 0.001684 
-0.001836 -0.001881 -0.001797 -0.001918 
0.000743 -0.005453 0.001224 -0.005366 
-0.004914 0.002620 -0.005132 0.002162 
0.002597 0.004702 0.002190 0.004905 
-0.003394 0.006473 -0.004363 0.005864 
0.001710 0.001624 0.001683 0.001652 
-0.004966 0.002700 -0.005198 0.002223 
-0.001953 -0.001790 -0.001916 -0.001830 
0.001489 -0.001831 0.001518 -0.001807 
0.004678 -0.002590 0.004879 -0.002189 
-0.001883 -0.001674 -0.001851 -0.001709 
0.005272 0.000763 0.005191 0.001199 
0.001683 0.001575 0.001659 0.001601 
-0.005539 -0.000726 -0.005449 -0.001229 
0.001697 0.001566 0.001672 0.001593 
0.004607 -0.002466 0.004790 -0.002090 
0.001578 -0.001856 0.001610 -0.001828 
0.003259 -0.006576 0.004253 -0.005981 
0.000935 -0.005504 0.001433 -0.005395 
-0.003209 0.006634 -0.004221 0.006041 
-0.001914 -0.001801 -0.001877 -0.001839 
0.000812 -0.005547 0.001320 -0.005449 
0.005317 0.000901 0.005221 0.001351 
-0.001703 0.001759 -0.001734 0.001729 
0.002538 0.004715 0.002133 0.004912 
0.002550 0.004708 0.002146 0.004906 
0.002546 0.004785 0.002124 0.004987 
0.002425 0.004763 0.002017 0.004949 
0.000664 -0.005493 0.001155 -0.005411 
-0.003300 0.006517 -0.004277 0.005923 
0.001650 0.001596 0.001626 0.001621 
-0.004842 0.002673 -0.005062 0.002228 
-0.002629 -0.004895 -0.002175 -0.005113 
-0.005530 -0.000733 -0.005440 -0.001234 
-0.005530 -0.000764 -0.005437 -0.001266 
-0.001843 0.001767 -0.001876 0.001731 
0.005339 0.000766 0.005254 0.001218 
-0.001973 -0.001691 -0.001939 -0.001730 
-0.001860 0.001729 -0.001893 0.001694 
-0.001692 0.001736 -0.001721 0.001706 
-0.001856 -0.001713 -0.001824 -0.001747 
-0.000834 0.005266 -0.001270 0.005178 
0.000702 -0.005524 0.001202 -0.005438 
-0.002697 -0.004874 -0.002242 -0.005099 
0.001670 0.001546 0.001647 0.001571 
-0.001739 0.001736 -0.001770 0.001704 
0.001650 0.001679 0.001623 0.001706 
0.000702 -0.005497 0.001194 -0.005412 
-0.004827 0.002595 -0.005037 0.002160 
0.001601 -0.001946 0.001637 -0.001916 
0.004727 -0.002589 0.004931 -0.002177 
0.001716 0.001591 0.001691 0.001619 
0.001758 0.001580 0.001732 0.001608 
0.003268 -0.006605 0.004275 -0.006003 
-0.002648 -0.004855 -0.002202 -0.005073 
-0.004798 0.002654 -0.005013 0.002221 
-0.003291 0.006518 -0.004267 0.005925 
0.002455 0.004690 0.002061 0.004876 
0.001672 0.001539 0.001649 0.001564 
0.001655 0.001568 0.001631 0.001593 
-0.001791 -0.001706 -0.001760 -0.001738 
0.004732 -0.002466 0.004921 -0.002062 
0.000726 -0.005485 0.001216 -0.005398 
-0.002605 -0.004888 -0.002155 -0.005102 
-0.004813 0.002713 -0.005037 0.002271 
-0.001942 -0.001698 -0.001909 -0.001735 
0.002553 0.004734 0.002142 0.004934 
0.001714 0.001615 0.001688 0.001642 
-0.006588 -0.003356 -0.005967 -0.004366 
0.006548 0.003213 0.005968 0.004192 
0.005311 0.000878 0.005217 0.001326 
0.000630 -0.005596 0.001148 -0.005513 
0.004690 -0.002523 0.004884 -0.002125 
-0.005484 -0.000796 -0.005390 -0.001287 
-0.002614 -0.004929 -0.002153 -0.005147 
-0.005535 -0.000689 -0.005449 -0.001190 
0.006508 0.003310 0.005913 0.004284 
-0.004906 0.002577 -0.005118 0.002125 
-0.001787 0.001780 -0.001820 0.001747 
0.001589 -0.001850 0.001621 -0.001822 
-0.001967 -0.001818 -0.001928 -0.001859 
-0.003270 0.006636 -0.004290 0.006027 
0.001658 -0.001865 0.001692 -0.001834 
0.004741 -0.002583 0.004945 -0.002169 
-0.005489 -0.000699 -0.005404 -0.001189 
0.006547 0.003267 0.005955 0.004252 
-0.006521 -0.003377 -0.005907 -0.004363 
-0.002666 -0.004853 -0.002219 -0.005073 
0.004741 -0.002588 0.004945 -0.002173 
0.001448 -0.001803 0.001476 -0.001780 
0.002586 0.004691 0.002182 0.004892 
-0.005529 -0.000694 -0.005442 -0.001194 
0.005355 0.000812 0.005265 0.001270 
-0.003241 0.006596 -0.004242 0.006002 
-0.003380 0.006555 -0.004379 0.005934 
-0.001853 -0.001771 -0.001818 -0.001806 
-0.000860 0.005317 -0.001309 0.005225 
-0.006614 -0.003273 -0.006009 -0.004284 
0.004736 -0.002581 0.004939 -0.002167 
0.004821 -0.002710 0.005045 -0.002267 
-0.004840 0.002566 -0.005047 0.002130 
-0.003271 0.006617 -0.004283 0.006012 
-0.001860 -0.001667 -0.001829 -0.001701 
-0.006606 -0.003387 -0.005974 -0.004407 
0.006461 0.003469 0.005835 0.004441 
0.000873 -0.005554 0.001384 -0.005449 
-0.005388 -0.000788 -0.005299 -0.001253 
-0.001737 0.001685 -0.001765 0.001655 
-0.006648 -0.003340 -0.006020 -0.004372 
0.002576 0.004669 0.002178 0.004868 
-0.006587 -0.003276 -0.005985 -0.004277 
0.004781 -0.002566 0.004985 -0.002144 
0.003280 -0.006588 0.004282 -0.005986 
-0.005467 -0.000664 -0.005386 -0.001148 
0.003394 -0.006581 0.004404 -0.005952 
0.001547 -0.001874 0.001579 -0.001847 
-0.002664 -0.004820 -0.002225 -0.005038 
0.003185 -0.006581 0.004174 -0.006003 
0.003253 -0.006587 0.004251 -0.005991 
0.006528 0.003479 0.005888 0.004478 
-0.005490 -0.000716 -0.005404 -0.001207 
-0.002564 -0.004793 -0.002139 -0.004998 
0.004847 -0.002569 0.005054 -0.002132 
0.001710 0.001572 0.001684 0.001598 
-0.006566 -0.003286 -0.005966 -0.004280 
0.006534 0.003302 0.005936 0.004285 
0.000711 -0.005504 0.001205 -0.005417 
-0.003322 0.006538 -0.004308 0.005934 
-0.004812 0.002628 -0.005025 0.002194 
-0.001936 -0.001751 -0.001900 -0.001789 
-0.003254 0.006530 -0.004230 0.005944 
0.002581 0.004661 0.002184 0.004860 
-0.004948 0.002702 -0.005178 0.002229 
0.002576 0.004684 0.002174 0.004883 
-0.006558 -0.003285 -0.005960 -0.004276 
-0.006558 -0.003370 -0.005939 -0.004369 
0.005338 0.000855 0.005246 0.001309 
-0.002621 -0.005001 -0.002142 -0.005224 
-0.001788 -0.001813 -0.001753 -0.001847 
-0.002691 -0.004950 -0.002219 -0.005179 
-0.006557 -0.003403 -0.005930 -0.004406 
0.001607 -0.001852 0.001640 -0.001824 
0.001600 -0.001910 0.001634 -0.001881 
0.002554 0.004758 0.002138 0.004959 
-0.003311 0.006546 -0.004300 0.005944 
-0.005393 -0.000746 -0.005308 -0.001211 
-0.000807 0.005427 -0.001283 0.005335 
0.001690 0.001545 0.001666 0.001570 
-0.005508 -0.000816 -0.005411 -0.001314 
-0.003403 0.006605 -0.004425 0.005969 
-0.000868 0.005311 -0.001316 0.005218 
0.001723 0.001624 0.001697 0.001653 
-0.000892 0.005277 -0.001332 0.005183 
0.000724 -0.005467 0.001209 -0.005381 
0.002628 0.004780 0.002201 0.004991 
0.000716 -0.005492 0.001207 -0.005406 
0.002568 0.004794 0.002142 0.004998 
-0.003324 0.006476 -0.004287 0.005883 
-0.000810 0.005371 -0.001272 0.005281 
-0.003293 0.006423 -0.004233 0.005846 
0.001588 -0.001806 0.001618 -0.001779 
-0.003372 0.006480 -0.004341 0.005875 
-0.003355 0.006539 -0.004346 0.005928 
-0.006493 -0.003227 -0.005920 -0.004187 
-0.005455 -0.000732 -0.005369 -0.001213 
-0.001873 -0.001745 -0.001839 -0.001781 
-0.000718 0.005358 -0.001174 0.005277 
-0.002608 -0.004925 -0.002149 -0.005142 
-0.006627 -0.003311 -0.006010 -0.004331 
-0.002639 -0.004892 -0.002185 -0.005111 
-0.006549 -0.003279 -0.005954 -0.004266 
0.002604 0.004670 0.002203 0.004872 
-0.001720 0.001579 -0.001745 0.001551 
-0.002682 -0.004896 -0.002224 -0.005120 
0.001709 0.001607 0.001683 0.001635 
0.000678 -0.005494 0.001169 -0.005410 
-0.002664 -0.004842 -0.002220 -0.005061 
0.002535 0.004729 0.002127 0.004926 
-0.001704 0.001754 -0.001735 0.001724 
0.003336 -0.006527 0.004319 -0.005922 
-0.002690 -0.004885 -0.002234 -0.005109 
0.002484 0.004625 0.002102 0.004811 
-0.000847 0.005345 -0.001303 0.005253 
-0.003314 0.006603 -0.004324 0.005989 
0.006732 0.003242 0.006113 0.004297 
0.005272 0.000760 0.005191 0.001196 
0.000768 -0.005641 0.001301 -0.005543 
-0.001838 -0.001787 -0.001803 -0.001822 
-0.006492 -0.003407 -0.005876 -0.004385 
-0.001876 -0.001675 -0.001844 -0.001709 
-0.003273 0.006540 -0.004255 0.005948 
0.001517 -0.001937 0.001551 -0.001910 
0.005168 0.000808 0.005086 0.001220 
0.001648 0.001459 0.001628 0.001482 
0.002573 0.004710 0.002166 0.004910 
0.001704 0.001621 0.001677 0.001648 
-0.004853 0.002676 -0.005075 0.002228 
-0.000823 0.005311 -0.001270 0.005222 
-0.005419 -0.000760 -0.005332 -0.001233 
-0.003290 0.006515 -0.004265 0.005923 
-0.005539 -0.000695 -0.005453 -0.001199 
-0.001915 -0.001662 -0.001884 -0.001698 
0.002640 0.004678 0.002235 0.004885 
-0.006531 -0.003266 -0.005942 -0.004245 
-0.001888 -0.001687 -0.001856 -0.001722 
0.002526 0.004767 0.002110 0.004965 
-0.002621 -0.004830 -0.002183 -0.005043 
0.002572 0.004796 0.002146 0.005002 
-0.006533 -0.003200 -0.005960 -0.004172 
0.001697 0.001570 0.001672 0.001596 
0.001591 -0.001973 0.001628 -0.001942 
-0.006552 -0.003353 -0.005938 -0.004348 
-0.002700 -0.004800 -0.002263 -0.005021 
0.004755 -0.002576 0.004958 -0.002158 
-0.001751 0.001708 -0.001781 0.001677 
-0.002681 -0.004894 -0.002223 -0.005118 
-0.004919 0.002654 -0.005141 0.002192 
-0.001953 -0.001635 -0.001921 -0.001672 
-0.006588 -0.003284 -0.005984 -0.004286 
-0.003422 0.006526 -0.004414 0.005900 
-0.002627 -0.004847 -0.002185 -0.005062 
-0.000856 0.005221 -0.001282 0.005133 
0.001677 -0.001860 0.001711 -0.001829 
-0.001766 0.001675 -0.001795 0.001644 
0.004848 -0.002517 0.005050 -0.002083 
-0.000876 0.005296 -0.001321 0.005203 
-0.005400 -0.000826 -0.005307 -0.001295 
0.000749 -0.005494 0.001241 -0.005404 
0.006623 0.003245 0.006023 0.004257 
0.001667 0.001590 0.001642 0.001616 
-0.001889 -0.001721 -0.001855 -0.001756 
0.001539 -0.001863 0.001571 -0.001836 
-0.002674 -0.004753 -0.002249 -0.004969 
0.000681 -0.005546 0.001186 -0.005460 
0.006472 0.003405 0.005860 0.004375 
-0.003282 0.006634 -0.004302 0.006023 
0.000765 -0.005484 0.001255 -0.005393 
0.000686 -0.005619 0.001211 -0.005529 
0.001575 -0.001803 0.001605 -0.001776 
-0.003280 0.006546 -0.004265 0.005951 
-0.003309 0.006412 -0.004246 0.005834 
0.006519 0.003216 0.005944 0.004185 
0.002586 0.004676 0.002185 0.004876 
0.003389 -0.006496 0.004367 -0.005884 
0.001544 -0.001870 0.001576 -0.001843 
0.005273 0.000905 0.005179 0.001344 
-0.001772 0.001729 -0.001803 0.001697 
0.002548 0.004697 0.002146 0.004894 
-0.005579 -0.000687 -0.005492 -0.001201 
0.004776 -0.002561 0.004979 -0.002140 
0.004749 -0.002519 0.004946 -0.002107 
0.001619 -0.001905 0.001653 -0.001875 
0.000750 -0.005510 0.001247 -0.005420 
-0.004993 0.002624 -0.005216 0.002147 
-0.005438 -0.000669 -0.005358 -0.001145 
0.002585 0.004726 0.002174 0.004929 
0.000777 -0.005464 0.001262 -0.005373 
-0.006448 -0.003337 -0.005857 -0.004291 
0.004730 -0.002613 0.004936 -0.002199 
0.001605 -0.001858 0.001637 -0.001830 
0.003375 -0.006518 0.004360 -0.005905 
-0.001950 -0.001744 -0.001915 -0.001783 
0.006505 0.003430 0.005881 0.004415 
0.001788 0.001568 0.001762 0.001598 
0.001658 -0.001874 0.001692 -0.001843 
0.006522 0.003288 0.005930 0.004265 
0.001712 0.001573 0.001687 0.001600 
-0.006514 -0.003393 -0.005897 -0.004378 
-0.003330 0.006544 -0.004320 0.005938 
-0.004954 0.002697 -0.005184 0.002224 
0.003365 -0.006524 0.004351 -0.005913 
-0.006667 -0.003344 -0.006034 -0.004384 
-0.003371 0.006547 -0.004366 0.005930 
0.005295 0.000868 0.005203 0.001312 
0.006499 0.003339 0.005899 0.004312 
0.002512 0.004724 0.002107 0.004918 
0.006670 0.003337 0.006039 0.004377 
-0.006517 -0.003227 -0.005940 -0.004196 
-0.000798 0.005292 -0.001239 0.005206 
0.000692 -0.005467 0.001176 -0.005384 
-0.004846 0.002498 -0.005045 0.002066 
-0.006629 -0.003311 -0.006011 -0.004332 
-0.001699 0.001669 -0.001726 0.001641 
0.004759 -0.002595 0.004965 -0.002175 
-0.004862 0.002736 -0.005092 0.002281 
0.000697 -0.005504 0.001191 -0.005418 
-0.001830 -0.001757 -0.001796 -0.001791 
-0.000895 0.005305 -0.001342 0.005210 
0.003373 -0.006594 0.004386 -0.005968 
0.000721 -0.005593 0.001239 -0.005502 
0.000780 -0.005570 0.001293 -0.005473 
-0.006599 -0.003273 -0.005996 -0.004278 
-0.006667 -0.003287 -0.006048 -0.004320 
0.001712 0.001583 0.001687 0.001610 
0.002614 0.004700 0.002206 0.004904 
-0.004900 0.002639 -0.005120 0.002183 
-0.006548 -0.003238 -0.005963 -0.004220 
-0.002650 -0.004879 -0.002198 -0.005099 
-0.001740 0.001776 -0.001772 0.001745 
0.004795 -0.002553 0.004998 -0.002129 
0.004737 -0.002577 0.004940 -0.002164 
-0.002599 -0.004912 -0.002143 -0.005127 
0.001602 0.001557 0.001579 0.001581 
0.005289 0.000795 0.005204 0.001236 
-0.002678 -0.004797 -0.002243 -0.005015 
-0.006583 -0.003398 -0.005952 -0.004410 
-0.001953 -0.001830 -0.001915 -0.001871 
0.002556 0.004709 0.002151 0.004907 
-0.004904 0.002576 -0.005116 0.002124 
0.000814 -0.005439 0.001293 -0.005346 
0.004721 -0.002565 0.004921 -0.002156 
-0.001739 0.001654 -0.001767 0.001624 
-0.004933 0.002612 -0.005151 0.002150 
0.002565 0.004755 0.002149 0.004957 
-0.003319 0.006559 -0.004313 0.005952 
-0.001749 0.001701 -0.001778 0.001670 
0.003341 -0.006561 0.004338 -0.005949 
-0.001857 -0.001698 -0.001826 -0.001732 
0.006553 0.003300 0.005952 0.004290 
-0.005510 -0.000731 -0.005421 -0.001227 
-0.005485 -0.000835 -0.005387 -0.001327 
-0.001760 0.001722 -0.001791 0.001690 
-0.001913 -0.001791 -0.001876 -0.001829 
0.005367 0.000764 0.005282 0.001224 
0.001727 0.001633 0.001700 0.001662 
0.003330 -0.006611 0.004346 -0.005992 
-0.001822 0.001778 -0.001855 0.001743 
-0.005458 -0.000717 -0.005373 -0.001199 
0.001698 0.001566 0.001673 0.001592 
0.001576 -0.001914 0.001610 -0.001886 
0.006556 0.003287 0.005958 0.004277 
0.001728 0.001643 0.001700 0.001672 
0.002612 0.004740 0.002195 0.004946 
-0.000824 0.005329 -0.001275 0.005239 
-0.002722 -0.004810 -0.002280 -0.005035 
-0.001746 0.001638 -0.001773 0.001608 
-0.005563 -0.000714 -0.005473 -0.001224 
-0.000901 0.005302 -0.001348 0.005207 
0.006463 0.003380 0.005859 0.004344 
0.001733 0.001555 0.001708 0.001583 
0.003345 -0.006541 0.004335 -0.005932 
-0.001755 0.001700 -0.001785 0.001669 
0.002529 0.004751 0.002116 0.004948 
0.005358 0.000751 0.005274 0.001209 
-0.003327 0.006596 -0.004337 0.005980 
0.003323 -0.006654 0.004355 -0.006029 
0.001522 -0.001856 0.001553 -0.001830 
0.001723 0.001640 0.001696 0.001668 
0.001538 -0.001905 0.001571 -0.001878 
-0.001829 -0.001699 -0.001798 -0.001732 
-0.006447 -0.003290 -0.005867 -0.004239 
0.004678 -0.002614 0.004881 -0.002211 
-0.005505 -0.000781 -0.005411 -0.001276 
0.001465 -0.001877 0.001496 -0.001852 
0.004743 -0.002613 0.004950 -0.002195 
-0.001872 -0.001775 -0.001837 -0.001811 
0.004738 -0.002600 0.004943 -0.002185 
0.001754 0.001549 0.001729 0.001577 
-0.005607 -0.000830 -0.005504 -0.001355 
0.003306 -0.006563 0.004300 -0.005959 
-0.000880 0.005269 -0.001318 0.005177 
0.003348 -0.006526 0.004333 -0.005918 
-0.004781 0.002674 -0.004998 0.002243 
0.005276 0.000936 0.005178 0.001377 
-0.004918 0.002667 -0.005142 0.002204 
-0.005574 -0.000754 -0.005480 -0.001268 
-0.002717 -0.004870 -0.002262 -0.005098 
0.002644 0.004739 0.002225 0.004949 
-0.001828 0.001673 -0.001858 0.001640 
0.002511 0.004709 0.002109 0.004902 
-0.002638 -0.004859 -0.002192 -0.005076 
-0.000842 0.005257 -0.001276 0.005168 
-0.001832 -0.001762 -0.001798 -0.001796 
0.002582 0.004660 0.002185 0.004859 
0.005315 0.000802 0.005228 0.001250 
0.005268 0.000791 0.005184 0.001227 
-0.000922 0.005321 -0.001374 0.005223 
-0.003338 0.006561 -0.004335 0.005950 
-0.005474 -0.000759 -0.005384 -0.001246 
0.006517 0.003289 0.005925 0.004265 
0.006590 0.003260 0.005992 0.004260 
-0.005635 -0.000663 -0.005548 -0.001192 
0.000650 -0.005470 0.001134 -0.005391 
0.005414 0.000810 0.005322 0.001282 
0.005366 0.000766 0.005280 0.001226 
-0.001768 0.001724 -0.001798 0.001692 
0.001692 0.001630 0.001665 0.001657 
0.000759 -0.005376 0.001220 -0.005290 
0.003268 -0.006445 0.004214 -0.005871 
-0.006510 -0.003298 -0.005917 -0.004271 
0.000739 -0.005490 0.001230 -0.005402 
0.001735 0.001615 0.001708 0.001643 
-0.000918 0.005320 -0.001370 0.005223 
0.004837 -0.002574 0.005044 -0.002138 
-0.005527 -0.000781 -0.005433 -0.001283 
0.002521 0.004709 0.002118 0.004903 
0.000740 -0.005535 0.001243 -0.005445 
-0.001673 0.001644 -0.001699 0.001616 
0.004823 -0.002591 0.005032 -0.002157 
-0.002587 -0.004868 -0.002143 -0.005079 
-0.001718 0.001693 -0.001746 0.001664 
-0.000820 0.005328 -0.001271 0.005239 
-0.004873 0.002749 -0.005104 0.002290 
-0.002605 -0.004903 -0.002151 -0.005118 
-0.001888 -0.001724 -0.001855 -0.001760 
-0.001928 -0.001770 -0.001892 -0.001809 
0.004784 -0.002593 0.004992 -0.002168 
0.002638 0.004758 0.002215 0.004969 
-0.003328 0.006617 -0.004346 0.005998 
0.005344 0.000788 0.005257 0.001242 
0.006514 0.003302 0.005919 0.004277 
-0.000894 0.005298 -0.001340 0.005203 
0.001714 0.001620 0.001687 0.001648 
-0.003297 0.006574 -0.004295 0.005970 
0.003360 -0.006565 0.004361 -0.005948 
-0.003260 0.006465 -0.004213 0.005889 
-0.000853 0.005267 -0.001290 0.005178 
0.001586 -0.001884 0.001619 -0.001856 
0.002626 0.004798 0.002195 0.005010 
-0.003310 0.006565 -0.004306 0.005960 
0.006621 0.003247 0.006020 0.004258 
0.006547 0.003301 0.005947 0.004289 
0.001535 -0.001933 0.001570 -0.001906 
-0.006520 -0.003428 -0.005894 -0.004419 
0.001666 0.001581 0.001642 0.001607 
0.004785 -0.002543 0.004986 -0.002122 
0.002598 0.004723 0.002186 0.004927 
-0.001915 -0.001718 -0.001881 -0.001755 
-0.004851 0.002651 -0.005069 0.002206 
0.003372 -0.006500 0.004349 -0.005891 
0.002647 0.004750 0.002225 0.004962 
0.001598 -0.001834 0.001630 -0.001806 
0.003342 -0.006611 0.004359 -0.005990 
-0.002660 -0.004871 -0.002209 -0.005092 
-0.004903 0.002674 -0.005127 0.002215 
0.001499 -0.001887 0.001531 -0.001861 
0.001782 0.001614 0.001754 0.001644 
-0.005460 -0.000765 -0.005370 -0.001248 
0.005334 0.000806 0.005246 0.001258 
-0.002652 -0.004869 -0.002203 -0.005089 
0.004744 -0.002563 0.004945 -0.002149 
0.004644 -0.002555 0.004839 -0.002164 
-0.000925 0.005342 -0.001382 0.005243 
-0.001788 -0.001763 -0.001755 -0.001796 
-0.004875 0.002651 -0.005094 0.002200 
-0.006527 -0.003343 -0.005920 -0.004327 
0.001582 -0.001821 0.001612 -0.001794 
0.001768 0.001510 0.001744 0.001538 
0.005314 0.000844 0.005223 0.001292 
0.005307 0.000779 0.005222 0.001223 
-0.004939 0.002603 -0.005156 0.002141 
0.001676 0.001562 0.001652 0.001588 
-0.001989 -0.001755 -0.001953 -0.001795 
0.005260 0.000849 0.005171 0.001283 
-0.000872 0.005339 -0.001327 0.005244 
-0.005540 -0.000653 -0.005458 -0.001155 
-0.006543 -0.003360 -0.005929 -0.004353 
0.000803 -0.005512 0.001301 -0.005417 
0.003433 -0.006560 0.004440 -0.005925 
0.005224 0.000934 0.005129 0.001362 
-0.006575 -0.003349 -0.005958 -0.004353 
-0.000790 0.005385 -0.001255 0.005296 
0.003310 -0.006573 0.004309 -0.005966 
0.002599 0.004843 0.002160 0.005054 
0.001712 0.001601 0.001686 0.001628 
0.004807 -0.002640 0.005021 -0.002206 
-0.006510 -0.003346 -0.005906 -0.004325 
0.001618 -0.001954 0.001655 -0.001923 
0.001560 -0.001813 0.001590 -0.001787 
-0.006488 -0.003341 -0.005888 -0.004311 
0.006501 0.003364 0.005894 0.004341 
0.005307 0.000865 0.005214 0.001312 
0.000757 -0.005494 0.001249 -0.005404 
0.002661 0.004646 0.002261 0.004853 
-0.001720 0.001689 -0.001748 0.001660 
0.003174 -0.006698 0.004209 -0.006102 
0.000758 -0.005493 0.001250 -0.005402 
-0.004872 0.002691 -0.005096 0.002237 
0.001619 -0.001865 0.001652 -0.001836 
-0.006629 -0.003294 -0.006016 -0.004313 
0.002625 0.004729 0.002210 0.004937 
0.005417 0.000801 0.005325 0.001274 
0.000817 -0.005554 0.001327 -0.005454 
-0.006496 -0.003352 -0.005893 -0.004326 
-0.006629 -0.003318 -0.006010 -0.004340 
-0.001787 -0.001844 -0.001751 -0.001878 
-0.006636 -0.003330 -0.006013 -0.004356 
0.001661 0.001559 0.001637 0.001584 
0.001611 -0.001855 0.001644 -0.001826 
-0.001785 0.001688 -0.001814 0.001656 
-0.005523 -0.000774 -0.005430 -0.001275 
-0.005454 -0.000871 -0.005354 -0.001355 
-0.000843 0.005424 -0.001318 0.005328 
-0.000920 0.005235 -0.001350 0.005141 
0.001586 -0.001837 0.001617 -0.001810 
-0.001809 0.001788 -0.001843 0.001753 
-0.006633 -0.003242 -0.006032 -0.004257 
-0.000769 0.005320 -0.001217 0.005236 
0.001531 -0.001888 0.001564 -0.001861 
-0.005460 -0.000734 -0.005373 -0.001217 
0.003302 -0.006543 0.004288 -0.005944 
0.002586 0.004651 0.002191 0.004850 
-0.001846 -0.001611 -0.001817 -0.001643 
-0.003344 0.006624 -0.004367 0.006000 
0.001659 0.001626 0.001633 0.001652 
0.001604 -0.001809 0.001635 -0.001781 
0.001678 0.001549 0.001654 0.001575 
0.006530 0.003295 0.005935 0.004276 
0.005332 0.000878 0.005237 0.001331 
0.001620 -0.001856 0.001653 -0.001826 
-0.000783 0.005306 -0.001228 0.005221 
0.002529 0.004711 0.002125 0.004907 
-0.000793 0.005332 -0.001245 0.005245 
