0.001076 -0.007216 0.003243 -0.006536 
-0.004379 0.003443 -0.004930 0.002593 
0.001154 -0.007280 0.003379 -0.006551 
0.001055 -0.007184 0.003193 -0.006521 
-0.005665 0.000088 -0.005581 -0.000975 
-0.003563 -0.004200 -0.002763 -0.004764 
0.003371 0.004304 0.002568 0.004826 
0.001673 0.001585 0.001623 0.001637 
-0.000224 -0.005599 0.000806 -0.005545 
0.001136 -0.007231 0.003318 -0.006525 
0.005351 -0.000153 0.005301 0.000746 
0.004324 -0.003329 0.004837 -0.002526 
0.005470 -0.000055 0.005396 0.000902 
-0.001686 0.001842 -0.001752 0.001779 
0.003305 0.004263 0.002532 0.004763 
-0.003490 -0.004333 -0.002649 -0.004892 
0.005397 -0.000040 0.005325 0.000879 
0.003291 0.004115 0.002579 0.004594 
0.005446 -0.000122 0.005385 0.000824 
0.007319 0.001233 0.006547 0.003495 
-0.004359 0.003464 -0.004914 0.002617 
-0.003542 -0.004362 -0.002678 -0.004940 
0.004181 -0.003253 0.004658 -0.002523 
0.001747 0.001590 0.001694 0.001646 
-0.007316 -0.001074 -0.006603 -0.003326 
0.007238 0.001134 0.006530 0.003321 
-0.001647 0.001713 -0.001703 0.001657 
-0.004268 0.003605 -0.004853 0.002767 
-0.001125 0.007231 -0.003306 0.006529 
0.004261 -0.003394 0.004784 -0.002604 
-0.005518 0.000233 -0.005471 -0.000753 
0.005334 -0.000186 0.005291 0.000705 
-0.003478 -0.004370 -0.002624 -0.004931 
-0.005577 0.000204 -0.005521 -0.000813 
-0.000144 -0.005537 0.000850 -0.005474 
-0.001921 -0.001785 -0.001847 -0.001861 
0.001129 -0.007282 0.003354 -0.006561 
-0.001603 0.001792 -0.001663 0.001736 
-0.001051 0.007292 -0.003283 0.006596 
-0.005563 0.000182 -0.005504 -0.000827 
0.003317 0.004230 0.002555 0.004730 
-0.007143 -0.001154 -0.006459 -0.003261 
-0.007198 -0.001171 -0.006490 -0.003325 
0.003266 0.004069 0.002576 0.004537 
0.004225 -0.003280 0.004714 -0.002528 
0.003264 0.004252 0.002504 0.004740 
-0.000239 -0.005636 0.000812 -0.005582 
0.004167 -0.003388 0.004678 -0.002637 
-0.001912 -0.001714 -0.001844 -0.001786 
0.001710 0.001696 0.001651 0.001754 
0.005309 -0.000021 0.005240 0.000854 
-0.004333 0.003573 -0.004917 0.002714 
0.007316 0.001042 0.006615 0.003295 
0.001611 -0.002013 0.001688 -0.001948 
-0.004122 0.003529 -0.004668 0.002767 
0.005503 -0.000147 0.005442 0.000829 
0.003188 0.004214 0.002457 0.004678 
0.000968 -0.007286 0.003192 -0.006620 
0.001200 -0.007191 0.003349 -0.006475 
0.001745 0.001568 0.001693 0.001624 
-0.007133 -0.001208 -0.006433 -0.003309 
0.001562 -0.001902 0.001628 -0.001845 
0.005405 -0.000256 0.005369 0.000672 
0.003358 0.004148 0.002621 0.004648 
-0.004259 0.003615 -0.004846 0.002779 
0.001837 0.001447 0.001789 0.001505 
0.004178 -0.003357 0.004682 -0.002608 
-0.001129 0.007332 -0.003398 0.006594 
0.001165 -0.007163 0.003290 -0.006469 
0.001705 0.001440 0.001662 0.001489 
-0.001635 0.001900 -0.001704 0.001839 
0.007173 0.001288 0.006432 0.003427 
0.001105 -0.007126 0.003196 -0.006464 
0.001809 0.001424 0.001764 0.001480 
-0.001667 0.001832 -0.001732 0.001771 
0.001174 -0.007205 0.003334 -0.006494 
-0.001786 0.001802 -0.001853 0.001733 
0.000053 0.005260 -0.000798 0.005199 
-0.001523 0.001717 -0.001575 0.001669 
0.001773 0.001591 0.001719 0.001649 
-0.003581 -0.004325 -0.002724 -0.004910 
0.001717 0.001569 0.001666 0.001623 
0.003205 0.004270 0.002449 0.004744 
0.001765 0.001523 0.001716 0.001578 
-0.005439 0.000195 -0.005391 -0.000749 
0.004171 -0.003293 0.004658 -0.002559 
0.001644 0.001434 0.001603 0.001479 
0.000943 -0.007235 0.003122 -0.006594 
0.001144 -0.007215 0.003312 -0.006511 
-0.003573 -0.004302 -0.002727 -0.004882 
-0.001673 0.001751 -0.001732 0.001693 
0.003454 0.004296 0.002637 0.004841 
-0.001498 0.001798 -0.001555 0.001749 
-0.000204 -0.005553 0.000800 -0.005498 
-0.004342 0.003472 -0.004898 0.002632 
0.001517 -0.001964 0.001587 -0.001908 
0.001624 0.001682 0.001569 0.001733 
0.001490 -0.001783 0.001546 -0.001735 
0.001763 0.001599 0.001708 0.001657 
0.001478 -0.001939 0.001545 -0.001887 
0.001073 -0.007154 0.003186 -0.006495 
-0.005731 0.000263 -0.005675 -0.000843 
-0.003543 -0.004305 -0.002703 -0.004877 
0.001834 0.001610 0.001777 0.001673 
-0.005478 0.000214 -0.005431 -0.000751 
0.001210 -0.007180 0.003350 -0.006464 
0.000138 0.005376 -0.000772 0.005322 
0.000037 0.005366 -0.000866 0.005296 
-0.005609 0.000315 -0.005571 -0.000724 
-0.001994 -0.001658 -0.001927 -0.001736 
-0.001857 -0.001683 -0.001793 -0.001751 
0.000146 0.005334 -0.000744 0.005284 
-0.003461 -0.004311 -0.002637 -0.004859 
-0.000397 -0.005598 0.000638 -0.005575 
-0.005608 0.000270 -0.005562 -0.000767 
0.003214 0.004228 0.002473 0.004700 
0.007303 0.001048 0.006604 0.003290 
-0.001662 0.001779 -0.001723 0.001720 
0.007302 0.001102 0.006584 0.003344 
0.001627 -0.002023 0.001705 -0.001957 
-0.003544 -0.004301 -0.002706 -0.004872 
-0.001713 0.001840 -0.001780 0.001775 
-0.001641 0.001726 -0.001698 0.001671 
-0.001711 0.001780 -0.001774 0.001717 
0.003358 0.004281 0.002567 0.004797 
0.007329 0.001065 0.006615 0.003329 
-0.005488 0.000120 -0.005423 -0.000848 
0.001531 -0.001869 0.001594 -0.001815 
-0.005595 0.000140 -0.005526 -0.000885 
0.001774 0.001554 0.001722 0.001611 
0.005413 -0.000133 0.005355 0.000796 
-0.004382 0.003501 -0.004950 0.002637 
0.001103 -0.007346 0.003384 -0.006613 
0.001793 0.001529 0.001742 0.001586 
-0.005539 0.000256 -0.005495 -0.000742 
-0.000177 -0.005396 0.000744 -0.005347 
-0.003582 -0.004329 -0.002723 -0.004915 
-0.005603 0.000437 -0.005588 -0.000603 
0.007104 0.001180 0.006423 0.003255 
0.003389 0.004256 0.002602 0.004778 
0.005432 -0.000146 0.005376 0.000793 
-0.005593 0.000216 -0.005538 -0.000810 
-0.000185 -0.005494 0.000787 -0.005441 
0.004188 -0.003339 0.004688 -0.002590 
-0.004450 0.003470 -0.005017 0.002582 
-0.005567 0.000262 -0.005522 -0.000752 
-0.003573 -0.004380 -0.002693 -0.004970 
0.007167 0.001224 0.006451 0.003354 
-0.004356 0.003515 -0.004925 0.002660 
0.001524 -0.002007 0.001597 -0.001949 
-0.001686 0.001905 -0.001757 0.001839 
-0.001766 0.001756 -0.001829 0.001690 
-0.004361 0.003435 -0.004908 0.002594 
0.001618 0.001424 0.001578 0.001467 
-0.004182 0.003640 -0.004767 0.002830 
-0.005682 0.000269 -0.005631 -0.000809 
-0.001973 -0.001654 -0.001907 -0.001730 
-0.004347 0.003451 -0.004896 0.002613 
-0.000304 -0.005378 0.000612 -0.005351 
-0.007273 -0.001175 -0.006539 -0.003394 
-0.002047 -0.001703 -0.001975 -0.001787 
0.005345 -0.000004 0.005271 0.000888 
0.001015 -0.007456 0.003392 -0.006717 
-0.003617 -0.004420 -0.002709 -0.005028 
-0.007430 -0.001079 -0.006676 -0.003434 
-0.004349 0.003560 -0.004931 0.002697 
0.001655 0.001492 0.001611 0.001540 
0.001013 -0.007317 0.003266 -0.006626 
0.000027 0.005354 -0.000870 0.005283 
0.001557 -0.002000 0.001632 -0.001940 
0.004311 -0.003483 0.004866 -0.002654 
-0.003538 -0.004238 -0.002727 -0.004800 
0.005316 -0.000061 0.005253 0.000818 
0.001091 -0.007215 0.003257 -0.006530 
0.001512 -0.002057 0.001589 -0.001997 
-0.001003 0.007196 -0.003150 0.006548 
-0.007228 -0.001091 -0.006539 -0.003268 
-0.007136 -0.001072 -0.006483 -0.003171 
-0.000845 0.007343 -0.003117 0.006702 
-0.005541 0.000234 -0.005493 -0.000764 
-0.005586 0.000299 -0.005547 -0.000726 
0.007293 0.001061 0.006592 0.003293 
0.001191 -0.007313 0.003446 -0.006559 
0.005498 -0.000039 0.005419 0.000933 
0.001101 -0.007187 0.003244 -0.006507 
-0.005591 0.000329 -0.005556 -0.000700 
0.004163 -0.003178 0.004618 -0.002469 
0.007132 0.001031 0.006494 0.003124 
0.004260 -0.003486 0.004810 -0.002677 
0.001100 -0.007114 0.003181 -0.006458 
-0.001760 0.001658 -0.001815 0.001597 
0.000179 0.005531 -0.000814 0.005474 
-0.000355 -0.005755 0.000768 -0.005715 
-0.001715 0.001792 -0.001778 0.001729 
-0.002048 -0.001706 -0.001975 -0.001790 
-0.000199 -0.005492 0.000772 -0.005441 
-0.007272 -0.001171 -0.006540 -0.003390 
0.003363 0.004342 0.002545 0.004867 
-0.004407 0.003342 -0.004933 0.002502 
0.000105 0.005565 -0.000903 0.005492 
0.005497 -0.000107 0.005430 0.000865 
-0.001116 0.007183 -0.003256 0.006499 
0.004098 -0.003423 0.004611 -0.002692 
0.001235 -0.007298 0.003479 -0.006534 
-0.001631 0.001739 -0.001688 0.001683 
-0.007302 -0.001115 -0.006579 -0.003357 
0.005474 0.000103 0.005371 0.001059 
-0.005456 0.000315 -0.005427 -0.000642 
0.003275 0.004185 0.002540 0.004668 
-0.001670 0.001783 -0.001731 0.001724 
-0.001774 0.001845 -0.001843 0.001775 
0.005432 -0.000081 0.005365 0.000857 
-0.001071 0.007317 -0.003325 0.006605 
-0.002064 -0.001724 -0.001989 -0.001811 
-0.000187 -0.005517 0.000798 -0.005462 
-0.000381 -0.005544 0.000625 -0.005522 
0.000110 0.005452 -0.000839 0.005389 
0.005246 -0.000070 0.005189 0.000775 
-0.001857 -0.001679 -0.001794 -0.001746 
-0.005585 0.000451 -0.005573 -0.000580 
0.007158 0.001071 0.006498 0.003188 
-0.004333 0.003561 -0.004914 0.002705 
-0.003562 -0.004274 -0.002731 -0.004847 
-0.001065 0.007159 -0.003182 0.006501 
-0.001942 -0.001618 -0.001880 -0.001690 
-0.005620 0.000233 -0.005566 -0.000809 
-0.000323 -0.005457 0.000635 -0.005430 
-0.001604 0.001631 -0.001654 0.001581 
-0.005403 0.000237 -0.005364 -0.000690 
0.001600 0.001514 0.001556 0.001559 
-0.003635 -0.004254 -0.002796 -0.004846 
0.001538 -0.002003 0.001612 -0.001944 
0.003310 0.004194 0.002564 0.004687 
0.001772 0.001510 0.001723 0.001566 
-0.001888 -0.001875 -0.001808 -0.001952 
-0.005666 0.000228 -0.005608 -0.000840 
-0.002006 -0.001622 -0.001941 -0.001699 
-0.003562 -0.004253 -0.002739 -0.004824 
-0.000877 0.007357 -0.003162 0.006700 
-0.007369 -0.001038 -0.006652 -0.003338 
0.001562 -0.001937 0.001631 -0.001879 
-0.004316 0.003384 -0.004844 0.002573 
0.007087 0.001137 0.006427 0.003196 
-0.001730 0.001697 -0.001788 0.001637 
0.001711 0.001523 0.001663 0.001574 
0.007275 0.001268 0.006506 0.003493 
-0.005688 0.000450 -0.005670 -0.000638 
-0.001676 0.001810 -0.001740 0.001749 
-0.000246 -0.005569 0.000769 -0.005521 
0.001466 -0.001889 0.001529 -0.001839 
0.000143 0.005502 -0.000833 0.005440 
0.005326 -0.000115 0.005272 0.000770 
0.007287 0.001123 0.006566 0.003352 
-0.003583 -0.004388 -0.002697 -0.004982 
-0.007196 -0.001036 -0.006536 -0.003184 
0.000169 0.005478 -0.000795 0.005423 
0.003254 0.004381 0.002442 0.004880 
0.000069 0.005440 -0.000872 0.005370 
0.007071 0.001186 0.006399 0.003233 
0.001597 -0.001789 0.001657 -0.001734 
0.005442 -0.000033 0.005366 0.000909 
-0.007232 -0.001090 -0.006542 -0.003270 
0.004082 -0.003346 0.004572 -0.002637 
-0.003425 -0.004298 -0.002613 -0.004835 
-0.000257 -0.005500 0.000721 -0.005459 
0.005430 -0.000160 0.005376 0.000778 
-0.001700 0.001643 -0.001753 0.001586 
0.000051 0.005373 -0.000856 0.005305 
0.005495 -0.000021 0.005413 0.000948 
0.001437 -0.001959 0.001504 -0.001908 
-0.000089 -0.005430 0.000848 -0.005364 
-0.003525 -0.004483 -0.002611 -0.005070 
-0.000985 0.007239 -0.003168 0.006583 
0.007148 0.001095 0.006483 0.003204 
-0.003565 -0.004344 -0.002703 -0.004926 
0.003243 0.004265 0.002482 0.004749 
-0.001777 0.001721 -0.001837 0.001656 
0.001558 -0.002008 0.001633 -0.001948 
0.001155 -0.007280 0.003380 -0.006551 
-0.005637 0.000138 -0.005564 -0.000911 
-0.001703 0.001848 -0.001770 0.001784 
0.003370 0.004214 0.002604 0.004726 
0.001008 -0.007284 0.003231 -0.006605 
0.004262 -0.003483 0.004811 -0.002674 
0.001224 -0.007274 0.003447 -0.006522 
0.007262 0.001257 0.006502 0.003470 
0.005314 -0.000152 0.005266 0.000728 
-0.004283 0.003559 -0.004857 0.002725 
0.001085 -0.007257 0.003287 -0.006560 
0.007251 0.001147 0.006534 0.003346 
-0.004292 0.003452 -0.004836 0.002637 
0.003524 0.004239 0.002716 0.004797 
0.001657 -0.001889 0.001726 -0.001826 
0.001607 -0.001766 0.001665 -0.001712 
0.005315 -0.000053 0.005250 0.000825 
-0.003510 -0.004380 -0.002645 -0.004951 
0.000102 0.005306 -0.000773 0.005250 
0.003321 0.004265 0.002544 0.004770 
-0.005725 0.000246 -0.005666 -0.000856 
-0.004267 0.003651 -0.004866 0.002803 
-0.001184 0.007204 -0.003344 0.006490 
-0.003422 -0.004259 -0.002628 -0.004790 
0.000064 0.005452 -0.000884 0.005381 
0.004142 -0.003341 0.004638 -0.002610 
-0.000223 -0.005632 0.000825 -0.005575 
-0.003570 -0.004268 -0.002740 -0.004842 
-0.001724 0.001674 -0.001780 0.001615 
-0.004375 0.003509 -0.004945 0.002646 
-0.001198 0.007304 -0.003446 0.006551 
0.004165 -0.003414 0.004684 -0.002659 
0.004209 -0.003355 0.004716 -0.002594 
-0.004342 0.003434 -0.004887 0.002602 
0.001672 0.001442 0.001630 0.001489 
0.007415 0.001174 0.006631 0.003520 
0.004227 -0.003134 0.004678 -0.002409 
0.000183 0.005350 -0.000716 0.005305 
0.004253 -0.003378 0.004772 -0.002594 
0.007166 0.001061 0.006507 0.003185 
-0.007226 -0.001295 -0.006465 -0.003479 
0.001513 -0.001841 0.001574 -0.001790 
0.007110 0.001286 0.006391 0.003371 
0.003326 0.004221 0.002566 0.004722 
-0.001746 -0.001702 -0.001685 -0.001762 
0.001767 0.001508 0.001718 0.001563 
0.001702 0.001509 0.001655 0.001560 
0.003159 0.004282 0.002407 0.004746 
0.001249 -0.006995 0.003238 -0.006325 
-0.005578 0.000170 -0.005516 -0.000847 
-0.003491 -0.004242 -0.002689 -0.004791 
-0.005477 0.000210 -0.005429 -0.000755 
-0.000131 -0.005524 0.000856 -0.005459 
0.005451 -0.000015 0.005371 0.000932 
0.005415 -0.000104 0.005353 0.000825 
0.007416 0.001072 0.006670 0.003415 
0.001582 -0.002041 0.001661 -0.001977 
0.003359 0.004227 0.002590 0.004737 
-0.001719 0.001685 -0.001776 0.001626 
0.004262 -0.003312 0.004763 -0.002539 
0.003395 0.004189 0.002634 0.004705 
-0.001156 0.007153 -0.003272 0.006465 
-0.007355 -0.001051 -0.006637 -0.003338 
-0.004229 0.003384 -0.004747 0.002609 
0.004239 -0.003265 0.004726 -0.002509 
-0.003495 -0.004156 -0.002727 -0.004696 
0.000112 0.005459 -0.000840 0.005395 
0.000133 0.005310 -0.000744 0.005259 
0.001185 -0.007285 0.003415 -0.006543 
-0.003615 -0.004144 -0.002827 -0.004717 
-0.004321 0.003398 -0.004852 0.002582 
0.003415 0.004169 0.002658 0.004688 
0.001117 -0.007276 0.003337 -0.006562 
-0.000149 -0.005552 0.000853 -0.005488 
0.000100 0.005434 -0.000839 0.005370 
0.001014 -0.007199 0.003163 -0.006545 
-0.001709 0.001966 -0.001786 0.001897 
-0.007190 -0.001309 -0.006436 -0.003462 
-0.003571 -0.004289 -0.002732 -0.004867 
-0.004357 0.003398 -0.004893 0.002567 
0.007189 0.001198 0.006475 0.003347 
-0.001076 0.007326 -0.003339 0.006610 
-0.004198 0.003597 -0.004772 0.002790 
0.005364 -0.000141 0.005311 0.000764 
0.000969 -0.007395 0.003289 -0.006693 
0.007142 0.001115 0.006472 0.003220 
0.007172 0.001125 0.006489 0.003255 
0.007232 0.001137 0.006525 0.003319 
-0.007127 -0.001099 -0.006467 -0.003190 
0.007094 0.001090 0.006447 0.003153 
-0.001954 -0.001707 -0.001885 -0.001783 
0.007285 0.000969 0.006620 0.003192 
0.001393 -0.002016 0.001463 -0.001966 
-0.002068 -0.001682 -0.001996 -0.001767 
-0.005538 0.000337 -0.005508 -0.000663 
0.005534 -0.000272 0.005493 0.000724 
0.001788 0.001487 0.001740 0.001543 
0.005481 -0.000230 0.005436 0.000736 
-0.001035 0.007303 -0.003276 0.006609 
0.001732 0.001478 0.001686 0.001530 
-0.003467 -0.004322 -0.002636 -0.004874 
-0.000201 -0.005664 0.000865 -0.005601 
0.003328 0.004156 0.002593 0.004650 
-0.000181 -0.005401 0.000742 -0.005352 
0.003313 0.004273 0.002535 0.004777 
0.003335 0.004249 0.002562 0.004755 
0.007246 0.001082 0.006554 0.003274 
-0.001153 0.007237 -0.003340 0.006523 
0.007165 0.001192 0.006461 0.003319 
0.000031 0.005350 -0.000865 0.005280 
0.003357 0.004244 0.002581 0.004756 
-0.001093 0.007223 -0.003266 0.006535 
0.001857 0.001560 0.001802 0.001623 
0.001661 -0.001917 0.001732 -0.001853 
0.001903 0.001507 0.001849 0.001572 
-0.002043 -0.001620 -0.001977 -0.001700 
0.004204 -0.003271 0.004688 -0.002529 
-0.005486 0.000216 -0.005438 -0.000753 
0.001553 -0.001809 0.001612 -0.001756 
0.003375 0.004142 0.002636 0.004647 
-0.004359 0.003588 -0.004951 0.002714 
-0.001670 0.001516 -0.001715 0.001465 
0.001488 -0.001926 0.001554 -0.001873 
0.005388 -0.000043 0.005317 0.000871 
-0.005599 0.000284 -0.005556 -0.000748 
0.007434 0.000917 0.006738 0.003272 
0.003382 0.004224 0.002610 0.004741 
0.005469 0.000008 0.005383 0.000964 
-0.007285 -0.000994 -0.006611 -0.003217 
0.000137 0.005407 -0.000790 0.005351 
0.003274 0.004184 0.002539 0.004667 
-0.001599 0.001748 -0.001655 0.001694 
0.001834 0.001568 0.001779 0.001630 
0.004287 -0.003371 0.004807 -0.002575 
0.004152 -0.003307 0.004640 -0.002578 
0.000089 0.005234 -0.000750 0.005180 
0.003409 0.004300 0.002600 0.004832 
-0.001163 0.007259 -0.003370 0.006534 
0.007431 0.001003 0.006705 0.003357 
0.005333 -0.000183 0.005289 0.000707 
0.001542 -0.002040 0.001619 -0.001979 
-0.001663 0.001643 -0.001715 0.001589 
-0.004296 0.003340 -0.004809 0.002547 
-0.007102 -0.001261 -0.006394 -0.003338 
0.007241 0.001089 0.006548 0.003277 
0.004185 -0.003449 0.004716 -0.002679 
0.005518 -0.000211 0.005467 0.000775 
0.000159 0.005451 -0.000790 0.005396 
-0.000178 -0.005401 0.000746 -0.005352 
-0.005582 0.000137 -0.005513 -0.000881 
0.001104 -0.007283 0.003329 -0.006571 
0.004119 -0.003381 0.004623 -0.002651 
-0.000003 0.005352 -0.000898 0.005276 
0.001109 -0.007182 0.003247 -0.006501 
-0.004135 0.003529 -0.004682 0.002763 
0.001709 0.001487 0.001663 0.001538 
0.007291 0.001097 0.006579 0.003329 
0.000073 0.005398 -0.000847 0.005331 
0.007170 0.001075 0.006505 0.003202 
-0.007455 -0.001030 -0.006710 -0.003406 
0.001888 0.001482 0.001837 0.001545 
0.003568 0.004245 0.002748 0.004817 
0.007227 0.001033 0.006558 0.003207 
0.007199 0.001087 0.006520 0.003238 
-0.004241 0.003539 -0.004804 0.002726 
-0.003524 -0.004312 -0.002685 -0.004878 
0.001783 0.001355 0.001742 0.001407 
0.001568 -0.001976 0.001640 -0.001916 
-0.001870 -0.001691 -0.001806 -0.001760 
0.001922 0.001373 0.001876 0.001435 
-0.003536 -0.004280 -0.002708 -0.004846 
-0.005506 0.000189 -0.005452 -0.000790 
-0.001971 -0.001648 -0.001906 -0.001723 
0.001815 0.001532 0.001763 0.001591 
0.005401 -0.000031 0.005327 0.000890 
-0.003469 -0.004322 -0.002638 -0.004874 
0.004262 -0.003376 0.004781 -0.002589 
-0.005704 0.000280 -0.005653 -0.000811 
-0.002031 -0.001722 -0.001958 -0.001805 
0.005289 -0.000092 0.005233 0.000774 
0.001572 -0.001882 0.001637 -0.001825 
0.001560 -0.001891 0.001626 -0.001835 
-0.005562 0.000204 -0.005507 -0.000805 
0.001110 -0.007259 0.003314 -0.006553 
0.001449 -0.001977 0.001518 -0.001925 
-0.001874 -0.001730 -0.001807 -0.001800 
0.001355 -0.001964 0.001420 -0.001918 
0.001868 0.001571 0.001812 0.001635 
0.001270 -0.007164 0.003399 -0.006433 
-0.003419 -0.004306 -0.002605 -0.004842 
0.007280 0.001120 0.006563 0.003344 
-0.005384 0.000128 -0.005327 -0.000786 
0.003406 0.004299 0.002597 0.004831 
0.000931 -0.007450 0.003301 -0.006743 
-0.000209 -0.005457 0.000745 -0.005410 
0.004148 -0.003248 0.004620 -0.002532 
-0.002015 -0.001663 -0.001946 -0.001743 
-0.007367 -0.001117 -0.006621 -0.003417 
0.003266 0.004276 0.002496 0.004766 
0.005350 0.000019 0.005272 0.000913 
-0.000381 -0.005472 0.000586 -0.005453 
0.001007 -0.007358 0.003296 -0.006656 
0.000000 0.005332 -0.000885 0.005258 
0.001537 -0.001973 0.001608 -0.001915 
-0.000322 -0.005590 0.000707 -0.005554 
-0.000234 -0.005574 0.000782 -0.005523 
0.007240 0.001167 0.006520 0.003357 
0.004204 -0.003378 0.004717 -0.002614 
0.001074 -0.007330 0.003340 -0.006613 
0.000138 0.005374 -0.000771 0.005320 
-0.007270 -0.001116 -0.006558 -0.003330 
0.004270 -0.003275 0.004763 -0.002506 
0.000194 0.005479 -0.000770 0.005428 
-0.001727 0.001823 -0.001793 0.001758 
-0.004301 0.003476 -0.004852 0.002653 
0.001791 0.001556 0.001739 0.001614 
-0.004277 0.003501 -0.004833 0.002682 
0.007345 0.001058 0.006629 0.003336 
0.003493 0.004178 0.002716 0.004720 
0.003440 0.004195 0.002667 0.004724 
0.007206 0.001073 0.006530 0.003231 
0.000007 0.005346 -0.000885 0.005272 
0.003420 0.004283 0.002615 0.004817 
0.000128 0.005304 -0.000746 0.005253 
0.004286 -0.003405 0.004816 -0.002603 
0.001651 -0.001901 0.001721 -0.001838 
0.004190 -0.003206 0.004655 -0.002482 
0.003393 0.004297 0.002588 0.004825 
0.005435 -0.000263 0.005399 0.000681 
-0.007388 -0.001032 -0.006666 -0.003349 
0.004189 -0.003462 0.004723 -0.002687 
0.007262 0.001196 0.006524 0.003406 
-0.000169 -0.005404 0.000756 -0.005354 
-0.005608 0.000195 -0.005548 -0.000839 
-0.003377 -0.004288 -0.002580 -0.004811 
-0.004334 0.003417 -0.004872 0.002592 
0.001137 -0.007288 0.003368 -0.006562 
0.003457 0.004190 0.002683 0.004723 
-0.000211 -0.005548 0.000791 -0.005496 
-0.007151 -0.001156 -0.006464 -0.003270 
-0.007222 -0.001241 -0.006481 -0.003418 
0.000075 0.005309 -0.000801 0.005249 
-0.002025 -0.001747 -0.001950 -0.001831 
0.001144 -0.007128 0.003238 -0.006453 
0.001002 -0.007427 0.003353 -0.006702 
-0.003570 -0.004323 -0.002717 -0.004904 
0.001739 0.001638 0.001683 0.001695 
-0.001059 0.007275 -0.003275 0.006581 
-0.001829 -0.001652 -0.001769 -0.001717 
-0.003380 -0.004332 -0.002564 -0.004860 
0.005326 -0.000105 0.005270 0.000780 
0.004238 -0.003354 0.004748 -0.002582 
0.000026 0.005407 -0.000898 0.005332 
-0.000147 -0.005554 0.000857 -0.005490 
-0.001860 -0.001730 -0.001793 -0.001800 
-0.001514 0.001776 -0.001570 0.001727 
-0.003513 -0.004364 -0.002654 -0.004934 
-0.001916 -0.001724 -0.001847 -0.001798 
-0.007221 -0.001153 -0.006512 -0.003327 
-0.003454 -0.004416 -0.002585 -0.004974 
0.005364 -0.000154 0.005313 0.000751 
0.001743 0.001479 0.001697 0.001532 
0.001822 0.001474 0.001774 0.001532 
0.005321 0.000052 0.005239 0.000931 
0.004289 -0.003319 0.004795 -0.002533 
0.000247 0.005324 -0.000640 0.005291 
-0.002004 -0.001633 -0.001939 -0.001710 
0.003349 0.004311 0.002548 0.004829 
-0.002117 -0.001573 -0.002051 -0.001659 
-0.005537 0.000235 -0.005489 -0.000761 
0.001627 0.001486 0.001584 0.001532 
-0.000318 -0.005553 0.000690 -0.005519 
-0.003534 -0.004263 -0.002713 -0.004827 
0.004261 -0.003335 0.004769 -0.002557 
0.001488 -0.001884 0.001551 -0.001833 
0.007241 0.001165 0.006521 0.003357 
0.001538 -0.001827 0.001598 -0.001774 
-0.005546 0.000186 -0.005489 -0.000814 
-0.001691 0.001710 -0.001748 0.001652 
0.005430 -0.000126 0.005371 0.000812 
0.003307 0.004201 0.002559 0.004694 
-0.000049 0.005306 -0.000922 0.005225 
-0.001912 -0.001634 -0.001850 -0.001704 
-0.000256 -0.005516 0.000730 -0.005474 
0.001595 -0.001928 0.001665 -0.001868 
-0.001995 -0.001671 -0.001927 -0.001749 
0.005404 -0.000146 0.005350 0.000779 
0.001805 0.001614 0.001749 0.001675 
0.007218 0.001157 0.006509 0.003328 
0.001133 -0.007336 0.003406 -0.006595 
-0.002014 -0.001620 -0.001949 -0.001698 
-0.003529 -0.004309 -0.002690 -0.004876 
0.004201 -0.003418 0.004725 -0.002648 
-0.002096 -0.001587 -0.002030 -0.001670 
-0.005420 0.000242 -0.005381 -0.000694 
-0.004252 0.003598 -0.004833 0.002768 
-0.005534 0.000230 -0.005486 -0.000765 
0.001430 -0.001933 0.001495 -0.001883 
0.001571 -0.001864 0.001635 -0.001808 
0.007292 0.001151 0.006560 0.003386 
-0.005666 0.000211 -0.005605 -0.000855 
0.003434 0.004213 0.002655 0.004743 
0.001490 -0.002033 0.001565 -0.001976 
0.000171 0.005390 -0.000748 0.005341 
0.005387 -0.000075 0.005321 0.000840 
0.001219 -0.007210 0.003385 -0.006481 
0.007307 0.001032 0.006612 0.003276 
-0.001603 0.001770 -0.001661 0.001715 
0.004268 -0.003458 0.004810 -0.002652 
-0.001055 0.007267 -0.003265 0.006578 
-0.001806 0.001839 -0.001877 0.001767 
-0.001918 -0.001666 -0.001854 -0.001737 
0.001891 0.001508 0.001838 0.001573 
0.001534 -0.001831 0.001594 -0.001779 
-0.001101 0.007196 -0.003252 0.006514 
0.007372 0.001051 0.006649 0.003354 
-0.004442 0.003580 -0.005041 0.002671 
-0.004333 0.003513 -0.004900 0.002667 
-0.001773 0.001766 -0.001836 0.001699 
-0.007209 -0.001202 -0.006487 -0.003367 
-0.001026 0.007270 -0.003238 0.006590 
0.000027 0.005307 -0.000847 0.005239 
0.005487 -0.000099 0.005419 0.000868 
-0.007237 -0.001146 -0.006525 -0.003333 
0.004206 -0.003328 0.004705 -0.002574 
0.001092 -0.007347 0.003373 -0.006617 
-0.007256 -0.001231 -0.006507 -0.003438 
0.004330 -0.003409 0.004865 -0.002587 
-0.003472 -0.004266 -0.002664 -0.004813 
-0.000239 -0.005622 0.000805 -0.005570 
-0.003395 -0.004350 -0.002567 -0.004884 
0.004171 -0.003433 0.004695 -0.002671 
-0.001742 0.001575 -0.001792 0.001517 
-0.000217 -0.005584 0.000804 -0.005530 
-0.000317 -0.005755 0.000804 -0.005707 
-0.003444 -0.004375 -0.002595 -0.004926 
-0.003533 -0.004410 -0.002649 -0.004991 
-0.001973 -0.001676 -0.001906 -0.001752 
0.001474 -0.002024 0.001548 -0.001969 
-0.001141 0.007159 -0.003261 0.006475 
-0.005496 0.000177 -0.005441 -0.000796 
-0.001094 0.007252 -0.003292 0.006553 
-0.001043 0.007337 -0.003314 0.006628 
0.003281 0.004319 0.002490 0.004818 
0.005449 -0.000028 0.005372 0.000918 
0.001479 -0.001980 0.001549 -0.001926 
0.000065 0.005378 -0.000845 0.005311 
-0.005559 0.000183 -0.005500 -0.000824 
-0.007310 -0.001110 -0.006587 -0.003360 
0.001514 -0.002001 0.001586 -0.001943 
0.001568 -0.001832 0.001630 -0.001777 
0.007239 0.001103 0.006542 0.003290 
-0.007198 -0.001127 -0.006506 -0.003280 
-0.001105 0.007288 -0.003334 0.006574 
0.000964 -0.007354 0.003248 -0.006668 
-0.001836 0.001750 -0.001900 0.001679 
-0.001129 0.007353 -0.003417 0.006608 
0.001167 -0.007286 0.003397 -0.006550 
0.001451 -0.001814 0.001508 -0.001767 
0.007340 0.000942 0.006666 0.003212 
0.007303 0.001130 0.006575 0.003374 
0.000036 0.005412 -0.000891 0.005339 
0.001179 -0.007139 0.003284 -0.006448 
0.007257 0.000906 0.006622 0.003104 
-0.001935 -0.001679 -0.001869 -0.001752 
0.004273 -0.003419 0.004806 -0.002619 
-0.004336 0.003448 -0.004884 0.002615 
0.005360 -0.000071 0.005296 0.000830 
0.007257 0.001165 0.006532 0.003369 
0.001152 -0.007223 0.003327 -0.006513 
-0.001126 0.007262 -0.003335 0.006549 
-0.001711 0.001800 -0.001775 0.001737 
0.001720 0.001534 0.001671 0.001587 
-0.001121 0.007284 -0.003348 0.006566 
0.004293 -0.003157 0.004757 -0.002401 
0.005378 0.000004 0.005300 0.000913 
-0.007288 -0.001060 -0.006590 -0.003288 
0.007181 0.001186 0.006473 0.003326 
0.001792 0.001524 0.001741 0.001582 
0.001108 -0.007322 0.003368 -0.006595 
0.007230 0.001129 0.006527 0.003309 
-0.001689 0.001889 -0.001759 0.001824 
0.007443 0.000991 0.006717 0.003355 
-0.007192 -0.001028 -0.006536 -0.003172 
0.001640 0.001559 0.001592 0.001608 
0.007331 0.001084 0.006610 0.003351 
0.001913 0.001549 0.001856 0.001616 
0.001070 -0.007174 0.003200 -0.006509 
-0.003468 -0.004367 -0.002618 -0.004923 
-0.004360 0.003400 -0.004897 0.002567 
0.001456 -0.001835 0.001514 -0.001787 
0.001009 -0.007208 0.003166 -0.006554 
-0.000973 0.007346 -0.003250 0.006660 
-0.002032 -0.001636 -0.001965 -0.001715 
0.000165 0.005432 -0.000775 0.005379 
0.001812 0.001735 0.001747 0.001801 
-0.001143 0.007204 -0.003301 0.006504 
-0.003512 -0.004438 -0.002621 -0.005016 
0.001652 0.001448 0.001611 0.001494 
-0.004263 0.003471 -0.004808 0.002664 
0.001443 -0.001953 0.001510 -0.001901 
0.001508 -0.001979 0.001579 -0.001923 
0.000110 0.005471 -0.000848 0.005406 
0.007313 0.001066 0.006605 0.003317 
0.005306 -0.000061 0.005244 0.000813 
0.003543 0.004393 0.002664 0.004976 
0.005402 0.000050 0.005315 0.000971 
-0.007217 -0.000988 -0.006566 -0.003153 
0.001521 -0.001980 0.001592 -0.001923 
0.004162 -0.003343 0.004660 -0.002603 
0.005370 -0.000033 0.005299 0.000873 
-0.007250 -0.001050 -0.006568 -0.003244 
-0.003204 -0.004295 -0.002438 -0.004772 
-0.007277 -0.001019 -0.006596 -0.003236 
-0.000453 -0.005624 0.000599 -0.005610 
0.001228 -0.007207 0.003393 -0.006476 
-0.001097 0.007318 -0.003353 0.006597 
-0.007365 -0.000904 -0.006697 -0.003197 
-0.007297 -0.001088 -0.006586 -0.003325 
0.004216 -0.003317 0.004713 -0.002561 
0.000102 0.005281 -0.000761 0.005226 
-0.001607 0.001735 -0.001663 0.001681 
0.001440 -0.001862 0.001499 -0.001814 
0.000104 0.005330 -0.000783 0.005273 
-0.000226 -0.005483 0.000742 -0.005437 
0.004151 -0.003309 0.004639 -0.002580 
-0.004335 0.003526 -0.004905 0.002677 
-0.001878 -0.001728 -0.001811 -0.001798 
-0.001990 -0.001654 -0.001923 -0.001731 
-0.003578 -0.004273 -0.002744 -0.004851 
-0.007208 -0.000970 -0.006567 -0.003127 
-0.003412 -0.004399 -0.002560 -0.004944 
-0.000223 -0.005463 0.000734 -0.005418 
0.001603 -0.002051 0.001684 -0.001985 
-0.004301 0.003490 -0.004856 0.002663 
0.005391 -0.000179 0.005343 0.000740 
-0.007264 -0.001207 -0.006521 -0.003420 
0.003435 0.004274 0.002631 0.004811 
0.004310 -0.003357 0.004829 -0.002554 
0.000166 0.005405 -0.000760 0.005354 
0.000102 0.005440 -0.000840 0.005376 
-0.001146 0.007153 -0.003261 0.006469 
0.001720 0.001506 0.001673 0.001558 
0.000190 0.005395 -0.000731 0.005349 
0.000278 0.005453 -0.000676 0.005418 
0.007225 0.001089 0.006537 0.003263 
-0.007093 -0.001199 -0.006409 -0.003266 
-0.004400 0.003324 -0.004921 0.002490 
0.001529 -0.002035 0.001605 -0.001975 
-0.000186 -0.005579 0.000832 -0.005520 
0.001237 -0.007229 0.003420 -0.006488 
0.001775 0.001533 0.001724 0.001590 
0.005323 0.000009 0.005248 0.000890 
0.001790 0.001508 0.001740 0.001564 
0.001567 -0.001886 0.001633 -0.001830 
-0.004292 0.003334 -0.004803 0.002543 
0.000946 -0.007392 0.003263 -0.006700 
-0.001807 0.001651 -0.001863 0.001586 
0.003396 0.004170 0.002642 0.004684 
0.001129 -0.007443 0.003497 -0.006666 
0.005394 -0.000138 0.005339 0.000781 
-0.000397 -0.005599 0.000639 -0.005577 
-0.007313 -0.001103 -0.006591 -0.003354 
-0.001994 -0.001622 -0.001929 -0.001699 
0.001736 0.001535 0.001687 0.001589 
-0.004484 0.003426 -0.005043 0.002533 
0.004202 -0.003281 0.004688 -0.002538 
-0.001609 0.001786 -0.001669 0.001731 
-0.004306 0.003524 -0.004872 0.002688 
-0.003475 -0.004393 -0.002612 -0.004955 
-0.000968 0.007286 -0.003192 0.006620 
0.007202 0.001227 0.006473 0.003387 
-0.001998 -0.001562 -0.001937 -0.001637 
0.000089 0.005400 -0.000832 0.005336 
-0.005514 0.000218 -0.005465 -0.000766 
-0.003603 -0.004455 -0.002683 -0.005062 
-0.003527 -0.004279 -0.002701 -0.004843 
-0.000008 0.005225 -0.000842 0.005157 
-0.003469 -0.004341 -0.002630 -0.004895 
0.003562 0.004193 0.002765 0.004757 
-0.001116 0.007293 -0.003350 0.006574 
-0.007231 -0.001079 -0.006545 -0.003259 
-0.001843 -0.001699 -0.001779 -0.001766 
0.004271 -0.003284 0.004766 -0.002512 
0.001144 -0.007175 0.003277 -0.006484 
0.001494 -0.001877 0.001556 -0.001825 
-0.005473 0.000225 -0.005428 -0.000738 
0.004245 -0.003231 0.004724 -0.002480 
0.001788 0.001662 0.001729 0.001723 
-0.005679 0.000127 -0.005601 -0.000945 
-0.003409 -0.004281 -0.002607 -0.004811 
0.003304 0.004178 0.002565 0.004668 
0.001866 0.001452 0.001817 0.001512 
-0.001597 0.001709 -0.001651 0.001657 
-0.003446 -0.004242 -0.002653 -0.004778 
0.001762 0.001604 0.001708 0.001662 
-0.003412 -0.004313 -0.002597 -0.004848 
-0.007169 -0.001336 -0.006412 -0.003473 
0.001524 -0.002039 0.001600 -0.001980 
0.004244 -0.003160 0.004704 -0.002423 
0.004199 -0.003406 0.004719 -0.002639 
-0.001250 0.007189 -0.003400 0.006456 
0.001504 -0.001978 0.001574 -0.001922 
0.007283 0.001049 0.006590 0.003272 
0.001437 -0.002044 0.001511 -0.001990 
-0.007176 -0.001100 -0.006501 -0.003233 
0.007240 0.001099 0.006544 0.003287 
0.000192 0.005466 -0.000767 0.005416 
-0.003644 -0.004291 -0.002787 -0.004891 
-0.005471 0.000253 -0.005431 -0.000710 
0.007180 0.001177 0.006476 0.003316 
0.001211 -0.007226 0.003391 -0.006494 
-0.005632 0.000394 -0.005607 -0.000661 
0.001259 -0.006970 0.003228 -0.006304 
0.003309 0.004497 0.002436 0.005024 
0.007376 0.001064 0.006647 0.003371 
0.007359 0.001132 0.006611 0.003425 
0.001107 -0.007254 0.003307 -0.006551 
-0.001831 -0.001784 -0.001761 -0.001853 
0.001094 -0.007155 0.003209 -0.006488 
0.001851 0.001553 0.001797 0.001615 
0.004364 -0.003196 0.004847 -0.002403 
-0.004343 0.003549 -0.004921 0.002692 
0.007386 0.001051 0.006658 0.003366 
-0.004330 0.003402 -0.004864 0.002581 
0.001712 0.001640 0.001657 0.001696 
0.001483 -0.001867 0.001545 -0.001816 
-0.000054 0.005323 -0.000934 0.005241 
-0.001949 -0.001682 -0.001882 -0.001757 
0.004288 -0.003349 0.004802 -0.002557 
0.001732 0.001472 0.001686 0.001524 
-0.001992 -0.001728 -0.001919 -0.001808 
-0.002023 -0.001629 -0.001957 -0.001708 
-0.001598 0.001769 -0.001656 0.001715 
0.003402 0.004313 0.002589 0.004845 
0.004194 -0.003220 0.004664 -0.002491 
0.001084 -0.007214 0.003248 -0.006531 
0.001732 0.001607 0.001678 0.001663 
0.000173 0.005381 -0.000741 0.005333 
-0.001182 0.007268 -0.003397 0.006533 
-0.000948 0.007331 -0.003212 0.006658 
-0.000233 -0.005511 0.000750 -0.005465 
-0.001974 -0.001695 -0.001905 -0.001772 
0.005314 -0.000067 0.005252 0.000811 
0.005284 -0.000066 0.005224 0.000797 
-0.003546 -0.004364 -0.002680 -0.004944 
-0.003585 -0.004359 -0.002712 -0.004950 
0.001315 -0.007211 0.003487 -0.006448 
0.007352 0.000970 0.006664 0.003253 
0.007334 0.000925 0.006668 0.003190 
0.000039 0.005420 -0.000892 0.005346 
-0.001982 -0.001605 -0.001919 -0.001679 
0.001711 0.001507 0.001664 0.001559 
0.007296 0.001196 0.006546 0.003436 
0.004289 -0.003241 0.004775 -0.002471 
-0.001106 0.007268 -0.003318 0.006560 
0.000110 0.005422 -0.000823 0.005361 
0.005311 -0.000083 0.005252 0.000794 
-0.000020 0.005467 -0.000974 0.005380 
-0.003717 -0.004313 -0.002834 -0.004938 
-0.005657 0.000138 -0.005583 -0.000922 
-0.000224 -0.005489 0.000747 -0.005442 
0.003352 0.004325 0.002544 0.004845 
-0.002131 -0.001649 -0.002059 -0.001738 
0.001502 -0.001955 0.001570 -0.001900 
0.003304 0.004265 0.002531 0.004765 
-0.000269 -0.005502 0.000710 -0.005463 
0.007351 0.001248 0.006563 0.003539 
-0.000288 -0.005537 0.000711 -0.005499 
-0.005517 0.000183 -0.005461 -0.000802 
0.001787 0.001546 0.001735 0.001604 
0.004142 -0.003358 0.004643 -0.002623 
-0.001689 0.001811 -0.001753 0.001749 
-0.003526 -0.004456 -0.002623 -0.005041 
0.007348 0.001241 0.006563 0.003528 
-0.003359 -0.004337 -0.002545 -0.004860 
-0.005553 0.000212 -0.005500 -0.000792 
0.007281 0.001134 0.006559 0.003358 
0.005301 -0.000034 0.005235 0.000837 
0.000054 0.005443 -0.000889 0.005371 
-0.001969 -0.001694 -0.001900 -0.001771 
-0.007169 -0.001100 -0.006496 -0.003227 
-0.001830 -0.001754 -0.001763 -0.001822 
-0.000307 -0.005652 0.000755 -0.005610 
-0.000460 -0.005585 0.000571 -0.005575 
0.003037 0.004227 0.002329 0.004655 
0.001690 0.001513 0.001643 0.001563 
-0.005528 0.000238 -0.005481 -0.000754 
-0.004231 0.003613 -0.004814 0.002789 
-0.005558 0.000270 -0.005516 -0.000739 
0.000175 0.005415 -0.000756 0.005365 
0.003301 0.004263 0.002529 0.004762 
0.000143 0.005360 -0.000759 0.005308 
0.000245 0.005451 -0.000706 0.005411 
0.000091 0.005294 -0.000778 0.005237 
-0.001609 0.001787 -0.001669 0.001731 
-0.004247 0.003349 -0.004757 0.002574 
-0.003615 -0.004312 -0.002755 -0.004906 
-0.004279 0.003458 -0.004822 0.002647 
0.001656 0.001589 0.001606 0.001640 
-0.001211 0.007194 -0.003364 0.006473 
-0.005514 0.000286 -0.005477 -0.000700 
0.001860 0.001603 0.001802 0.001668 
0.001581 -0.001773 0.001639 -0.001720 
-0.005448 0.000192 -0.005399 -0.000757 
0.005381 -0.000040 0.005310 0.000871 
-0.001105 0.007171 -0.003234 0.006495 
-0.004298 0.003631 -0.004895 0.002774 
-0.000259 -0.005548 0.000744 -0.005504 
0.004201 -0.003360 0.004709 -0.002601 
-0.000088 -0.005513 0.000892 -0.005441 
-0.007207 -0.001118 -0.006515 -0.003279 
-0.007161 -0.001049 -0.006508 -0.003168 
-0.001774 0.001848 -0.001844 0.001778 
-0.007286 -0.001035 -0.006597 -0.003260 
-0.001684 0.001794 -0.001747 0.001733 
0.003293 0.004227 0.002537 0.004720 
0.007203 0.001041 0.006539 0.003195 
-0.007205 -0.001031 -0.006544 -0.003187 
-0.001132 0.007275 -0.003352 0.006555 
-0.005547 0.000256 -0.005503 -0.000747 
-0.000154 -0.005617 0.000884 -0.005549 
0.001132 -0.007268 0.003345 -0.006551 
-0.004393 0.003481 -0.004957 0.002616 
-0.007385 -0.001117 -0.006633 -0.003434 
-0.001917 -0.001676 -0.001852 -0.001747 
-0.001590 0.001720 -0.001645 0.001668 
-0.004307 0.003513 -0.004870 0.002678 
-0.003556 -0.004288 -0.002720 -0.004861 
-0.007334 -0.001180 -0.006577 -0.003453 
0.000044 0.005390 -0.000871 0.005319 
-0.001743 0.001943 -0.001819 0.001872 
-0.003390 -0.004303 -0.002583 -0.004831 
-0.003479 -0.004355 -0.002632 -0.004914 
0.001009 -0.007196 0.003156 -0.006545 
0.001836 0.001505 0.001785 0.001565 
-0.007383 -0.000925 -0.006701 -0.003234 
-0.007096 -0.001077 -0.006454 -0.003142 
0.001024 -0.007237 0.003206 -0.006568 
0.001194 -0.007186 0.003339 -0.006474 
-0.007313 -0.001137 -0.006579 -0.003391 
0.005367 0.000013 0.005288 0.000917 
-0.001629 0.001731 -0.001685 0.001676 
-0.005488 0.000240 -0.005444 -0.000731 
0.001111 -0.007362 0.003407 -0.006620 
0.007353 0.001016 0.006649 0.003301 
0.007333 0.001206 0.006567 0.003479 
0.005572 -0.000112 0.005500 0.000901 
0.003408 0.004172 0.002651 0.004689 
-0.000186 -0.005423 0.000750 -0.005374 
0.001250 -0.007183 0.003395 -0.006452 
-0.001689 0.001767 -0.001750 0.001706 
0.001801 0.001455 0.001755 0.001511 
-0.001631 0.001757 -0.001689 0.001701 
0.003349 0.004270 0.002564 0.004783 
-0.003537 -0.004374 -0.002668 -0.004952 
0.007229 0.001210 0.006497 0.003392 
0.001467 -0.001884 0.001529 -0.001834 
0.001542 -0.001928 0.001610 -0.001871 
-0.001792 -0.001693 -0.001731 -0.001756 
-0.001310 0.007047 -0.003344 0.006340 
0.004230 -0.003299 0.004724 -0.002541 
-0.000273 -0.005504 0.000707 -0.005465 
-0.001713 0.001785 -0.001776 0.001723 
-0.000163 -0.005533 0.000830 -0.005473 
-0.007245 -0.001210 -0.006508 -0.003407 
-0.003352 -0.004241 -0.002579 -0.004751 
-0.000123 -0.005506 0.000854 -0.005441 
0.001655 0.001513 0.001610 0.001561 
-0.005516 0.000110 -0.005448 -0.000872 
0.004238 -0.003369 0.004752 -0.002594 
0.007175 0.001152 0.006482 0.003285 
-0.007354 -0.001158 -0.006598 -0.003448 
-0.005541 0.000211 -0.005489 -0.000788 
0.001725 0.001553 0.001675 0.001606 
0.005323 -0.000013 0.005252 0.000868 
-0.000313 -0.005563 0.000701 -0.005528 
-0.007190 -0.001055 -0.006525 -0.003199 
0.004214 -0.003207 0.004683 -0.002473 
0.003378 0.004217 0.002610 0.004731 
-0.001998 -0.001707 -0.001927 -0.001786 
0.004231 -0.003256 0.004714 -0.002506 
0.001802 0.001521 0.001751 0.001579 
0.001060 -0.007241 0.003247 -0.006558 
-0.005505 0.000270 -0.005465 -0.000711 
-0.004408 0.003443 -0.004963 0.002580 
0.004266 -0.003300 0.004765 -0.002527 
-0.004317 0.003431 -0.004857 0.002610 
0.004169 -0.003401 0.004684 -0.002647 
0.001188 -0.007289 0.003422 -0.006544 
-0.003429 -0.004321 -0.002607 -0.004862 
0.005387 -0.000287 0.005357 0.000633 
0.004325 -0.003177 0.004798 -0.002404 
0.005357 0.000008 0.005280 0.000906 
0.001140 -0.007189 0.003285 -0.006495 
-0.005514 0.000353 -0.005488 -0.000636 
-0.001117 0.007528 -0.003563 0.006725 
0.007240 0.001191 0.006511 0.003382 
-0.001097 0.007316 -0.003351 0.006595 
0.001740 0.001638 0.001684 0.001695 
0.000096 0.005435 -0.000844 0.005370 
-0.001737 0.001667 -0.001792 0.001607 
-0.003556 -0.004201 -0.002757 -0.004763 
0.007239 0.001078 0.006551 0.003264 
-0.001894 -0.001743 -0.001825 -0.001815 
-0.002127 -0.001684 -0.002052 -0.001774 
-0.000160 -0.005583 0.000860 -0.005519 
0.005519 -0.000148 0.005458 0.000837 
-0.003443 -0.004301 -0.002626 -0.004843 
-0.000995 0.007134 -0.003088 0.006507 
0.003319 0.004234 0.002556 0.004734 
0.001675 -0.002012 0.001754 -0.001943 
0.004346 -0.003373 0.004873 -0.002552 
-0.003247 -0.004281 -0.002478 -0.004767 
-0.000283 -0.005534 0.000714 -0.005495 
-0.002068 -0.001738 -0.001992 -0.001825 
-0.007306 -0.000988 -0.006627 -0.003231 
-0.000999 0.007285 -0.003222 0.006609 
-0.004269 0.003670 -0.004874 0.002817 
-0.003574 -0.004308 -0.002726 -0.004889 
-0.005570 0.000240 -0.005521 -0.000774 
0.000990 -0.007302 0.003228 -0.006624 
-0.001987 -0.001733 -0.001915 -0.001812 
-0.001872 0.001962 -0.001955 0.001879 
0.001908 0.001451 0.001858 0.001514 
0.007217 0.001011 0.006559 0.003176 
-0.003443 -0.004304 -0.002625 -0.004846 
0.004099 -0.003346 0.004592 -0.002630 
-0.005415 0.000185 -0.005366 -0.000747 
0.007418 0.001122 0.006652 0.003468 
0.003391 0.004167 0.002639 0.004680 
-0.001980 -0.001718 -0.001909 -0.001797 
-0.000249 -0.005489 0.000722 -0.005447 
-0.007290 -0.001008 -0.006610 -0.003237 
0.007452 0.000891 0.006759 0.003262 
-0.005476 0.000105 -0.005410 -0.000856 
0.001356 -0.007138 0.003469 -0.006384 
-0.004235 0.003430 -0.004766 0.002644 
0.001594 -0.001878 0.001660 -0.001820 
-0.005561 0.000286 -0.005521 -0.000725 
0.001777 0.001446 0.001732 0.001500 
0.004227 -0.003295 0.004720 -0.002538 
-0.003393 -0.004394 -0.002547 -0.004933 
-0.004333 0.003390 -0.004864 0.002571 
-0.003573 -0.004312 -0.002723 -0.004893 
-0.005596 0.000332 -0.005562 -0.000700 
0.000092 0.005265 -0.000762 0.005210 
0.001044 -0.007323 0.003303 -0.006619 
-0.001048 0.007227 -0.003223 0.006553 
-0.001821 -0.001762 -0.001753 -0.001829 
-0.003401 -0.004372 -0.002562 -0.004911 
0.001648 -0.002015 0.001727 -0.001947 
-0.000005 0.005278 -0.000864 0.005207 
-0.007179 -0.001170 -0.006478 -0.003308 
-0.007337 -0.001110 -0.006604 -0.003383 
0.005223 -0.000117 0.005175 0.000717 
0.003459 0.004309 0.002635 0.004856 
0.001385 -0.001943 0.001449 -0.001895 
-0.001759 0.001872 -0.001831 0.001803 
-0.004348 0.003439 -0.004895 0.002602 
0.000169 0.005486 -0.000799 0.005430 
0.007185 0.001172 0.006481 0.003315 
-0.007259 -0.001065 -0.006569 -0.003268 
-0.005618 0.000409 -0.005596 -0.000638 
-0.001271 0.007197 -0.003428 0.006454 
0.003281 0.004188 0.002543 0.004673 
0.001143 -0.007283 0.003370 -0.006557 
-0.002002 -0.001672 -0.001934 -0.001750 
-0.000238 -0.005526 0.000753 -0.005480 
0.005339 -0.000091 0.005279 0.000799 
-0.005510 0.000144 -0.005448 -0.000836 
-0.000248 -0.005464 0.000711 -0.005423 
0.001731 0.001559 0.001680 0.001613 
-0.001950 -0.001897 -0.001866 -0.001980 
0.001085 -0.007263 0.003293 -0.006564 
0.004212 -0.003145 0.004665 -0.002424 
-0.000061 0.005570 -0.001069 0.005467 
-0.007138 -0.001221 -0.006432 -0.003326 
-0.001317 0.007077 -0.003376 0.006358 
-0.007202 -0.001192 -0.006486 -0.003351 
-0.004405 0.003529 -0.004984 0.002648 
-0.004292 0.003418 -0.004826 0.002610 
0.007397 0.000902 0.006719 0.003223 
0.001528 -0.001930 0.001596 -0.001875 
-0.004380 0.003528 -0.004956 0.002659 
0.003469 0.004279 0.002656 0.004826 
-0.007198 -0.001108 -0.006513 -0.003260 
0.007306 0.001009 0.006620 0.003251 
-0.001821 0.001804 -0.001889 0.001733 
0.005467 -0.000096 0.005400 0.000861 
-0.007239 -0.001152 -0.006524 -0.003341 
-0.000929 0.007169 -0.003051 0.006554 
0.003398 0.004292 0.002594 0.004820 
0.001698 0.001598 0.001646 0.001651 
0.000112 0.005390 -0.000804 0.005330 
-0.001110 0.007213 -0.003275 0.006522 
-0.000257 -0.005533 0.000738 -0.005489 
-0.000311 -0.005587 0.000715 -0.005550 
-0.004363 0.003606 -0.004961 0.002726 
-0.005574 0.000249 -0.005526 -0.000768 
0.007263 0.001234 0.006511 0.003448 
-0.002050 -0.001553 -0.001989 -0.001631 
-0.004300 0.003437 -0.004841 0.002622 
0.001161 -0.007200 0.003316 -0.006495 
-0.003354 -0.004354 -0.002534 -0.004877 
-0.002005 -0.001830 -0.001924 -0.001915 
0.007301 0.001132 0.006572 0.003374 
-0.007193 -0.001162 -0.006490 -0.003312 
-0.004295 0.003460 -0.004841 0.002642 
0.001799 0.001497 0.001750 0.001555 
-0.003651 -0.004315 -0.002782 -0.004920 
0.000084 0.005366 -0.000820 0.005304 
-0.004298 0.003377 -0.004822 0.002575 
0.001678 -0.001922 0.001751 -0.001856 
-0.002092 -0.001511 -0.002031 -0.001591 
0.000038 0.005355 -0.000860 0.005286 
-0.007137 -0.001176 -0.006448 -0.003279 
0.005511 -0.000229 0.005464 0.000754 
-0.005645 0.000442 -0.005628 -0.000622 
0.003262 0.004241 0.002507 0.004727 
-0.001589 0.001772 -0.001647 0.001718 
-0.005517 0.000244 -0.005472 -0.000742 
-0.000994 0.007310 -0.003239 0.006628 
0.005365 -0.000058 0.005298 0.000846 
-0.005493 0.000381 -0.005473 -0.000597 
-0.004303 0.003302 -0.004806 0.002513 
-0.001575 0.001706 -0.001628 0.001655 
0.004267 -0.003356 0.004781 -0.002572 
0.004271 -0.003216 0.004748 -0.002458 
0.004274 -0.003405 0.004802 -0.002607 
-0.007401 -0.000952 -0.006703 -0.003278 
-0.001679 0.001773 -0.001740 0.001714 
-0.003514 -0.004390 -0.002643 -0.004964 
0.004230 -0.003348 0.004737 -0.002580 
0.001480 -0.001931 0.001546 -0.001878 
-0.005657 0.000155 -0.005586 -0.000905 
-0.001748 0.001802 -0.001813 0.001736 
-0.001858 -0.001768 -0.001788 -0.001838 
-0.004395 0.003471 -0.004956 0.002607 
-0.001082 0.007257 -0.003284 0.006561 
0.000136 0.005406 -0.000789 0.005350 
0.001287 -0.001911 0.001346 -0.001870 
-0.003589 -0.004331 -0.002728 -0.004919 
-0.001706 0.001614 -0.001758 0.001558 
0.001736 0.001443 0.001692 0.001495 
0.005430 -0.000141 0.005373 0.000797 
-0.005553 0.000123 -0.005484 -0.000879 
-0.003437 -0.004250 -0.002643 -0.004785 
-0.004194 0.003423 -0.004718 0.002655 
0.004210 -0.003460 0.004746 -0.002677 
0.007216 0.001183 0.006498 0.003353 
-0.000031 0.005449 -0.000976 0.005361 
0.001782 0.001575 0.001729 0.001633 
-0.000233 -0.005497 0.000742 -0.005451 
0.000235 0.005420 -0.000701 0.005380 
-0.003468 -0.004270 -0.002659 -0.004816 
0.001473 -0.001878 0.001535 -0.001828 
-0.005417 0.000295 -0.005387 -0.000640 
0.004357 -0.003383 0.004888 -0.002555 
-0.000209 -0.005542 0.000789 -0.005489 
-0.007188 -0.001096 -0.006510 -0.003238 
-0.002008 -0.001685 -0.001938 -0.001765 
0.004187 -0.003383 0.004699 -0.002625 
0.001479 -0.001952 0.001547 -0.001898 
-0.004355 0.003396 -0.004891 0.002566 
0.005382 -0.000134 0.005327 0.000779 
-0.005441 0.000249 -0.005401 -0.000697 
-0.000275 -0.005500 0.000703 -0.005461 
-0.001113 0.007364 -0.003410 0.006621 
0.005320 -0.000075 0.005259 0.000806 
-0.003613 -0.004392 -0.002719 -0.004996 
-0.000299 -0.005536 0.000700 -0.005499 
-0.003415 -0.004311 -0.002600 -0.004846 
0.005484 -0.000206 0.005434 0.000762 
0.000957 -0.007440 0.003319 -0.006727 
0.004088 -0.003280 0.004562 -0.002581 
0.001651 0.001530 0.001605 0.001578 
0.000155 0.005447 -0.000792 0.005391 
-0.003421 -0.004183 -0.002657 -0.004706 
0.007332 0.001101 0.006604 0.003369 
0.001167 -0.007272 0.003385 -0.006541 
0.007186 0.001218 0.006466 0.003364 
-0.001772 0.001620 -0.001826 0.001559 
0.001795 0.001446 0.001749 0.001502 
0.001455 -0.001984 0.001525 -0.001931 
0.001717 0.001621 0.001663 0.001676 
0.004179 -0.003404 0.004696 -0.002645 
0.004157 -0.003395 0.004669 -0.002647 
-0.005576 0.000053 -0.005493 -0.000960 
0.005524 -0.000118 0.005456 0.000868 
0.005299 -0.000084 0.005241 0.000787 
0.001900 0.001611 0.001840 0.001679 
0.001030 -0.007258 0.003231 -0.006580 
0.007220 0.001115 0.006525 0.003286 
0.001453 -0.001827 0.001510 -0.001780 
-0.003524 -0.004323 -0.002681 -0.004891 
-0.003416 -0.004314 -0.002599 -0.004850 
0.005417 -0.000049 0.005345 0.000880 
0.005416 -0.000081 0.005350 0.000849 
0.004205 -0.003217 0.004675 -0.002485 
-0.003540 -0.004392 -0.002663 -0.004972 
-0.004162 0.003435 -0.004686 0.002677 
-0.001767 0.001722 -0.001827 0.001658 
-0.005478 0.000146 -0.005418 -0.000817 
-0.001942 -0.001586 -0.001882 -0.001656 
0.000117 0.005363 -0.000786 0.005306 
0.001410 -0.001976 0.001478 -0.001926 
-0.007284 -0.001050 -0.006591 -0.003275 
0.001644 0.001553 0.001597 0.001602 
0.004275 -0.003301 0.004775 -0.002524 
0.001634 0.001608 0.001584 0.001658 
0.000024 0.005314 -0.000853 0.005245 
0.000145 0.005530 -0.000845 0.005467 
-0.001930 -0.001749 -0.001858 -0.001824 
-0.000247 -0.005603 0.000786 -0.005554 
0.005345 -0.000006 0.005271 0.000886 
-0.000185 -0.005565 0.000825 -0.005506 
0.007272 0.001147 0.006548 0.003365 
0.001082 -0.007156 0.003197 -0.006493 
-0.005710 0.000410 -0.005683 -0.000690 
-0.005470 0.000204 -0.005422 -0.000757 
-0.001651 0.001600 -0.001700 0.001548 
-0.004332 0.003534 -0.004905 0.002684 
-0.001040 0.007286 -0.003267 0.006596 
0.003387 0.004270 0.002594 0.004793 
-0.001976 -0.001543 -0.001917 -0.001615 
0.005361 -0.000144 0.005309 0.000759 
0.007451 0.000960 0.006734 0.003332 
-0.004301 0.003466 -0.004849 0.002645 
0.001125 -0.007103 0.003197 -0.006442 
-0.004208 0.003620 -0.004791 0.002804 
-0.004355 0.003620 -0.004956 0.002741 
0.005433 -0.000156 0.005379 0.000784 
0.004218 -0.003337 0.004721 -0.002576 
0.007192 0.001145 0.006496 0.003294 
-0.005510 0.000255 -0.005467 -0.000727 
0.005424 0.000001 0.005343 0.000933 
0.004307 -0.003371 0.004830 -0.002566 
-0.003399 -0.004404 -0.002547 -0.004946 
0.003263 0.004390 0.002446 0.004893 
-0.001981 -0.001690 -0.001912 -0.001768 
-0.001148 0.007130 -0.003243 0.006452 
-0.001097 0.007270 -0.003311 0.006564 
-0.003543 -0.004241 -0.002730 -0.004805 
0.007062 0.001229 0.006378 0.003271 
0.000046 0.005369 -0.000859 0.005300 
0.001528 -0.001843 0.001589 -0.001791 
0.007232 0.001133 0.006527 0.003315 
0.005279 -0.000091 0.005224 0.000771 
-0.001260 0.007095 -0.003332 0.006390 
-0.001688 0.001750 -0.001747 0.001691 
0.005366 0.000020 0.005286 0.000922 
0.005428 -0.000093 0.005363 0.000842 
0.001619 -0.002000 0.001696 -0.001936 
-0.003448 -0.004245 -0.002653 -0.004782 
0.003397 0.004314 0.002584 0.004844 
-0.007183 -0.001034 -0.006528 -0.003170 
-0.005605 0.000279 -0.005561 -0.000756 
0.004262 -0.003375 0.004781 -0.002588 
-0.000224 -0.005544 0.000776 -0.005494 
-0.002096 -0.001693 -0.002022 -0.001781 
0.000174 0.005477 -0.000789 0.005423 
-0.002008 -0.001751 -0.001933 -0.001833 
-0.002027 -0.001695 -0.001956 -0.001777 
-0.004260 0.003472 -0.004806 0.002666 
0.003229 0.004221 0.002488 0.004696 
0.004301 -0.003422 0.004838 -0.002610 
0.001824 0.001620 0.001767 0.001682 
-0.005588 0.000155 -0.005523 -0.000867 
-0.003547 -0.004187 -0.002755 -0.004746 
-0.001211 0.007245 -0.003407 0.006508 
-0.005493 0.000097 -0.005424 -0.000873 
-0.001932 -0.001750 -0.001861 -0.001826 
-0.003461 -0.004254 -0.002660 -0.004796 
0.005404 -0.000011 0.005327 0.000911 
0.004314 -0.003287 0.004814 -0.002497 
-0.001059 0.007115 -0.003139 0.006472 
-0.003528 -0.004293 -0.002696 -0.004859 
-0.005621 0.000351 -0.005588 -0.000695 
-0.007254 -0.001192 -0.006520 -0.003396 
0.004179 -0.003132 0.004625 -0.002426 
0.001058 -0.007331 0.003324 -0.006619 
0.004329 -0.003358 0.004851 -0.002547 
-0.001088 0.007213 -0.003252 0.006530 
-0.003420 -0.004326 -0.002597 -0.004865 
-0.000262 -0.005608 0.000774 -0.005560 
0.001100 -0.007137 0.003200 -0.006474 
0.004216 -0.003346 0.004722 -0.002584 
0.005343 -0.000029 0.005273 0.000863 
0.004225 -0.003357 0.004734 -0.002589 
-0.004439 0.003601 -0.005044 0.002689 
0.001691 0.001553 0.001642 0.001605 
0.001586 -0.002042 0.001665 -0.001979 
0.007367 0.001084 0.006633 0.003383 
-0.001119 0.007221 -0.003291 0.006525 
-0.001886 -0.001650 -0.001824 -0.001718 
0.005302 -0.000175 0.005258 0.000700 
0.001545 -0.001957 0.001616 -0.001899 
0.000155 0.005371 -0.000753 0.005320 
0.001571 -0.002029 0.001648 -0.001966 
-0.001860 -0.001581 -0.001804 -0.001645 
-0.004296 0.003492 -0.004852 0.002667 
-0.005558 0.000205 -0.005503 -0.000802 
-0.004257 0.003437 -0.004792 0.002639 
-0.000282 -0.005604 0.000752 -0.005561 
0.000097 0.005491 -0.000871 0.005423 
0.000058 0.005430 -0.000878 0.005359 
-0.004308 0.003569 -0.004887 0.002722 
0.001331 -0.001926 0.001392 -0.001882 
0.003223 0.004142 0.002514 0.004607 
0.001454 -0.001932 0.001519 -0.001881 
-0.005534 0.000296 -0.005498 -0.000701 
0.000949 -0.007327 0.003209 -0.006655 
0.003429 0.004293 0.002619 0.004830 
0.007259 0.001110 0.006553 0.003315 
-0.001120 0.007266 -0.003331 0.006554 
-0.004240 0.003491 -0.004789 0.002689 
-0.007135 -0.001033 -0.006495 -0.003129 
-0.005523 0.000278 -0.005484 -0.000713 
0.007313 0.001186 0.006561 0.003440 
0.001542 -0.001899 0.001608 -0.001844 
-0.005595 0.000259 -0.005547 -0.000770 
-0.005640 0.000301 -0.005597 -0.000754 
0.003308 0.004215 0.002554 0.004710 
0.001741 0.001549 0.001691 0.001604 
-0.001701 0.001779 -0.001763 0.001717 
0.001490 -0.001829 0.001548 -0.001780 
0.001506 -0.002001 0.001578 -0.001944 
0.001610 0.001657 0.001558 0.001706 
-0.007215 -0.001122 -0.006519 -0.003289 
-0.001078 0.007207 -0.003237 0.006529 
0.001522 -0.001945 0.001591 -0.001889 
-0.001098 0.007340 -0.003373 0.006611 
-0.005522 0.000399 -0.005504 -0.000595 
-0.001054 0.007341 -0.003329 0.006627 
0.004125 -0.003520 0.004668 -0.002759 
-0.002001 -0.001925 -0.001912 -0.002014 
0.005333 -0.000171 0.005287 0.000719 
-0.001146 0.007127 -0.003239 0.006451 
0.007138 0.001153 0.006456 0.003256 
0.005293 -0.000061 0.005232 0.000806 
-0.001979 -0.001734 -0.001907 -0.001813 
-0.007075 -0.001252 -0.006379 -0.003306 
0.007405 0.000980 0.006696 0.003310 
-0.005628 0.000205 -0.005569 -0.000840 
0.004207 -0.003332 0.004707 -0.002577 
-0.005526 0.000181 -0.005470 -0.000809 
-0.003475 -0.004118 -0.002726 -0.004648 
-0.007260 -0.001028 -0.006582 -0.003231 
0.001539 -0.002032 0.001615 -0.001972 
0.004179 -0.003568 0.004743 -0.002775 
-0.001704 0.001809 -0.001768 0.001746 
-0.004327 0.003633 -0.004928 0.002763 
-0.003563 -0.004350 -0.002699 -0.004933 
-0.005543 0.000334 -0.005512 -0.000669 
0.004249 -0.003403 0.004774 -0.002616 
0.001900 0.001482 0.001848 0.001546 
-0.001811 -0.001792 -0.001741 -0.001860 
0.007274 0.000919 0.006630 0.003131 
0.003285 0.004261 0.002517 0.004755 
-0.001663 0.001822 -0.001727 0.001762 
-0.000222 -0.005558 0.000786 -0.005506 
-0.001045 0.007242 -0.003233 0.006564 
-0.001757 0.001829 -0.001825 0.001762 
0.001757 0.001592 0.001704 0.001649 
-0.004305 0.003474 -0.004857 0.002649 
0.003260 0.004120 0.002552 0.004592 
-0.004486 0.003552 -0.005083 0.002630 
-0.001980 -0.001618 -0.001916 -0.001692 
-0.000390 -0.005722 0.000715 -0.005690 
0.004270 -0.003336 0.004779 -0.002554 
-0.007128 -0.001035 -0.006489 -0.003125 
-0.001570 0.001898 -0.001637 0.001841 
0.001713 -0.001994 0.001792 -0.001923 
0.005274 -0.000126 0.005224 0.000733 
0.003312 0.004198 0.002564 0.004692 
-0.003484 -0.004397 -0.002617 -0.004962 
0.005410 -0.000072 0.005342 0.000854 
-0.007100 -0.001011 -0.006478 -0.003077 
0.001485 -0.001766 0.001539 -0.001718 
0.001012 -0.007343 0.003287 -0.006643 
-0.002032 -0.001670 -0.001963 -0.001751 
-0.000087 -0.005520 0.000897 -0.005448 
0.007196 0.001195 0.006480 0.003349 
0.005324 -0.000139 0.005273 0.000746 
-0.001226 0.007309 -0.003479 0.006544 
-0.003401 -0.004430 -0.002538 -0.004975 
-0.002009 -0.001619 -0.001945 -0.001696 
-0.004339 0.003509 -0.004904 0.002662 
-0.004238 0.003488 -0.004786 0.002688 
-0.001992 -0.001842 -0.001911 -0.001926 
-0.007120 -0.001258 -0.006408 -0.003351 
-0.003514 -0.004418 -0.002631 -0.004995 
0.001112 -0.007292 0.003346 -0.006574 
-0.007242 -0.001258 -0.006488 -0.003454 
0.007373 0.001068 0.006643 0.003371 
-0.001738 -0.001468 -0.001692 -0.001520 
-0.001097 0.007307 -0.003343 0.006589 
0.003341 0.004285 0.002552 0.004797 
0.000087 0.005437 -0.000854 0.005371 
-0.000239 -0.005535 0.000757 -0.005489 
0.000996 -0.007383 0.003307 -0.006675 
-0.004381 0.003523 -0.004956 0.002654 
0.005409 -0.000197 0.005363 0.000731 
-0.001704 0.001676 -0.001759 0.001618 
-0.001265 0.007288 -0.003501 0.006516 
-0.001703 0.001728 -0.001761 0.001668 
0.001039 -0.007146 0.003144 -0.006501 
-0.003422 -0.004333 -0.002597 -0.004873 
0.003378 0.004274 0.002586 0.004795 
0.007280 0.001175 0.006543 0.003401 
0.001448 -0.001984 0.001518 -0.001932 
0.004201 -0.003271 0.004684 -0.002530 
0.004132 -0.003497 0.004670 -0.002738 
-0.004330 0.003410 -0.004866 0.002587 
0.001753 0.001470 0.001707 0.001523 
0.001081 -0.007233 0.003262 -0.006546 
0.001060 -0.007248 0.003253 -0.006563 
0.001101 -0.007223 0.003273 -0.006532 
0.007188 0.001085 0.006514 0.003228 
0.007348 0.001052 0.006633 0.003333 
0.001164 -0.007271 0.003382 -0.006541 
-0.000286 -0.005554 0.000721 -0.005514 
0.005389 -0.000152 0.005337 0.000765 
0.003428 0.004233 0.002642 0.004763 
-0.003485 -0.004384 -0.002623 -0.004948 
0.007263 0.001129 0.006549 0.003338 
0.001632 0.001414 0.001592 0.001459 
-0.007108 -0.001198 -0.006420 -0.003278 
0.001716 0.001418 0.001674 0.001468 
-0.007270 -0.001067 -0.006575 -0.003280 
-0.000010 0.005456 -0.000958 0.005371 
-0.007250 -0.001139 -0.006537 -0.003337 
0.001746 0.001391 0.001704 0.001442 
-0.004309 0.003580 -0.004892 0.002730 
0.004195 -0.003419 0.004718 -0.002651 
0.003322 0.004229 0.002560 0.004730 
-0.003548 -0.004325 -0.002698 -0.004900 
0.000983 -0.007358 0.003270 -0.006664 
0.004219 -0.003467 0.004758 -0.002679 
-0.005625 0.000235 -0.005572 -0.000809 
0.001078 -0.007303 0.003320 -0.006594 
0.004191 -0.003274 0.004674 -0.002536 
0.004241 -0.003216 0.004715 -0.002470 
-0.000126 -0.005493 0.000844 -0.005430 
-0.003483 -0.004345 -0.002639 -0.004904 
-0.004323 0.003419 -0.004861 0.002597 
-0.001565 0.001703 -0.001618 0.001653 
-0.000225 -0.005601 0.000806 -0.005547 
-0.007245 -0.001153 -0.006528 -0.003347 
-0.001667 0.001728 -0.001725 0.001670 
-0.001109 0.007380 -0.003420 0.006633 
0.005435 -0.000129 0.005376 0.000811 
0.003335 0.004253 0.002560 0.004760 
-0.000138 -0.005493 0.000833 -0.005431 
-0.001113 0.007240 -0.003301 0.006539 
-0.007250 -0.001078 -0.006558 -0.003274 
0.007314 0.001063 0.006606 0.003314 
-0.001617 0.001680 -0.001670 0.001627 
0.001655 -0.001953 0.001729 -0.001888 
-0.002082 -0.001651 -0.002012 -0.001736 
0.007157 0.001274 0.006426 0.003398 
0.007213 0.001259 0.006469 0.003430 
-0.005563 0.000314 -0.005528 -0.000700 
-0.001989 -0.001723 -0.001917 -0.001802 
0.007255 0.001112 0.006549 0.003313 
-0.003479 -0.004392 -0.002615 -0.004955 
-0.001685 0.001757 -0.001745 0.001698 
-0.000388 -0.005513 0.000602 -0.005493 
0.007136 0.001142 0.006459 0.003242 
0.005404 -0.000112 0.005344 0.000811 
-0.003403 -0.004232 -0.002623 -0.004755 
-0.001194 0.007114 -0.003278 0.006425 
0.001498 -0.001888 0.001562 -0.001836 
-0.001182 0.007321 -0.003444 0.006568 
0.004113 -0.003348 0.004607 -0.002626 
-0.005666 0.000324 -0.005626 -0.000747 
0.004249 -0.003420 0.004779 -0.002629 
0.001386 -0.001866 0.001445 -0.001821 
0.004176 -0.003293 0.004662 -0.002558 
0.001640 0.001469 0.001597 0.001516 
0.001558 -0.001902 0.001625 -0.001846 
-0.002034 -0.001708 -0.001962 -0.001791 
-0.000172 -0.005522 0.000814 -0.005464 
-0.001036 0.007300 -0.003274 0.006606 
-0.001081 0.007137 -0.003179 0.006480 
0.001139 -0.007289 0.003370 -0.006562 
0.005403 -0.000194 0.005356 0.000731 
-0.000255 -0.005573 0.000762 -0.005527 
-0.004274 0.003513 -0.004832 0.002692 
0.007183 0.001231 0.006459 0.003375 
0.001675 0.001580 0.001625 0.001632 
0.000139 0.005476 -0.000823 0.005416 
0.001246 -0.007120 0.003338 -0.006411 
-0.001968 -0.001574 -0.001908 -0.001646 
0.001521 -0.001917 0.001587 -0.001863 
-0.004290 0.003480 -0.004841 0.002660 
0.001200 -0.007244 0.003396 -0.006511 
0.007211 0.001213 0.006484 0.003380 
0.003262 0.004093 0.002565 0.004562 
-0.005604 0.000343 -0.005571 -0.000694 
0.005511 -0.000056 0.005434 0.000922 
-0.001760 0.001718 -0.001820 0.001655 
0.000081 0.005441 -0.000862 0.005373 
0.001669 0.001594 0.001619 0.001645 
-0.001136 0.007163 -0.003259 0.006479 
-0.005647 0.000284 -0.005601 -0.000775 
-0.001637 0.001800 -0.001698 0.001742 
-0.001205 0.007194 -0.003357 0.006475 
0.000121 0.005420 -0.000811 0.005361 
-0.001744 0.001755 -0.001806 0.001691 
0.005317 -0.000044 0.005251 0.000835 
-0.000295 -0.005455 0.000660 -0.005423 
-0.007232 -0.001169 -0.006514 -0.003352 
-0.000280 -0.005577 0.000740 -0.005534 
-0.003484 -0.004378 -0.002625 -0.004941 
-0.001890 -0.001783 -0.001818 -0.001857 
-0.001710 0.001815 -0.001775 0.001752 
0.007360 0.001055 0.006640 0.003347 
-0.001300 0.007115 -0.003390 0.006389 
-0.005469 0.000231 -0.005425 -0.000730 
0.005407 -0.000039 0.005334 0.000885 
0.001650 -0.001970 0.001725 -0.001905 
-0.000369 -0.005509 0.000618 -0.005487 
-0.003480 -0.004256 -0.002674 -0.004804 
0.005353 -0.000067 0.005289 0.000830 
-0.003525 -0.004332 -0.002677 -0.004902 
-0.005652 0.000254 -0.005600 -0.000807 
-0.000178 -0.005482 0.000788 -0.005428 
0.004360 -0.003541 0.004938 -0.002677 
0.001167 -0.007084 0.003225 -0.006414 
-0.000215 -0.005504 0.000763 -0.005455 
0.007248 0.000976 0.006592 0.003167 
0.004346 -0.003296 0.004852 -0.002491 
-0.004432 0.003353 -0.004964 0.002499 
0.001107 -0.007250 0.003304 -0.006548 
0.007272 0.001222 0.006521 0.003443 
-0.003532 -0.004376 -0.002664 -0.004953 
0.000128 0.005391 -0.000789 0.005334 
0.001493 -0.001816 0.001551 -0.001767 
0.007205 0.001184 0.006490 0.003345 
0.001491 -0.001939 0.001558 -0.001885 
0.000065 0.005338 -0.000825 0.005274 
0.000063 0.005438 -0.000877 0.005367 
-0.001594 0.001595 -0.001641 0.001547 
-0.001168 0.007300 -0.003410 0.006559 
0.004203 -0.003327 0.004702 -0.002574 
-0.001751 0.001944 -0.001828 0.001872 
-0.001694 0.001750 -0.001754 0.001690 
-0.001725 0.001691 -0.001782 0.001631 
-0.003622 -0.004347 -0.002746 -0.004948 
0.003327 0.004208 0.002572 0.004708 
-0.007337 -0.001118 -0.006601 -0.003392 
-0.004367 0.003518 -0.004938 0.002657 
0.003260 0.004290 0.002485 0.004781 
0.001069 -0.007419 0.003414 -0.006673 
0.001705 0.001677 0.001648 0.001733 
-0.001981 -0.001762 -0.001907 -0.001842 
-0.000293 -0.005513 0.000693 -0.005478 
-0.004339 0.003436 -0.004883 0.002605 
0.003399 0.004258 0.002609 0.004783 
-0.001179 0.007137 -0.003282 0.006447 
0.001854 0.001629 0.001794 0.001694 
-0.004419 0.003615 -0.005026 0.002709 
-0.001936 -0.001619 -0.001874 -0.001690 
0.001474 -0.001868 0.001536 -0.001818 
0.004180 -0.003412 0.004699 -0.002651 
-0.001966 -0.001574 -0.001906 -0.001646 
0.005380 -0.000107 0.005321 0.000805 
0.001709 0.001490 0.001663 0.001541 
-0.005496 0.000287 -0.005460 -0.000690 
0.001863 0.001563 0.001808 0.001627 
0.004144 -0.003124 0.004584 -0.002432 
0.001444 -0.001900 0.001507 -0.001850 
0.001065 -0.007141 0.003167 -0.006489 
-0.000038 -0.005621 0.001000 -0.005532 
-0.000832 0.007361 -0.003119 0.006719 
-0.002032 -0.001718 -0.001959 -0.001801 
-0.000261 -0.005607 0.000775 -0.005560 
0.005457 -0.000032 0.005379 0.000917 
-0.001635 0.001896 -0.001704 0.001835 
0.003361 0.004224 0.002593 0.004735 
0.003309 0.004165 0.002575 0.004655 
0.003269 0.004249 0.002509 0.004737 
0.003232 0.004269 0.002471 0.004750 
-0.000341 -0.005547 0.000665 -0.005518 
-0.001085 0.007288 -0.003315 0.006581 
0.001670 0.001598 0.001619 0.001649 
-0.004250 0.003476 -0.004796 0.002674 
-0.003377 -0.004456 -0.002507 -0.004997 
-0.005519 0.000276 -0.005480 -0.000713 
-0.005541 0.000272 -0.005500 -0.000728 
-0.001707 0.001774 -0.001769 0.001712 
0.005447 -0.000122 0.005385 0.000824 
-0.001956 -0.001663 -0.001890 -0.001738 
-0.001811 0.001779 -0.001877 0.001709 
-0.001529 0.001812 -0.001588 0.001761 
-0.001877 -0.001574 -0.001820 -0.001639 
0.000085 0.005387 -0.000830 0.005324 
-0.000360 -0.005556 0.000652 -0.005529 
-0.003630 -0.004317 -0.002765 -0.004916 
0.001712 0.001560 0.001662 0.001613 
-0.001663 0.001811 -0.001726 0.001751 
0.001702 0.001600 0.001650 0.001653 
-0.000222 -0.005431 0.000719 -0.005388 
-0.004348 0.003401 -0.004884 0.002573 
0.001567 -0.001960 0.001639 -0.001900 
0.004215 -0.003323 0.004714 -0.002566 
0.001762 0.001464 0.001716 0.001518 
0.001823 0.001464 0.001775 0.001522 
0.000952 -0.007289 0.003178 -0.006629 
-0.003512 -0.004249 -0.002702 -0.004805 
-0.004239 0.003443 -0.004774 0.002651 
-0.001093 0.007242 -0.003282 0.006547 
0.003235 0.004236 0.002487 0.004714 
0.001655 0.001505 0.001610 0.001553 
0.001721 0.001508 0.001674 0.001560 
-0.001821 -0.001675 -0.001760 -0.001739 
0.004258 -0.003275 0.004749 -0.002510 
-0.000289 -0.005441 0.000659 -0.005408 
-0.003531 -0.004306 -0.002693 -0.004874 
-0.004214 0.003576 -0.004784 0.002767 
-0.001993 -0.001635 -0.001928 -0.001711 
0.003378 0.004225 0.002606 0.004741 
0.001754 0.001521 0.001705 0.001576 
-0.007289 -0.001144 -0.006561 -0.003376 
0.007219 0.001078 0.006537 0.003247 
0.005465 -0.000042 0.005389 0.000912 
-0.000451 -0.005609 0.000593 -0.005595 
0.004232 -0.003285 0.004724 -0.002529 
-0.005624 0.000274 -0.005578 -0.000772 
-0.003461 -0.004345 -0.002621 -0.004897 
-0.005538 0.000317 -0.005505 -0.000683 
0.007237 0.001145 0.006525 0.003331 
-0.004339 0.003412 -0.004876 0.002586 
-0.001591 0.001882 -0.001657 0.001824 
0.001642 -0.001912 0.001712 -0.001849 
-0.002037 -0.001726 -0.001963 -0.001810 
-0.000932 0.007275 -0.003146 0.006626 
0.001544 -0.001901 0.001610 -0.001846 
0.004207 -0.003352 0.004713 -0.002593 
-0.005594 0.000309 -0.005556 -0.000721 
0.007311 0.001051 0.006608 0.003300 
-0.007267 -0.001117 -0.006556 -0.003329 
-0.003534 -0.004273 -0.002710 -0.004838 
0.004266 -0.003354 0.004779 -0.002570 
0.001427 -0.001842 0.001485 -0.001795 
0.003350 0.004136 0.002619 0.004634 
-0.005569 0.000334 -0.005537 -0.000684 
0.005366 -0.000112 0.005308 0.000793 
-0.001033 0.007325 -0.003293 0.006624 
-0.001132 0.007349 -0.003417 0.006604 
-0.001936 -0.001657 -0.001871 -0.001730 
-0.000000 0.005337 -0.000889 0.005263 
-0.007208 -0.000949 -0.006574 -0.003104 
0.004250 -0.003298 0.004746 -0.002532 
0.004181 -0.003447 0.004710 -0.002679 
-0.004282 0.003404 -0.004811 0.002603 
-0.000946 0.007261 -0.003147 0.006611 
-0.001932 -0.001681 -0.001866 -0.001754 
-0.007372 -0.001039 -0.006653 -0.003340 
0.007202 0.001255 0.006463 0.003417 
-0.000248 -0.005583 0.000774 -0.005534 
-0.005423 0.000177 -0.005373 -0.000758 
-0.001609 0.001690 -0.001663 0.001638 
-0.007378 -0.000984 -0.006677 -0.003290 
0.003283 0.004129 0.002568 0.004608 
-0.007235 -0.001132 -0.006529 -0.003317 
0.004298 -0.003470 0.004848 -0.002649 
0.001112 -0.007197 0.003262 -0.006510 
-0.005557 0.000282 -0.005516 -0.000727 
0.001219 -0.007351 0.003508 -0.006574 
0.001487 -0.001891 0.001550 -0.001839 
-0.003568 -0.004293 -0.002728 -0.004871 
0.001054 -0.007257 0.003254 -0.006571 
0.001035 -0.007303 0.003275 -0.006609 
0.007311 0.001266 0.006531 0.003523 
-0.005609 0.000263 -0.005561 -0.000774 
-0.003395 -0.004220 -0.002621 -0.004739 
0.004312 -0.003371 0.004835 -0.002565 
0.001714 0.001526 0.001666 0.001579 
-0.007261 -0.001153 -0.006539 -0.003360 
0.007237 0.001158 0.006521 0.003345 
-0.000216 -0.005613 0.000822 -0.005557 
-0.001155 0.007247 -0.003351 0.006529 
-0.004385 0.003490 -0.004951 0.002627 
-0.001986 -0.001614 -0.001923 -0.001689 
-0.001112 0.007190 -0.003257 0.006506 
0.003225 0.004181 0.002501 0.004651 
-0.004246 0.003550 -0.004812 0.002734 
0.003313 0.004227 0.002553 0.004725 
-0.007236 -0.001034 -0.006564 -0.003216 
-0.007287 -0.001043 -0.006595 -0.003270 
0.005388 -0.000041 0.005317 0.000873 
-0.003440 -0.004390 -0.002586 -0.004941 
-0.001989 -0.001834 -0.001908 -0.001918 
-0.003649 -0.004243 -0.002812 -0.004839 
-0.007189 -0.001090 -0.006513 -0.003234 
0.001552 -0.001783 0.001609 -0.001731 
0.001559 -0.001987 0.001632 -0.001927 
0.003314 0.004180 0.002573 0.004672 
-0.001109 0.007243 -0.003300 0.006542 
-0.005523 0.000249 -0.005479 -0.000741 
0.000153 0.005504 -0.000824 0.005444 
0.001748 0.001405 0.001706 0.001456 
-0.005631 0.000229 -0.005576 -0.000819 
-0.001147 0.007297 -0.003386 0.006564 
0.000067 0.005401 -0.000855 0.005334 
0.001824 0.001625 0.001766 0.001688 
-0.000026 0.005401 -0.000946 0.005317 
-0.000301 -0.005525 0.000692 -0.005490 
0.003442 0.004168 0.002680 0.004695 
-0.000200 -0.005509 0.000780 -0.005457 
0.003396 0.004369 0.002560 0.004906 
-0.001162 0.007282 -0.003389 0.006549 
0.000066 0.005458 -0.000885 0.005386 
-0.001183 0.007121 -0.003273 0.006434 
0.001483 -0.001803 0.001540 -0.001754 
-0.001289 0.007169 -0.003424 0.006429 
-0.001222 0.007200 -0.003380 0.006473 
-0.007078 -0.001127 -0.006424 -0.003178 
-0.005391 0.000209 -0.005348 -0.000710 
-0.001962 -0.001695 -0.001894 -0.001772 
0.000271 0.005510 -0.000712 0.005470 
-0.003365 -0.004371 -0.002535 -0.004899 
-0.007394 -0.001019 -0.006675 -0.003340 
-0.003456 -0.004279 -0.002645 -0.004823 
-0.007193 -0.001110 -0.006508 -0.003257 
0.003343 0.004204 0.002586 0.004708 
-0.001656 0.001605 -0.001705 0.001553 
-0.003621 -0.004334 -0.002751 -0.004932 
0.001752 0.001557 0.001701 0.001613 
-0.000338 -0.005536 0.000662 -0.005507 
-0.003425 -0.004312 -0.002607 -0.004850 
0.003268 0.004167 0.002541 0.004646 
-0.001584 0.001832 -0.001646 0.001777 
0.001170 -0.007222 0.003344 -0.006507 
-0.003534 -0.004195 -0.002742 -0.004751 
0.003269 0.004097 0.002568 0.004569 
0.000034 0.005490 -0.000933 0.005410 
-0.001083 0.007265 -0.003292 0.006566 
0.007399 0.000867 0.006733 0.003189 
0.005431 -0.000276 0.005397 0.000666 
-0.000251 -0.005624 0.000794 -0.005574 
-0.001816 -0.001742 -0.001750 -0.001808 
-0.007150 -0.001267 -0.006424 -0.003385 
-0.001901 -0.001531 -0.001846 -0.001596 
-0.001139 0.007205 -0.003298 0.006506 
0.001451 -0.001937 0.001517 -0.001886 
0.005255 -0.000038 0.005193 0.000810 
0.001698 0.001427 0.001656 0.001476 
0.003393 0.004214 0.002623 0.004733 
0.001732 0.001444 0.001688 0.001495 
-0.004318 0.003447 -0.004864 0.002622 
0.000125 0.005295 -0.000745 0.005244 
-0.005424 0.000259 -0.005387 -0.000679 
-0.001122 0.007249 -0.003319 0.006542 
-0.005565 0.000252 -0.005518 -0.000761 
-0.001950 -0.001619 -0.001888 -0.001691 
0.003413 0.004141 0.002668 0.004656 
-0.007276 -0.001108 -0.006565 -0.003328 
-0.001959 -0.001602 -0.001897 -0.001674 
0.003223 0.004215 0.002486 0.004688 
-0.003459 -0.004251 -0.002660 -0.004792 
0.003335 0.004310 0.002537 0.004823 
-0.007233 -0.001069 -0.006550 -0.003250 
0.001822 0.001547 0.001769 0.001608 
0.001446 -0.002054 0.001521 -0.001999 
-0.007262 -0.000977 -0.006602 -0.003181 
-0.003476 -0.004196 -0.002696 -0.004735 
0.004229 -0.003442 0.004762 -0.002655 
-0.001629 0.001733 -0.001686 0.001678 
-0.003525 -0.004304 -0.002689 -0.004870 
-0.004395 0.003408 -0.004938 0.002558 
-0.001934 -0.001506 -0.001879 -0.001573 
-0.007303 -0.001131 -0.006574 -0.003375 
-0.001318 0.007242 -0.003517 0.006466 
-0.003411 -0.004297 -0.002602 -0.004830 
-0.000045 0.005283 -0.000906 0.005205 
0.001559 -0.001956 0.001630 -0.001897 
-0.001665 0.001715 -0.001722 0.001658 
0.004301 -0.003361 0.004820 -0.002561 
-0.000013 0.005472 -0.000970 0.005386 
-0.005488 0.000109 -0.005422 -0.000858 
-0.000259 -0.005557 0.000750 -0.005512 
0.007247 0.001080 0.006556 0.003274 
0.001763 0.001519 0.001714 0.001574 
-0.001889 -0.001682 -0.001824 -0.001752 
0.001454 -0.001949 0.001521 -0.001898 
-0.003410 -0.004164 -0.002656 -0.004681 
-0.000325 -0.005698 0.000763 -0.005656 
0.007159 0.001217 0.006448 0.003341 
-0.000983 0.007325 -0.003241 0.006642 
-0.000300 -0.005523 0.000692 -0.005487 
-0.000487 -0.005742 0.000635 -0.005728 
0.001474 -0.001791 0.001530 -0.001743 
-0.001085 0.007322 -0.003344 0.006603 
-0.001325 0.007194 -0.003483 0.006433 
0.007174 0.000987 0.006537 0.003115 
0.003304 0.004196 0.002559 0.004688 
0.001192 -0.007253 0.003395 -0.006519 
0.001505 -0.001884 0.001569 -0.001832 
0.005300 0.000057 0.005218 0.000926 
-0.001714 0.001791 -0.001778 0.001728 
0.003396 0.004253 0.002609 0.004776 
-0.005594 0.000256 -0.005547 -0.000773 
0.004303 -0.003263 0.004796 -0.002482 
0.004198 -0.003311 0.004692 -0.002563 
0.001567 -0.001999 0.001641 -0.001938 
-0.000265 -0.005524 0.000726 -0.005482 
-0.004409 0.003517 -0.004985 0.002637 
-0.005397 0.000365 -0.005380 -0.000563 
0.003413 0.004196 0.002645 0.004718 
-0.000255 -0.005550 0.000749 -0.005505 
-0.007240 -0.001185 -0.006514 -0.003376 
0.004237 -0.003391 0.004757 -0.002612 
0.001583 -0.002009 0.001659 -0.001947 
0.001177 -0.007257 0.003382 -0.006528 
-0.001954 -0.001595 -0.001893 -0.001667 
0.007240 0.001241 0.006493 0.003435 
0.001840 0.001528 0.001788 0.001588 
0.001545 -0.001903 0.001611 -0.001848 
0.007184 0.001036 0.006528 0.003173 
0.001708 0.001455 0.001664 0.001504 
-0.007253 -0.001218 -0.006510 -0.003422 
-0.001036 0.007318 -0.003291 0.006619 
-0.004425 0.003551 -0.005013 0.002657 
0.001170 -0.007271 0.003387 -0.006539 
-0.007378 -0.000951 -0.006688 -0.003257 
-0.001201 0.007333 -0.003473 0.006568 
0.005421 -0.000026 0.005345 0.000905 
0.007160 0.001196 0.006456 0.003319 
0.003399 0.004250 0.002613 0.004774 
0.007295 0.001140 0.006566 0.003377 
-0.007206 -0.001091 -0.006524 -0.003249 
0.000149 0.005422 -0.000784 0.005367 
-0.000237 -0.005456 0.000717 -0.005414 
-0.004406 0.003329 -0.004929 0.002491 
-0.007375 -0.001062 -0.006647 -0.003367 
-0.001711 0.001802 -0.001775 0.001738 
0.004190 -0.003379 0.004701 -0.002621 
-0.004250 0.003635 -0.004842 0.002798 
-0.000328 -0.005467 0.000634 -0.005440 
-0.001931 -0.001688 -0.001864 -0.001761 
-0.000017 0.005359 -0.000916 0.005280 
0.001204 -0.007343 0.003486 -0.006574 
-0.000390 -0.005650 0.000674 -0.005623 
-0.000222 -0.005633 0.000826 -0.005576 
-0.007357 -0.000967 -0.006669 -0.003253 
-0.007404 -0.001008 -0.006685 -0.003338 
0.001772 0.001644 0.001714 0.001704 
0.003422 0.004260 0.002627 0.004791 
-0.004399 0.003424 -0.004948 0.002569 
-0.007240 -0.001039 -0.006565 -0.003224 
-0.003459 -0.004380 -0.002605 -0.004936 
-0.001788 0.001933 -0.001865 0.001859 
0.004204 -0.003359 0.004712 -0.002599 
0.004233 -0.003535 0.004793 -0.002727 
-0.003462 -0.004293 -0.002644 -0.004840 
0.001652 0.001457 0.001610 0.001503 
0.005403 -0.000027 0.005328 0.000895 
-0.003426 -0.004332 -0.002599 -0.004873 
-0.007403 -0.001042 -0.006673 -0.003372 
-0.002015 -0.001757 -0.001940 -0.001840 
0.003289 0.004303 0.002503 0.004803 
-0.004434 0.003512 -0.005012 0.002622 
-0.000102 -0.005467 0.000854 -0.005401 
0.004267 -0.003365 0.004783 -0.002579 
-0.001657 0.001743 -0.001715 0.001686 
-0.004430 0.003414 -0.004979 0.002548 
0.003337 0.004323 0.002533 0.004838 
-0.001130 0.007200 -0.003285 0.006506 
-0.001651 0.001781 -0.001712 0.001723 
0.001134 -0.007300 0.003375 -0.006571 
-0.001931 -0.001663 -0.001866 -0.001736 
0.007222 0.001075 0.006540 0.003246 
-0.005612 0.000378 -0.005586 -0.000665 
-0.005473 0.000187 -0.005421 -0.000775 
-0.001675 0.001769 -0.001735 0.001709 
-0.002006 -0.001632 -0.001940 -0.001709 
0.005325 -0.000085 0.005266 0.000799 
0.001765 0.001559 0.001713 0.001615 
0.001072 -0.007295 0.003307 -0.006591 
-0.001891 0.001723 -0.001955 0.001649 
-0.005468 0.000226 -0.005423 -0.000733 
0.001718 0.001528 0.001669 0.001581 
0.001505 -0.001967 0.001575 -0.001911 
0.007181 0.001071 0.006514 0.003207 
0.001785 0.001492 0.001736 0.001548 
0.003363 0.004224 0.002594 0.004736 
0.000051 0.005346 -0.000842 0.005279 
-0.003506 -0.004202 -0.002716 -0.004751 
-0.001810 0.001698 -0.001870 0.001632 
-0.005482 0.000392 -0.005466 -0.000582 
-0.000032 0.005346 -0.000924 0.005266 
0.007143 0.001275 0.006417 0.003388 
0.001754 0.001532 0.001705 0.001587 
0.001167 -0.007278 0.003390 -0.006545 
-0.001648 0.001743 -0.001706 0.001686 
0.003330 0.004236 0.002563 0.004739 
0.005392 -0.000214 0.005350 0.000707 
-0.001046 0.007198 -0.003196 0.006534 
0.001088 -0.007423 0.003438 -0.006669 
0.001430 -0.001892 0.001492 -0.001844 
0.001737 0.001623 0.001682 0.001680 
0.001350 -0.002007 0.001418 -0.001960 
-0.001959 -0.001530 -0.001902 -0.001600 
-0.007130 -0.001061 -0.006482 -0.003154 
0.004165 -0.003393 0.004677 -0.002642 
-0.005576 0.000215 -0.005522 -0.000802 
0.001393 -0.001892 0.001454 -0.001846 
0.004257 -0.003402 0.004783 -0.002612 
-0.001861 -0.001702 -0.001796 -0.001771 
0.004216 -0.003380 0.004731 -0.002611 
0.001774 0.001602 0.001719 0.001660 
-0.005567 0.000313 -0.005531 -0.000703 
0.001096 -0.007166 0.003221 -0.006495 
-0.000000 0.005276 -0.000859 0.005205 
0.001128 -0.007205 0.003287 -0.006510 
-0.004137 0.003489 -0.004672 0.002730 
0.005259 0.000114 0.005172 0.000963 
-0.004355 0.003523 -0.004927 0.002665 
-0.005673 0.000331 -0.005633 -0.000744 
-0.003427 -0.004316 -0.002607 -0.004855 
0.003463 0.004197 0.002685 0.004732 
-0.001800 0.001797 -0.001867 0.001727 
0.003114 0.004154 0.002420 0.004593 
-0.003451 -0.004391 -0.002594 -0.004946 
0.000049 0.005335 -0.000840 0.005269 
-0.001932 -0.001587 -0.001872 -0.001656 
0.003322 0.004064 0.002624 0.004546 
0.005333 -0.000184 0.005289 0.000706 
0.005307 -0.000058 0.005245 0.000817 
-0.000021 0.005334 -0.000907 0.005256 
-0.001122 0.007258 -0.003326 0.006548 
-0.005543 0.000212 -0.005491 -0.000787 
0.007142 0.001193 0.006445 0.003301 
0.007331 0.001049 0.006623 0.003315 
-0.005608 0.000398 -0.005586 -0.000644 
-0.000382 -0.005542 0.000623 -0.005520 
0.005365 -0.000146 0.005313 0.000759 
0.005435 -0.000128 0.005375 0.000812 
-0.001769 0.001850 -0.001838 0.001780 
0.001750 0.001504 0.001702 0.001558 
-0.000207 -0.005399 0.000717 -0.005355 
0.001113 -0.007212 0.003277 -0.006520 
-0.007147 -0.001181 -0.006452 -0.003293 
-0.000298 -0.005526 0.000695 -0.005490 
0.001800 0.001622 0.001743 0.001683 
-0.000026 0.005324 -0.000908 0.005246 
0.004287 -0.003414 0.004819 -0.002609 
-0.005643 0.000236 -0.005588 -0.000819 
0.003136 0.004233 0.002407 0.004686 
-0.000314 -0.005637 0.000739 -0.005597 
-0.001569 0.001719 -0.001623 0.001669 
0.004291 -0.003395 0.004819 -0.002592 
-0.003362 -0.004273 -0.002573 -0.004790 
-0.001705 0.001630 -0.001757 0.001574 
0.000131 0.005505 -0.000846 0.005441 
-0.004222 0.003593 -0.004798 0.002777 
-0.003424 -0.004330 -0.002599 -0.004870 
-0.001965 -0.001702 -0.001896 -0.001778 
-0.001978 -0.001691 -0.001909 -0.001768 
0.004253 -0.003360 0.004766 -0.002581 
0.003494 0.004199 0.002709 0.004743 
-0.001033 0.007261 -0.003237 0.006581 
0.005411 -0.000077 0.005345 0.000850 
0.007194 0.001143 0.006497 0.003293 
-0.000043 0.005323 -0.000924 0.005243 
0.001742 0.001563 0.001690 0.001619 
-0.001063 0.007339 -0.003336 0.006622 
0.001159 -0.007240 0.003350 -0.006523 
-0.001199 0.007167 -0.003328 0.006460 
0.000005 0.005247 -0.000839 0.005180 
0.001452 -0.001959 0.001520 -0.001907 
0.003402 0.004283 0.002601 0.004812 
-0.001098 0.007301 -0.003339 0.006585 
0.007382 0.000949 0.006692 0.003257 
0.007201 0.001117 0.006511 0.003272 
0.001511 -0.002008 0.001584 -0.001951 
-0.007176 -0.001185 -0.006471 -0.003322 
0.001710 0.001548 0.001660 0.001600 
0.004339 -0.003307 0.004848 -0.002503 
0.003353 0.004193 0.002599 0.004698 
-0.002064 -0.001683 -0.001992 -0.001768 
-0.004355 0.003446 -0.004904 0.002606 
0.001159 -0.007185 0.003302 -0.006486 
0.003349 0.004229 0.002582 0.004736 
0.001458 -0.001873 0.001519 -0.001824 
0.001027 -0.007370 0.003327 -0.006656 
-0.003494 -0.004325 -0.002656 -0.004885 
-0.004384 0.003511 -0.004955 0.002643 
0.001487 -0.001935 0.001554 -0.001882 
0.001881 0.001511 0.001829 0.001574 
-0.005488 0.000236 -0.005443 -0.000735 
0.005448 -0.000135 0.005388 0.000812 
-0.003484 -0.004356 -0.002635 -0.004916 
0.004256 -0.003300 0.004754 -0.002531 
0.004110 -0.003330 0.004600 -0.002613 
0.000060 0.005603 -0.000968 0.005519 
-0.001879 -0.001675 -0.001815 -0.001743 
-0.004272 0.003521 -0.004834 0.002700 
-0.007184 -0.001150 -0.006489 -0.003291 
0.001450 -0.001853 0.001509 -0.001805 
0.001829 0.001533 0.001777 0.001593 
0.005367 -0.000018 0.005293 0.000885 
0.005427 -0.000183 0.005378 0.000754 
-0.004394 0.003430 -0.004944 0.002576 
0.001657 0.001445 0.001615 0.001491 
-0.002148 -0.001654 -0.002075 -0.001746 
0.005302 -0.000135 0.005252 0.000738 
0.000003 0.005445 -0.000940 0.005363 
-0.005592 0.000371 -0.005565 -0.000661 
-0.007261 -0.001050 -0.006575 -0.003254 
-0.000276 -0.005496 0.000700 -0.005458 
0.001315 -0.007386 0.003641 -0.006560 
0.005347 -0.000003 0.005272 0.000890 
-0.007311 -0.001091 -0.006594 -0.003340 
0.000137 0.005459 -0.000816 0.005399 
0.001106 -0.007176 0.003239 -0.006498 
0.003444 0.004314 0.002622 0.004858 
0.001788 0.001652 0.001729 0.001713 
0.004282 -0.003420 0.004815 -0.002616 
-0.007235 -0.001237 -0.006491 -0.003426 
0.001437 -0.002069 0.001513 -0.002014 
0.001428 -0.001969 0.001496 -0.001919 
-0.007234 -0.001220 -0.006497 -0.003407 
0.007215 0.001159 0.006506 0.003327 
0.005433 0.000062 0.005341 0.000998 
-0.000310 -0.005493 0.000666 -0.005462 
0.003399 0.004119 0.002665 0.004628 
-0.001549 0.001695 -0.001601 0.001646 
0.000896 -0.007408 0.003228 -0.006728 
-0.000243 -0.005592 0.000783 -0.005542 
-0.004372 0.003585 -0.004964 0.002706 
0.001601 -0.001975 0.001675 -0.001913 
-0.007336 -0.001033 -0.006631 -0.003303 
0.003441 0.004190 0.002671 0.004719 
0.005494 -0.000192 0.005442 0.000781 
-0.000207 -0.005569 0.000806 -0.005514 
-0.007237 -0.001220 -0.006499 -0.003411 
-0.007278 -0.001129 -0.006559 -0.003351 
-0.001901 -0.001788 -0.001828 -0.001863 
-0.007415 -0.001031 -0.006684 -0.003371 
0.001711 0.001510 0.001664 0.001561 
0.001638 -0.001848 0.001703 -0.001788 
-0.001821 0.001824 -0.001891 0.001751 
-0.005624 0.000104 -0.005547 -0.000937 
-0.005544 0.000111 -0.005474 -0.000886 
0.000144 0.005444 -0.000801 0.005387 
-0.000003 0.005307 -0.000876 0.005234 
0.001538 -0.001911 0.001605 -0.001855 
-0.001631 0.001793 -0.001692 0.001736 
-0.007437 -0.000922 -0.006738 -0.003280 
0.000148 0.005338 -0.000743 0.005288 
0.001435 -0.001991 0.001505 -0.001939 
-0.005527 0.000172 -0.005469 -0.000817 
0.001070 -0.007321 0.003327 -0.006609 
0.003378 0.004173 0.002627 0.004682 
-0.001968 -0.001555 -0.001909 -0.001627 
-0.001108 0.007383 -0.003423 0.006635 
0.001703 0.001684 0.001645 0.001741 
0.001540 -0.001879 0.001605 -0.001824 
0.001639 0.001506 0.001594 0.001553 
0.007164 0.001218 0.006451 0.003346 
0.005366 0.000049 0.005282 0.000951 
0.001515 -0.001982 0.001587 -0.001925 
0.000157 0.005411 -0.000771 0.005358 
0.003296 0.004245 0.002533 0.004741 
0.000107 0.005380 -0.000805 0.005320 
