0.003061 -0.016678 0.005843 -0.015918 
-0.008019 0.009510 -0.008856 0.008736 
0.008098 -0.022593 0.015191 -0.018582 
0.002211 -0.018323 0.005838 -0.017508 
-0.014992 -0.002892 -0.014451 -0.004928 
-0.008484 -0.009651 -0.007501 -0.010433 
0.008686 0.012506 0.006892 0.013578 
0.007929 0.002664 0.007812 0.002990 
0.001717 -0.017033 0.004633 -0.016481 
0.011181 -0.016088 0.014519 -0.013154 
0.017411 -0.000199 0.017167 0.002914 
0.015025 -0.006720 0.015906 -0.004233 
0.011427 0.001469 0.011276 0.002362 
-0.004240 0.007893 -0.004610 0.007683 
0.008793 0.009311 0.007849 0.010120 
-0.005962 -0.010821 -0.004961 -0.011315 
0.015592 0.003327 0.014916 0.005627 
0.010672 0.013152 0.008294 0.014768 
0.016964 0.002558 0.016263 0.005461 
0.013540 0.007641 0.012311 0.009494 
-0.011644 0.005692 -0.012152 0.004507 
-0.005476 -0.011835 -0.004258 -0.012325 
0.012807 -0.006290 0.013470 -0.004704 
0.006793 -0.000932 0.006816 -0.000743 
-0.015083 -0.003349 -0.014461 -0.005441 
0.013745 0.008983 0.012142 0.011055 
-0.007324 0.005020 -0.007551 0.004673 
-0.014651 0.011619 -0.016727 0.008358 
-0.003573 0.015053 -0.005665 0.014397 
0.008545 -0.010759 0.009692 -0.009738 
-0.012700 0.001868 -0.012822 0.000622 
0.014105 -0.003334 0.014410 -0.001558 
-0.011728 -0.012751 -0.009289 -0.014624 
-0.012382 -0.002828 -0.012056 -0.003997 
-0.000204 -0.015713 0.002088 -0.015575 
-0.003801 -0.003495 -0.003745 -0.003554 
0.006328 -0.013989 0.008213 -0.012972 
-0.006403 0.005741 -0.006648 0.005455 
-0.010001 0.016065 -0.013158 0.013600 
-0.015721 0.004051 -0.016160 0.001557 
0.009566 0.007845 0.008816 0.008679 
-0.023208 -0.008286 -0.018806 -0.015925 
-0.015829 -0.001823 -0.015377 -0.004174 
0.012031 0.010924 0.010182 0.012665 
0.012194 -0.004885 0.012629 -0.003615 
0.010750 0.008572 0.009725 0.009719 
0.003061 -0.015369 0.005257 -0.014763 
0.011426 -0.007780 0.012232 -0.006440 
-0.004797 -0.002491 -0.004753 -0.002574 
0.007288 0.005320 0.007023 0.005665 
0.013021 0.000604 0.012894 0.001909 
-0.010679 0.012839 -0.012644 0.010908 
0.016071 0.006036 0.014778 0.008736 
0.000827 -0.007388 0.001069 -0.007357 
-0.010183 0.010368 -0.011397 0.009017 
0.014344 0.003432 0.013784 0.005246 
0.013922 0.010559 0.011796 0.012890 
0.008969 -0.021549 0.015340 -0.017592 
0.008485 -0.014335 0.010716 -0.012754 
0.006143 0.000301 0.006135 0.000438 
-0.014803 -0.011096 -0.012266 -0.013850 
0.005146 -0.004630 0.005275 -0.004482 
0.015821 0.003105 0.015158 0.005494 
0.005532 0.012033 0.004254 0.012542 
-0.011206 0.009132 -0.012248 0.007679 
0.008075 0.004703 0.007821 0.005114 
0.008180 -0.009973 0.009122 -0.009120 
-0.004343 0.014529 -0.006275 0.013804 
0.009829 -0.013610 0.011954 -0.011787 
0.003316 0.004657 0.003225 0.004720 
-0.004344 0.008913 -0.004856 0.008645 
0.021893 0.003667 0.019912 0.009811 
0.009122 -0.012729 0.010868 -0.011274 
0.003978 0.004047 0.003901 0.004122 
-0.001410 0.006537 -0.001582 0.006497 
0.008015 -0.013909 0.010037 -0.012529 
-0.005370 0.007031 -0.005690 0.006775 
-0.002832 0.015280 -0.004981 0.014721 
-0.003965 0.006670 -0.004201 0.006525 
0.005406 0.001914 0.005367 0.002019 
-0.005328 -0.011216 -0.004283 -0.011655 
0.005346 0.006693 0.005050 0.006919 
0.007787 0.012729 0.006046 0.013642 
0.004611 0.002176 0.004576 0.002247 
-0.012219 -0.000338 -0.012141 -0.001416 
0.012043 -0.005680 0.012572 -0.004386 
0.009322 0.003370 0.009111 0.003907 
0.008421 -0.022170 0.015208 -0.018197 
0.004032 -0.020851 0.009393 -0.019047 
-0.008875 -0.010547 -0.007635 -0.011477 
-0.004712 0.008380 -0.005163 0.008110 
0.005196 0.012396 0.003843 0.012880 
-0.002100 0.004168 -0.002154 0.004141 
-0.001908 -0.014467 -0.000072 -0.014593 
-0.010781 0.005322 -0.011196 0.004381 
0.004839 -0.003995 0.004930 -0.003881 
0.005409 0.002872 0.005344 0.002991 
0.004529 -0.005317 0.004680 -0.005184 
0.006093 0.003804 0.005974 0.003989 
0.005323 -0.006229 0.005567 -0.006012 
0.004458 -0.017656 0.007818 -0.016447 
-0.014958 -0.002957 -0.014410 -0.004982 
-0.006680 -0.010043 -0.005791 -0.010580 
0.004183 0.000852 0.004174 0.000898 
-0.012389 0.000140 -0.012351 -0.000985 
0.006477 -0.013618 0.008247 -0.012624 
-0.001631 0.017846 -0.004976 0.017216 
-0.003793 0.013075 -0.005202 0.012581 
-0.015305 -0.002394 -0.014811 -0.004538 
-0.005693 -0.006025 -0.005443 -0.006251 
-0.008748 -0.002632 -0.008607 -0.003061 
-0.001027 0.012334 -0.002140 0.012190 
-0.007260 -0.014815 -0.004787 -0.015788 
-0.003286 -0.016798 -0.000336 -0.017113 
-0.014485 0.003423 -0.014808 0.001498 
0.011398 0.014294 0.008364 0.016256 
0.013681 0.009006 0.012083 0.011057 
-0.003252 0.009949 -0.003890 0.009717 
0.016745 0.006707 0.015150 0.009790 
0.003885 -0.008753 0.004354 -0.008529 
-0.007281 -0.011155 -0.006071 -0.011857 
-0.005286 0.005243 -0.005455 0.005067 
-0.005955 0.005883 -0.006194 0.005631 
-0.005116 0.007774 -0.005508 0.007502 
0.011214 0.014114 0.008307 0.015999 
0.013024 0.006312 0.012143 0.007875 
-0.012242 -0.003066 -0.011899 -0.004205 
0.000973 -0.007991 0.001279 -0.007947 
-0.012949 0.000646 -0.012949 -0.000644 
0.007334 0.005283 0.007070 0.005631 
0.011826 -0.000327 0.011813 0.000653 
-0.009018 0.009572 -0.009949 0.008600 
0.009930 -0.013367 0.011981 -0.011564 
0.004071 0.001172 0.004058 0.001216 
-0.014019 -0.002600 -0.013605 -0.004265 
-0.000578 -0.018210 0.002990 -0.017972 
-0.011617 -0.013923 -0.008703 -0.015908 
-0.014586 0.005423 -0.015212 0.003282 
0.018991 0.010700 0.015272 0.015553 
0.012095 0.012491 0.009677 0.014446 
0.011809 -0.001533 0.011896 -0.000537 
-0.013091 -0.002157 -0.012795 -0.003508 
0.003653 -0.015529 0.005943 -0.014805 
0.008452 -0.008674 0.009172 -0.007908 
-0.014401 0.007426 -0.015378 0.005106 
-0.015435 -0.002366 -0.014934 -0.004563 
-0.009872 -0.008581 -0.008954 -0.009536 
0.012633 0.009047 0.011215 0.010755 
-0.010234 0.005356 -0.010625 0.004532 
0.002120 -0.004590 0.002189 -0.004557 
-0.005211 0.004252 -0.005323 0.004111 
-0.005858 0.006310 -0.006130 0.006047 
-0.011630 0.008214 -0.012530 0.006762 
0.003525 0.003387 0.003476 0.003437 
-0.014975 0.007629 -0.016036 0.005029 
-0.014794 -0.002153 -0.014380 -0.004087 
-0.008107 -0.005294 -0.007801 -0.005736 
-0.010567 0.007220 -0.011217 0.006163 
-0.003014 -0.018538 0.000896 -0.018760 
-0.016915 -0.009134 -0.014528 -0.012589 
-0.004905 -0.001283 -0.004885 -0.001357 
0.018657 -0.002282 0.018724 0.001643 
0.006761 -0.021351 0.012715 -0.018437 
-0.012496 -0.014651 -0.009004 -0.017021 
-0.020547 -0.005009 -0.018519 -0.010214 
-0.009810 0.009114 -0.010721 0.008023 
0.009011 0.003482 0.008805 0.003974 
0.006920 -0.012189 0.008289 -0.011303 
-0.000317 0.012639 -0.001511 0.012553 
0.005830 -0.005668 0.006048 -0.005436 
0.011482 -0.011941 0.013263 -0.009926 
-0.006148 -0.010367 -0.005234 -0.010857 
0.018002 -0.003025 0.018245 0.000564 
0.008818 -0.016292 0.011925 -0.014176 
-0.001234 -0.008003 -0.000923 -0.008045 
-0.007637 0.016316 -0.010614 0.014556 
-0.022024 -0.008227 -0.018208 -0.014873 
-0.022439 -0.001724 -0.020928 -0.008278 
-0.010283 0.015289 -0.013130 0.012927 
-0.018310 -0.001281 -0.017693 -0.004885 
-0.014323 0.007212 -0.015252 0.004955 
0.022996 0.003303 0.020793 0.010362 
0.009002 -0.016027 0.012009 -0.013917 
0.019745 -0.003911 0.020109 0.000894 
0.002466 -0.018833 0.006404 -0.017882 
-0.011001 0.000322 -0.010996 -0.000467 
0.012045 -0.007821 0.012908 -0.006295 
0.020898 0.005120 0.018731 0.010587 
0.014768 -0.012699 0.017227 -0.009089 
0.006280 -0.013097 0.007863 -0.012213 
-0.005640 0.008279 -0.006122 0.007929 
0.000921 0.012317 -0.000194 0.012350 
0.000048 -0.012475 0.001197 -0.012418 
-0.004536 0.003558 -0.004605 0.003468 
-0.004669 -0.005059 -0.004525 -0.005188 
-0.002576 -0.019131 0.001674 -0.019231 
-0.015042 -0.003187 -0.014450 -0.005256 
0.005812 0.011658 0.004613 0.012182 
-0.013715 0.012142 -0.015842 0.009195 
0.003509 0.015986 0.000939 0.016339 
0.011879 -0.000017 0.011839 0.000975 
-0.002977 0.016131 -0.005499 0.015454 
0.014461 -0.012510 0.016812 -0.009110 
0.005413 -0.014739 0.007500 -0.013795 
-0.003579 0.003028 -0.003619 0.002981 
-0.013183 -0.005958 -0.012345 -0.007543 
0.010983 -0.000915 0.011020 -0.000123 
-0.013854 0.003154 -0.014131 0.001479 
0.004627 0.012669 0.003237 0.013094 
-0.005628 0.005336 -0.005815 0.005132 
-0.002714 0.008041 -0.003054 0.007918 
0.013121 0.001181 0.012931 0.002521 
-0.010306 0.013940 -0.012612 0.011895 
-0.003982 -0.006217 -0.003779 -0.006342 
0.001153 -0.018189 0.004686 -0.017612 
-0.000222 -0.012887 0.001045 -0.012847 
0.002552 0.015275 0.000363 0.015483 
0.012984 -0.000107 0.012930 0.001189 
-0.007880 -0.005556 -0.007562 -0.005982 
-0.014935 0.004269 -0.015391 0.002098 
0.013430 0.008791 0.011937 0.010730 
-0.012481 0.006325 -0.013129 0.004839 
-0.013791 -0.009668 -0.011980 -0.011838 
-0.009403 0.013062 -0.011289 0.011471 
-0.008372 -0.005031 -0.008075 -0.005496 
-0.013449 -0.002835 -0.013048 -0.004319 
0.000520 -0.012934 0.001799 -0.012819 
-0.006502 0.003998 -0.006636 0.003771 
-0.013383 -0.000377 -0.013268 -0.001793 
0.005833 0.001370 0.005802 0.001494 
-0.005266 -0.014316 -0.003249 -0.014904 
0.004334 -0.003833 0.004409 -0.003746 
0.007131 0.013264 0.005290 0.014100 
0.004404 0.002864 0.004357 0.002936 
-0.008388 -0.005012 -0.008092 -0.005479 
-0.015348 -0.002402 -0.014850 -0.004564 
-0.005676 -0.005888 -0.005439 -0.006108 
-0.013993 -0.010751 -0.011784 -0.013135 
-0.009326 0.015114 -0.011971 0.013119 
-0.013766 -0.009000 -0.012154 -0.011080 
0.000102 -0.007338 0.000336 -0.007331 
-0.010687 0.012742 -0.012622 0.010829 
0.013959 0.009765 0.012083 0.012009 
-0.003615 0.006357 -0.003814 0.006240 
0.006365 0.005753 0.006108 0.006025 
0.012480 0.007709 0.011399 0.009233 
-0.015553 -0.000704 -0.015293 -0.002922 
-0.002119 0.004316 -0.002178 0.004286 
0.002300 -0.015233 0.004411 -0.014760 
0.002298 -0.005263 0.002400 -0.005217 
0.002252 0.016747 -0.000599 0.016887 
0.016749 0.001529 0.016260 0.004301 
0.016342 0.002606 0.015706 0.005211 
-0.011892 -0.015207 -0.008274 -0.017442 
-0.017866 -0.002973 -0.016955 -0.006367 
0.000013 0.017672 -0.003237 0.017373 
0.007274 0.013829 0.005205 0.014732 
0.002593 0.018175 -0.001063 0.018328 
0.016105 0.006050 0.014803 0.008766 
0.004172 -0.003736 0.004240 -0.003657 
0.013933 -0.005356 0.014517 -0.003476 
-0.014105 -0.008147 -0.012656 -0.010254 
0.010517 -0.011710 0.012116 -0.010046 
-0.007788 -0.013876 -0.005627 -0.014884 
0.003124 -0.013150 0.004526 -0.012736 
0.011964 0.001981 0.011747 0.003014 
-0.005643 0.007729 -0.006054 0.007412 
0.001535 0.016264 -0.001044 0.016303 
0.014654 0.000338 0.014493 0.002195 
0.005176 -0.007096 0.005495 -0.006852 
-0.000468 -0.018798 0.003450 -0.018484 
-0.013864 -0.010307 -0.011836 -0.012584 
-0.002655 0.022247 -0.009056 0.020493 
0.015420 0.002567 0.014889 0.004764 
-0.007513 -0.008301 -0.006877 -0.008835 
0.006047 0.012497 0.004584 0.013104 
-0.003188 0.004764 -0.003280 0.004702 
0.005047 -0.006606 0.005313 -0.006394 
0.004180 -0.017802 0.007601 -0.016631 
-0.015322 -0.000104 -0.015159 -0.002227 
-0.004796 0.007867 -0.005185 0.007616 
0.013604 0.010982 0.011404 0.013252 
0.009577 -0.018644 0.014051 -0.015553 
0.014540 -0.011540 0.016578 -0.008353 
0.008144 -0.015543 0.010828 -0.013808 
0.021670 0.005835 0.018998 0.011946 
0.011777 -0.001916 0.011897 -0.000918 
-0.007877 0.010324 -0.008867 0.009487 
0.008239 -0.015606 0.010962 -0.013830 
0.012664 0.008559 0.011362 0.010224 
-0.010839 0.011780 -0.012496 0.010006 
0.008359 0.009993 0.007314 0.010781 
0.005437 -0.006255 0.005686 -0.006028 
0.004775 -0.004699 0.004898 -0.004571 
0.013959 -0.002373 0.014142 -0.000702 
-0.009789 -0.009454 -0.008695 -0.010469 
0.000311 0.017663 -0.002941 0.017419 
0.006197 0.009776 0.005402 0.010236 
-0.016896 0.000423 -0.016726 -0.002428 
-0.015469 0.012034 -0.017785 0.008235 
-0.007792 0.012754 -0.009407 0.011615 
-0.010732 -0.008834 -0.009653 -0.010002 
0.003166 0.013489 0.001615 0.013761 
0.013236 -0.012120 0.015294 -0.009390 
-0.000122 -0.018265 0.003466 -0.017933 
-0.008350 -0.010686 -0.007139 -0.011531 
-0.005780 0.004675 -0.005930 0.004483 
-0.014887 0.011855 -0.017069 0.008415 
-0.002911 0.015734 -0.005255 0.015114 
0.014374 -0.008573 0.015593 -0.006081 
0.008174 -0.008509 0.008847 -0.007807 
-0.010690 0.008067 -0.011485 0.006888 
0.005638 0.005739 0.005414 0.005950 
0.020094 0.005579 0.018010 0.010514 
0.009665 -0.005814 0.010076 -0.005070 
0.003195 0.014801 0.001162 0.015098 
0.011804 -0.007400 0.012575 -0.005997 
0.015512 0.002268 0.015019 0.004495 
-0.014366 -0.009194 -0.012577 -0.011521 
0.002286 -0.003999 0.002336 -0.003970 
0.018943 0.011162 0.015019 0.016058 
0.005509 0.010147 0.004691 0.010550 
-0.005427 -0.002936 -0.005359 -0.003058 
0.004661 0.004998 0.004521 0.005125 
0.004764 0.004903 0.004627 0.005033 
0.012870 0.010608 0.010956 0.012575 
0.002983 -0.016984 0.005912 -0.016199 
-0.015533 -0.003086 -0.014905 -0.005351 
-0.012596 -0.012830 -0.009924 -0.014992 
-0.013315 -0.002966 -0.012908 -0.004413 
0.002219 -0.013213 0.003609 -0.012903 
0.016783 0.002167 0.016177 0.004969 
0.016176 0.001300 0.015777 0.003797 
0.016504 0.006283 0.015069 0.009207 
0.003080 -0.003330 0.003120 -0.003292 
0.005643 0.012707 0.004155 0.013268 
-0.001643 0.006175 -0.001792 0.006134 
0.011621 -0.006589 0.012251 -0.005326 
0.007605 0.011859 0.006161 0.012670 
-0.009224 0.016185 -0.012333 0.013962 
-0.021310 -0.005529 -0.018872 -0.011337 
-0.007716 0.008473 -0.008351 0.007848 
0.011169 -0.012886 0.013212 -0.010781 
-0.011090 -0.009299 -0.009854 -0.010600 
-0.002832 0.017391 -0.005964 0.016580 
0.004642 0.014439 0.002638 0.014936 
0.005229 -0.021183 0.010917 -0.018891 
-0.012753 -0.011356 -0.010611 -0.013379 
-0.011710 0.012912 -0.013832 0.010608 
0.013784 0.011042 0.011521 0.013386 
0.008103 -0.021082 0.014010 -0.017716 
-0.003475 -0.011787 -0.002409 -0.012050 
0.004113 0.014367 0.002182 0.014784 
0.006225 -0.014417 0.008257 -0.013357 
-0.003620 0.003155 -0.003662 0.003105 
-0.018506 -0.010290 -0.015156 -0.014786 
-0.013083 -0.011849 -0.010687 -0.014049 
-0.010141 0.014817 -0.012769 0.012623 
0.015076 0.008625 0.013303 0.011168 
-0.010583 0.019514 -0.015751 0.015644 
-0.007507 0.011957 -0.008863 0.010989 
0.019588 -0.001976 0.019523 0.002533 
0.007382 -0.015294 0.009874 -0.013816 
0.022700 0.008462 0.018459 0.015690 
0.022998 0.007635 0.019019 0.015017 
0.016433 0.000725 0.016107 0.003338 
-0.015020 -0.001632 -0.014663 -0.003642 
0.013946 0.005619 0.013071 0.007430 
-0.005645 -0.000694 -0.005630 -0.000802 
0.016136 0.007185 0.014541 0.010027 
0.002961 -0.006649 0.003168 -0.006553 
-0.007734 -0.006106 -0.007371 -0.006540 
-0.012605 0.000242 -0.012572 -0.000944 
0.013706 0.002321 0.013351 0.003871 
0.007140 0.005151 0.006896 0.005473 
0.011972 0.001047 0.011838 0.002066 
-0.006822 0.017188 -0.010140 0.015464 
0.005978 0.000653 0.005962 0.000780 
-0.008330 -0.015033 -0.005586 -0.016253 
0.000165 -0.011662 0.001103 -0.011611 
0.010347 0.008848 0.009316 0.009928 
0.001410 -0.011671 0.002360 -0.011517 
0.009191 0.014687 0.006449 0.016081 
0.012537 0.014569 0.009076 0.016943 
0.015473 0.007481 0.013935 0.010060 
-0.002387 0.022104 -0.008665 0.020475 
0.015216 0.010458 0.012810 0.013298 
0.001301 0.018452 -0.002439 0.018336 
0.006889 0.013322 0.005058 0.014119 
-0.006041 0.016158 -0.008781 0.014848 
0.006152 0.002776 0.006075 0.002941 
0.004525 -0.004394 0.004627 -0.004286 
0.004104 0.002766 0.004064 0.002825 
-0.004519 -0.003918 -0.004435 -0.004012 
0.009483 -0.008669 0.010284 -0.007702 
-0.011992 -0.002627 -0.011711 -0.003685 
0.003603 -0.004195 0.003678 -0.004130 
0.006203 0.012506 0.004721 0.013137 
-0.013138 0.007486 -0.014028 0.005644 
-0.003197 0.004215 -0.003267 0.004162 
0.004797 -0.004670 0.004920 -0.004541 
0.012636 -0.001784 0.012749 -0.000559 
-0.014449 0.004290 -0.014894 0.002313 
0.018635 0.010602 0.015098 0.015223 
0.012845 0.012234 0.010355 0.014402 
0.014070 -0.005187 0.014634 -0.003272 
-0.017064 -0.004036 -0.016051 -0.007060 
0.000252 0.017047 -0.002672 0.016839 
0.005597 0.013369 0.003895 0.013960 
-0.004600 0.006613 -0.004851 0.006431 
0.007587 0.004198 0.007393 0.004531 
0.014178 -0.008922 0.015459 -0.006454 
0.009816 -0.006094 0.010267 -0.005300 
0.000592 0.017972 -0.002840 0.017756 
0.007402 0.011940 0.005959 0.012722 
-0.001654 0.021191 -0.007199 0.020000 
0.019944 0.007475 0.017244 0.012502 
0.014153 -0.000220 0.014079 0.001457 
0.002105 -0.005077 0.002195 -0.005039 
-0.006084 0.004551 -0.006236 0.004340 
-0.012280 0.007797 -0.013158 0.006201 
-0.016738 -0.002773 -0.016024 -0.005573 
0.020473 0.005097 0.018437 0.010257 
0.014399 -0.006954 0.015283 -0.004702 
0.012602 0.002205 0.012330 0.003414 
0.001788 0.012052 0.000723 0.012163 
-0.003469 -0.016519 -0.000645 -0.016867 
-0.012460 0.001055 -0.012504 -0.000102 
0.010548 -0.018167 0.014884 -0.014824 
0.009256 -0.006422 0.009712 -0.005709 
0.004490 0.013810 0.002735 0.014262 
0.003959 -0.015129 0.006102 -0.014399 
-0.010961 0.009506 -0.012058 0.008069 
0.005160 0.005697 0.004957 0.005874 
0.016209 0.010606 0.013472 0.013918 
0.003013 0.018663 -0.000976 0.018879 
0.014987 0.001728 0.014619 0.003726 
-0.013125 -0.005547 -0.012365 -0.007082 
0.005855 0.006214 0.005582 0.006461 
0.011888 0.014734 0.008517 0.016908 
0.022093 0.008417 0.018157 0.015142 
0.013441 0.007084 0.012350 0.008850 
-0.013016 0.004183 -0.013398 0.002719 
-0.006161 -0.010873 -0.005130 -0.011395 
0.005415 0.003427 0.005330 0.003558 
0.002987 -0.006518 0.003184 -0.006424 
-0.005040 -0.003568 -0.004959 -0.003681 
0.006256 0.001530 0.006216 0.001683 
-0.010383 -0.013329 -0.007992 -0.014886 
-0.015059 -0.002917 -0.014507 -0.004980 
-0.004722 -0.002579 -0.004677 -0.002659 
0.007102 0.005036 0.006869 0.005350 
0.014750 -0.001794 0.014858 0.000145 
-0.005629 -0.012709 -0.004142 -0.013268 
0.008592 -0.009784 0.009530 -0.008873 
-0.015111 -0.003578 -0.014448 -0.005693 
-0.003709 -0.002127 -0.003686 -0.002167 
0.015032 0.001453 0.014699 0.003465 
0.004537 -0.006028 0.004737 -0.005871 
0.002496 -0.008151 0.002844 -0.008036 
-0.013401 -0.001651 -0.013145 -0.003085 
0.009695 -0.017150 0.013348 -0.014490 
0.002656 -0.007076 0.002894 -0.006982 
-0.004114 -0.005136 -0.003981 -0.005240 
0.004128 -0.005015 0.004252 -0.004910 
0.008442 0.003953 0.008228 0.004382 
0.005467 -0.020666 0.010794 -0.018452 
-0.009147 -0.007674 -0.008467 -0.008418 
0.013517 0.005472 0.012723 0.007126 
-0.015514 0.004597 -0.016038 0.002146 
0.013092 0.010828 0.011059 0.012898 
0.007867 -0.020476 0.013307 -0.017438 
0.003077 -0.015129 0.005175 -0.014546 
0.010169 -0.008197 0.010944 -0.007129 
-0.006584 -0.006581 -0.006238 -0.006910 
-0.015002 -0.003329 -0.014391 -0.005388 
0.011730 0.012852 0.009249 0.014739 
0.016658 -0.002875 0.016905 -0.000028 
0.001247 -0.017301 0.004294 -0.016806 
0.006681 -0.012365 0.008079 -0.011500 
0.000377 0.012625 -0.000816 0.012604 
0.005077 -0.007173 0.005400 -0.006933 
0.001419 -0.017255 0.004444 -0.016733 
-0.000776 -0.012719 0.000449 -0.012734 
0.020691 0.004895 0.018659 0.010195 
0.015288 -0.012029 0.017579 -0.008330 
0.004905 -0.013467 0.006503 -0.012772 
-0.000266 0.010997 -0.001053 0.010950 
-0.013486 -0.009178 -0.011878 -0.011181 
0.009388 -0.004785 0.009682 -0.004158 
-0.002973 0.014492 -0.004822 0.013986 
-0.006541 0.005694 -0.006788 0.005397 
-0.011290 0.008282 -0.012174 0.006918 
0.002690 0.002659 0.002668 0.002682 
-0.011138 0.012177 -0.012949 0.010230 
0.018545 0.009739 0.015420 0.014178 
0.009865 0.014367 0.007135 0.015901 
0.011681 0.014738 0.008361 0.016845 
0.015715 0.010023 0.013336 0.013022 
0.000402 0.017603 -0.002819 0.017380 
0.006652 0.013909 0.004634 0.014705 
0.001994 0.012652 0.000757 0.012785 
0.012913 -0.008710 0.014027 -0.006771 
0.005568 -0.004180 0.005685 -0.004019 
0.012198 -0.005662 0.012734 -0.004325 
0.010701 0.013331 0.008245 0.014975 
0.014090 -0.005126 0.014645 -0.003210 
-0.013559 -0.007653 -0.012324 -0.009515 
0.012047 -0.007670 0.012883 -0.006162 
0.018634 0.002461 0.017717 0.006278 
-0.003231 -0.016262 -0.000553 -0.016571 
-0.015466 -0.002333 -0.014967 -0.004541 
-0.012868 -0.012063 -0.010440 -0.014216 
-0.007963 0.009176 -0.008733 0.008445 
0.007865 -0.013748 0.009814 -0.012432 
0.010869 0.008763 0.009787 0.009957 
-0.002581 -0.019685 0.002044 -0.019748 
-0.021960 -0.008688 -0.017954 -0.015342 
-0.017631 -0.001847 -0.016985 -0.005078 
-0.001597 0.010623 -0.002319 0.010489 
-0.004146 -0.002749 -0.004105 -0.002810 
0.008634 -0.022932 0.016079 -0.018491 
0.005010 -0.020788 0.010389 -0.018690 
-0.006103 -0.009450 -0.005378 -0.009881 
0.003403 0.002746 0.003372 0.002784 
-0.010083 0.014485 -0.012570 0.012390 
-0.006512 -0.005975 -0.006228 -0.006270 
-0.006964 -0.010198 -0.006015 -0.010784 
0.017892 0.000442 0.017487 0.003808 
0.010318 -0.005769 0.010759 -0.004896 
0.000275 0.011096 -0.000534 0.011087 
0.000576 -0.015027 0.002578 -0.014816 
-0.006669 -0.003686 -0.006538 -0.003914 
-0.003778 0.003445 -0.003831 0.003386 
-0.008919 -0.013583 -0.006695 -0.014807 
-0.005895 -0.005563 -0.005674 -0.005788 
-0.019506 -0.010762 -0.015550 -0.015952 
-0.005346 -0.010423 -0.004482 -0.010823 
0.014617 0.003313 0.014048 0.005222 
0.006069 0.005546 0.005842 0.005785 
0.007559 0.005319 0.007280 0.005695 
0.017482 -0.000208 0.017234 0.002943 
0.010514 -0.006286 0.011031 -0.005328 
-0.002724 0.011786 -0.003733 0.011506 
-0.007121 -0.001814 -0.007059 -0.002041 
0.005814 0.011270 0.004716 0.011771 
-0.007476 -0.005483 -0.007187 -0.005856 
-0.014163 -0.000266 -0.014031 -0.001943 
0.007355 0.002350 0.007268 0.002609 
-0.000008 -0.017515 0.003157 -0.017228 
-0.005938 -0.012775 -0.004399 -0.013384 
0.013597 -0.008582 0.014747 -0.006408 
0.003017 -0.004576 0.003098 -0.004522 
0.016373 0.006626 0.014877 0.009521 
0.001212 -0.008245 0.001550 -0.008188 
-0.015366 0.000378 -0.015269 -0.001769 
-0.003450 0.007161 -0.003715 0.007027 
0.015313 0.003919 0.014568 0.006134 
0.007199 0.015063 0.004625 0.016042 
-0.002368 0.011162 -0.003221 0.010946 
-0.004198 -0.005806 -0.004019 -0.005931 
0.002817 -0.015362 0.004999 -0.014796 
0.003251 -0.007263 0.003521 -0.007136 
-0.004575 -0.002827 -0.004526 -0.002905 
0.015310 0.002379 0.014818 0.004525 
0.006046 0.005492 0.005824 0.005726 
0.021438 0.002986 0.019800 0.008745 
0.006843 -0.016187 0.009674 -0.014672 
-0.005329 -0.006069 -0.005091 -0.006271 
-0.005516 -0.013019 -0.003939 -0.013580 
0.010214 -0.008699 0.011081 -0.007562 
-0.007768 -0.006049 -0.007408 -0.006484 
-0.017532 0.000909 -0.017405 -0.002289 
-0.014280 0.007163 -0.015195 0.004931 
-0.012150 -0.002386 -0.011884 -0.003478 
0.003952 -0.005366 0.004092 -0.005260 
0.002177 -0.004221 0.002233 -0.004191 
0.013476 0.005847 0.012621 0.007517 
-0.013228 0.003378 -0.013520 0.001900 
0.008271 0.010608 0.007089 0.011432 
0.001817 -0.004562 0.001882 -0.004535 
0.001609 0.016199 -0.000943 0.016252 
0.018960 -0.003019 0.019164 0.001159 
0.008626 -0.015592 0.011389 -0.013704 
0.013501 0.009842 0.011697 0.011930 
-0.000968 0.007047 -0.001179 0.007015 
0.009167 -0.008313 0.009882 -0.007448 
-0.010264 0.016018 -0.013436 0.013468 
-0.004154 0.003785 -0.004224 0.003706 
-0.005119 -0.003569 -0.005035 -0.003686 
0.006200 0.003223 0.006104 0.003401 
0.000415 -0.007625 0.000678 -0.007606 
-0.003160 0.021370 -0.008872 0.019696 
0.012793 0.007884 0.011627 0.009520 
-0.014598 0.009476 -0.016055 0.006719 
-0.013354 0.008999 -0.014574 0.006850 
-0.003010 0.003791 -0.003063 0.003749 
-0.022147 -0.002875 -0.020351 -0.009198 
-0.008056 0.021334 -0.014145 0.017887 
0.003814 0.016562 0.000938 0.016970 
0.013758 -0.005971 0.014429 -0.004090 
-0.013654 -0.006570 -0.012637 -0.008361 
0.013984 -0.012944 0.016424 -0.009662 
0.002985 -0.022603 0.009695 -0.020636 
-0.012289 -0.007322 -0.011314 -0.008754 
0.011054 -0.012038 0.012812 -0.010146 
-0.006654 -0.014639 -0.004343 -0.015483 
-0.000994 -0.018110 0.002531 -0.017959 
-0.005428 -0.012492 -0.004026 -0.013012 
0.009451 -0.005839 0.009853 -0.005133 
-0.001965 0.004204 -0.002018 0.004179 
0.001596 -0.017435 0.004717 -0.016860 
-0.000537 -0.017986 0.002901 -0.017758 
-0.009775 -0.014513 -0.006997 -0.016038 
-0.008346 -0.013440 -0.006269 -0.014525 
-0.004453 -0.004198 -0.004359 -0.004296 
0.000269 -0.007448 0.000514 -0.007435 
-0.010046 0.016927 -0.013634 0.014198 
-0.018236 0.003228 -0.018512 -0.000517 
-0.007898 0.022210 -0.014653 0.018465 
-0.004574 0.020371 -0.009624 0.018527 
0.010924 0.012585 0.008716 0.014204 
0.014761 -0.000405 0.014691 0.001499 
0.001242 -0.004356 0.001295 -0.004341 
-0.001874 0.013033 -0.003200 0.012772 
-0.018061 -0.000671 -0.017595 -0.004131 
-0.013537 -0.009184 -0.011918 -0.011206 
0.004755 -0.005987 0.004960 -0.005819 
0.002041 -0.004099 0.002092 -0.004073 
0.017402 0.001591 0.016832 0.004695 
-0.023121 -0.001724 -0.021420 -0.008876 
-0.000868 0.014529 -0.002679 0.014306 
0.006109 -0.014278 0.008080 -0.013263 
-0.007312 0.006589 -0.007678 0.006159 
-0.001942 0.015667 -0.004225 0.015211 
0.008714 -0.017263 0.012294 -0.014927 
0.002122 -0.003115 0.002148 -0.003097 
0.021681 0.008065 0.018087 0.014421 
0.015588 0.009946 0.013269 0.012877 
0.005483 0.013093 0.003886 0.013652 
0.009552 -0.015039 0.012195 -0.012989 
0.014085 0.005383 0.013235 0.007226 
-0.002461 -0.003122 -0.002432 -0.003145 
0.008650 -0.008920 0.009429 -0.008093 
-0.008819 0.011207 -0.010102 0.010066 
0.016312 0.001022 0.015947 0.003579 
0.022405 0.001982 0.020822 0.008508 
0.002795 -0.014775 0.004743 -0.014269 
-0.009267 0.017211 -0.012893 0.014693 
-0.002685 0.006746 -0.002894 0.006659 
0.002645 0.002463 0.002626 0.002483 
-0.004496 0.015705 -0.006912 0.014801 
0.013719 -0.007173 0.014596 -0.005160 
0.014726 -0.005114 0.015307 -0.002949 
-0.015936 -0.003109 -0.015259 -0.005549 
0.017865 0.009123 0.015206 0.013083 
0.009054 0.003794 0.008823 0.004305 
0.008818 -0.015149 0.011414 -0.013302 
0.014076 0.008849 0.012445 0.011025 
-0.003612 0.009903 -0.004255 0.009644 
0.014888 0.003248 0.014302 0.005258 
-0.014437 -0.006147 -0.013390 -0.008180 
0.006563 0.006241 0.006253 0.006552 
0.016976 0.008967 0.014631 0.012431 
0.008897 0.003214 0.008714 0.003680 
0.005781 -0.020409 0.010952 -0.018166 
-0.012507 -0.011334 -0.010426 -0.013273 
-0.010437 0.007149 -0.011067 0.006129 
0.005209 -0.006652 0.005486 -0.006426 
0.002995 -0.016124 0.005515 -0.015445 
-0.010129 0.013949 -0.012415 0.011960 
-0.007544 -0.001531 -0.007486 -0.001794 
-0.000913 0.014827 -0.002837 0.014581 
0.002608 0.003055 0.002578 0.003080 
-0.009599 0.013641 -0.011707 0.011881 
-0.005672 -0.010193 -0.004833 -0.010617 
0.002426 0.003344 0.002393 0.003368 
-0.010470 0.005708 -0.010913 0.004807 
0.005380 -0.006005 0.005608 -0.005794 
0.001754 -0.005531 0.001864 -0.005495 
0.002117 0.017939 -0.001368 0.018012 
0.019892 0.008034 0.016995 0.013093 
0.015416 0.003507 0.014730 0.005743 
0.011476 0.013726 0.008684 0.015643 
0.013438 -0.004108 0.013826 -0.002512 
-0.013666 -0.009462 -0.011942 -0.011562 
0.006111 -0.005549 0.006330 -0.005298 
0.014004 -0.007451 0.014955 -0.005289 
0.014464 -0.005183 0.015045 -0.003117 
-0.018719 -0.010166 -0.015348 -0.014771 
-0.011260 -0.015049 -0.007889 -0.017060 
-0.015525 -0.009917 -0.013232 -0.012817 
0.001344 -0.017042 0.004259 -0.016556 
0.000686 -0.016379 0.003274 -0.016063 
-0.007582 0.015212 -0.010061 0.013699 
-0.022805 -0.008795 -0.018344 -0.016153 
-0.011815 -0.007471 -0.010873 -0.008785 
0.010073 -0.005066 0.010426 -0.004294 
-0.002935 0.014028 -0.004616 0.013568 
-0.002386 0.004883 -0.002471 0.004841 
0.000905 -0.005193 0.000990 -0.005177 
0.000359 0.012913 -0.000917 0.012885 
0.003500 -0.015595 0.005810 -0.014889 
0.008338 -0.008260 0.008983 -0.007553 
-0.012099 0.005310 -0.012583 0.004033 
-0.005869 -0.005811 -0.005630 -0.006043 
-0.005543 -0.005983 -0.005303 -0.006196 
-0.011694 -0.015122 -0.008173 -0.017280 
-0.019160 -0.010384 -0.015524 -0.015294 
-0.007085 -0.014402 -0.004813 -0.015312 
0.002791 -0.015290 0.004942 -0.014736 
0.000943 -0.006096 0.001080 -0.006073 
-0.009970 0.011039 -0.011327 0.009641 
0.014466 -0.004231 0.014903 -0.002252 
-0.015687 -0.003919 -0.014895 -0.006292 
0.011846 0.012274 0.009565 0.014123 
0.009394 -0.006562 0.009875 -0.005812 
-0.001495 0.017894 -0.004864 0.017285 
-0.001605 0.017319 -0.004667 0.016756 
-0.005668 0.016105 -0.008351 0.014892 
0.002884 0.004634 0.002801 0.004684 
-0.002051 0.017607 -0.005274 0.016924 
0.002577 0.019893 -0.002192 0.019940 
0.016189 0.003094 0.015485 0.005648 
-0.020616 -0.005879 -0.018276 -0.011206 
-0.009877 0.006406 -0.010369 0.005574 
0.004411 -0.007094 0.004700 -0.006906 
0.000805 -0.017603 0.004011 -0.017159 
0.009087 -0.013784 0.011185 -0.012144 
0.007631 0.004756 0.007395 0.005116 
0.014435 0.002374 0.014019 0.004180 
0.005587 0.003376 0.005500 0.003516 
0.001328 -0.006143 0.001471 -0.006111 
-0.009901 0.008966 -0.010792 0.007872 
0.006427 -0.014390 0.008467 -0.013292 
-0.004746 0.008030 -0.005154 0.007774 
0.013134 0.010832 0.011090 0.012916 
0.010196 -0.015746 0.013233 -0.013295 
0.015871 -0.003791 0.016270 -0.001251 
-0.003045 -0.018374 0.000768 -0.018609 
-0.016408 -0.009916 -0.013879 -0.013226 
-0.004985 -0.002920 -0.004927 -0.003018 
0.003556 0.003288 0.003510 0.003337 
-0.009762 0.007963 -0.010467 0.007012 
0.010848 -0.006268 0.011384 -0.005233 
-0.006254 0.005030 -0.006442 0.004788 
-0.012293 0.005853 -0.012860 0.004470 
-0.013850 -0.010504 -0.011759 -0.012802 
-0.003132 0.021788 -0.009171 0.020010 
0.012548 0.005201 0.011906 0.006539 
-0.008074 -0.001679 -0.008000 -0.002002 
-0.002673 0.013628 -0.004209 0.013234 
-0.015716 -0.002552 -0.015157 -0.004875 
-0.009854 -0.015151 -0.006757 -0.016763 
-0.010249 -0.009886 -0.008990 -0.011042 
0.000313 0.010842 -0.000443 0.010838 
-0.008346 -0.008717 -0.007564 -0.009404 
0.007260 0.012683 0.005602 0.013498 
-0.008841 0.015181 -0.011454 0.013321 
-0.017924 -0.009640 -0.015045 -0.013705 
-0.003411 -0.003772 -0.003353 -0.003824 
0.015537 -0.011880 0.017808 -0.008086 
0.008222 -0.018171 0.012237 -0.015749 
0.001845 -0.007510 0.002110 -0.007440 
-0.011777 -0.001140 -0.011643 -0.002111 
0.012870 -0.004986 0.013349 -0.003505 
0.004867 0.002644 0.004818 0.002732 
-0.015769 -0.003141 -0.015105 -0.005510 
-0.007344 -0.009479 -0.006511 -0.010070 
0.007236 0.012944 0.005493 0.013774 
0.003638 0.004467 0.003550 0.004538 
-0.004275 0.003623 -0.004342 0.003543 
-0.006490 -0.010574 -0.005500 -0.011120 
0.005890 0.001085 0.005865 0.001210 
-0.012500 -0.014429 -0.009119 -0.016771 
-0.013557 -0.009167 -0.011939 -0.011193 
0.006483 -0.005733 0.006731 -0.005440 
0.014799 -0.009222 0.016212 -0.006422 
0.007904 -0.008586 0.008570 -0.007921 
-0.007280 0.013418 -0.009057 0.012289 
0.002777 -0.003277 0.002813 -0.003246 
0.017537 0.006654 0.015781 0.010138 
0.003210 -0.010701 0.003992 -0.010434 
-0.016122 -0.002339 -0.015557 -0.004834 
0.015473 0.011388 0.012635 0.014473 
0.000533 0.011559 -0.000384 0.011565 
-0.012516 -0.014210 -0.009239 -0.016530 
-0.014745 0.006835 -0.015630 0.004454 
0.022990 0.002369 0.021112 0.009404 
0.002560 -0.018500 0.006301 -0.017581 
-0.010877 0.001436 -0.010952 0.000658 
0.007695 -0.014238 0.009802 -0.012878 
0.011660 0.014530 0.008448 0.016604 
0.022242 0.007590 0.018624 0.014335 
0.021386 0.001092 0.020309 0.006789 
0.005043 -0.017053 0.008130 -0.015816 
-0.005014 -0.004004 -0.004915 -0.004125 
0.009430 -0.014634 0.011892 -0.012715 
0.007936 0.004059 0.007737 0.004427 
0.007915 -0.008483 0.008566 -0.007826 
-0.011148 0.013567 -0.013427 0.011317 
0.013426 0.008849 0.011919 0.010793 
-0.010588 0.007720 -0.011317 0.006605 
0.006265 0.003191 0.006169 0.003373 
0.001645 -0.003901 0.001687 -0.003883 
-0.002800 0.013311 -0.004239 0.012925 
-0.004181 -0.004617 -0.004074 -0.004712 
0.013639 -0.004926 0.014145 -0.003193 
0.003953 0.002476 0.003921 0.002527 
-0.006288 -0.005381 -0.006064 -0.005632 
-0.006111 -0.003378 -0.006011 -0.003553 
-0.004988 0.008218 -0.005431 0.007933 
0.011093 0.012505 0.008881 0.014162 
0.014562 -0.012552 0.016940 -0.009090 
0.008678 -0.013175 0.010520 -0.011757 
0.003186 0.005511 0.003053 0.005586 
-0.001844 0.016555 -0.004528 0.016030 
-0.008078 0.022225 -0.014866 0.018390 
-0.005660 0.012754 -0.007090 0.012018 
0.000317 -0.015622 0.002565 -0.015413 
-0.004603 -0.001728 -0.004578 -0.001793 
0.017610 0.001311 0.017070 0.004523 
0.014195 -0.003206 0.014485 -0.001404 
-0.009103 -0.014788 -0.006331 -0.016170 
-0.007048 -0.012237 -0.005557 -0.012983 
0.008173 -0.015666 0.010914 -0.013896 
0.021592 0.008301 0.017929 0.014617 
0.015427 0.010521 0.012942 0.013462 
-0.002577 0.011172 -0.003438 0.010938 
-0.004816 -0.002340 -0.004776 -0.002421 
0.005589 0.005115 0.005412 0.005302 
0.021709 0.005996 0.018962 0.012152 
0.007732 -0.009620 0.008567 -0.008884 
-0.008143 0.021710 -0.014530 0.018069 
0.002998 0.015488 0.000691 0.015761 
0.012814 0.002602 0.012485 0.003884 
-0.000458 0.011236 -0.001297 0.011170 
-0.011441 -0.012822 -0.009035 -0.014618 
-0.013442 -0.003033 -0.013017 -0.004522 
0.001737 -0.011570 0.002668 -0.011391 
0.005767 0.010771 0.004794 0.011238 
-0.004591 -0.005805 -0.004400 -0.005951 
0.003149 -0.003816 0.003204 -0.003770 
0.010923 0.010222 0.009476 0.011576 
-0.000026 -0.013392 0.001394 -0.013319 
0.017810 0.003483 0.016797 0.006870 
-0.003480 -0.015424 -0.001166 -0.015769 
-0.012905 0.000998 -0.012940 -0.000285 
0.008182 0.003693 0.007997 0.004079 
0.010703 -0.006143 0.011213 -0.005154 
-0.003214 0.003402 -0.003258 0.003360 
-0.009622 -0.008682 -0.008712 -0.009595 
0.016668 0.003057 0.015910 0.005835 
-0.012717 -0.014031 -0.009473 -0.016396 
-0.014337 0.004420 -0.014798 0.002475 
0.020652 0.007974 0.017506 0.013552 
0.012169 0.001797 0.011960 0.002879 
-0.001530 0.011809 -0.002515 0.011639 
-0.007162 -0.006266 -0.006816 -0.006641 
-0.017588 -0.009237 -0.014970 -0.013060 
-0.004224 -0.005482 -0.004067 -0.005599 
0.001014 -0.017467 0.004148 -0.016998 
0.000886 -0.012305 0.001990 -0.012175 
0.007731 0.012598 0.006041 0.013490 
0.003546 0.002755 0.003513 0.002798 
-0.018183 0.000453 -0.017923 -0.003095 
-0.015115 0.007991 -0.016266 0.005267 
-0.016704 0.002916 -0.016957 0.000043 
-0.000317 0.017499 -0.003469 0.017154 
0.007150 0.014117 0.004985 0.015019 
-0.002126 0.017178 -0.005125 0.016533 
-0.001047 0.016382 -0.003638 0.016007 
-0.002505 0.014777 -0.004443 0.014314 
-0.006823 0.005368 -0.007055 0.005058 
-0.013040 0.006805 -0.013803 0.005083 
-0.012164 -0.011437 -0.010119 -0.013280 
-0.011359 0.008395 -0.012269 0.006998 
0.003636 0.003000 0.003597 0.003048 
-0.011462 0.016354 -0.014971 0.013217 
-0.012134 0.000130 -0.012099 -0.000927 
0.006121 0.002382 0.006058 0.002537 
0.001643 -0.008174 0.001978 -0.008100 
-0.013713 0.001739 -0.013822 0.000179 
0.011763 -0.000472 0.011763 0.000494 
-0.010711 0.019504 -0.015893 0.015575 
-0.009208 0.006007 -0.009614 0.005333 
0.003117 -0.015518 0.005378 -0.014887 
0.013359 -0.011606 0.015271 -0.008943 
-0.003188 -0.018622 0.000790 -0.018876 
-0.021579 -0.008147 -0.017991 -0.014434 
-0.017948 -0.005113 -0.016520 -0.008681 
-0.003675 0.003112 -0.003718 0.003061 
-0.016940 -0.006083 -0.015469 -0.009202 
-0.004608 0.009218 -0.005178 0.008910 
0.012121 0.014786 0.008662 0.017045 
0.016495 0.001377 0.016056 0.004024 
-0.022286 -0.002505 -0.020569 -0.008936 
-0.010539 0.015048 -0.013318 0.012656 
-0.011632 -0.002257 -0.011404 -0.003215 
0.001392 -0.017140 0.004358 -0.016635 
0.003321 -0.015934 0.005770 -0.015219 
-0.013775 0.006947 -0.014615 0.004942 
-0.016942 -0.008606 -0.014729 -0.012006 
-0.007457 -0.003235 -0.007325 -0.003524 
-0.006237 0.004611 -0.006398 0.004386 
-0.012812 0.006689 -0.013539 0.005057 
-0.013027 -0.014671 -0.009373 -0.017236 
-0.017221 -0.003015 -0.016397 -0.006066 
-0.003370 0.014081 -0.005088 0.013555 
-0.003318 0.003290 -0.003361 0.003247 
-0.009669 -0.015158 -0.006608 -0.016721 
-0.007517 -0.013140 -0.005670 -0.014036 
0.008939 -0.014296 0.011208 -0.012596 
0.007059 -0.001804 0.007112 -0.001582 
-0.021008 -0.009369 -0.017096 -0.015390 
-0.014083 -0.007310 -0.012841 -0.009321 
0.008367 -0.022237 0.015201 -0.018260 
0.001375 -0.022014 0.007575 -0.020715 
-0.012296 -0.004991 -0.011710 -0.006244 
0.012101 0.001283 0.011942 0.002339 
-0.005456 0.003353 -0.005536 0.003220 
-0.012441 0.001142 -0.012493 -0.000011 
0.007323 -0.016014 0.010124 -0.014407 
0.022474 0.008291 0.018424 0.015309 
0.020610 0.007213 0.017783 0.012671 
0.014080 0.003254 0.013571 0.004966 
0.010506 0.009537 0.009297 0.010720 
0.001600 -0.017508 0.004761 -0.016924 
0.005628 -0.013444 0.007271 -0.012632 
-0.003491 0.005953 -0.003658 0.005852 
0.004244 0.004268 0.004151 0.004359 
-0.003955 0.007575 -0.004279 0.007397 
0.008263 0.008953 0.007445 0.009644 
-0.008137 -0.010112 -0.007089 -0.010872 
0.015978 0.006409 0.014613 0.009101 
0.004737 -0.005990 0.004942 -0.005823 
0.003055 -0.006565 0.003258 -0.006467 
-0.009793 -0.003561 -0.009544 -0.004183 
-0.005004 0.016293 -0.007720 0.015196 
0.012785 -0.011738 0.014666 -0.009282 
-0.000733 -0.012649 0.000471 -0.012662 
-0.001602 0.004258 -0.001654 0.004238 
-0.002093 -0.018794 0.001905 -0.018814 
-0.018652 -0.011337 -0.014757 -0.016082 
-0.007589 -0.014833 -0.005059 -0.015875 
0.001933 -0.012630 0.003144 -0.012384 
0.004701 0.001825 0.004673 0.001896 
-0.013021 -0.000568 -0.012898 -0.001873 
0.012548 -0.007472 0.013390 -0.005832 
0.015366 0.002085 0.014915 0.004246 
-0.020881 -0.006868 -0.018093 -0.012483 
-0.012024 0.001117 -0.012075 0.000075 
0.007099 0.005309 0.006844 0.005634 
0.017642 -0.002363 0.017773 0.000970 
-0.003080 -0.018431 0.000770 -0.018670 
-0.013444 -0.008366 -0.012058 -0.010263 
0.011872 -0.004563 0.012254 -0.003406 
0.005877 0.010054 0.005051 0.010493 
-0.003313 -0.003898 -0.003252 -0.003949 
0.012355 -0.006862 0.013079 -0.005355 
0.009288 0.003321 0.009081 0.003850 
0.004221 -0.017947 0.007725 -0.016741 
-0.018178 0.000562 -0.017939 -0.002987 
-0.008339 0.008540 -0.009029 0.007807 
0.007256 -0.008550 0.007872 -0.007987 
-0.009080 0.009555 -0.010013 0.008572 
0.014786 -0.012302 0.017107 -0.008793 
0.005178 -0.020952 0.010690 -0.018749 
-0.005868 -0.009621 -0.005129 -0.010035 
0.017444 0.000036 0.017155 0.003163 
0.013934 -0.007031 0.014800 -0.004955 
0.018642 -0.002937 0.018844 0.001031 
0.003099 -0.019837 0.007703 -0.018541 
-0.019401 0.003735 -0.019740 -0.000810 
-0.002492 0.022428 -0.009042 0.020675 
0.015549 0.008765 0.013629 0.011526 
-0.005870 0.016240 -0.008632 0.014956 
0.003338 0.005086 0.003225 0.005158 
-0.002929 0.014254 -0.004689 0.013775 
-0.004550 0.003934 -0.004633 0.003835 
-0.008435 -0.009829 -0.007418 -0.010617 
0.012921 0.006971 0.011928 0.008559 
-0.006368 -0.005083 -0.006163 -0.005329 
-0.004221 -0.005074 -0.004089 -0.005181 
0.003150 -0.013822 0.004769 -0.013350 
0.015002 -0.003556 0.015353 -0.001416 
-0.012983 -0.009910 -0.011262 -0.011829 
-0.005549 0.019796 -0.010281 0.017804 
0.007818 0.009909 0.006849 0.010602 
0.006335 -0.005620 0.006568 -0.005346 
0.011973 -0.011358 0.013642 -0.009287 
-0.006758 -0.015260 -0.004160 -0.016163 
-0.000756 -0.015372 0.001402 -0.015327 
-0.006159 -0.006506 -0.005843 -0.006791 
-0.021938 -0.003848 -0.019883 -0.010036 
-0.009970 0.018181 -0.014228 0.015083 
-0.012059 0.005826 -0.012609 0.004514 
-0.011686 -0.013908 -0.008763 -0.015912 
-0.012290 -0.000638 -0.012183 -0.001736 
0.006312 -0.015688 0.008867 -0.014400 
-0.007058 -0.003394 -0.006930 -0.003649 
-0.003562 0.006620 -0.003782 0.006497 
0.006804 0.005532 0.006545 0.005836 
0.015881 0.003481 0.015144 0.005914 
-0.005308 -0.010773 -0.004370 -0.011186 
0.008742 -0.011711 0.010150 -0.010514 
-0.014668 0.004585 -0.015164 0.002495 
0.018411 0.010862 0.014837 0.015389 
0.006696 0.009634 0.005889 0.010147 
-0.003330 -0.005216 -0.003211 -0.005290 
-0.003136 -0.018769 0.000931 -0.019006 
-0.015618 -0.002065 -0.015147 -0.004330 
0.013138 0.005107 0.012448 0.006615 
-0.011094 -0.000244 -0.011047 -0.001052 
0.002505 -0.015765 0.004847 -0.015209 
-0.010434 0.005568 -0.010859 0.004686 
0.001554 -0.007487 0.001812 -0.007428 
-0.012713 -0.001362 -0.012521 -0.002584 
0.008355 0.004043 0.008138 0.004464 
0.011531 -0.011640 0.013228 -0.009667 
-0.012926 -0.011912 -0.010542 -0.014065 
-0.012535 0.005437 -0.013058 0.004020 
-0.012450 -0.013124 -0.009688 -0.015276 
-0.017388 0.003737 -0.017780 0.000433 
0.004697 0.014677 0.002593 0.015191 
0.004268 -0.015223 0.006466 -0.014427 
-0.010112 0.013872 -0.012367 0.011905 
-0.006318 -0.006368 -0.006007 -0.006662 
-0.005864 -0.013210 -0.004189 -0.013833 
0.000335 -0.005357 0.000427 -0.005351 
0.000320 0.013399 -0.001105 0.013357 
-0.022479 -0.008677 -0.018237 -0.015747 
-0.012317 -0.006334 -0.011520 -0.007689 
0.014679 0.003976 0.013998 0.005943 
0.008014 0.010561 0.006873 0.011337 
0.002313 -0.005096 0.002407 -0.005053 
-0.006055 0.005631 -0.006278 0.005381 
-0.014342 0.011765 -0.016426 0.008619 
0.003322 0.019211 -0.001050 0.019468 
0.016329 0.001900 0.015818 0.004479 
-0.021814 -0.007852 -0.018260 -0.014285 
-0.018871 0.004338 -0.019363 0.000075 
-0.005308 0.021341 -0.011121 0.018972 
0.014104 0.009196 0.012369 0.011424 
0.005869 -0.017044 0.009021 -0.015607 
-0.003912 -0.004841 -0.003799 -0.004930 
0.002900 -0.013904 0.004537 -0.013459 
0.012041 -0.001044 0.012086 0.000001 
-0.012881 -0.003405 -0.012452 -0.004738 
0.003017 -0.012713 0.004285 -0.012344 
0.004665 0.002172 0.004630 0.002245 
-0.004260 -0.003705 -0.004189 -0.003785 
0.010268 -0.018368 0.014679 -0.015077 
0.008785 -0.006804 0.009259 -0.006144 
0.000917 0.011528 0.000002 0.011565 
-0.023116 -0.002539 -0.021140 -0.009689 
-0.007134 0.014571 -0.009310 0.013287 
-0.021270 -0.004833 -0.019087 -0.010557 
-0.014167 0.009288 -0.015534 0.006757 
-0.010011 0.013832 -0.012239 0.011906 
0.016572 0.006500 0.015068 0.009478 
-0.000192 -0.006608 -0.000021 -0.006611 
-0.012094 0.012775 -0.014220 0.010356 
0.009415 0.007787 0.008691 0.008588 
-0.015289 -0.002558 -0.014772 -0.004701 
0.013813 0.009337 0.012095 0.011475 
-0.001662 0.008887 -0.002091 0.008796 
0.014740 -0.004814 0.015274 -0.002673 
-0.021320 -0.002778 -0.019775 -0.008439 
-0.005161 0.021009 -0.010714 0.018795 
0.008366 0.012022 0.006775 0.012986 
0.003439 0.004080 0.003370 0.004138 
-0.002232 0.016384 -0.004844 0.015810 
-0.005703 0.013310 -0.007308 0.012501 
0.001412 -0.017459 0.004544 -0.016916 
-0.004393 -0.014806 -0.002264 -0.015277 
-0.014600 0.007507 -0.015607 0.005091 
-0.013942 0.004859 -0.014452 0.003023 
0.013448 0.007574 0.012249 0.009390 
-0.008642 -0.004724 -0.008356 -0.005213 
-0.009284 0.009135 -0.010154 0.008157 
0.005362 -0.020526 0.010580 -0.018388 
-0.008896 -0.012870 -0.006943 -0.014021 
-0.007235 0.000068 -0.007234 -0.000157 
0.016404 0.003671 0.015564 0.006352 
-0.020329 -0.004577 -0.018496 -0.009597 
-0.010499 0.008546 -0.011363 0.007358 
0.006616 0.000169 0.006609 0.000341 
-0.009738 -0.009842 -0.008560 -0.010882 
-0.002738 0.015533 -0.004989 0.014963 
-0.010667 0.006221 -0.011185 0.005234 
0.002737 -0.007169 0.002985 -0.007069 
-0.007998 -0.002962 -0.007863 -0.003304 
0.000042 0.012185 -0.001028 0.012141 
-0.013897 -0.006278 -0.012903 -0.008127 
0.010854 -0.000387 0.010855 0.000371 
-0.014210 0.002178 -0.014370 0.000427 
0.005518 0.012605 0.004073 0.013144 
-0.005621 0.004052 -0.005734 0.003890 
-0.018790 0.002632 -0.018922 -0.001404 
-0.003183 0.017945 -0.006630 0.016977 
0.011243 -0.001044 0.011289 -0.000193 
-0.017761 0.000130 -0.017476 -0.003172 
-0.012719 0.008480 -0.013767 0.006644 
-0.000965 0.006242 -0.001112 0.006217 
0.014634 -0.009567 0.016118 -0.006775 
0.014291 -0.009296 0.015672 -0.006711 
0.009453 -0.012890 0.011289 -0.011318 
-0.017187 -0.006009 -0.015684 -0.009247 
-0.003438 0.003234 -0.003480 0.003188 
-0.005186 -0.012438 -0.003821 -0.012923 
0.012942 -0.008584 0.014033 -0.006654 
0.001429 -0.007213 0.001659 -0.007164 
-0.014165 -0.001074 -0.013936 -0.002755 
-0.004454 0.003258 -0.004512 0.003177 
-0.008178 -0.004350 -0.007947 -0.004760 
-0.014304 0.011835 -0.016407 0.008689 
-0.007790 0.020294 -0.013093 0.017353 
0.000212 0.011510 -0.000691 0.011491 
0.003543 -0.007869 0.003887 -0.007706 
-0.007808 -0.010706 -0.006654 -0.011459 
-0.003295 0.006314 -0.003483 0.006212 
0.007509 0.005580 0.007210 0.005961 
0.012780 -0.000675 0.012785 0.000566 
-0.015326 -0.003310 -0.014684 -0.005499 
-0.011975 -0.011613 -0.009907 -0.013421 
-0.008257 0.008691 -0.008966 0.007957 
0.012991 -0.007292 0.013835 -0.005526 
0.015775 0.010512 0.013199 0.013607 
0.000255 0.015034 -0.001754 0.014934 
0.008229 0.001282 0.008169 0.001619 
-0.001501 -0.013179 -0.000122 -0.013264 
-0.001736 0.011123 -0.002565 0.010962 
-0.005927 -0.013847 -0.004019 -0.014516 
0.001911 -0.008613 0.002306 -0.008516 
-0.012410 -0.000211 -0.012339 -0.001341 
0.013596 -0.011203 0.015414 -0.008529 
-0.003415 -0.017862 0.000127 -0.018185 
-0.016816 -0.008834 -0.014560 -0.012200 
-0.003302 -0.003534 -0.003253 -0.003579 
0.013421 -0.008395 0.014515 -0.006317 
0.000325 -0.006319 0.000475 -0.006309 
-0.009598 0.010486 -0.010781 0.009265 
0.011641 -0.001617 0.011735 -0.000661 
-0.012730 -0.002697 -0.012396 -0.003958 
-0.005011 -0.015424 -0.002557 -0.016015 
-0.003570 0.018266 -0.007217 0.017155 
0.014862 -0.002434 0.015054 -0.000422 
-0.007061 -0.014084 -0.004922 -0.014967 
-0.000540 -0.018502 0.003199 -0.018231 
-0.006108 -0.010182 -0.005237 -0.010656 
0.018059 -0.002026 0.018108 0.001522 
0.011027 -0.017866 0.015265 -0.014414 
0.012484 -0.006638 0.013180 -0.005117 
0.003344 0.004823 0.003245 0.004890 
0.000831 0.011458 -0.000066 0.011488 
-0.009702 -0.008404 -0.008837 -0.009309 
0.021407 0.002507 0.019921 0.008229 
0.009796 -0.015222 0.012549 -0.013047 
0.013744 0.009781 0.011908 0.011947 
-0.002970 0.006658 -0.003178 0.006561 
0.005457 0.003062 0.005385 0.003188 
0.003980 -0.003889 0.004051 -0.003816 
0.007597 0.003531 0.007443 0.003844 
0.015008 -0.009742 0.016576 -0.006738 
0.009427 -0.010607 0.010622 -0.009410 
-0.012309 0.001330 -0.012379 0.000209 
0.017736 0.001085 0.017225 0.004364 
0.014970 0.002064 0.014555 0.004064 
0.009017 0.003972 0.008774 0.004483 
0.008315 -0.015841 0.011152 -0.013990 
0.016509 0.006061 0.015129 0.008968 
0.003012 -0.008984 0.003485 -0.008811 
-0.009652 -0.015279 -0.006534 -0.016850 
-0.006062 -0.010843 -0.005047 -0.011351 
0.017258 0.001365 0.016746 0.004391 
0.017443 -0.000678 0.017282 0.002464 
0.010713 -0.012615 0.012610 -0.010718 
-0.012215 -0.011992 -0.009961 -0.013921 
-0.013440 0.008332 -0.014523 0.006257 
-0.006233 0.005051 -0.006421 0.004810 
-0.014916 -0.003047 -0.014358 -0.005060 
-0.007898 -0.002879 -0.007770 -0.003207 
-0.000202 0.013439 -0.001636 0.013340 
0.002826 -0.009354 0.003351 -0.009179 
-0.012633 -0.007409 -0.011592 -0.008950 
0.007902 0.003603 0.007733 0.003952 
0.013190 -0.006399 0.013896 -0.004672 
0.004034 0.005158 0.003901 0.005259 
-0.002282 0.017202 -0.005297 0.016524 
-0.002247 0.012059 -0.003312 0.011811 
-0.003724 -0.005323 -0.003590 -0.005414 
0.003085 -0.013260 0.004519 -0.012842 
0.016859 -0.002878 0.017103 0.000071 
-0.000385 -0.012028 0.000647 -0.012017 
0.022139 0.002013 0.020617 0.008315 
0.002312 -0.018288 0.005921 -0.017457 
-0.018752 -0.001109 -0.018114 -0.004976 
-0.015754 -0.000205 -0.015554 -0.002511 
-0.006573 0.005603 -0.006814 0.005307 
-0.014952 0.012693 -0.017433 0.008988 
-0.005940 0.019819 -0.010722 0.017695 
0.005740 0.009584 0.005017 0.009982 
-0.005051 -0.001495 -0.005025 -0.001578 
0.016520 0.002356 0.015909 0.005036 
0.013849 0.007331 0.012640 0.009260 
-0.007920 0.008611 -0.008591 0.007941 
0.003329 -0.016083 0.005845 -0.015349 
-0.014849 0.008962 -0.016202 0.006189 
-0.009031 0.011400 -0.010384 0.010182 
0.016943 0.000209 0.016663 0.003074 
0.012792 -0.007552 0.013667 -0.005821 
0.013333 0.005579 0.012543 0.007182 
-0.012039 0.002503 -0.012214 0.001416 
0.018252 -0.001796 0.018247 0.001852 
0.011412 -0.011744 0.013126 -0.009791 
-0.008929 -0.008364 -0.008153 -0.009122 
0.006426 0.009875 0.005593 0.010369 
-0.009802 -0.003150 -0.009585 -0.003758 
-0.008837 0.021599 -0.015229 0.017684 
-0.007611 0.013498 -0.009447 0.012283 
-0.008905 -0.007464 -0.008281 -0.008152 
0.015365 0.010662 0.012844 0.013594 
0.001042 0.013057 -0.000288 0.013096 
0.001974 -0.003437 0.002006 -0.003419 
0.021306 0.008239 0.017790 0.014330 
0.011805 0.000934 0.011687 0.001910 
-0.010087 0.016846 -0.013638 0.014125 
-0.001885 0.007381 -0.002137 0.007312 
0.017903 0.001638 0.017264 0.005015 
0.014070 0.000528 0.013911 0.002172 
0.004078 -0.008755 0.004555 -0.008517 
-0.009364 -0.008971 -0.008426 -0.009857 
0.008766 0.008730 0.007940 0.009488 
-0.020390 -0.008418 -0.017156 -0.013866 
-0.011584 -0.000212 -0.011531 -0.001131 
0.013189 -0.011564 0.015067 -0.008982 
-0.000351 -0.015083 0.001680 -0.014994 
-0.007360 -0.002319 -0.007274 -0.002577 
-0.002640 0.012133 -0.003735 0.011842 
-0.005648 -0.004595 -0.005501 -0.004770 
-0.007905 -0.004735 -0.007657 -0.005126 
-0.011588 0.010897 -0.013086 0.009045 
0.010638 0.010914 0.009041 0.012270 
0.012381 -0.005900 0.012960 -0.004487 
0.003979 0.002487 0.003946 0.002538 
-0.015755 -0.001989 -0.015284 -0.004311 
-0.014071 -0.010799 -0.011826 -0.013219 
-0.011969 0.016826 -0.015793 0.013302 
-0.015599 -0.002097 -0.015125 -0.004355 
-0.006182 -0.006487 -0.005866 -0.006773 
-0.007486 -0.010695 -0.006370 -0.011395 
0.018055 -0.000445 0.017805 0.003030 
0.007085 -0.010379 0.008024 -0.009672 
-0.008017 0.013191 -0.009793 0.011932 
-0.011702 -0.013575 -0.008923 -0.015542 
-0.016431 -0.002132 -0.015869 -0.004764 
-0.014308 -0.006970 -0.013106 -0.009031 
0.014431 -0.011856 0.016557 -0.008643 
0.010332 -0.018374 0.014756 -0.015053 
0.006382 -0.009847 0.007163 -0.009294 
-0.008041 0.013402 -0.009889 0.012102 
-0.006876 -0.015133 -0.004319 -0.016051 
0.000825 -0.017263 0.003851 -0.016849 
0.010404 -0.018457 0.014889 -0.015074 
0.014209 -0.007555 0.015196 -0.005296 
0.018048 -0.000394 0.017789 0.003076 
0.008502 -0.007505 0.009049 -0.006836 
-0.011095 0.008020 -0.011915 0.006742 
0.006425 0.003153 0.006327 0.003346 
0.001425 -0.004150 0.001472 -0.004133 
0.016816 0.009755 0.014231 0.013244 
-0.009783 0.013646 -0.011915 0.011830 
-0.003959 -0.002298 -0.003930 -0.002347 
0.015082 0.000442 0.014886 0.002466 
0.002086 -0.004031 0.002135 -0.004005 
-0.000254 0.012299 -0.001355 0.012227 
0.003061 -0.006291 0.003242 -0.006200 
-0.008480 -0.003898 -0.008268 -0.004330 
-0.015300 0.007996 -0.016467 0.005185 
-0.017216 0.000313 -0.017006 -0.002699 
-0.009936 0.006090 -0.010393 0.005272 
-0.000836 -0.011971 0.000187 -0.011999 
-0.002125 0.017089 -0.005079 0.016455 
-0.004352 0.014640 -0.006327 0.013901 
-0.010836 0.005905 -0.011323 0.004905 
0.003014 -0.003644 0.003062 -0.003603 
0.008926 0.011478 0.007422 0.012503 
0.001666 -0.007006 0.001881 -0.006951 
-0.012943 0.000250 -0.012904 -0.001034 
0.007628 -0.014234 0.009727 -0.012891 
0.011847 0.014378 0.008662 0.016494 
0.014159 0.007418 0.012879 0.009468 
-0.009550 0.018383 -0.013866 0.015391 
-0.012355 0.007687 -0.013220 0.006082 
-0.021295 -0.007321 -0.018176 -0.013293 
-0.012540 0.005213 -0.013034 0.003815 
0.016294 0.005205 0.015152 0.007937 
0.000916 -0.007571 0.001176 -0.007535 
-0.017759 -0.001487 -0.017167 -0.004782 
-0.014075 0.002945 -0.014329 0.001204 
0.007892 0.012283 0.006283 0.013179 
0.003706 0.004576 0.003611 0.004651 
-0.003442 0.004574 -0.003531 0.004507 
0.005427 -0.006436 0.005692 -0.006203 
0.004349 -0.004714 0.004463 -0.004607 
0.007011 0.001208 0.006972 0.001418 
-0.021496 -0.003378 -0.019722 -0.009196 
-0.006078 0.013354 -0.007727 0.012473 
-0.000580 -0.006072 -0.000446 -0.006084 
-0.009904 0.016195 -0.013109 0.013730 
-0.018554 0.003547 -0.018885 -0.000424 
-0.003457 0.014955 -0.005504 0.014328 
0.010292 -0.008963 0.011216 -0.007776 
-0.005369 -0.000888 -0.005352 -0.000982 
0.013200 -0.000970 0.013229 0.000402 
-0.003796 0.021807 -0.009878 0.019809 
0.021143 0.006966 0.018224 0.012785 
0.012607 -0.000560 0.012603 0.000630 
-0.006324 -0.006383 -0.006012 -0.006678 
-0.017507 -0.002986 -0.016647 -0.006186 
0.012216 0.006304 0.011435 0.007629 
-0.011589 -0.000730 -0.011494 -0.001652 
0.009171 -0.010801 0.010387 -0.009637 
-0.014871 -0.002269 -0.014435 -0.004236 
-0.011951 -0.014531 -0.008665 -0.016700 
-0.013363 -0.008919 -0.011849 -0.010850 
0.005691 -0.005702 0.005906 -0.005479 
0.010313 -0.006017 0.010784 -0.005125 
-0.005722 0.004893 -0.005883 0.004698 
-0.012569 0.005985 -0.013172 0.004506 
-0.011331 -0.012805 -0.008955 -0.014566 
-0.011589 -0.001133 -0.011461 -0.002059 
0.012527 -0.005667 0.013082 -0.004232 
0.004617 0.002926 0.004564 0.003008 
-0.006616 -0.001622 -0.006569 -0.001804 
0.018885 0.011046 0.015041 0.015887 
0.005397 0.012687 0.003937 0.013213 
-0.002503 0.004575 -0.002577 0.004534 
-0.003016 -0.014850 -0.000975 -0.015122 
-0.010178 0.017316 -0.013988 0.014415 
-0.002919 0.005993 -0.003075 0.005914 
0.003620 0.003800 0.003557 0.003858 
-0.012103 0.011474 -0.013821 0.009334 
0.006013 0.011770 0.004765 0.012328 
-0.012318 0.006332 -0.012956 0.004895 
-0.004488 -0.005381 -0.004329 -0.005509 
0.002424 -0.015346 0.004586 -0.014845 
0.010460 -0.011795 0.012077 -0.010133 
-0.016593 -0.006278 -0.015142 -0.009245 
-0.003161 0.004093 -0.003225 0.004042 
0.005180 -0.004418 0.005299 -0.004275 
0.015509 0.002193 0.015028 0.004415 
0.008996 0.008446 0.008199 0.009222 
-0.006602 -0.010117 -0.005704 -0.010649 
0.013531 -0.004357 0.013954 -0.002710 
-0.013896 -0.009650 -0.012069 -0.011856 
0.005892 -0.006541 0.006186 -0.006264 
0.006828 -0.017432 0.010274 -0.015651 
-0.003857 -0.004752 -0.003751 -0.004836 
-0.000421 -0.012771 0.000814 -0.012752 
0.021445 0.007891 0.018026 0.014044 
0.011048 -0.000265 0.011038 0.000534 
-0.008911 0.013217 -0.010792 0.011732 
-0.008342 -0.013626 -0.006195 -0.014727 
-0.008553 -0.003571 -0.008361 -0.004001 
-0.015325 0.009187 -0.016779 0.006142 
-0.013776 0.006500 -0.014537 0.004551 
-0.005581 -0.005781 -0.005356 -0.005990 
-0.019099 -0.010266 -0.015541 -0.015120 
-0.007918 -0.011829 -0.006445 -0.012692 
0.002068 -0.022839 0.008969 -0.021106 
-0.014916 -0.001480 -0.014587 -0.003446 
0.013464 0.005926 0.012596 0.007599 
-0.010268 -0.002373 -0.010090 -0.003043 
-0.005519 0.021414 -0.011405 0.018946 
0.007074 0.014391 0.004809 0.015297 
0.002157 0.012643 0.000917 0.012793 
0.001454 -0.016531 0.004119 -0.016075 
0.003544 -0.016105 0.006081 -0.015328 
-0.009156 0.010103 -0.010211 0.009035 
0.012146 0.002192 0.011900 0.003277 
-0.006621 0.006204 -0.006916 0.005874 
-0.009023 0.017106 -0.012561 0.014705 
-0.001147 0.006353 -0.001303 0.006323 
0.005625 -0.020511 0.010854 -0.018290 
-0.008756 -0.007807 -0.008091 -0.008494 
0.011984 0.014455 0.008727 0.016625 
0.016246 0.006434 0.014824 0.009251 
0.005931 -0.005167 0.006117 -0.004946 
0.014032 -0.009375 0.015407 -0.006887 
0.008406 -0.007211 0.008907 -0.006582 
-0.011605 0.009514 -0.012767 0.007886 
0.010099 0.003112 0.009871 0.003772 
0.007958 -0.021067 0.013835 -0.017769 
0.008383 -0.021909 0.014957 -0.018072 
0.007501 -0.013894 0.009464 -0.012639 
0.022666 0.008130 0.018604 0.015287 
0.022230 0.001940 0.020706 0.008318 
0.007598 -0.021101 0.013457 -0.017941 
0.002147 -0.011965 0.003184 -0.011732 
0.013922 0.003543 0.013387 0.005214 
0.008775 0.009079 0.007880 0.009866 
-0.008834 -0.008676 -0.008011 -0.009441 
0.017307 0.009517 0.014667 0.013227 
0.005420 -0.000297 0.005424 -0.000203 
-0.014584 -0.006594 -0.013419 -0.008723 
0.006345 0.000455 0.006332 0.000607 
-0.018955 -0.004391 -0.017504 -0.008496 
-0.000110 0.011806 -0.001083 0.011757 
-0.013653 -0.007057 -0.012535 -0.008892 
0.002326 0.003303 0.002294 0.003325 
-0.008558 0.008263 -0.009220 0.007517 
0.012098 -0.004373 0.012468 -0.003168 
0.008770 0.008116 0.008053 0.008828 
-0.008331 -0.012405 -0.006622 -0.013396 
0.010392 -0.019497 0.015520 -0.015725 
0.008611 -0.011395 0.009922 -0.010274 
-0.011582 0.000909 -0.011617 -0.000019 
0.010401 -0.018708 0.015036 -0.015235 
0.014473 -0.008989 0.015797 -0.006380 
0.013261 -0.011582 0.015153 -0.008966 
-0.000577 -0.017822 0.002770 -0.017615 
-0.011788 -0.011536 -0.009785 -0.013278 
-0.012844 0.007198 -0.013660 0.005494 
-0.001968 0.003897 -0.002012 0.003875 
-0.002908 -0.018773 0.001140 -0.018962 
-0.017593 -0.006735 -0.015800 -0.010258 
-0.006628 0.005976 -0.006903 0.005657 
-0.003121 0.019192 -0.007305 0.018020 
0.013713 0.003505 0.013202 0.005104 
0.011600 0.008380 0.010501 0.009722 
-0.005489 -0.015090 -0.003129 -0.015750 
-0.008144 0.015411 -0.010771 0.013704 
-0.014992 -0.002344 -0.014534 -0.004360 
0.012922 0.009487 0.011334 0.011337 
-0.002871 0.004916 -0.002965 0.004860 
0.002357 -0.007638 0.002644 -0.007543 
-0.007408 -0.001201 -0.007364 -0.001447 
0.022011 0.008531 0.018058 0.015205 
0.012644 0.006251 0.011822 0.007694 
-0.014561 -0.002288 -0.014147 -0.004138 
-0.006648 -0.000861 -0.006623 -0.001038 
0.015210 0.004051 0.014454 0.006231 
-0.009251 -0.010800 -0.007894 -0.011828 
-0.001328 0.004673 -0.001394 0.004654 
-0.000235 -0.013592 0.001251 -0.013536 
0.021009 0.008194 0.017633 0.014058 
0.014631 -0.003586 0.014979 -0.001593 
-0.014116 -0.010701 -0.011896 -0.013125 
-0.006419 0.014298 -0.008424 0.013216 
-0.000655 -0.006128 -0.000517 -0.006141 
-0.004129 0.015806 -0.006566 0.014959 
0.008290 -0.010416 0.009336 -0.009490 
-0.011331 -0.001197 -0.011206 -0.002064 
0.013102 -0.007815 0.014052 -0.005941 
0.006088 -0.005991 0.006341 -0.005722 
0.013271 -0.004910 0.013759 -0.003305 
0.005789 0.003567 0.005689 0.003724 
0.003527 -0.006823 0.003763 -0.006695 
-0.005046 -0.005038 -0.004892 -0.005188 
-0.005120 -0.016132 -0.002323 -0.016765 
-0.008873 0.023139 -0.016525 0.018468 
-0.001174 0.015610 -0.003419 0.015276 
0.011351 -0.015918 0.014634 -0.012964 
0.016475 -0.003506 0.016829 -0.000701 
-0.003706 -0.014256 -0.001848 -0.014614 
-0.011142 0.013234 -0.013301 0.011062 
0.016690 0.009024 0.014402 0.012351 
0.002980 0.004497 0.002902 0.004547 
0.003714 0.013548 0.002108 0.013889 
0.006066 -0.016010 0.008741 -0.014722 
-0.004389 -0.004813 -0.004266 -0.004921 
0.001301 -0.007871 0.001597 -0.007817 
-0.009191 0.009840 -0.010193 0.008798 
0.009384 -0.015697 0.012290 -0.013544 
0.018358 0.010680 0.014887 0.015148 
0.005818 0.009174 0.005163 0.009558 
-0.011643 0.001639 -0.011739 0.000681 
0.011643 0.002386 0.011403 0.003351 
-0.004903 0.006869 -0.005188 0.006656 
-0.000612 0.015511 -0.002812 0.015267 
0.003906 0.003186 0.003858 0.003245 
-0.011433 0.017230 -0.015385 0.013816 
-0.015621 0.000495 -0.015529 -0.001762 
-0.006923 0.006207 -0.007232 0.005845 
-0.008212 0.020722 -0.013869 0.017450 
-0.002829 0.013957 -0.004481 0.013517 
-0.002526 0.008159 -0.002876 0.008042 
0.016931 -0.002109 0.017042 0.000827 
-0.003014 -0.018332 0.000770 -0.018562 
-0.016573 -0.010976 -0.013576 -0.014521 
-0.001476 -0.018504 0.002305 -0.018419 
-0.008479 -0.013647 -0.006302 -0.014779 
-0.007038 -0.003473 -0.006907 -0.003728 
-0.004788 0.008994 -0.005332 0.008682 
0.016670 0.008754 0.014479 0.012037 
-0.010993 0.016212 -0.014363 0.013318 
-0.010736 0.001140 -0.010789 0.000397 
0.014839 0.000172 0.014691 0.002100 
0.005647 -0.006585 0.005935 -0.006327 
0.000245 -0.018008 0.003679 -0.017630 
-0.006827 -0.010293 -0.005870 -0.010867 
0.014325 -0.002780 0.014561 -0.000956 
-0.011313 -0.012700 -0.008982 -0.014443 
-0.012498 -0.002376 -0.012214 -0.003562 
0.002310 -0.015068 0.004355 -0.014609 
0.014406 -0.011314 0.016356 -0.008247 
0.007882 -0.021891 0.014380 -0.018291 
-0.001036 -0.012797 0.000216 -0.012837 
0.021508 0.005511 0.019011 0.011469 
0.007019 -0.010114 0.007897 -0.009444 
-0.007429 0.009206 -0.008166 0.008560 
0.008452 -0.015357 0.011092 -0.013574 
0.015704 0.002751 0.015114 0.005075 
-0.010377 -0.008669 -0.009379 -0.009740 
0.000866 0.012562 -0.000316 0.012588 
0.002733 -0.004426 0.002804 -0.004382 
0.016380 0.006832 0.014829 0.009752 
0.001254 -0.004895 0.001328 -0.004875 
-0.000994 0.017559 -0.004176 0.017084 
-0.003037 0.014636 -0.004942 0.014107 
-0.006637 0.007186 -0.007034 0.006799 
-0.004194 0.015002 -0.006299 0.014247 
0.010801 -0.005361 0.011222 -0.004412 
-0.005301 0.005392 -0.005481 0.005210 
-0.005717 0.005869 -0.005945 0.005637 
-0.003818 0.003708 -0.003879 0.003644 
-0.008775 -0.010029 -0.007674 -0.010895 
0.009123 0.008666 0.008271 0.009482 
-0.020757 -0.005547 -0.018488 -0.010946 
-0.010736 0.012087 -0.012471 0.010287 
0.013724 0.009938 0.011844 0.012117 
0.008464 -0.013546 0.010407 -0.012117 
0.005023 0.001926 0.004989 0.002012 
-0.003511 -0.004762 -0.003412 -0.004834 
-0.003008 -0.014817 -0.000980 -0.015087 
-0.011853 0.011857 -0.013654 0.009729 
0.008103 0.013524 0.006032 0.014567 
-0.006907 0.017281 -0.010282 0.015512 
0.003193 0.003687 0.003141 0.003732 
-0.013642 0.004883 -0.014142 0.003154 
-0.004214 -0.004889 -0.004092 -0.004991 
0.006160 -0.006074 0.006423 -0.005795 
0.011328 -0.007523 0.012083 -0.006240 
-0.003814 -0.002964 -0.003773 -0.003016 
0.014647 0.002467 0.014201 0.004355 
0.003620 0.002603 0.003589 0.002645 
-0.012939 -0.000635 -0.012812 -0.001916 
0.007860 0.004103 0.007660 0.004464 
0.012604 -0.008499 0.013646 -0.006700 
0.005634 -0.006692 0.005931 -0.006430 
0.007803 -0.021726 0.014162 -0.018230 
-0.004668 -0.013549 -0.002990 -0.014016 
-0.009895 0.013511 -0.011993 0.011688 
-0.004648 -0.005875 -0.004450 -0.006026 
0.002934 -0.013523 0.004445 -0.013104 
0.011932 0.003026 0.011613 0.004083 
-0.004645 0.008236 -0.005074 0.007978 
0.008797 0.014800 0.006076 0.016109 
0.008620 0.014045 0.006260 0.015244 
0.009205 0.013994 0.006763 0.015324 
0.010557 0.008487 0.009574 0.009581 
-0.004642 -0.014010 -0.002801 -0.014490 
-0.006811 0.017471 -0.010276 0.015685 
0.002439 0.002723 0.002417 0.002743 
-0.012534 0.006248 -0.013174 0.004753 
-0.011097 -0.013309 -0.008567 -0.015062 
-0.017990 -0.000663 -0.017533 -0.004083 
-0.015002 -0.000710 -0.014774 -0.002702 
-0.002186 0.007193 -0.002426 0.007115 
0.012156 0.001727 0.011954 0.002804 
-0.005064 -0.004685 -0.004929 -0.004826 
-0.005815 0.005415 -0.006014 0.005194 
-0.004790 0.003766 -0.004872 0.003660 
-0.007444 -0.003371 -0.007305 -0.003663 
0.000293 0.012406 -0.000839 0.012381 
0.000073 -0.017845 0.003418 -0.017515 
-0.005742 -0.010620 -0.004805 -0.011076 
0.003190 0.004597 0.003104 0.004656 
-0.004273 0.005959 -0.004461 0.005820 
0.007160 0.002526 0.007069 0.002769 
-0.001264 -0.013883 0.000339 -0.013937 
-0.011477 0.005019 -0.011893 0.003932 
0.005709 -0.005883 0.005938 -0.005651 
0.012833 -0.005715 0.013412 -0.004179 
0.005600 0.004971 0.005432 0.005154 
0.008620 0.003944 0.008398 0.004397 
0.005948 -0.021060 0.011604 -0.018554 
-0.012673 -0.011477 -0.010506 -0.013489 
-0.014277 0.012033 -0.016441 0.008850 
-0.005559 0.020530 -0.010796 0.018326 
0.007424 0.013020 0.005631 0.013890 
0.005356 0.004993 0.005195 0.005161 
0.004348 0.002972 0.004298 0.003043 
-0.004580 -0.003778 -0.004500 -0.003872 
0.013993 -0.010896 0.015768 -0.008116 
-0.000236 -0.018330 0.003393 -0.018014 
-0.012332 -0.011182 -0.010339 -0.013047 
-0.013559 0.005836 -0.014197 0.004042 
-0.006892 -0.001127 -0.006856 -0.001326 
0.008181 0.012934 0.006314 0.013941 
0.007381 -0.000614 0.007397 -0.000374 
-0.016282 -0.003562 -0.015479 -0.006181 
0.021798 0.008452 0.017977 0.014947 
0.015487 -0.003122 0.015777 -0.000807 
0.003574 -0.015133 0.005698 -0.014468 
0.009069 -0.010853 0.010288 -0.009705 
-0.014884 -0.002716 -0.014381 -0.004703 
-0.012512 -0.013125 -0.009736 -0.015298 
-0.013977 0.004415 -0.014424 0.002605 
0.012848 0.009225 0.011345 0.011021 
-0.013058 0.008147 -0.014069 0.006240 
-0.003013 0.003895 -0.003068 0.003852 
0.004033 -0.007275 0.004327 -0.007103 
-0.009257 -0.003943 -0.009004 -0.004491 
-0.007960 0.013656 -0.009887 0.012333 
0.005763 -0.005053 0.005935 -0.004849 
0.009166 -0.010634 0.010343 -0.009494 
-0.015205 0.005062 -0.015797 0.002700 
0.015022 0.002583 0.014526 0.004619 
-0.018284 -0.010476 -0.014931 -0.014869 
-0.005303 -0.011923 -0.004075 -0.012397 
0.013206 -0.008181 0.014236 -0.006216 
0.002862 -0.003726 0.002911 -0.003688 
0.006311 0.010386 0.005379 0.010897 
-0.012277 0.002366 -0.012443 0.001221 
0.011995 -0.000004 0.011952 0.001017 
-0.008855 0.021736 -0.015355 0.017751 
-0.007900 0.013143 -0.009648 0.011919 
-0.008735 -0.001245 -0.008668 -0.001647 
0.000338 0.012727 -0.000884 0.012700 
-0.013244 -0.009133 -0.011694 -0.011049 
0.015097 -0.009056 0.016497 -0.006148 
0.007821 -0.009410 0.008624 -0.008681 
-0.014907 0.012117 -0.017180 0.008596 
-0.008162 0.014130 -0.010280 0.012673 
-0.007632 -0.007380 -0.007123 -0.007873 
-0.016142 -0.001925 -0.015644 -0.004417 
0.018288 0.003258 0.017246 0.006902 
-0.003916 -0.016137 -0.001240 -0.016559 
-0.015123 0.000696 -0.015078 -0.001357 
-0.003395 0.003140 -0.003435 0.003097 
-0.016094 -0.003609 -0.015307 -0.006144 
0.009348 0.008012 0.008592 0.008818 
-0.013765 -0.007538 -0.012523 -0.009459 
0.014960 -0.012640 0.017423 -0.008946 
0.002152 -0.018683 0.005990 -0.017827 
-0.011265 0.000377 -0.011262 -0.000471 
0.009196 -0.016577 0.012490 -0.014260 
0.003805 -0.009521 0.004390 -0.009266 
-0.008214 -0.012191 -0.006590 -0.013140 
0.008081 -0.022330 0.014955 -0.018447 
0.008418 -0.015392 0.011069 -0.013611 
0.011918 0.005302 0.011324 0.006475 
-0.015054 -0.003014 -0.014488 -0.005079 
-0.005043 -0.012032 -0.003807 -0.012479 
0.012094 -0.005408 0.012590 -0.004124 
0.006990 -0.000441 0.007000 -0.000237 
-0.017031 -0.002790 -0.016277 -0.005736 
0.019097 0.003622 0.017817 0.007770 
-0.005065 -0.013578 -0.003341 -0.014102 
-0.010139 0.018313 -0.014499 0.015098 
-0.012718 0.006283 -0.013375 0.004726 
-0.009788 -0.004122 -0.009491 -0.004766 
-0.006069 0.020274 -0.011172 0.017974 
0.005118 0.011098 0.004117 0.011507 
-0.011769 0.013670 -0.014169 0.011163 
0.009351 0.008006 0.008595 0.008812 
-0.021850 -0.008756 -0.017862 -0.015332 
-0.012364 -0.004790 -0.011799 -0.006049 
0.013470 -0.002309 0.013643 -0.000808 
-0.008251 -0.013149 -0.006297 -0.014189 
-0.005316 -0.006292 -0.005059 -0.006500 
-0.013218 -0.014594 -0.009549 -0.017220 
-0.013808 -0.009349 -0.012088 -0.011486 
0.004717 -0.006501 0.004962 -0.006316 
0.002037 -0.004394 0.002098 -0.004366 
0.007686 0.012398 0.006066 0.013265 
-0.011064 0.017425 -0.015065 0.014110 
-0.016901 0.003387 -0.017233 0.000375 
0.000114 0.014319 -0.001622 0.014227 
0.004555 0.001272 0.004537 0.001332 
-0.019153 0.003628 -0.019480 -0.000738 
-0.007981 0.020482 -0.013439 0.017396 
0.000205 0.014660 -0.001658 0.014568 
0.003240 0.005433 0.003110 0.005508 
0.000779 0.011659 -0.000166 0.011683 
0.001011 -0.011645 0.001949 -0.011525 
0.009979 0.009456 0.008860 0.010512 
-0.000622 -0.012066 0.000422 -0.012075 
0.007603 0.012658 0.005910 0.013531 
-0.007959 0.020794 -0.013636 0.017601 
-0.002080 0.016833 -0.004904 0.016237 
-0.004973 0.014324 -0.006871 0.013516 
-0.000672 -0.007275 -0.000442 -0.007292 
-0.009099 0.022053 -0.015882 0.017802 
-0.007397 0.014082 -0.009417 0.012820 
-0.021305 -0.007594 -0.018069 -0.013605 
-0.015050 -0.001929 -0.014648 -0.003957 
-0.008281 -0.002325 -0.008171 -0.002685 
0.000168 0.011973 -0.000848 0.011944 
-0.012384 -0.014964 -0.008760 -0.017337 
-0.019174 -0.010879 -0.015296 -0.015875 
-0.013029 -0.014893 -0.009257 -0.017488 
-0.015073 -0.002452 -0.014592 -0.004504 
0.005026 0.012724 0.003588 0.013202 
-0.003493 0.003645 -0.003548 0.003592 
-0.005395 -0.011531 -0.004265 -0.011995 
0.007049 0.001734 0.006992 0.001954 
-0.000087 -0.018070 0.003388 -0.017750 
-0.007363 -0.008765 -0.006661 -0.009310 
0.006056 0.012643 0.004547 0.013261 
-0.001296 0.007145 -0.001518 0.007102 
0.006209 -0.020839 0.011727 -0.018311 
-0.008793 -0.007471 -0.008177 -0.008140 
0.007347 0.013794 0.005281 0.014709 
-0.000611 0.016244 -0.003136 0.015951 
-0.002839 0.022172 -0.009182 0.020380 
0.019975 0.007612 0.017212 0.012676 
0.015769 -0.003320 0.016092 -0.000865 
-0.000129 -0.015617 0.002121 -0.015473 
-0.006835 -0.006005 -0.006533 -0.006333 
-0.017686 -0.008996 -0.015128 -0.012840 
-0.010240 -0.002823 -0.010028 -0.003500 
-0.006782 0.012759 -0.008304 0.011825 
0.005634 -0.004038 0.005746 -0.003877 
0.014685 0.002991 0.014159 0.004913 
0.005804 0.006967 0.005458 0.007242 
0.007694 0.012947 0.005890 0.013861 
0.003132 0.002709 0.003104 0.002740 
-0.013249 0.011209 -0.015027 0.008680 
-0.002869 0.013001 -0.004215 0.012629 
-0.018723 0.002381 -0.018807 -0.001593 
-0.010962 0.015642 -0.014061 0.012927 
-0.015186 -0.002970 -0.014614 -0.005087 
-0.007153 -0.001120 -0.007115 -0.001341 
0.008567 0.009134 0.007683 0.009889 
-0.017043 -0.008926 -0.014694 -0.012419 
-0.007277 -0.001142 -0.007236 -0.001375 
0.009151 0.009123 0.008206 0.009982 
-0.009340 -0.009081 -0.008381 -0.009972 
0.008606 0.008982 0.007748 0.009732 
-0.013468 -0.007583 -0.012264 -0.009407 
0.006753 0.002946 0.006654 0.003162 
0.003115 -0.009143 0.003615 -0.008957 
-0.018505 -0.010604 -0.015015 -0.015147 
-0.005885 -0.012213 -0.004524 -0.012780 
0.010056 -0.006379 0.010555 -0.005513 
-0.003699 0.003561 -0.003755 0.003502 
-0.012361 -0.012009 -0.010069 -0.013987 
-0.013024 0.006024 -0.013660 0.004394 
-0.006327 -0.006830 -0.005968 -0.007145 
-0.022248 -0.002947 -0.020399 -0.009356 
-0.008052 0.013123 -0.009809 0.011867 
-0.009785 -0.009160 -0.008756 -0.010147 
0.000100 0.012170 -0.000967 0.012132 
0.002238 -0.005060 0.002329 -0.005018 
-0.002030 0.006435 -0.002202 0.006378 
0.010922 -0.006211 0.011454 -0.005164 
-0.002835 0.013641 -0.004381 0.013226 
-0.013992 -0.002390 -0.013608 -0.004039 
0.000312 -0.012619 0.001499 -0.012533 
0.016567 0.009286 0.014222 0.012587 
0.004187 0.002020 0.004161 0.002073 
-0.004918 -0.004885 -0.004777 -0.005023 
0.003312 -0.008073 0.003673 -0.007916 
-0.007932 -0.014317 -0.005570 -0.015391 
-0.000536 -0.013450 0.000908 -0.013430 
0.015495 0.008557 0.013650 0.011269 
-0.005646 0.013614 -0.007346 0.012777 
0.000897 -0.018267 0.004475 -0.017733 
0.002090 -0.015035 0.004116 -0.014610 
-0.001527 -0.007676 -0.001247 -0.007726 
-0.008514 0.021959 -0.015144 0.018037 
-0.001895 0.021645 -0.007795 0.020281 
0.019302 0.010471 0.015570 0.015485 
0.013020 0.008921 0.011567 0.010738 
0.009371 -0.016618 0.012709 -0.014228 
0.004945 -0.003924 0.005036 -0.003806 
0.012303 0.002082 0.012059 0.003207 
-0.003984 0.007449 -0.004295 0.007274 
0.005558 0.010702 0.004617 0.011141 
-0.011877 -0.001156 -0.011737 -0.002153 
0.015241 -0.008308 0.016473 -0.005470 
0.012884 -0.009237 0.014112 -0.007224 
0.004593 -0.007377 0.004918 -0.007164 
-0.003027 -0.014450 -0.001141 -0.014719 
-0.014028 0.007769 -0.015044 0.005551 
-0.014552 0.002907 -0.014807 0.000990 
0.010790 0.009055 0.009654 0.010257 
-0.002165 -0.019295 0.002161 -0.019295 
-0.013074 -0.009092 -0.011566 -0.010946 
0.012745 -0.008764 0.013855 -0.006876 
0.005758 -0.007226 0.006115 -0.006926 
0.006102 -0.017373 0.009444 -0.015807 
-0.006642 -0.001229 -0.006606 -0.001408 
0.016318 0.010301 0.013669 0.013622 
0.006383 0.003280 0.006280 0.003473 
0.003280 -0.003770 0.003335 -0.003721 
0.017441 0.008839 0.015012 0.012529 
0.006282 0.000015 0.006280 0.000162 
-0.022269 -0.003471 -0.020240 -0.009914 
-0.009938 0.019043 -0.014709 0.015654 
-0.006653 0.009107 -0.007320 0.008580 
0.001496 -0.022868 0.008423 -0.021313 
-0.023080 -0.001705 -0.021396 -0.008819 
-0.001787 0.018867 -0.005730 0.018064 
0.016082 0.002496 0.015494 0.004978 
0.018702 0.009756 0.015515 0.014291 
0.012421 0.014192 0.009178 0.016475 
0.015625 0.001630 0.015221 0.003889 
-0.018343 -0.002958 -0.017360 -0.006620 
0.002133 0.010956 0.001319 0.011083 
-0.003514 -0.015149 -0.001316 -0.015495 
-0.013711 0.007500 -0.014649 0.005445 
-0.016935 -0.005931 -0.015504 -0.009033 
-0.001641 0.006273 -0.001797 0.006230 
0.008592 -0.007165 0.009099 -0.006509 
-0.010934 0.005446 -0.011372 0.004460 
-0.000293 -0.014731 0.001598 -0.014647 
-0.009014 -0.001911 -0.008906 -0.002361 
0.004301 0.014317 0.002373 0.014760 
0.007440 -0.020900 0.013133 -0.017880 
0.000757 -0.017435 0.003873 -0.017016 
-0.003417 -0.018619 0.000582 -0.018921 
-0.021575 -0.008152 -0.017987 -0.014436 
-0.013055 -0.006326 -0.012168 -0.007900 
0.004832 0.005448 0.004659 0.005597 
0.006096 0.011514 0.004909 0.012068 
-0.013307 0.007920 -0.014294 0.005957 
-0.018773 -0.010724 -0.015126 -0.015447 
-0.009082 -0.010212 -0.007899 -0.011152 
-0.001345 0.006300 -0.001499 0.006265 
0.014949 -0.008770 0.016265 -0.005985 
0.010389 -0.012046 0.012071 -0.010360 
-0.006304 -0.010397 -0.005370 -0.010909 
0.006860 0.006151 0.006543 0.006488 
0.015071 -0.002622 0.015288 -0.000515 
-0.012094 -0.014473 -0.008800 -0.016682 
-0.016497 -0.009092 -0.014237 -0.012333 
-0.006082 -0.001240 -0.006052 -0.001379 
0.005185 0.011975 0.003953 0.012436 
-0.011106 0.006328 -0.011665 0.005225 
0.002929 -0.015961 0.005373 -0.015312 
0.010046 -0.005803 0.010476 -0.004984 
-0.006809 0.005493 -0.007051 0.005179 
-0.011350 0.012354 -0.013243 0.010299 
0.006693 0.012444 0.005178 0.013147 
-0.009493 0.016951 -0.013015 0.014424 
-0.000620 0.006345 -0.000773 0.006328 
0.006079 -0.017442 0.009457 -0.015867 
-0.007384 0.000779 -0.007406 0.000538 
0.013247 0.006957 0.012211 0.008647 
-0.018656 -0.001507 -0.017945 -0.005318 
-0.015606 -0.000776 -0.015332 -0.003017 
-0.004908 0.003601 -0.004986 0.003492 
-0.004433 -0.001799 -0.004408 -0.001859 
0.014072 0.003113 0.013584 0.004816 
0.008560 0.002703 0.008422 0.003108 
0.007991 -0.013331 0.009811 -0.012055 
-0.005700 0.004009 -0.005813 0.003844 
-0.013089 -0.000640 -0.012956 -0.001966 
0.006011 0.003705 0.005899 0.003881 
0.003013 -0.005350 0.003131 -0.005281 
0.017016 0.009998 0.014279 0.013624 
0.006032 0.006223 0.005749 0.006485 
0.007581 0.014242 0.005304 0.015237 
-0.001535 0.011616 -0.002473 0.011453 
-0.008367 -0.011327 -0.006982 -0.012229 
-0.005863 0.003578 -0.005961 0.003413 
-0.016279 0.001507 -0.016313 -0.001078 
0.002548 0.017997 -0.001000 0.018149 
0.017075 0.008712 0.014791 0.012194 
0.009431 0.003244 0.009223 0.003794 
0.006796 -0.014046 0.008744 -0.012923 
-0.004910 0.008737 -0.005421 0.008429 
0.012325 0.014055 0.009174 0.016288 
0.011612 -0.000077 0.011582 0.000849 
-0.004248 0.014784 -0.006271 0.014045 
0.009568 -0.015933 0.012606 -0.013657 
0.004902 -0.004065 0.004998 -0.003946 
0.005908 0.002166 0.005856 0.002304 
0.003520 -0.006740 0.003749 -0.006615 
-0.007148 -0.005762 -0.006851 -0.006112 
-0.014052 -0.009755 -0.012159 -0.012032 
0.008555 -0.009453 0.009424 -0.008587 
-0.012464 -0.001633 -0.012257 -0.002791 
0.006313 -0.005678 0.006549 -0.005404 
0.011430 -0.008201 0.012310 -0.006808 
-0.003921 -0.004207 -0.003837 -0.004283 
0.012530 -0.005434 0.013053 -0.004019 
0.004753 0.001294 0.004734 0.001363 
-0.013037 0.000328 -0.013004 -0.000985 
0.005634 -0.014030 0.007476 -0.013141 
0.005270 0.013103 0.003689 0.013632 
0.003872 -0.015887 0.006330 -0.015078 
-0.008186 0.010374 -0.009213 0.009473 
0.011408 -0.000141 0.011385 0.000738 
-0.014687 0.006614 -0.015527 0.004288 
-0.015401 -0.002772 -0.014839 -0.004969 
-0.006909 -0.009740 -0.006063 -0.010289 
0.005578 0.013121 0.003962 0.013696 
-0.004136 0.007759 -0.004487 0.007561 
0.008165 0.008645 0.007413 0.009298 
-0.009026 -0.009206 -0.008077 -0.010048 
-0.002378 0.012471 -0.003556 0.012188 
-0.006940 -0.000997 -0.006908 -0.001199 
0.010482 0.013599 0.007960 0.015213 
0.016982 0.002188 0.016348 0.005089 
0.012838 0.002058 0.012568 0.003331 
-0.002327 0.016111 -0.004816 0.015549 
-0.009489 0.016268 -0.012673 0.013932 
-0.014587 0.006383 -0.015377 0.004129 
0.022002 0.008841 0.017903 0.015548 
0.012667 0.003879 0.012197 0.005172 
-0.012538 -0.003516 -0.012123 -0.004755 
0.002617 -0.014284 0.004377 -0.013847 
0.017122 0.001847 0.016535 0.004811 
0.011966 0.002254 0.011722 0.003295 
-0.004072 0.005366 -0.004215 0.005255 
0.006629 0.002186 0.006563 0.002376 
0.000341 -0.016718 0.003093 -0.016433 
0.002571 -0.021804 0.008608 -0.020197 
-0.015779 -0.010705 -0.013127 -0.013829 
0.002047 -0.011872 0.003059 -0.011653 
0.003765 0.004792 0.003659 0.004874 
0.001954 0.014470 0.000116 0.014601 
0.008823 -0.009943 0.009814 -0.008967 
-0.014350 0.002601 -0.014563 0.000778 
0.009753 0.008758 0.008813 0.009703 
0.000051 -0.012824 0.001298 -0.012758 
-0.001737 0.006537 -0.001914 0.006487 
0.010989 -0.011551 0.012598 -0.009772 
-0.008428 -0.010687 -0.007207 -0.011545 
-0.005646 0.007187 -0.005995 0.006899 
-0.002933 0.015785 -0.005300 0.015156 
-0.012521 0.005674 -0.013076 0.004240 
-0.008194 -0.013310 -0.006189 -0.014353 
-0.005551 -0.005836 -0.005323 -0.006045 
-0.003492 -0.004057 -0.003423 -0.004116 
0.011356 -0.006467 0.011951 -0.005287 
0.007213 0.012528 0.005611 0.013323 
-0.002600 0.019072 -0.006690 0.018048 
0.017198 0.002052 0.016564 0.005059 
0.015413 0.010866 0.012800 0.013848 
0.000405 0.014924 -0.001563 0.014847 
0.002462 0.002234 0.002448 0.002250 
-0.002882 0.016102 -0.005387 0.015446 
0.002834 -0.015349 0.005012 -0.014782 
-0.008163 0.021759 -0.014591 0.018088 
0.000955 0.011664 0.000006 0.011703 
0.001777 -0.004181 0.001828 -0.004159 
0.008097 0.012997 0.006220 0.013993 
-0.003200 0.022445 -0.009781 0.020453 
0.022168 0.008751 0.018036 0.015579 
0.016792 0.004810 0.015654 0.007749 
0.002286 -0.010654 0.003029 -0.010467 
-0.014071 -0.006500 -0.013007 -0.008430 
0.007606 0.003365 0.007462 0.003674 
0.012247 -0.005383 0.012747 -0.004057 
0.006666 0.010438 0.005692 0.010999 
-0.008493 -0.004147 -0.008262 -0.004590 
-0.009028 0.009942 -0.010037 0.008923 
0.009266 -0.013453 0.011268 -0.011827 
0.008603 0.009589 0.007620 0.010387 
0.005909 -0.006578 0.006207 -0.006297 
0.005022 -0.021727 0.011113 -0.019333 
-0.011050 -0.011672 -0.009142 -0.013219 
-0.010349 0.005049 -0.010713 0.004221 
0.003902 -0.004341 0.003989 -0.004261 
0.004337 0.001474 0.004318 0.001528 
-0.013009 0.001355 -0.013079 0.000032 
0.013871 -0.002685 0.014091 -0.001030 
-0.006034 -0.012326 -0.004624 -0.012922 
0.014548 -0.009443 0.015991 -0.006715 
0.010666 -0.006389 0.011206 -0.005387 
-0.002424 0.011659 -0.003394 0.011415 
-0.009013 -0.004155 -0.008755 -0.004673 
-0.013817 0.008703 -0.015014 0.006422 
-0.014553 -0.009990 -0.012472 -0.012491 
0.003618 -0.003356 0.003666 -0.003303 
0.007054 0.004746 0.006845 0.005044 
0.017132 0.002553 0.016411 0.005541 
0.011406 0.001363 0.011265 0.002249 
-0.010623 0.008164 -0.011429 0.006990 
0.004978 0.002243 0.004937 0.002331 
-0.004781 -0.002213 -0.004744 -0.002291 
0.013448 0.002298 0.013113 0.003764 
-0.001968 0.013440 -0.003422 0.013145 
-0.018010 -0.001535 -0.017378 -0.004969 
-0.016456 -0.009733 -0.013981 -0.013041 
0.000851 -0.017557 0.004032 -0.017109 
0.009419 -0.016235 0.012578 -0.013932 
0.013904 -0.005842 0.014563 -0.003921 
-0.018014 -0.003622 -0.016935 -0.007128 
0.004812 0.012652 0.003413 0.013099 
0.008878 -0.013142 0.010731 -0.011678 
0.008221 0.012775 0.006403 0.013777 
0.008277 0.003732 0.008085 0.004131 
0.010871 -0.012329 0.012696 -0.010439 
-0.013802 -0.009592 -0.012012 -0.011757 
0.005087 -0.006271 0.005325 -0.006070 
0.003804 -0.010333 0.004536 -0.010034 
-0.017017 -0.003730 -0.016076 -0.006712 
0.020751 0.008118 0.017507 0.013784 
0.015971 -0.003076 0.016256 -0.000546 
-0.000091 -0.010283 0.000553 -0.010269 
0.004818 0.013162 0.003258 0.013632 
-0.000619 0.006601 -0.000791 0.006582 
0.008874 -0.020828 0.014694 -0.017223 
-0.003104 -0.014537 -0.001180 -0.014817 
-0.009973 0.006587 -0.010494 0.005720 
0.003368 -0.010188 0.004054 -0.009934 
-0.015567 -0.004267 -0.014726 -0.006609 
0.011642 0.013024 0.009111 0.014905 
0.016746 -0.002627 0.016949 0.000248 
-0.002799 -0.019050 0.001418 -0.019203 
-0.021656 -0.008811 -0.017728 -0.015243 
-0.017004 -0.008565 -0.014789 -0.011991 
-0.007204 -0.006574 -0.006822 -0.006969 
-0.013312 -0.007473 -0.012157 -0.009233 
0.005945 0.002591 0.005878 0.002739 
0.002291 -0.004769 0.002370 -0.004731 
-0.005284 0.004779 -0.005425 0.004618 
-0.018062 -0.001496 -0.017432 -0.004960 
-0.016055 0.001890 -0.016155 -0.000608 
-0.002055 0.017518 -0.005230 0.016845 
-0.000314 0.012217 -0.001392 0.012142 
0.002003 -0.005456 0.002112 -0.005414 
-0.004428 0.003889 -0.004507 0.003797 
-0.017687 -0.004506 -0.016460 -0.007886 
0.000100 0.012561 -0.001073 0.012516 
0.001540 -0.009041 0.001988 -0.008953 
-0.012450 -0.000132 -0.012386 -0.001273 
0.008571 -0.013509 0.010512 -0.012060 
0.005927 0.008893 0.005312 0.009273 
-0.009626 -0.003642 -0.009378 -0.004238 
-0.007555 0.015843 -0.010305 0.014209 
0.005405 0.003479 0.005318 0.003610 
0.003648 -0.004707 0.003746 -0.004629 
0.005835 0.005066 0.005652 0.005269 
0.021159 0.008625 0.017530 0.014655 
0.014943 0.000143 0.014793 0.002113 
0.001237 -0.004837 0.001308 -0.004818 
-0.000065 0.017620 -0.003286 0.017311 
0.007107 0.014509 0.004788 0.015430 
0.005144 0.014491 0.003071 0.015068 
