0.002976 -0.020599 0.008439 -0.019025 
-0.010220 0.011543 -0.011834 0.009882 
0.010182 -0.027488 0.022931 -0.018260 
0.001720 -0.021623 0.007986 -0.020167 
-0.018269 -0.003814 -0.016993 -0.007714 
-0.009099 -0.011474 -0.007464 -0.012599 
0.011154 0.015722 0.007185 0.017888 
0.010405 0.003525 0.010106 0.004308 
0.000963 -0.020643 0.006437 -0.019637 
0.013048 -0.020492 0.019624 -0.014321 
0.022700 -0.000147 0.021552 0.007131 
0.018314 -0.008868 0.019986 -0.003823 
0.014037 0.000864 0.013819 0.002609 
-0.006518 0.010149 -0.007423 0.009507 
0.011548 0.011884 0.009320 0.013701 
-0.008266 -0.011909 -0.006615 -0.012900 
0.019419 0.003668 0.017932 0.008306 
0.014072 0.016532 0.008595 0.019936 
0.020918 0.002942 0.019271 0.008653 
0.015796 0.009290 0.013482 0.012411 
-0.014639 0.006483 -0.015493 0.004034 
-0.006473 -0.014676 -0.004010 -0.015531 
0.015686 -0.007463 0.016817 -0.004352 
0.010285 -0.001504 0.010363 -0.000798 
-0.019962 -0.003147 -0.018496 -0.008143 
0.016660 0.011508 0.013152 0.015396 
-0.008417 0.005568 -0.008758 0.005015 
-0.019156 0.014828 -0.023230 0.006869 
-0.004195 0.019118 -0.008660 0.017553 
0.010413 -0.013627 0.012755 -0.011465 
-0.015260 0.002635 -0.015483 0.000299 
0.017759 -0.004415 0.018291 -0.000582 
-0.015170 -0.016323 -0.009384 -0.020212 
-0.015615 -0.003000 -0.014938 -0.005448 
-0.000937 -0.019205 0.003539 -0.018899 
-0.004827 -0.003818 -0.004734 -0.003932 
0.007503 -0.016365 0.010678 -0.014494 
-0.007998 0.006771 -0.008448 0.006200 
-0.012458 0.019835 -0.018462 0.014415 
-0.019981 0.004790 -0.020536 -0.000653 
0.012865 0.009384 0.011201 0.011319 
-0.028169 -0.010350 -0.018137 -0.023909 
-0.019116 -0.002495 -0.018009 -0.006880 
0.015621 0.013069 0.011696 0.016674 
0.014352 -0.006317 0.015157 -0.004017 
0.012765 0.011094 0.010560 0.013210 
0.003713 -0.018459 0.007726 -0.017171 
0.013101 -0.010291 0.014697 -0.007844 
-0.005879 -0.002943 -0.005796 -0.003103 
0.008323 0.005924 0.007914 0.006460 
0.015669 0.000025 0.015476 0.002448 
-0.013669 0.016376 -0.017756 0.011821 
0.020509 0.007411 0.017392 0.013155 
0.000875 -0.008935 0.001330 -0.008879 
-0.011981 0.013646 -0.014547 0.010869 
0.017637 0.003906 0.016462 0.007438 
0.018015 0.013772 0.012669 0.018807 
0.010486 -0.027870 0.023705 -0.018020 
0.010157 -0.016993 0.014017 -0.013981 
0.008579 -0.000425 0.008590 -0.000024 
-0.017342 -0.012779 -0.012902 -0.017251 
0.006647 -0.006077 0.006950 -0.005728 
0.019982 0.003340 0.018455 0.008358 
0.007290 0.014453 0.004805 0.015458 
-0.013861 0.011002 -0.015755 0.008059 
0.009750 0.006241 0.009187 0.007044 
0.009623 -0.013731 0.011900 -0.011812 
-0.005228 0.017994 -0.009064 0.016400 
0.011752 -0.015894 0.015284 -0.012536 
0.003720 0.005289 0.003579 0.005386 
-0.005688 0.012424 -0.007113 0.011667 
0.026498 0.003771 0.022172 0.014993 
0.010757 -0.014330 0.013426 -0.011865 
0.004786 0.004335 0.004670 0.004460 
-0.001463 0.008975 -0.001931 0.008887 
0.009344 -0.016158 0.012650 -0.013725 
-0.007046 0.009542 -0.007866 0.008878 
-0.003546 0.018292 -0.007445 0.017080 
-0.004776 0.008829 -0.005329 0.008507 
0.007571 0.002379 0.007470 0.002679 
-0.006657 -0.013758 -0.004558 -0.014588 
0.007371 0.007152 0.006877 0.007628 
0.010401 0.015854 0.006558 0.017791 
0.006371 0.002416 0.006297 0.002602 
-0.014931 -0.000466 -0.014717 -0.002563 
0.015044 -0.006645 0.015956 -0.003986 
0.011655 0.005015 0.011085 0.006174 
0.010344 -0.028136 0.023865 -0.018142 
0.004697 -0.025079 0.014343 -0.021102 
-0.011317 -0.012223 -0.009009 -0.014011 
-0.005884 0.010293 -0.006775 0.009730 
0.007062 0.015597 0.004065 0.016632 
-0.003174 0.006130 -0.003357 0.006031 
-0.002000 -0.018062 0.001790 -0.018084 
-0.013125 0.005489 -0.013719 0.003768 
0.005534 -0.005541 0.005745 -0.005322 
0.007455 0.004301 0.007245 0.004646 
0.004979 -0.005704 0.005182 -0.005520 
0.008576 0.004128 0.008326 0.004613 
0.005951 -0.007161 0.006335 -0.006824 
0.004801 -0.020975 0.010653 -0.018695 
-0.018523 -0.003968 -0.017155 -0.008035 
-0.008623 -0.012122 -0.006847 -0.013206 
0.006559 0.000943 0.006531 0.001125 
-0.015043 0.000987 -0.015029 -0.001178 
0.008239 -0.015715 0.011186 -0.013774 
-0.001646 0.021620 -0.007909 0.020188 
-0.004438 0.016448 -0.007366 0.015361 
-0.018775 -0.002729 -0.017674 -0.006897 
-0.006506 -0.007339 -0.006048 -0.007721 
-0.011480 -0.004105 -0.011044 -0.005165 
-0.000993 0.015830 -0.003490 0.015473 
-0.009600 -0.017999 -0.004586 -0.019878 
-0.004995 -0.020896 0.001232 -0.021450 
-0.017928 0.004314 -0.018436 0.000388 
0.014050 0.018323 0.007195 0.021940 
0.016692 0.011506 0.013173 0.015411 
-0.004967 0.012321 -0.006309 0.011691 
0.019749 0.007965 0.016688 0.013228 
0.004215 -0.010399 0.005029 -0.010031 
-0.009577 -0.013863 -0.006946 -0.015351 
-0.006625 0.006201 -0.006939 0.005848 
-0.007362 0.006882 -0.007789 0.006395 
-0.006710 0.009687 -0.007534 0.009061 
0.014425 0.017288 0.008240 0.020954 
0.016118 0.008454 0.014007 0.011622 
-0.014115 -0.003737 -0.013484 -0.005601 
0.001009 -0.010217 0.001688 -0.010127 
-0.015583 0.000515 -0.015478 -0.001878 
0.008753 0.006545 0.008234 0.007187 
0.015204 -0.001022 0.015190 0.001214 
-0.012534 0.012452 -0.014733 0.009750 
0.012180 -0.016358 0.016016 -0.012627 
0.005474 0.001883 0.005433 0.001999 
-0.017614 -0.003396 -0.016564 -0.006887 
-0.000834 -0.023446 0.007216 -0.022323 
-0.014313 -0.017582 -0.007946 -0.021233 
-0.018898 0.006201 -0.019845 0.001328 
0.023132 0.013971 0.014479 0.022818 
0.015374 0.016029 0.009710 0.019975 
0.014649 -0.001985 0.014782 0.000053 
-0.016723 -0.002379 -0.016025 -0.005343 
0.003950 -0.018741 0.008154 -0.017331 
0.010525 -0.010580 0.011906 -0.008997 
-0.017836 0.008844 -0.019473 0.004142 
-0.018673 -0.002624 -0.017617 -0.006723 
-0.013196 -0.011398 -0.010774 -0.013711 
0.014222 0.012183 0.011193 0.015014 
-0.012424 0.006366 -0.013112 0.004790 
0.002174 -0.005288 0.002283 -0.005242 
-0.007619 0.005142 -0.007883 0.004728 
-0.007112 0.007426 -0.007592 0.006934 
-0.013661 0.010486 -0.015377 0.007754 
0.004430 0.004191 0.004330 0.004294 
-0.018325 0.009615 -0.020230 0.004360 
-0.018454 -0.003273 -0.017279 -0.007259 
-0.010725 -0.006664 -0.010000 -0.007711 
-0.012564 0.009777 -0.013964 0.007646 
-0.003721 -0.022326 0.003583 -0.022349 
-0.021508 -0.010064 -0.016640 -0.016941 
-0.006819 -0.000410 -0.006804 -0.000611 
0.024040 -0.002938 0.023470 0.005979 
0.006977 -0.027025 0.018933 -0.020508 
-0.016030 -0.017708 -0.008743 -0.022229 
-0.024610 -0.005519 -0.020483 -0.014716 
-0.012791 0.011991 -0.014867 0.009294 
0.011447 0.004790 0.010926 0.005881 
0.008511 -0.015417 0.011354 -0.013462 
-0.000364 0.015810 -0.002850 0.015555 
0.007341 -0.006374 0.007708 -0.005924 
0.014978 -0.014932 0.018552 -0.010156 
-0.008885 -0.012014 -0.007105 -0.013145 
0.023445 -0.003696 0.023262 0.004716 
0.010575 -0.020756 0.016944 -0.015986 
-0.002033 -0.010667 -0.001232 -0.010789 
-0.009097 0.020038 -0.014716 0.016361 
-0.027700 -0.010396 -0.018093 -0.023409 
-0.028090 -0.002021 -0.023655 -0.015282 
-0.012476 0.017628 -0.017064 0.013238 
-0.022986 -0.001914 -0.021064 -0.009398 
-0.018719 0.009679 -0.020668 0.004110 
0.028050 0.002962 0.023143 0.016124 
0.011643 -0.018746 0.016779 -0.014333 
0.024835 -0.004476 0.024602 0.005619 
0.002080 -0.023571 0.010127 -0.021386 
-0.014188 0.001320 -0.014240 -0.000508 
0.015391 -0.009708 0.017073 -0.006295 
0.027013 0.006316 0.020919 0.018221 
0.018075 -0.014914 0.022073 -0.007869 
0.007265 -0.015462 0.009980 -0.013866 
-0.007446 0.009895 -0.008369 0.009127 
0.000789 0.014613 -0.001192 0.014586 
-0.000048 -0.014566 0.001902 -0.014441 
-0.005312 0.004129 -0.005428 0.003975 
-0.005714 -0.006741 -0.005374 -0.007015 
-0.002298 -0.024546 0.007077 -0.023616 
-0.019173 -0.003346 -0.017831 -0.007801 
0.007379 0.014047 0.005058 0.015039 
-0.017130 0.015416 -0.021255 0.008906 
0.004134 0.020487 -0.001612 0.020837 
0.014508 -0.000818 0.014488 0.001121 
-0.003688 0.019368 -0.008292 0.017888 
0.018283 -0.015583 0.022642 -0.008029 
0.006607 -0.018047 0.010606 -0.016027 
-0.003102 0.004023 -0.003167 0.003972 
-0.016872 -0.007308 -0.014936 -0.010723 
0.013232 -0.001512 0.013318 -0.000021 
-0.017356 0.004101 -0.017826 0.000549 
0.005917 0.014872 0.003439 0.015632 
-0.006865 0.006473 -0.007218 0.006076 
-0.004113 0.009788 -0.004800 0.009470 
0.017081 -0.000130 0.016814 0.003007 
-0.013589 0.015956 -0.017445 0.011616 
-0.004777 -0.007955 -0.004337 -0.008203 
0.001310 -0.022699 0.008533 -0.021075 
-0.001536 -0.015956 0.001067 -0.015994 
0.003433 0.020345 -0.002104 0.020525 
0.015825 -0.000666 0.015732 0.001844 
-0.008637 -0.008125 -0.007881 -0.008860 
-0.019760 0.005481 -0.020506 0.000094 
0.016491 0.010645 0.013435 0.014310 
-0.015226 0.007304 -0.016290 0.004454 
-0.017331 -0.012358 -0.013130 -0.016753 
-0.011868 0.015547 -0.015248 0.012250 
-0.010580 -0.007144 -0.009788 -0.008195 
-0.016615 -0.004159 -0.015562 -0.007154 
0.000651 -0.015359 0.002931 -0.015091 
-0.007308 0.005445 -0.007584 0.005054 
-0.016093 -0.000275 -0.015832 -0.002897 
0.007675 0.002363 0.007572 0.002674 
-0.006666 -0.017661 -0.002549 -0.018704 
0.004458 -0.004391 0.004566 -0.004279 
0.009672 0.015938 0.005963 0.017664 
0.006500 0.003339 0.006384 0.003557 
-0.010064 -0.007170 -0.009326 -0.008107 
-0.019410 -0.003261 -0.018039 -0.007873 
-0.007306 -0.007068 -0.006829 -0.007530 
-0.017301 -0.014403 -0.011881 -0.019121 
-0.010637 0.018371 -0.015374 0.014638 
-0.016509 -0.012129 -0.012748 -0.016035 
0.000222 -0.009390 0.000746 -0.009363 
-0.013619 0.015543 -0.017274 0.011344 
0.017099 0.011297 0.013533 0.015390 
-0.004947 0.007751 -0.005354 0.007475 
0.006873 0.007021 0.006431 0.007428 
0.015480 0.008957 0.013364 0.011885 
-0.018998 -0.000286 -0.018440 -0.004580 
-0.002291 0.005394 -0.002408 0.005343 
0.002972 -0.018828 0.007184 -0.017656 
0.001965 -0.006555 0.002158 -0.006494 
0.003715 0.021570 -0.002891 0.021696 
0.020873 0.001505 0.019665 0.007157 
0.019963 0.002629 0.018643 0.007607 
-0.014785 -0.019364 -0.006653 -0.023438 
-0.022711 -0.002534 -0.020661 -0.009764 
0.000502 0.022523 -0.006632 0.021531 
0.009343 0.017645 0.004645 0.019418 
0.002977 0.022682 -0.004558 0.022418 
0.020047 0.006883 0.017313 0.012228 
0.005424 -0.004325 0.005553 -0.004158 
0.018931 -0.006220 0.019883 -0.001320 
-0.016670 -0.010182 -0.013753 -0.013872 
0.013855 -0.014328 0.016982 -0.010433 
-0.010787 -0.017028 -0.006104 -0.019211 
0.003321 -0.016841 0.006385 -0.015934 
0.014904 0.001590 0.014529 0.003685 
-0.007430 0.009522 -0.008276 0.008797 
0.002376 0.019963 -0.002750 0.019915 
0.018257 0.000628 0.017720 0.004440 
0.006994 -0.009418 0.007786 -0.008774 
-0.000886 -0.024004 0.007740 -0.022739 
-0.017683 -0.013348 -0.012759 -0.018113 
-0.004085 0.027082 -0.016009 0.022223 
0.018422 0.002677 0.017399 0.006619 
-0.009164 -0.009525 -0.008058 -0.010478 
0.006923 0.015066 0.004212 0.016037 
-0.003253 0.005826 -0.003416 0.005732 
0.006640 -0.006991 0.007040 -0.006589 
0.004659 -0.022529 0.011804 -0.019747 
-0.018744 0.000696 -0.018435 -0.003459 
-0.006226 0.010637 -0.007218 0.009991 
0.017620 0.014951 0.011669 0.019946 
0.011523 -0.023606 0.020423 -0.016521 
0.018133 -0.015203 0.022281 -0.007969 
0.009436 -0.018515 0.014082 -0.015282 
0.026765 0.008387 0.019514 0.020147 
0.013732 -0.003015 0.014001 -0.001278 
-0.009914 0.014028 -0.012346 0.011944 
0.009807 -0.019243 0.014980 -0.015559 
0.015417 0.010641 0.012696 0.013774 
-0.012710 0.014132 -0.015581 0.010885 
0.009682 0.011734 0.007867 0.013021 
0.007011 -0.007977 0.007562 -0.007457 
0.005352 -0.005731 0.005571 -0.005518 
0.019026 -0.003806 0.019387 0.000791 
-0.013604 -0.011524 -0.011028 -0.014009 
0.000148 0.021393 -0.005965 0.020545 
0.008671 0.011805 0.006994 0.012870 
-0.022364 0.001128 -0.021600 -0.005904 
-0.018608 0.014732 -0.022579 0.007315 
-0.009218 0.016300 -0.012579 0.013872 
-0.012688 -0.011051 -0.010516 -0.013135 
0.004389 0.016702 0.001179 0.017229 
0.016047 -0.015235 0.019927 -0.009619 
-0.000126 -0.022691 0.007142 -0.021539 
-0.011751 -0.012322 -0.009307 -0.014258 
-0.008153 0.006325 -0.008560 0.005762 
-0.018960 0.014674 -0.022940 0.006970 
-0.003275 0.019332 -0.007835 0.017974 
0.018113 -0.010655 0.020348 -0.005247 
0.009285 -0.010797 0.010590 -0.009520 
-0.013158 0.011588 -0.015150 0.008826 
0.006447 0.007491 0.005972 0.007874 
0.026434 0.006438 0.020683 0.017676 
0.011053 -0.008547 0.012022 -0.007121 
0.003805 0.019330 -0.001008 0.019675 
0.013929 -0.009124 0.015307 -0.006553 
0.019240 0.003388 0.017872 0.007890 
-0.016550 -0.012099 -0.012789 -0.016023 
0.003499 -0.004813 0.003606 -0.004733 
0.024048 0.013677 0.014917 0.023299 
0.006867 0.012313 0.005269 0.013077 
-0.006656 -0.004059 -0.006495 -0.004312 
0.006455 0.005959 0.006156 0.006266 
0.006452 0.006502 0.006098 0.006835 
0.016612 0.014189 0.011641 0.018488 
0.004067 -0.021248 0.010089 -0.019136 
-0.019369 -0.003940 -0.017816 -0.008559 
-0.014302 -0.016261 -0.008923 -0.019732 
-0.016668 -0.002611 -0.015931 -0.005554 
0.003079 -0.017738 0.006626 -0.016739 
0.021253 0.002043 0.019794 0.008003 
0.021364 0.000588 0.020310 0.006651 
0.020796 0.007879 0.017362 0.013897 
0.003795 -0.003779 0.003863 -0.003709 
0.006801 0.016042 0.003614 0.017046 
-0.002553 0.008308 -0.002947 0.008176 
0.014289 -0.008952 0.015660 -0.006251 
0.009977 0.014031 0.007186 0.015645 
-0.011806 0.019781 -0.017664 0.014787 
-0.025829 -0.006339 -0.020543 -0.016891 
-0.009482 0.010392 -0.010706 0.009127 
0.014027 -0.015510 0.017730 -0.011089 
-0.014459 -0.012140 -0.011378 -0.015066 
-0.002495 0.021646 -0.008787 0.019939 
0.006043 0.018486 0.001489 0.019392 
0.006501 -0.026272 0.017558 -0.020596 
-0.015637 -0.013800 -0.011299 -0.017529 
-0.014341 0.016208 -0.018448 0.011314 
0.017696 0.012821 0.013080 0.017506 
0.010026 -0.026124 0.021238 -0.018219 
-0.005194 -0.014954 -0.002768 -0.015586 
0.005588 0.018691 0.000971 0.019484 
0.008092 -0.017169 0.011762 -0.014897 
-0.003357 0.004125 -0.003430 0.004064 
-0.023462 -0.012591 -0.015682 -0.021519 
-0.017137 -0.014848 -0.011494 -0.019545 
-0.013099 0.019200 -0.018776 0.013700 
0.019560 0.009713 0.015790 0.015087 
-0.013208 0.023903 -0.022629 0.015289 
-0.009129 0.015466 -0.012074 0.013295 
0.023862 -0.003108 0.023392 0.005646 
0.007192 -0.019600 0.012257 -0.016902 
0.028430 0.010394 0.018092 0.024269 
0.027850 0.010710 0.017829 0.023925 
0.020786 0.000092 0.019989 0.005699 
-0.017257 -0.001437 -0.016677 -0.004665 
0.015153 0.007304 0.013610 0.009886 
-0.008468 -0.000217 -0.008449 -0.000601 
0.019455 0.008368 0.016334 0.013480 
0.003306 -0.008431 0.003739 -0.008249 
-0.009451 -0.008327 -0.008569 -0.009232 
-0.016017 0.000530 -0.015892 -0.002068 
0.017299 0.003060 0.016377 0.006358 
0.008443 0.006394 0.007968 0.006977 
0.015575 -0.000247 0.015429 0.002137 
-0.008844 0.020045 -0.014433 0.016483 
0.007661 0.001641 0.007592 0.001938 
-0.009870 -0.018055 -0.004740 -0.020023 
-0.000288 -0.014171 0.001510 -0.014093 
0.013124 0.011271 0.010768 0.013540 
0.000525 -0.014773 0.002556 -0.014560 
0.011392 0.018110 0.005747 0.020609 
0.014171 0.018388 0.007206 0.022069 
0.020026 0.008213 0.016754 0.013703 
-0.003275 0.026468 -0.014461 0.022409 
0.019304 0.012763 0.013965 0.018453 
0.002086 0.023086 -0.005730 0.022460 
0.009012 0.016261 0.005270 0.017828 
-0.007632 0.019665 -0.012794 0.016771 
0.007427 0.003374 0.007278 0.003683 
0.005517 -0.005150 0.005699 -0.004948 
0.004711 0.004769 0.004574 0.004901 
-0.005710 -0.004687 -0.005544 -0.004882 
0.012464 -0.010905 0.014160 -0.008589 
-0.015206 -0.003572 -0.014476 -0.005868 
0.004575 -0.005540 0.004754 -0.005387 
0.006465 0.015640 0.003540 0.016549 
-0.016261 0.009542 -0.017979 0.005675 
-0.003171 0.005229 -0.003293 0.005152 
0.005208 -0.006577 0.005495 -0.006339 
0.016414 -0.002643 0.016623 0.000253 
-0.019438 0.005315 -0.020151 0.000201 
0.023189 0.013695 0.014725 0.022550 
0.015452 0.015672 0.010004 0.019604 
0.018185 -0.007940 0.019581 -0.003212 
-0.020938 -0.003705 -0.019042 -0.009462 
0.001103 0.021018 -0.004754 0.020504 
0.007129 0.014798 0.004512 0.015793 
-0.005345 0.008725 -0.005911 0.008352 
0.010098 0.005261 0.009633 0.006070 
0.017577 -0.011737 0.020153 -0.006370 
0.012242 -0.008140 0.013238 -0.006395 
0.000437 0.021866 -0.006099 0.021003 
0.009695 0.014924 0.006530 0.016555 
-0.002577 0.026406 -0.013700 0.022721 
0.025073 0.008932 0.018726 0.018914 
0.017111 -0.000964 0.016995 0.002214 
0.002347 -0.006907 0.002578 -0.006824 
-0.007755 0.005031 -0.008015 0.004605 
-0.014848 0.010901 -0.016829 0.007488 
-0.020852 -0.003352 -0.019094 -0.009025 
0.024935 0.005926 0.020421 0.015487 
0.017857 -0.008887 0.019508 -0.004160 
0.015533 0.002341 0.014980 0.004727 
0.003549 0.015164 0.001190 0.015529 
-0.003850 -0.020447 0.001824 -0.020726 
-0.016265 0.002238 -0.016409 -0.000555 
0.013227 -0.022136 0.021113 -0.014805 
0.011528 -0.007846 0.012403 -0.006372 
0.006239 0.018430 0.001689 0.019384 
0.003397 -0.017994 0.007110 -0.016875 
-0.012146 0.012002 -0.014141 0.009571 
0.006383 0.007466 0.005916 0.007842 
0.020223 0.012589 0.014512 0.018891 
0.003109 0.023710 -0.005483 0.023275 
0.018798 0.001663 0.017951 0.005820 
-0.015159 -0.005766 -0.013995 -0.008197 
0.006621 0.007769 0.006095 0.008188 
0.015273 0.018849 0.007370 0.023113 
0.027553 0.010101 0.018329 0.022918 
0.016148 0.009588 0.013626 0.012924 
-0.016267 0.005383 -0.016981 0.002287 
-0.006861 -0.012842 -0.005082 -0.013644 
0.007478 0.003853 0.007298 0.004184 
0.003559 -0.008050 0.003949 -0.007866 
-0.006815 -0.005129 -0.006571 -0.005437 
0.008116 0.003476 0.007934 0.003872 
-0.012281 -0.016383 -0.007557 -0.019029 
-0.017991 -0.003653 -0.016811 -0.007377 
-0.006122 -0.002850 -0.006037 -0.003025 
0.008407 0.007011 0.007852 0.007628 
0.018773 -0.002093 0.018765 0.002161 
-0.006673 -0.015892 -0.003586 -0.016859 
0.010448 -0.011970 0.012218 -0.010156 
-0.017566 -0.003567 -0.016484 -0.007039 
-0.003917 -0.002994 -0.003871 -0.003054 
0.019046 0.000966 0.018324 0.005284 
0.006228 -0.008241 0.006770 -0.007803 
0.003597 -0.009717 0.004248 -0.009451 
-0.017885 -0.001211 -0.017273 -0.004797 
0.012446 -0.019811 0.018431 -0.014411 
0.003632 -0.009152 0.004186 -0.008912 
-0.005092 -0.006358 -0.004821 -0.006566 
0.004869 -0.006210 0.005110 -0.006014 
0.011147 0.006394 0.010419 0.007522 
0.007140 -0.026848 0.018900 -0.020362 
-0.013088 -0.009690 -0.011286 -0.011740 
0.016030 0.005643 0.014738 0.008462 
-0.018950 0.005939 -0.019830 0.001076 
0.017408 0.012717 0.012975 0.017216 
0.009692 -0.025535 0.020242 -0.018338 
0.003716 -0.019156 0.008179 -0.017717 
0.012389 -0.011091 0.014130 -0.008766 
-0.007787 -0.008691 -0.007011 -0.009329 
-0.019783 -0.004489 -0.017961 -0.009430 
0.014361 0.015644 0.009377 0.019054 
0.020830 -0.003655 0.021022 0.002306 
0.001727 -0.020791 0.007315 -0.019539 
0.008302 -0.014833 0.010860 -0.013077 
0.000057 0.014779 -0.001979 0.014646 
0.006581 -0.009366 0.007333 -0.008789 
0.002106 -0.021727 0.008462 -0.020122 
-0.002198 -0.016540 0.000734 -0.016669 
0.026104 0.005761 0.020965 0.016585 
0.018542 -0.014347 0.022321 -0.007170 
0.004913 -0.017101 0.008217 -0.015782 
-0.000197 0.014348 -0.002059 0.014201 
-0.015333 -0.011685 -0.012189 -0.014935 
0.011377 -0.006286 0.011982 -0.005036 
-0.004405 0.017342 -0.007804 0.016102 
-0.008473 0.006676 -0.008941 0.006035 
-0.014323 0.011157 -0.016322 0.007950 
0.003410 0.002438 0.003382 0.002476 
-0.014414 0.016419 -0.018645 0.011389 
0.022858 0.012879 0.015292 0.021320 
0.012765 0.018852 0.006013 0.021959 
0.014366 0.017495 0.008045 0.021159 
0.020046 0.012557 0.014451 0.018727 
0.000404 0.021713 -0.005997 0.020873 
0.008595 0.017223 0.004360 0.018748 
0.003779 0.017285 0.000304 0.017691 
0.015398 -0.009918 0.017141 -0.006452 
0.005844 -0.006450 0.006147 -0.006163 
0.015117 -0.006926 0.016092 -0.004190 
0.013762 0.017960 0.007331 0.021406 
0.019285 -0.005750 0.020113 -0.000675 
-0.016353 -0.009945 -0.013632 -0.013434 
0.014709 -0.008460 0.015998 -0.005655 
0.023025 0.002601 0.020843 0.010124 
-0.004363 -0.020333 0.001293 -0.020756 
-0.018458 -0.003059 -0.017336 -0.007038 
-0.016503 -0.015117 -0.010971 -0.019506 
-0.009881 0.012553 -0.011771 0.010801 
0.009631 -0.015788 0.012796 -0.013352 
0.014903 0.010359 0.012438 0.013219 
-0.003916 -0.023869 0.004983 -0.023669 
-0.026525 -0.010233 -0.018125 -0.021905 
-0.022426 -0.002007 -0.020650 -0.008975 
-0.002508 0.013138 -0.003976 0.012770 
-0.004347 -0.002221 -0.004313 -0.002287 
0.010447 -0.027332 0.023042 -0.018034 
0.005226 -0.025823 0.015709 -0.021151 
-0.007482 -0.011502 -0.006062 -0.012309 
0.004509 0.002812 0.004458 0.002892 
-0.012030 0.017954 -0.016737 0.013673 
-0.007638 -0.007175 -0.007121 -0.007688 
-0.008501 -0.012221 -0.006710 -0.013289 
0.022363 0.000800 0.021001 0.007726 
0.012545 -0.007863 0.013511 -0.006053 
0.000584 0.013657 -0.001031 0.013631 
0.001007 -0.018860 0.005201 -0.018156 
-0.008722 -0.004000 -0.008474 -0.004501 
-0.003238 0.004944 -0.003346 0.004871 
-0.011056 -0.017304 -0.006104 -0.019606 
-0.007798 -0.007058 -0.007285 -0.007586 
-0.023798 -0.013667 -0.014880 -0.023059 
-0.006845 -0.013549 -0.004804 -0.014399 
0.017980 0.004350 0.016626 0.008110 
0.006933 0.005847 0.006620 0.006200 
0.009475 0.006933 0.008835 0.007732 
0.022084 -0.000359 0.021150 0.006366 
0.011925 -0.007797 0.012825 -0.006206 
-0.003541 0.014673 -0.005612 0.014012 
-0.008107 -0.001961 -0.008013 -0.002315 
0.007397 0.012917 0.005520 0.013824 
-0.009300 -0.007602 -0.008569 -0.008418 
-0.017346 -0.000583 -0.016922 -0.003858 
0.009706 0.002843 0.009501 0.003465 
-0.000353 -0.020923 0.005383 -0.020222 
-0.007789 -0.015860 -0.004526 -0.017080 
0.016806 -0.010452 0.018857 -0.006011 
0.003466 -0.005161 0.003591 -0.005074 
0.020250 0.008628 0.016703 0.014336 
0.002151 -0.010632 0.002936 -0.010442 
-0.019404 0.000002 -0.018857 -0.004576 
-0.003910 0.009252 -0.004492 0.008984 
0.019623 0.003615 0.018103 0.008391 
0.009444 0.019099 0.003647 0.020992 
-0.003531 0.013884 -0.005298 0.013310 
-0.005248 -0.007707 -0.004816 -0.007984 
0.003958 -0.019384 0.008588 -0.017823 
0.004134 -0.009063 0.004694 -0.008786 
-0.006131 -0.004061 -0.005989 -0.004268 
0.018915 0.003199 0.017666 0.007477 
0.006501 0.007818 0.005976 0.008226 
0.027052 0.003503 0.022521 0.015391 
0.007409 -0.019169 0.012207 -0.016533 
-0.007096 -0.007283 -0.006605 -0.007732 
-0.006374 -0.015599 -0.003485 -0.016487 
0.012305 -0.010603 0.013896 -0.008412 
-0.010015 -0.007585 -0.009209 -0.008545 
-0.022881 0.000495 -0.021798 -0.006976 
-0.017449 0.008838 -0.019059 0.004398 
-0.014685 -0.002674 -0.014164 -0.004710 
0.005612 -0.007352 0.006002 -0.007037 
0.002284 -0.005936 0.002435 -0.005875 
0.017203 0.008050 0.014936 0.011733 
-0.016067 0.004555 -0.016617 0.001665 
0.010859 0.012852 0.008396 0.014581 
0.001425 -0.005789 0.001555 -0.005756 
0.002040 0.021317 -0.004143 0.021010 
0.023759 -0.003073 0.023302 0.005565 
0.010351 -0.019454 0.015749 -0.015413 
0.016486 0.012564 0.012508 0.016529 
-0.001079 0.008791 -0.001514 0.008727 
0.011255 -0.010397 0.012670 -0.008617 
-0.012710 0.019663 -0.018636 0.014173 
-0.005999 0.004248 -0.006141 0.004041 
-0.007690 -0.004624 -0.007444 -0.005010 
0.007744 0.003380 0.007584 0.003726 
0.000503 -0.011128 0.001374 -0.011054 
-0.004113 0.026447 -0.015277 0.021977 
0.015372 0.011125 0.012463 0.014309 
-0.018259 0.012145 -0.021058 0.006118 
-0.015543 0.011477 -0.017796 0.007522 
-0.003460 0.004430 -0.003548 0.004360 
-0.027852 -0.003397 -0.022846 -0.016289 
-0.009197 0.025663 -0.019826 0.018712 
0.005351 0.020732 -0.000802 0.021396 
0.018950 -0.007380 0.020214 -0.002227 
-0.016161 -0.008346 -0.014075 -0.011521 
0.017865 -0.015799 0.022284 -0.008498 
0.003728 -0.028221 0.017091 -0.022765 
-0.014868 -0.009559 -0.012702 -0.012292 
0.013225 -0.015435 0.016765 -0.011493 
-0.009386 -0.018081 -0.004372 -0.019897 
-0.001509 -0.022224 0.005427 -0.021604 
-0.007035 -0.015148 -0.004267 -0.016148 
0.012136 -0.007694 0.013035 -0.006048 
-0.002156 0.005655 -0.002286 0.005604 
0.001821 -0.022283 0.008661 -0.020612 
-0.000780 -0.022764 0.006600 -0.021800 
-0.011879 -0.017832 -0.006275 -0.020487 
-0.010191 -0.017033 -0.005675 -0.019020 
-0.005679 -0.004380 -0.005533 -0.004562 
0.000229 -0.011070 0.001086 -0.011018 
-0.012903 0.021152 -0.019953 0.014691 
-0.023529 0.004435 -0.023572 -0.004201 
-0.009676 0.028041 -0.023031 0.018695 
-0.005593 0.025674 -0.015929 0.020897 
0.014388 0.015708 0.009352 0.019139 
0.018283 -0.000466 0.017973 0.003384 
0.000077 -0.006309 0.000236 -0.006305 
-0.001585 0.015581 -0.003974 0.015149 
-0.022844 -0.001140 -0.021234 -0.008501 
-0.016769 -0.011839 -0.013058 -0.015838 
0.006122 -0.007221 0.006522 -0.006862 
0.000861 -0.005219 0.000953 -0.005203 
0.022968 0.001642 0.021148 0.009111 
-0.027960 -0.002564 -0.023328 -0.015625 
-0.001204 0.017715 -0.004690 0.017125 
0.006619 -0.017232 0.010152 -0.015417 
-0.009394 0.007157 -0.009988 0.006301 
-0.001606 0.020079 -0.006651 0.019014 
0.010663 -0.020429 0.016802 -0.015772 
0.002258 -0.004484 0.002329 -0.004447 
0.026998 0.010468 0.017992 0.022688 
0.019094 0.012520 0.014010 0.018029 
0.007545 0.017513 0.003353 0.018772 
0.011402 -0.018300 0.016217 -0.014209 
0.016233 0.006619 0.014649 0.009630 
-0.003973 -0.002981 -0.003926 -0.003043 
0.010231 -0.012550 0.012162 -0.010689 
-0.011285 0.014763 -0.014216 0.011967 
0.020098 0.002030 0.018914 0.007093 
0.029266 0.003146 0.023340 0.017935 
0.002654 -0.018294 0.006516 -0.017299 
-0.010707 0.019872 -0.016450 0.015457 
-0.004028 0.008661 -0.004521 0.008414 
0.003173 0.001140 0.003165 0.001163 
-0.005190 0.020021 -0.010353 0.017905 
0.015831 -0.008958 0.017347 -0.005473 
0.019097 -0.006994 0.020256 -0.001815 
-0.019422 -0.003998 -0.017840 -0.008656 
0.021026 0.011145 0.015783 0.017810 
0.012840 0.005533 0.012060 0.007074 
0.010303 -0.019014 0.015399 -0.015184 
0.016993 0.010784 0.013705 0.014739 
-0.005384 0.013470 -0.007124 0.012636 
0.018713 0.003110 0.017528 0.007253 
-0.016207 -0.007061 -0.014504 -0.010107 
0.007233 0.007719 0.006669 0.008212 
0.020975 0.011091 0.015792 0.017708 
0.012493 0.004362 0.011934 0.005716 
0.005691 -0.026071 0.016475 -0.020992 
-0.015988 -0.013100 -0.011910 -0.016894 
-0.012851 0.008454 -0.013968 0.006443 
0.006948 -0.007939 0.007490 -0.007430 
0.003905 -0.020606 0.009415 -0.018740 
-0.011937 0.015577 -0.015342 0.012237 
-0.010486 -0.001727 -0.010336 -0.002471 
-0.001089 0.018601 -0.005116 0.017917 
0.004800 0.003451 0.004722 0.003556 
-0.011440 0.017239 -0.015635 0.013551 
-0.006934 -0.012306 -0.005329 -0.013081 
0.003763 0.003644 0.003699 0.003709 
-0.013215 0.007074 -0.014084 0.005131 
0.005912 -0.007624 0.006350 -0.007263 
0.002115 -0.006716 0.002324 -0.006647 
0.002026 0.023255 -0.005951 0.022571 
0.025084 0.009479 0.018368 0.019536 
0.018369 0.003330 0.017196 0.007267 
0.015318 0.017212 0.008789 0.021299 
0.017613 -0.005403 0.018360 -0.001525 
-0.017095 -0.011941 -0.013209 -0.016136 
0.007902 -0.006728 0.008341 -0.006174 
0.016675 -0.009084 0.018297 -0.005079 
0.019039 -0.006594 0.020089 -0.001541 
-0.023348 -0.012514 -0.015710 -0.021329 
-0.014422 -0.017958 -0.007703 -0.021706 
-0.020052 -0.011978 -0.014817 -0.018055 
0.002169 -0.020820 0.007784 -0.019432 
0.001412 -0.021420 0.007508 -0.020110 
-0.009314 0.018160 -0.013723 0.015107 
-0.027225 -0.010990 -0.017576 -0.023517 
-0.014655 -0.009210 -0.012657 -0.011806 
0.011847 -0.005104 0.012318 -0.003831 
-0.004033 0.017685 -0.007600 0.016470 
-0.003045 0.006134 -0.003226 0.006041 
0.001318 -0.007091 0.001551 -0.007044 
0.000770 0.015207 -0.001461 0.015156 
0.003825 -0.019364 0.008434 -0.017845 
0.010217 -0.010001 0.011421 -0.008600 
-0.015932 0.005924 -0.016743 0.002930 
-0.007443 -0.007103 -0.006951 -0.007585 
-0.007301 -0.007221 -0.006804 -0.007692 
-0.015301 -0.019000 -0.007244 -0.023294 
-0.024060 -0.012636 -0.015790 -0.022119 
-0.009524 -0.017727 -0.004721 -0.019562 
0.003247 -0.019172 0.007697 -0.017857 
0.000925 -0.008983 0.001387 -0.008924 
-0.012244 0.014489 -0.015198 0.011352 
0.019078 -0.005766 0.019913 -0.000841 
-0.018542 -0.005018 -0.016878 -0.009171 
0.014671 0.014116 0.010510 0.017436 
0.011607 -0.008506 0.012619 -0.006917 
-0.002406 0.021404 -0.008495 0.019793 
-0.001620 0.021438 -0.007731 0.020061 
-0.007095 0.020685 -0.012935 0.017632 
0.003305 0.005554 0.003157 0.005640 
-0.003017 0.021142 -0.008909 0.019410 
0.003072 0.025425 -0.007438 0.024506 
0.020104 0.002607 0.018758 0.007688 
-0.024685 -0.006547 -0.019988 -0.015896 
-0.011001 0.007807 -0.011825 0.006492 
0.006104 -0.009531 0.006856 -0.009005 
0.000267 -0.021880 0.006782 -0.020805 
0.011478 -0.016352 0.015199 -0.012966 
0.009232 0.006556 0.008671 0.007282 
0.018205 0.002575 0.017244 0.006380 
0.006643 0.003791 0.006498 0.004035 
0.002372 -0.008908 0.002847 -0.008768 
-0.012448 0.012578 -0.014680 0.009882 
0.007416 -0.017222 0.011033 -0.015162 
-0.006086 0.010405 -0.007016 0.009802 
0.017033 0.013914 0.012050 0.018399 
0.012374 -0.019487 0.018123 -0.014297 
0.019603 -0.004611 0.020131 0.000514 
-0.002812 -0.022816 0.004830 -0.022476 
-0.019519 -0.011561 -0.014795 -0.017197 
-0.006662 -0.003302 -0.006542 -0.003533 
0.004866 0.003648 0.004779 0.003761 
-0.011991 0.010284 -0.013459 0.008271 
0.012437 -0.007570 0.013337 -0.005839 
-0.008195 0.006438 -0.008618 0.005860 
-0.015038 0.007794 -0.016198 0.004952 
-0.017561 -0.014114 -0.012209 -0.018934 
-0.003414 0.028040 -0.016549 0.022892 
0.014647 0.006368 0.013434 0.008638 
-0.010401 -0.002026 -0.010231 -0.002759 
-0.002831 0.015955 -0.005431 0.015267 
-0.018977 -0.003568 -0.017617 -0.007903 
-0.012212 -0.018546 -0.005930 -0.021399 
-0.013028 -0.012413 -0.010231 -0.014804 
0.001483 0.013438 -0.000078 0.013520 
-0.011374 -0.010727 -0.009586 -0.012351 
0.009454 0.015444 0.006071 0.017060 
-0.010828 0.019264 -0.016172 0.015060 
-0.021289 -0.011799 -0.015492 -0.018774 
-0.004668 -0.004144 -0.004565 -0.004258 
0.018689 -0.015250 0.022924 -0.007504 
0.010331 -0.021156 0.016971 -0.016319 
0.000909 -0.009992 0.001543 -0.009914 
-0.014346 -0.001527 -0.014021 -0.003397 
0.015553 -0.006272 0.016417 -0.003421 
0.005955 0.003315 0.005855 0.003489 
-0.019364 -0.004197 -0.017738 -0.008829 
-0.009260 -0.011279 -0.007661 -0.012420 
0.009472 0.016029 0.005759 0.017705 
0.004284 0.005200 0.004133 0.005321 
-0.005027 0.004988 -0.005183 0.004826 
-0.008330 -0.014048 -0.005852 -0.015247 
0.008365 0.001997 0.008262 0.002386 
-0.014769 -0.018438 -0.007483 -0.022407 
-0.015866 -0.011390 -0.012684 -0.014851 
0.008270 -0.007087 0.008778 -0.006447 
0.018751 -0.011769 0.021448 -0.005486 
0.009781 -0.012416 0.011613 -0.010722 
-0.008418 0.016553 -0.011801 0.014339 
0.003244 -0.004154 0.003317 -0.004097 
0.021461 0.007289 0.018011 0.013760 
0.005415 -0.014671 0.007611 -0.013662 
-0.021747 -0.002943 -0.019862 -0.009331 
0.018640 0.013404 0.013226 0.018767 
0.000403 0.013901 -0.001297 0.013846 
-0.015739 -0.018279 -0.008107 -0.022719 
-0.019415 0.009491 -0.021337 0.003426 
0.029499 0.002777 0.023601 0.017913 
0.002563 -0.021974 0.009137 -0.020148 
-0.013307 0.003351 -0.013611 0.001746 
0.008968 -0.017250 0.012799 -0.014635 
0.015176 0.018133 0.007956 0.022267 
0.028134 0.009561 0.018791 0.023017 
0.027213 0.001386 0.023638 0.013553 
0.005096 -0.020539 0.010634 -0.018296 
-0.005421 -0.003544 -0.005325 -0.003687 
0.011200 -0.017409 0.015453 -0.013774 
0.011105 0.005744 0.010483 0.006813 
0.010405 -0.012312 0.012279 -0.010443 
-0.013915 0.015968 -0.017829 0.011433 
0.016595 0.011878 0.012929 0.015790 
-0.012307 0.010295 -0.013813 0.008163 
0.007463 0.004133 0.007265 0.004472 
0.002606 -0.006252 0.002787 -0.006174 
-0.003546 0.016652 -0.006523 0.015727 
-0.005523 -0.005472 -0.005310 -0.005680 
0.017043 -0.006956 0.018133 -0.003171 
0.004952 0.002950 0.004889 0.003054 
-0.008677 -0.006119 -0.008219 -0.006722 
-0.008025 -0.004660 -0.007760 -0.005090 
-0.006204 0.010108 -0.007078 0.009517 
0.013872 0.014934 0.009516 0.018025 
0.018226 -0.013998 0.021808 -0.007247 
0.011188 -0.016494 0.014938 -0.013194 
0.003284 0.005235 0.003157 0.005312 
-0.001753 0.020573 -0.007171 0.019362 
-0.009851 0.027805 -0.022941 0.018545 
-0.006435 0.015135 -0.008918 0.013818 
-0.000854 -0.019001 0.003479 -0.018700 
-0.006525 -0.001172 -0.006490 -0.001353 
0.022063 0.001849 0.020446 0.008494 
0.017735 -0.003993 0.018178 -0.000225 
-0.011946 -0.017785 -0.006354 -0.020461 
-0.010053 -0.014206 -0.007164 -0.015860 
0.009749 -0.019914 0.015375 -0.015975 
0.028069 0.010721 0.017819 0.024193 
0.018523 0.013623 0.013025 0.018948 
-0.002701 0.013935 -0.004450 0.013478 
-0.006770 -0.002390 -0.006689 -0.002610 
0.005830 0.006715 0.005487 0.006998 
0.026598 0.007320 0.020185 0.018805 
0.008652 -0.011968 0.010216 -0.010664 
-0.010225 0.026499 -0.021867 0.018127 
0.004361 0.019711 -0.000809 0.020171 
0.016094 0.003683 0.015223 0.006390 
0.000121 0.014248 -0.001705 0.014146 
-0.015157 -0.015988 -0.009616 -0.019821 
-0.016510 -0.003075 -0.015703 -0.005956 
0.001430 -0.014105 0.003207 -0.013810 
0.007452 0.013175 0.005471 0.014113 
-0.005216 -0.006481 -0.004928 -0.006703 
0.003213 -0.005335 0.003343 -0.005255 
0.015042 0.013245 0.011229 0.016601 
-0.000260 -0.016197 0.002420 -0.016017 
0.021358 0.004243 0.019150 0.010364 
-0.004092 -0.019216 0.000675 -0.019635 
-0.015846 0.001034 -0.015809 -0.001497 
0.010223 0.004473 0.009840 0.005264 
0.012414 -0.008132 0.013424 -0.006329 
-0.002696 0.004632 -0.002779 0.004583 
-0.012673 -0.010353 -0.010746 -0.012341 
0.019984 0.003960 0.018271 0.009011 
-0.016339 -0.016636 -0.009772 -0.021171 
-0.018150 0.005802 -0.018994 0.001518 
0.025904 0.009135 0.018813 0.020014 
0.015738 0.002208 0.015187 0.004684 
-0.002285 0.014640 -0.004290 0.014182 
-0.009213 -0.007861 -0.008445 -0.008681 
-0.021735 -0.011570 -0.015826 -0.018863 
-0.005155 -0.007228 -0.004788 -0.007476 
0.001276 -0.021918 0.007798 -0.020524 
0.001221 -0.014982 0.003343 -0.014655 
0.009562 0.015321 0.006220 0.016955 
0.005211 0.001994 0.005171 0.002096 
-0.022035 0.001423 -0.021427 -0.005334 
-0.018919 0.009790 -0.020917 0.004033 
-0.020900 0.003668 -0.021089 -0.002353 
0.000716 0.021267 -0.005323 0.020603 
0.009165 0.018343 0.004021 0.020107 
-0.002175 0.021595 -0.008420 0.020004 
-0.001205 0.020913 -0.006890 0.019782 
-0.003224 0.018729 -0.007383 0.017512 
-0.007928 0.006654 -0.008360 0.006101 
-0.016528 0.008605 -0.018006 0.004797 
-0.015077 -0.014405 -0.010597 -0.017959 
-0.013225 0.010961 -0.015030 0.008316 
0.005502 0.002832 0.005431 0.002964 
-0.014750 0.020599 -0.021687 0.013098 
-0.015356 0.000587 -0.015272 -0.001705 
0.007416 0.003581 0.007255 0.003895 
0.002702 -0.009845 0.003345 -0.009646 
-0.017472 0.002500 -0.017624 -0.000970 
0.014955 -0.001573 0.015026 0.000575 
-0.014193 0.023764 -0.023630 0.014414 
-0.012008 0.007307 -0.012825 0.005753 
0.005217 -0.018913 0.009623 -0.017097 
0.017121 -0.014875 0.020978 -0.008621 
-0.004536 -0.023811 0.004422 -0.023833 
-0.027168 -0.009985 -0.018393 -0.022350 
-0.020689 -0.006356 -0.017931 -0.012121 
-0.004031 0.003615 -0.004098 0.003539 
-0.021195 -0.006990 -0.017985 -0.013215 
-0.006557 0.011277 -0.007731 0.010507 
0.015397 0.018934 0.007351 0.023271 
0.021687 0.000840 0.020485 0.007171 
-0.026339 -0.002500 -0.022727 -0.013544 
-0.012601 0.018886 -0.017986 0.013854 
-0.015211 -0.002018 -0.014743 -0.004253 
0.002678 -0.021309 0.008695 -0.019638 
0.003423 -0.018875 0.007685 -0.017576 
-0.017006 0.008528 -0.018498 0.004446 
-0.021164 -0.010858 -0.016018 -0.017585 
-0.009231 -0.003897 -0.008965 -0.004476 
-0.007732 0.005120 -0.007999 0.004692 
-0.015904 0.008218 -0.017233 0.004848 
-0.015126 -0.018619 -0.007505 -0.022784 
-0.021338 -0.002753 -0.019635 -0.008795 
-0.003428 0.017191 -0.006685 0.016205 
-0.004413 0.004549 -0.004527 0.004435 
-0.012505 -0.019162 -0.005594 -0.022187 
-0.009772 -0.016287 -0.005834 -0.018075 
0.010656 -0.017593 0.014929 -0.014149 
0.010458 -0.001581 0.010544 -0.000838 
-0.027270 -0.011137 -0.017453 -0.023729 
-0.018767 -0.008820 -0.015707 -0.013538 
0.010636 -0.027886 0.023887 -0.017893 
0.001996 -0.028117 0.015295 -0.023677 
-0.014102 -0.004911 -0.013271 -0.006845 
0.014256 0.001477 0.013945 0.003312 
-0.005951 0.003991 -0.006078 0.003796 
-0.016715 0.003681 -0.017107 0.000538 
0.009057 -0.019921 0.014587 -0.016312 
0.028351 0.011103 0.017469 0.024938 
0.026808 0.009021 0.019074 0.020886 
0.017132 0.003125 0.016221 0.006334 
0.013588 0.011406 0.011064 0.013869 
0.002860 -0.021528 0.009062 -0.019736 
0.007642 -0.015757 0.010537 -0.013988 
-0.003252 0.007088 -0.003522 0.006958 
0.005173 0.004876 0.005014 0.005038 
-0.005747 0.009397 -0.006450 0.008928 
0.010351 0.011667 0.008440 0.013115 
-0.010373 -0.012473 -0.008163 -0.014020 
0.019689 0.007655 0.016777 0.012837 
0.005834 -0.007429 0.006244 -0.007088 
0.004516 -0.008522 0.005009 -0.008242 
-0.012257 -0.005406 -0.011566 -0.006759 
-0.004813 0.019399 -0.009511 0.017579 
0.016396 -0.014570 0.020009 -0.008987 
-0.001492 -0.015503 0.000895 -0.015549 
-0.002151 0.005322 -0.002262 0.005276 
-0.002290 -0.022871 0.005339 -0.022356 
-0.022298 -0.012879 -0.015120 -0.020843 
-0.009209 -0.018421 -0.003995 -0.020203 
0.003279 -0.015080 0.005505 -0.014417 
0.006599 0.001468 0.006554 0.001658 
-0.015978 0.000634 -0.015872 -0.001948 
0.013693 -0.009145 0.015052 -0.006674 
0.018620 0.003671 0.017309 0.007782 
-0.025085 -0.008871 -0.018770 -0.018859 
-0.014776 0.002035 -0.014915 -0.000058 
0.008996 0.006265 0.008494 0.006930 
0.021238 -0.003255 0.021276 0.002997 
-0.003055 -0.022511 0.004326 -0.022302 
-0.016013 -0.010230 -0.013280 -0.013590 
0.014787 -0.005245 0.015421 -0.002888 
0.007386 0.011119 0.006088 0.011879 
-0.005150 -0.003166 -0.005076 -0.003285 
0.015463 -0.008157 0.016743 -0.005034 
0.011951 0.004410 0.011436 0.005611 
0.004739 -0.022344 0.011725 -0.019602 
-0.023366 0.000781 -0.022248 -0.007185 
-0.009752 0.011272 -0.011235 0.009795 
0.008834 -0.011652 0.010325 -0.010354 
-0.010939 0.011492 -0.012623 0.009612 
0.019129 -0.015065 0.023318 -0.007010 
0.005351 -0.026490 0.016598 -0.021327 
-0.007153 -0.011267 -0.005841 -0.012000 
0.022729 -0.000208 0.021592 0.007101 
0.017009 -0.009144 0.018675 -0.004915 
0.024345 -0.003870 0.024020 0.005543 
0.002737 -0.024563 0.011792 -0.021721 
-0.024924 0.004308 -0.024607 -0.005855 
-0.002474 0.027741 -0.015255 0.023302 
0.019152 0.010044 0.015392 0.015192 
-0.007143 0.019247 -0.011962 0.016685 
0.004731 0.006815 0.004430 0.007014 
-0.002543 0.017624 -0.006003 0.016764 
-0.004000 0.005651 -0.004169 0.005527 
-0.012009 -0.012267 -0.009527 -0.014281 
0.015470 0.008774 0.013417 0.011674 
-0.007438 -0.006414 -0.007033 -0.006855 
-0.005811 -0.005996 -0.005541 -0.006247 
0.003241 -0.016890 0.006326 -0.015993 
0.019511 -0.004230 0.019949 0.000771 
-0.017314 -0.013194 -0.012646 -0.017719 
-0.005835 0.024522 -0.014964 0.020285 
0.010305 0.011670 0.008402 0.013107 
0.007558 -0.006905 0.007999 -0.006389 
0.013831 -0.014106 0.016859 -0.010298 
-0.008609 -0.018061 -0.003809 -0.019642 
-0.000913 -0.019074 0.003472 -0.018777 
-0.007781 -0.008377 -0.007062 -0.008991 
-0.027451 -0.004770 -0.021957 -0.017152 
-0.012368 0.022847 -0.020719 0.015674 
-0.014695 0.006666 -0.015589 0.004166 
-0.015020 -0.017148 -0.008679 -0.021079 
-0.015771 0.000915 -0.015719 -0.001576 
0.007386 -0.019054 0.012105 -0.016464 
-0.009093 -0.003922 -0.008833 -0.004478 
-0.004449 0.008305 -0.004909 0.008043 
0.005958 0.006999 0.005576 0.007307 
0.019110 0.004673 0.017407 0.009166 
-0.005775 -0.014304 -0.003564 -0.015008 
0.010751 -0.013892 0.013241 -0.011542 
-0.018164 0.006007 -0.019058 0.001679 
0.022116 0.013148 0.014858 0.021005 
0.007752 0.011013 0.006440 0.011828 
-0.004003 -0.006299 -0.003779 -0.006436 
-0.003578 -0.024508 0.005963 -0.024039 
-0.020919 -0.001894 -0.019588 -0.007584 
0.015529 0.006637 0.014086 0.009316 
-0.012842 0.000109 -0.012784 -0.001230 
0.003702 -0.018228 0.007571 -0.016989 
-0.012668 0.006809 -0.013448 0.005098 
0.001578 -0.009096 0.002066 -0.008998 
-0.016799 -0.000388 -0.016463 -0.003367 
0.010467 0.005797 0.009900 0.006720 
0.014275 -0.014987 0.017766 -0.010618 
-0.015160 -0.014212 -0.010764 -0.017775 
-0.014976 0.007514 -0.016068 0.004750 
-0.015797 -0.016992 -0.009215 -0.021292 
-0.022229 0.004839 -0.022605 -0.002567 
0.006472 0.019404 0.001170 0.020422 
0.004714 -0.018198 0.008631 -0.016700 
-0.012222 0.014824 -0.015320 0.011593 
-0.007233 -0.007792 -0.006658 -0.008289 
-0.008046 -0.016771 -0.004212 -0.018118 
0.000389 -0.008027 0.000716 -0.008004 
0.001836 0.016922 -0.001279 0.016973 
-0.027617 -0.010531 -0.017977 -0.023461 
-0.015306 -0.008191 -0.013476 -0.010943 
0.017971 0.003895 0.016735 0.007622 
0.010253 0.012862 0.007912 0.014421 
0.002480 -0.005786 0.002624 -0.005722 
-0.007013 0.005954 -0.007322 0.005570 
-0.018358 0.014579 -0.022227 0.007452 
0.003185 0.024795 -0.006610 0.024109 
0.021110 0.002116 0.019666 0.007960 
-0.026278 -0.008926 -0.019041 -0.020191 
-0.024801 0.005412 -0.024915 -0.004864 
-0.006176 0.026366 -0.017321 0.020816 
0.017995 0.010969 0.014248 0.015529 
0.006132 -0.021031 0.012138 -0.018236 
-0.004942 -0.006038 -0.004706 -0.006224 
0.004117 -0.016515 0.007058 -0.015488 
0.014867 -0.000578 0.014802 0.001503 
-0.016327 -0.003419 -0.015476 -0.006226 
0.003107 -0.015031 0.005305 -0.014403 
0.005848 0.002284 0.005790 0.002429 
-0.005544 -0.003673 -0.005439 -0.003827 
0.013186 -0.023035 0.021828 -0.015101 
0.010875 -0.008748 0.011867 -0.007345 
0.002049 0.014111 0.000222 0.014258 
-0.028617 -0.003473 -0.023010 -0.017364 
-0.009492 0.018265 -0.013990 0.015099 
-0.026574 -0.005768 -0.021118 -0.017131 
-0.018101 0.011769 -0.020740 0.006000 
-0.012620 0.018129 -0.017531 0.013438 
0.019794 0.007444 0.016929 0.012673 
0.000123 -0.008808 0.000555 -0.008792 
-0.016139 0.015026 -0.019931 0.009434 
0.013450 0.009168 0.011732 0.011283 
-0.019136 -0.002980 -0.017899 -0.007394 
0.015793 0.012135 0.012285 0.015677 
-0.002564 0.011847 -0.003652 0.011558 
0.019054 -0.007823 0.020446 -0.002491 
-0.025820 -0.003455 -0.022039 -0.013889 
-0.005514 0.025201 -0.015331 0.020747 
0.011140 0.014540 0.007827 0.016560 
0.004612 0.005746 0.004412 0.005901 
-0.002140 0.020171 -0.007260 0.018941 
-0.007592 0.016446 -0.010819 0.014529 
0.001771 -0.022262 0.008592 -0.020613 
-0.005414 -0.017766 -0.001440 -0.018516 
-0.017425 0.008937 -0.019062 0.004490 
-0.018041 0.006205 -0.018982 0.001924 
0.015903 0.007666 0.014093 0.010633 
-0.010980 -0.006625 -0.010233 -0.007729 
-0.010436 0.012784 -0.012473 0.010805 
0.007381 -0.026197 0.018417 -0.020039 
-0.011994 -0.016752 -0.007119 -0.019335 
-0.011210 0.001486 -0.011293 0.000575 
0.020614 0.003584 0.018849 0.009084 
-0.024902 -0.005794 -0.020474 -0.015312 
-0.012742 0.011308 -0.014592 0.008792 
0.007907 0.000856 0.007866 0.001172 
-0.012380 -0.011897 -0.009959 -0.013986 
-0.003571 0.018855 -0.007828 0.017521 
-0.013616 0.007075 -0.014516 0.004976 
0.004220 -0.008563 0.004707 -0.008306 
-0.010963 -0.004554 -0.010514 -0.005512 
0.001641 0.015468 -0.000737 0.015537 
-0.017158 -0.007637 -0.015042 -0.011245 
0.014089 -0.001179 0.014125 0.000607 
-0.016592 0.003245 -0.016905 0.000208 
0.007743 0.015649 0.004600 0.016843 
-0.006366 0.004410 -0.006529 0.004166 
-0.023982 0.003407 -0.023585 -0.005524 
-0.003860 0.021815 -0.010340 0.019593 
0.013463 -0.002619 0.013678 -0.001003 
-0.022644 -0.000039 -0.021451 -0.007254 
-0.015886 0.010256 -0.017781 0.006432 
-0.001703 0.008692 -0.002132 0.008597 
0.017912 -0.011765 0.020531 -0.006141 
0.018311 -0.011858 0.021004 -0.005895 
0.012372 -0.016820 0.016485 -0.012815 
-0.020367 -0.006887 -0.017517 -0.012466 
-0.003492 0.003965 -0.003561 0.003903 
-0.006875 -0.015697 -0.003857 -0.016697 
0.016211 -0.010725 0.018289 -0.006582 
0.001947 -0.009067 0.002437 -0.008947 
-0.018267 0.000471 -0.017959 -0.003370 
-0.005798 0.004806 -0.005967 0.004595 
-0.010380 -0.006671 -0.009690 -0.007638 
-0.018173 0.015134 -0.022291 0.007900 
-0.009172 0.024649 -0.018753 0.018440 
0.000676 0.014023 -0.001074 0.013998 
0.004842 -0.010628 0.005740 -0.010172 
-0.010054 -0.013137 -0.007640 -0.014673 
-0.003895 0.007668 -0.004250 0.007477 
0.008372 0.007115 0.007804 0.007733 
0.016285 -0.001112 0.016241 0.001636 
-0.019404 -0.003276 -0.018030 -0.007884 
-0.015414 -0.014168 -0.010947 -0.017846 
-0.010788 0.011546 -0.012469 0.009705 
0.015676 -0.009371 0.017291 -0.005880 
0.019595 0.013605 0.013546 0.019635 
-0.000135 0.018126 -0.003873 0.017708 
0.010919 0.002219 0.010711 0.003069 
-0.002002 -0.015865 0.000579 -0.015980 
-0.000986 0.013739 -0.002624 0.013522 
-0.007157 -0.017282 -0.003188 -0.018432 
0.003648 -0.010960 0.004559 -0.010614 
-0.015965 -0.000847 -0.015620 -0.003406 
0.017125 -0.013808 0.020490 -0.008005 
-0.004334 -0.022814 0.003549 -0.022950 
-0.020457 -0.011202 -0.015478 -0.017448 
-0.004538 -0.004863 -0.004400 -0.004988 
0.015058 -0.010646 0.016984 -0.007186 
0.000741 -0.009015 0.001207 -0.008964 
-0.012567 0.013818 -0.015288 0.010731 
0.014808 -0.003026 0.015089 -0.000862 
-0.016479 -0.002795 -0.015731 -0.005649 
-0.007119 -0.019105 -0.001908 -0.020299 
-0.003812 0.021550 -0.010069 0.019431 
0.018237 -0.004340 0.018745 -0.000212 
-0.009099 -0.017636 -0.004470 -0.019335 
-0.000866 -0.023545 0.007287 -0.022406 
-0.008455 -0.012295 -0.006645 -0.013361 
0.022314 -0.002827 0.022071 0.004337 
0.013419 -0.022339 0.021504 -0.014720 
0.014422 -0.007810 0.015536 -0.005255 
0.004458 0.005494 0.004282 0.005633 
0.001518 0.014419 -0.000408 0.014493 
-0.013846 -0.010212 -0.011703 -0.012611 
0.026672 0.003992 0.022125 0.015421 
0.011665 -0.018371 0.016567 -0.014110 
0.015458 0.012318 0.011975 0.015725 
-0.003188 0.008172 -0.003582 0.008007 
0.006834 0.004680 0.006625 0.004972 
0.005590 -0.005272 0.005783 -0.005060 
0.009375 0.004572 0.009038 0.005206 
0.018565 -0.012092 0.021372 -0.005841 
0.012244 -0.013767 0.014897 -0.010842 
-0.015556 0.001801 -0.015648 -0.000624 
0.021544 0.001469 0.020187 0.007669 
0.018302 0.002752 0.017282 0.006622 
0.011233 0.005393 0.010650 0.006468 
0.009976 -0.020255 0.015881 -0.016049 
0.020116 0.007957 0.016919 0.013479 
0.004668 -0.011835 0.005854 -0.011295 
-0.011734 -0.018360 -0.005777 -0.021009 
-0.007639 -0.013017 -0.005691 -0.013979 
0.021543 0.001654 0.020129 0.007853 
0.022400 -0.000648 0.021482 0.006382 
0.014273 -0.015922 0.018222 -0.011189 
-0.014706 -0.014618 -0.010238 -0.018031 
-0.016254 0.010556 -0.018282 0.006433 
-0.007560 0.006281 -0.007929 0.005808 
-0.019232 -0.003265 -0.017899 -0.007756 
-0.011125 -0.002780 -0.010855 -0.003695 
-0.000037 0.016690 -0.002962 0.016425 
0.004048 -0.011391 0.005082 -0.010969 
-0.016008 -0.008958 -0.013754 -0.012137 
0.010016 0.004294 0.009666 0.005033 
0.016027 -0.008007 0.017313 -0.004610 
0.005989 0.007072 0.005596 0.007387 
-0.002363 0.020779 -0.007950 0.019343 
-0.001894 0.015490 -0.004248 0.015016 
-0.004883 -0.005554 -0.004688 -0.005720 
0.003260 -0.016030 0.005914 -0.015252 
0.021847 -0.003515 0.021879 0.003312 
-0.001805 -0.015278 0.000494 -0.015376 
0.027123 0.002953 0.022831 0.014938 
0.002341 -0.021544 0.008546 -0.019915 
-0.023121 -0.001347 -0.021354 -0.008966 
-0.019949 0.000068 -0.019337 -0.004903 
-0.008854 0.006534 -0.009328 0.005837 
-0.018473 0.014859 -0.022490 0.007499 
-0.006600 0.025352 -0.016651 0.020224 
0.007378 0.011689 0.005915 0.012494 
-0.006338 -0.001699 -0.006289 -0.001871 
0.019735 0.001994 0.018636 0.006795 
0.017432 0.009060 0.014725 0.013005 
-0.009822 0.011244 -0.011305 0.009752 
0.003447 -0.018966 0.007770 -0.017641 
-0.019232 0.010617 -0.021534 0.004346 
-0.010630 0.014229 -0.013240 0.011839 
0.021268 -0.000090 0.020429 0.005918 
0.014455 -0.008670 0.015772 -0.005946 
0.016223 0.006800 0.014590 0.009825 
-0.014589 0.001951 -0.014719 -0.000061 
0.022233 -0.001340 0.021561 0.005589 
0.013704 -0.014607 0.016932 -0.010699 
-0.010997 -0.010608 -0.009316 -0.012110 
0.007706 0.010937 0.006421 0.011738 
-0.012698 -0.005333 -0.011968 -0.006815 
-0.011501 0.026719 -0.023522 0.017114 
-0.008880 0.017025 -0.012575 0.014511 
-0.011386 -0.009533 -0.009950 -0.011024 
0.019075 0.013594 0.013313 0.019273 
0.001698 0.016367 -0.001117 0.016417 
0.001054 -0.005013 0.001137 -0.004995 
0.026066 0.009919 0.018288 0.021057 
0.014868 0.000410 0.014665 0.002480 
-0.012002 0.020073 -0.018099 0.014813 
-0.002923 0.009979 -0.003598 0.009756 
0.022269 0.001726 0.020633 0.008553 
0.018246 -0.000101 0.017864 0.003716 
0.005341 -0.010946 0.006344 -0.010397 
-0.011396 -0.011678 -0.009277 -0.013423 
0.011461 0.010744 0.009651 0.012395 
-0.026190 -0.010438 -0.017918 -0.021767 
-0.013237 -0.000757 -0.013072 -0.002221 
0.015631 -0.014222 0.018976 -0.009301 
-0.001210 -0.018759 0.002979 -0.018561 
-0.009762 -0.002954 -0.009547 -0.003589 
-0.003405 0.015099 -0.005645 0.014412 
-0.007184 -0.006902 -0.006737 -0.007339 
-0.010612 -0.006563 -0.009915 -0.007575 
-0.014099 0.013832 -0.017050 0.009969 
0.013220 0.013432 0.009895 0.016040 
0.014427 -0.007800 0.015540 -0.005244 
0.005747 0.002305 0.005689 0.002444 
-0.019017 -0.002953 -0.017812 -0.007288 
-0.017697 -0.015021 -0.011657 -0.020072 
-0.014186 0.020620 -0.021046 0.013547 
-0.019043 -0.002611 -0.017920 -0.006951 
-0.006036 -0.007217 -0.005622 -0.007543 
-0.009004 -0.013250 -0.006744 -0.014531 
0.021810 -0.000266 0.020908 0.006212 
0.008869 -0.014444 0.011333 -0.012603 
-0.010020 0.015563 -0.013132 0.013044 
-0.014563 -0.016779 -0.008704 -0.020441 
-0.019772 -0.001676 -0.018749 -0.006499 
-0.017044 -0.008983 -0.014486 -0.012702 
0.018923 -0.015022 0.023069 -0.007179 
0.012246 -0.022988 0.020701 -0.015808 
0.007738 -0.012934 0.009511 -0.011692 
-0.009289 0.015923 -0.012472 0.013575 
-0.008326 -0.018743 -0.003104 -0.020273 
0.000940 -0.020788 0.006529 -0.019758 
0.012727 -0.023437 0.021654 -0.015568 
0.018177 -0.009284 0.019967 -0.004229 
0.022156 -0.000350 0.021202 0.006439 
0.009715 -0.009834 0.010830 -0.008591 
-0.013338 0.010471 -0.015012 0.007885 
0.008048 0.004687 0.007779 0.005122 
0.000530 -0.006378 0.000695 -0.006362 
0.021085 0.012747 0.014773 0.019719 
-0.012833 0.015950 -0.016565 0.012030 
-0.004630 -0.002576 -0.004584 -0.002658 
0.018588 -0.000441 0.018241 0.003603 
0.002831 -0.005515 0.002964 -0.005445 
-0.000229 0.014257 -0.002056 0.014110 
0.004618 -0.008431 0.005103 -0.008147 
-0.010390 -0.005538 -0.009865 -0.006427 
-0.018361 0.010841 -0.020682 0.005188 
-0.021610 0.000407 -0.020791 -0.005904 
-0.012043 0.007611 -0.012918 0.006006 
-0.001058 -0.014731 0.000979 -0.014736 
-0.002030 0.021348 -0.008068 0.019869 
-0.004459 0.019049 -0.008896 0.017424 
-0.013347 0.007300 -0.014269 0.005275 
0.003639 -0.004747 0.003745 -0.004664 
0.011503 0.013831 0.008451 0.015880 
0.002426 -0.010069 0.003103 -0.009881 
-0.016057 0.002044 -0.016175 -0.000633 
0.010510 -0.017248 0.014565 -0.013995 
0.014702 0.017980 0.007837 0.021864 
0.017902 0.008475 0.015272 0.012612 
-0.012225 0.022345 -0.020125 0.015612 
-0.015826 0.009508 -0.017494 0.005902 
-0.026238 -0.009745 -0.018447 -0.021050 
-0.016368 0.006977 -0.017429 0.003582 
0.019745 0.006133 0.017389 0.011184 
0.000685 -0.009378 0.001208 -0.009325 
-0.022023 -0.001175 -0.020633 -0.007789 
-0.016746 0.003098 -0.017030 -0.000010 
0.010422 0.015046 0.007024 0.016902 
0.003995 0.005900 0.003804 0.006025 
-0.004058 0.005102 -0.004193 0.004991 
0.006653 -0.008540 0.007268 -0.008024 
0.005744 -0.006078 0.006007 -0.005818 
0.010458 0.001463 0.010329 0.002196 
-0.027416 -0.004729 -0.021970 -0.017067 
-0.007476 0.016171 -0.010551 0.014355 
-0.000130 -0.009187 0.000361 -0.009181 
-0.013179 0.019809 -0.019286 0.013933 
-0.024146 0.004154 -0.023966 -0.005093 
-0.003162 0.018162 -0.006964 0.017069 
0.011640 -0.011290 0.013348 -0.009207 
-0.007218 -0.000797 -0.007187 -0.001038 
0.015349 -0.002523 0.015554 -0.000153 
-0.005505 0.026573 -0.016855 0.021268 
0.025318 0.008083 0.019339 0.018230 
0.015954 -0.001623 0.016006 0.000982 
-0.007254 -0.008535 -0.006554 -0.009084 
-0.022656 -0.002539 -0.020623 -0.009718 
0.014404 0.006438 0.013216 0.008618 
-0.013656 -0.000290 -0.013527 -0.001896 
0.010738 -0.012384 0.012678 -0.010389 
-0.018569 -0.003431 -0.017331 -0.007497 
-0.014778 -0.018388 -0.007531 -0.022356 
-0.017049 -0.011321 -0.013489 -0.015391 
0.007090 -0.007144 0.007533 -0.006675 
0.012412 -0.007076 0.013220 -0.005418 
-0.007373 0.006154 -0.007720 0.005714 
-0.015500 0.007312 -0.016584 0.004323 
-0.014269 -0.016790 -0.008525 -0.020319 
-0.014809 -0.001488 -0.014456 -0.003541 
0.015446 -0.006841 0.016423 -0.003956 
0.005922 0.003776 0.005801 0.003959 
-0.010211 -0.002282 -0.010028 -0.002983 
0.024184 0.013442 0.015144 0.023156 
0.006748 0.015554 0.003823 0.016518 
-0.001491 0.006059 -0.001639 0.006020 
-0.004210 -0.018698 0.000210 -0.019165 
-0.011819 0.020350 -0.018086 0.015057 
-0.003486 0.007929 -0.003858 0.007755 
0.004801 0.003935 0.004704 0.004051 
-0.016050 0.014159 -0.019427 0.008982 
0.006911 0.014752 0.004348 0.015700 
-0.015162 0.007392 -0.016241 0.004558 
-0.005308 -0.006791 -0.004983 -0.007032 
0.002014 -0.019371 0.006560 -0.018337 
0.012872 -0.015974 0.016621 -0.012024 
-0.019656 -0.007032 -0.016999 -0.012117 
-0.002979 0.005346 -0.003105 0.005274 
0.005698 -0.005480 0.005911 -0.005250 
0.019028 0.003166 0.017765 0.007516 
0.011831 0.011249 0.009776 0.013074 
-0.008436 -0.012772 -0.006458 -0.013877 
0.017397 -0.004950 0.018043 -0.001270 
-0.017285 -0.011620 -0.013489 -0.015870 
0.007827 -0.008090 0.008450 -0.007437 
0.007901 -0.021206 0.014241 -0.017588 
-0.004687 -0.006076 -0.004457 -0.006246 
-0.001834 -0.016004 0.000806 -0.016089 
0.026020 0.010081 0.018159 0.021189 
0.014326 -0.001909 0.014453 -0.000005 
-0.011550 0.015396 -0.014810 0.012293 
-0.010874 -0.015834 -0.006917 -0.017920 
-0.010386 -0.004806 -0.009953 -0.005649 
-0.018714 0.012418 -0.021665 0.005920 
-0.016520 0.007868 -0.017805 0.004219 
-0.007026 -0.007013 -0.006576 -0.007437 
-0.024275 -0.012077 -0.016280 -0.021682 
-0.009648 -0.014477 -0.006716 -0.016049 
0.002521 -0.028892 0.016831 -0.023618 
-0.018580 -0.001950 -0.017701 -0.005972 
0.015920 0.005602 0.014659 0.008365 
-0.013125 -0.003729 -0.012596 -0.005245 
-0.006310 0.025945 -0.016989 0.020600 
0.008536 0.017990 0.003803 0.019546 
0.003607 0.016185 0.000752 0.016565 
0.002762 -0.020982 0.008518 -0.019374 
0.003816 -0.019543 0.008547 -0.017984 
-0.009994 0.012811 -0.011984 0.010972 
0.014327 0.002468 0.013870 0.004356 
-0.008484 0.007309 -0.009037 0.006614 
-0.011387 0.020920 -0.018009 0.015588 
-0.000956 0.008788 -0.001389 0.008730 
0.007038 -0.025593 0.017384 -0.020059 
-0.011347 -0.009206 -0.010004 -0.010650 
0.014938 0.017809 0.008104 0.021785 
0.020517 0.007541 0.017342 0.013306 
0.006882 -0.006567 0.007247 -0.006162 
0.017727 -0.011348 0.020175 -0.006001 
0.010915 -0.009648 0.012108 -0.008100 
-0.014534 0.012305 -0.016951 0.008678 
0.013714 0.005729 0.012783 0.007584 
0.009794 -0.027028 0.021982 -0.018527 
0.010058 -0.026680 0.021882 -0.018280 
0.008733 -0.018196 0.013082 -0.015369 
0.028354 0.010861 0.017686 0.024680 
0.028155 0.002014 0.023681 0.015361 
0.008685 -0.025455 0.019038 -0.018999 
0.002026 -0.015142 0.004232 -0.014679 
0.017541 0.003160 0.016557 0.006598 
0.011928 0.010461 0.010119 0.012220 
-0.012109 -0.009765 -0.010478 -0.011497 
0.021286 0.011584 0.015628 0.018521 
0.007556 -0.000489 0.007569 -0.000215 
-0.018160 -0.006970 -0.015990 -0.011076 
0.008600 -0.000332 0.008606 0.000071 
-0.023314 -0.004830 -0.020136 -0.012705 
0.000070 0.014740 -0.001951 0.014611 
-0.016396 -0.008321 -0.014256 -0.011612 
0.004120 0.004116 0.004031 0.004203 
-0.010883 0.011129 -0.012454 0.009337 
0.015245 -0.005358 0.015919 -0.002778 
0.011970 0.011035 0.009960 0.012877 
-0.009851 -0.015209 -0.006502 -0.016914 
0.013233 -0.023386 0.022191 -0.015152 
0.011300 -0.014429 0.014089 -0.011722 
-0.014694 0.001366 -0.014742 -0.000664 
0.013779 -0.022796 0.022307 -0.014558 
0.018674 -0.011382 0.021217 -0.005301 
0.016201 -0.015262 0.020117 -0.009524 
-0.001170 -0.021674 0.005247 -0.021062 
-0.015485 -0.014715 -0.010655 -0.018515 
-0.015454 0.009517 -0.017089 0.006114 
-0.001561 0.005649 -0.001683 0.005613 
-0.003151 -0.022920 0.004642 -0.022665 
-0.021269 -0.008088 -0.017536 -0.014502 
-0.008630 0.007053 -0.009158 0.006354 
-0.003408 0.023071 -0.010990 0.020569 
0.016740 0.003792 0.015748 0.006828 
0.014692 0.011281 0.011917 0.014181 
-0.007138 -0.020146 -0.001101 -0.021345 
-0.009613 0.018921 -0.014544 0.015456 
-0.018262 -0.003871 -0.016973 -0.007771 
0.015299 0.012398 0.011830 0.015742 
-0.003748 0.005942 -0.003931 0.005823 
0.003027 -0.010004 0.003710 -0.009771 
-0.010145 -0.000996 -0.010058 -0.001661 
0.027402 0.009996 0.018404 0.022629 
0.014542 0.007585 0.013047 0.009938 
-0.017904 -0.002129 -0.017092 -0.005740 
-0.009610 0.000010 -0.009594 -0.000551 
0.018575 0.003323 0.017363 0.007388 
-0.011930 -0.013038 -0.009138 -0.015126 
-0.001253 0.006797 -0.001457 0.006756 
-0.000737 -0.017280 0.002527 -0.017110 
0.026065 0.009796 0.018377 0.020919 
0.019371 -0.005060 0.020021 -0.000039 
-0.018242 -0.012882 -0.013345 -0.017906 
-0.006922 0.016853 -0.010282 0.015040 
-0.001236 -0.009005 -0.000764 -0.009057 
-0.004705 0.018908 -0.009068 0.017246 
0.009425 -0.012925 0.011386 -0.011237 
-0.014623 -0.001687 -0.014256 -0.003670 
0.016220 -0.009972 0.018062 -0.006024 
0.007663 -0.007266 0.008157 -0.006707 
0.016226 -0.006402 0.017151 -0.003180 
0.007180 0.004316 0.006982 0.004630 
0.004580 -0.009448 0.005227 -0.009106 
-0.005861 -0.005226 -0.005652 -0.005451 
-0.007162 -0.021627 0.000195 -0.022781 
-0.010914 0.027679 -0.023950 0.017653 
-0.001738 0.018676 -0.005817 0.017832 
0.013853 -0.018852 0.019428 -0.013032 
0.020231 -0.004831 0.020784 0.000817 
-0.005539 -0.018464 -0.001086 -0.019247 
-0.013663 0.016803 -0.017979 0.012074 
0.020141 0.010945 0.015467 0.016918 
0.003785 0.005759 0.003611 0.005870 
0.005028 0.017746 0.001122 0.018410 
0.007752 -0.018814 0.012360 -0.016165 
-0.004822 -0.005536 -0.004631 -0.005698 
0.002384 -0.009975 0.003042 -0.009794 
-0.012042 0.014659 -0.015040 0.011563 
0.010743 -0.020624 0.017039 -0.015825 
0.022390 0.014062 0.014218 0.022291 
0.007354 0.011913 0.005824 0.012731 
-0.014280 0.002139 -0.014437 0.000243 
0.014342 0.003088 0.013790 0.005006 
-0.006697 0.008884 -0.007372 0.008333 
-0.000108 0.019883 -0.005026 0.019237 
0.005005 0.002689 0.004949 0.002791 
-0.014302 0.020926 -0.021410 0.013567 
-0.019474 0.000494 -0.019033 -0.004150 
-0.008389 0.006921 -0.008883 0.006274 
-0.009734 0.025450 -0.020199 0.018288 
-0.003299 0.017956 -0.006984 0.016868 
-0.003506 0.010830 -0.004381 0.010506 
0.021617 -0.003006 0.021535 0.003546 
-0.003501 -0.022840 0.004266 -0.022710 
-0.020065 -0.012722 -0.014353 -0.018933 
-0.001493 -0.022697 0.005883 -0.021972 
-0.011349 -0.016757 -0.006676 -0.019106 
-0.009410 -0.003788 -0.009143 -0.004392 
-0.007294 0.010696 -0.008385 0.009864 
0.020678 0.010780 0.015831 0.017123 
-0.014094 0.020039 -0.020517 0.013388 
-0.012874 0.001092 -0.012917 -0.000271 
0.017993 -0.000018 0.017621 0.003642 
0.006353 -0.009249 0.007068 -0.008714 
0.000337 -0.022794 0.007678 -0.021464 
-0.009410 -0.012297 -0.007444 -0.013578 
0.018301 -0.004019 0.018737 0.000111 
-0.014626 -0.016229 -0.009138 -0.019844 
-0.015335 -0.002838 -0.014719 -0.005155 
0.003090 -0.018543 0.007124 -0.017397 
0.018335 -0.014134 0.021992 -0.007231 
0.009686 -0.027344 0.022225 -0.018644 
-0.001213 -0.015269 0.001059 -0.015281 
0.026625 0.007018 0.020383 0.018512 
0.008267 -0.014126 0.010531 -0.012529 
-0.008811 0.013509 -0.010905 0.011883 
0.010286 -0.017167 0.014261 -0.014040 
0.019057 0.003792 0.017619 0.008193 
-0.013076 -0.009739 -0.011261 -0.011790 
0.000916 0.015653 -0.001520 0.015606 
0.003280 -0.005259 0.003407 -0.005178 
0.019691 0.008095 0.016597 0.013334 
0.001335 -0.005569 0.001450 -0.005541 
-0.001181 0.021720 -0.007533 0.020406 
-0.003528 0.017856 -0.007165 0.016732 
-0.008345 0.007498 -0.008915 0.006810 
-0.005483 0.018186 -0.009456 0.016474 
0.012294 -0.006514 0.012998 -0.004963 
-0.006370 0.006531 -0.006705 0.006187 
-0.006479 0.007043 -0.006876 0.006656 
-0.004165 0.005342 -0.004318 0.005219 
-0.012303 -0.012847 -0.009503 -0.015037 
0.012034 0.010721 0.010118 0.012545 
-0.026177 -0.007694 -0.019837 -0.018734 
-0.013877 0.015905 -0.017753 0.011417 
0.017273 0.012222 0.013169 0.016562 
0.011017 -0.015318 0.014160 -0.012470 
0.006507 0.002344 0.006433 0.002540 
-0.004870 -0.005633 -0.004670 -0.005800 
-0.003879 -0.018486 0.000357 -0.018885 
-0.015150 0.014822 -0.018698 0.009980 
0.009982 0.016393 0.005927 0.018255 
-0.007713 0.020809 -0.013721 0.017442 
0.003503 0.003544 0.003447 0.003598 
-0.016465 0.006442 -0.017409 0.003082 
-0.004961 -0.006011 -0.004726 -0.006197 
0.007310 -0.007347 0.007792 -0.006834 
0.013860 -0.009470 0.015319 -0.006862 
-0.006032 -0.003493 -0.005922 -0.003677 
0.017580 0.003401 0.016534 0.006872 
0.004786 0.002728 0.004733 0.002819 
-0.016481 -0.000944 -0.016075 -0.003757 
0.009795 0.004372 0.009451 0.005073 
0.016335 -0.010419 0.018327 -0.006284 
0.006369 -0.007438 0.006808 -0.007038 
0.008864 -0.026651 0.020537 -0.019159 
-0.006446 -0.017043 -0.002751 -0.018012 
-0.013075 0.015884 -0.016812 0.011858 
-0.005824 -0.006743 -0.005478 -0.007027 
0.003880 -0.017157 0.007143 -0.016075 
0.015776 0.003885 0.014911 0.006454 
-0.005516 0.010423 -0.006410 0.009898 
0.011347 0.018091 0.005731 0.020572 
0.012192 0.018347 0.006078 0.021174 
0.011481 0.018179 0.005752 0.020718 
0.014581 0.011251 0.011851 0.014098 
-0.006320 -0.018376 -0.001792 -0.019350 
-0.007711 0.020236 -0.013291 0.017098 
0.004556 0.003140 0.004494 0.003228 
-0.014970 0.007810 -0.016129 0.004997 
-0.014220 -0.017093 -0.008271 -0.020639 
-0.021893 -0.001138 -0.020549 -0.007640 
-0.018753 0.000050 -0.018302 -0.004089 
-0.003291 0.008997 -0.003807 0.008791 
0.014370 0.002219 0.013946 0.004116 
-0.006439 -0.005185 -0.006209 -0.005458 
-0.007313 0.007278 -0.007787 0.006769 
-0.005748 0.004583 -0.005901 0.004384 
-0.009594 -0.004523 -0.009248 -0.005194 
0.000756 0.015643 -0.001671 0.015571 
-0.001280 -0.022132 0.005553 -0.021463 
-0.006775 -0.013448 -0.004783 -0.014278 
0.004809 0.005318 0.004633 0.005471 
-0.005373 0.007328 -0.005748 0.007037 
0.009282 0.003376 0.009056 0.003942 
-0.002002 -0.017976 0.001735 -0.018003 
-0.014048 0.006060 -0.014788 0.003921 
0.007388 -0.006785 0.007805 -0.006302 
0.015754 -0.007339 0.016862 -0.004213 
0.005767 0.006479 0.005452 0.006746 
0.011590 0.006018 0.010874 0.007231 
0.007047 -0.026204 0.018066 -0.020247 
-0.016323 -0.014959 -0.010980 -0.019227 
-0.019010 0.015605 -0.023462 0.007378 
-0.005981 0.025101 -0.015721 0.020462 
0.009437 0.016214 0.005624 0.017897 
0.006786 0.006299 0.006434 0.006658 
0.006098 0.003323 0.005994 0.003508 
-0.005349 -0.005152 -0.005166 -0.005335 
0.017754 -0.014332 0.021436 -0.007819 
-0.000973 -0.022660 0.006323 -0.021782 
-0.015202 -0.013604 -0.011138 -0.017092 
-0.016802 0.007193 -0.017937 0.003508 
-0.009130 -0.001945 -0.009009 -0.002445 
0.009752 0.016156 0.005896 0.017926 
0.010739 -0.000981 0.010783 -0.000189 
-0.020242 -0.003805 -0.018509 -0.009036 
0.025634 0.009908 0.018208 0.020585 
0.019292 -0.003982 0.019681 0.000826 
0.003554 -0.018232 0.007417 -0.017030 
0.011200 -0.013261 0.013509 -0.010899 
-0.019266 -0.003161 -0.017954 -0.007670 
-0.015278 -0.016771 -0.009111 -0.020777 
-0.018195 0.005542 -0.018977 0.001270 
0.015169 0.011785 0.012031 0.014974 
-0.016013 0.009686 -0.017750 0.005931 
-0.004057 0.004376 -0.004154 0.004283 
0.004776 -0.009062 0.005366 -0.008725 
-0.011156 -0.005246 -0.010601 -0.006292 
-0.009325 0.016341 -0.012721 0.013862 
0.006810 -0.007144 0.007237 -0.006711 
0.011889 -0.014603 0.014839 -0.011592 
-0.020059 0.007142 -0.021260 0.001176 
0.018688 0.002974 0.017543 0.007095 
-0.022973 -0.013216 -0.015061 -0.021808 
-0.006019 -0.015306 -0.003325 -0.016107 
0.016321 -0.010610 0.018373 -0.006431 
0.002978 -0.005001 0.003084 -0.004936 
0.009556 0.012739 0.007399 0.014102 
-0.015474 0.002935 -0.015743 0.000481 
0.015248 -0.000673 0.015182 0.001573 
-0.010818 0.026498 -0.022523 0.017660 
-0.010339 0.015857 -0.013638 0.013128 
-0.011472 -0.002808 -0.011180 -0.003809 
0.002073 0.015823 -0.000492 0.015950 
-0.015935 -0.010421 -0.013149 -0.013771 
0.018524 -0.010323 0.020677 -0.004709 
0.009833 -0.012094 0.011569 -0.010446 
-0.018443 0.014624 -0.022343 0.007403 
-0.009551 0.017397 -0.013546 0.014504 
-0.008335 -0.008950 -0.007452 -0.009698 
-0.020983 -0.002137 -0.019564 -0.007880 
0.021576 0.003536 0.019544 0.009801 
-0.005572 -0.019768 -0.000162 -0.020538 
-0.019045 0.001535 -0.018891 -0.002865 
-0.002586 0.003674 -0.002632 0.003641 
-0.020515 -0.004896 -0.018348 -0.010400 
0.012515 0.009126 0.010991 0.010913 
-0.016836 -0.008515 -0.014510 -0.012059 
0.019174 -0.015057 0.023363 -0.006965 
0.001965 -0.023451 0.009894 -0.021352 
-0.013891 0.001023 -0.013911 -0.000685 
0.011003 -0.020215 0.017039 -0.015472 
0.005852 -0.012135 0.007203 -0.011384 
-0.010715 -0.014169 -0.007693 -0.016012 
0.010082 -0.026606 0.021827 -0.018252 
0.009407 -0.019215 0.014502 -0.015729 
0.014202 0.006609 0.013009 0.008726 
-0.019069 -0.003583 -0.017686 -0.007981 
-0.006476 -0.015124 -0.003804 -0.016007 
0.013675 -0.007437 0.014650 -0.005261 
0.010798 -0.001450 0.010876 -0.000636 
-0.021147 -0.003284 -0.019327 -0.009189 
0.023071 0.003448 0.020554 0.011031 
-0.006588 -0.017649 -0.002493 -0.018673 
-0.013161 0.022728 -0.021534 0.015035 
-0.015727 0.007134 -0.016786 0.004058 
-0.013631 -0.004977 -0.012849 -0.006743 
-0.007243 0.025688 -0.017709 0.019969 
0.006751 0.014054 0.004519 0.014922 
-0.015386 0.016734 -0.019945 0.010907 
0.013869 0.010258 0.011704 0.012673 
-0.026919 -0.010699 -0.017798 -0.022855 
-0.014767 -0.005780 -0.013665 -0.008046 
0.016456 -0.004474 0.016997 -0.001388 
-0.010667 -0.015250 -0.007097 -0.017204 
-0.007229 -0.007968 -0.006627 -0.008475 
-0.015803 -0.018331 -0.008092 -0.022810 
-0.016545 -0.011853 -0.012909 -0.015735 
0.006386 -0.006981 0.006771 -0.006609 
0.002536 -0.005425 0.002658 -0.005367 
0.010327 0.015261 0.006837 0.017111 
-0.013530 0.021032 -0.020590 0.014193 
-0.020525 0.004669 -0.021015 -0.001191 
0.000640 0.017561 -0.002780 0.017351 
0.005678 0.001651 0.005640 0.001776 
-0.023358 0.004168 -0.023346 -0.004238 
-0.009496 0.025971 -0.020486 0.018574 
-0.000312 0.018338 -0.004178 0.017858 
0.004317 0.005921 0.004113 0.006064 
0.001280 0.015144 -0.000938 0.015170 
0.000186 -0.014118 0.001961 -0.013982 
0.013301 0.011832 0.010678 0.014244 
-0.001197 -0.014678 0.000821 -0.014703 
0.009320 0.015222 0.006084 0.016780 
-0.010134 0.025786 -0.020998 0.018075 
-0.002813 0.020144 -0.007929 0.018730 
-0.006316 0.017839 -0.010162 0.015964 
-0.000915 -0.010411 -0.000194 -0.010449 
-0.010745 0.027017 -0.023015 0.017769 
-0.010223 0.018487 -0.014969 0.014907 
-0.026906 -0.009829 -0.018485 -0.021882 
-0.018547 -0.002540 -0.017535 -0.006556 
-0.010352 -0.002973 -0.010106 -0.003724 
-0.000145 0.014390 -0.002024 0.014248 
-0.015112 -0.018242 -0.007830 -0.022357 
-0.024286 -0.012989 -0.015547 -0.022734 
-0.015749 -0.018998 -0.007456 -0.023524 
-0.017708 -0.002891 -0.016757 -0.006413 
0.006803 0.015111 0.004088 0.016060 
-0.003959 0.005068 -0.004090 0.004963 
-0.007284 -0.014120 -0.004946 -0.015098 
0.009625 0.003659 0.009358 0.004296 
0.000480 -0.021775 0.006895 -0.020660 
-0.010829 -0.010661 -0.009162 -0.012124 
0.007150 0.014490 0.004670 0.015468 
-0.000799 0.009105 -0.001279 0.009050 
0.007523 -0.025916 0.018260 -0.019869 
-0.011131 -0.009003 -0.009873 -0.010366 
0.009470 0.017396 0.004906 0.019189 
-0.000994 0.020735 -0.006540 0.019702 
-0.003495 0.027692 -0.016181 0.022743 
0.024856 0.008633 0.018848 0.018360 
0.019671 -0.004633 0.020202 0.000546 
-0.001436 -0.019161 0.003038 -0.018974 
-0.007848 -0.007082 -0.007328 -0.007619 
-0.021359 -0.011482 -0.015724 -0.018460 
-0.012769 -0.004333 -0.012187 -0.005770 
-0.008793 0.015643 -0.011776 0.013541 
0.007363 -0.005169 0.007618 -0.004786 
0.018849 0.004513 0.017257 0.008824 
0.006281 0.008539 0.005659 0.008963 
0.010244 0.016457 0.006081 0.018406 
0.004622 0.003582 0.004543 0.003681 
-0.017328 0.014790 -0.021172 0.008412 
-0.003056 0.015904 -0.005641 0.015180 
-0.023918 0.002799 -0.023330 -0.005966 
-0.013434 0.019741 -0.019537 0.013729 
-0.019270 -0.004161 -0.017678 -0.008726 
-0.010263 -0.002003 -0.010100 -0.002707 
0.010486 0.011228 0.008700 0.012663 
-0.020553 -0.012198 -0.014913 -0.018676 
-0.009512 -0.001426 -0.009412 -0.001980 
0.012699 0.011495 0.010360 0.013642 
-0.011763 -0.011096 -0.009775 -0.012881 
0.010925 0.011322 0.009026 0.012887 
-0.014928 -0.008930 -0.012957 -0.011608 
0.007833 0.003438 0.007665 0.003797 
0.004557 -0.011427 0.005628 -0.010939 
-0.023265 -0.011833 -0.016194 -0.020471 
-0.006713 -0.014732 -0.004189 -0.015638 
0.011490 -0.007693 0.012335 -0.006251 
-0.004551 0.004265 -0.004654 0.004151 
-0.015176 -0.014821 -0.010403 -0.018487 
-0.015169 0.007517 -0.016276 0.004659 
-0.007089 -0.008627 -0.006387 -0.009159 
-0.027638 -0.004721 -0.022038 -0.017334 
-0.009721 0.016042 -0.013022 0.013500 
-0.011329 -0.010505 -0.009620 -0.012089 
0.000021 0.014112 -0.001753 0.014003 
0.003016 -0.006540 0.003229 -0.006437 
-0.003479 0.009189 -0.004034 0.008960 
0.013132 -0.008606 0.014310 -0.006462 
-0.003008 0.017058 -0.006172 0.016184 
-0.017133 -0.002742 -0.016304 -0.005936 
0.000449 -0.015595 0.002835 -0.015342 
0.019632 0.012403 0.014351 0.018256 
0.005128 0.002427 0.005078 0.002531 
-0.006465 -0.005904 -0.006171 -0.006211 
0.004413 -0.009908 0.005138 -0.009553 
-0.010625 -0.016843 -0.006111 -0.018954 
-0.001801 -0.016640 0.001160 -0.016697 
0.019517 0.011467 0.014848 0.017086 
-0.007504 0.014856 -0.009980 0.013320 
0.002084 -0.022781 0.009376 -0.020866 
0.001989 -0.018535 0.005983 -0.017655 
-0.002368 -0.010862 -0.001512 -0.011014 
-0.010781 0.027279 -0.023349 0.017754 
-0.001899 0.027012 -0.013784 0.023308 
0.023047 0.012931 0.015305 0.021543 
0.015854 0.011288 0.012722 0.014728 
0.011156 -0.020657 0.017542 -0.015603 
0.005489 -0.004029 0.005604 -0.003866 
0.014663 0.002539 0.014165 0.004561 
-0.005132 0.009538 -0.005825 0.009131 
0.007719 0.014076 0.005332 0.015142 
-0.014832 -0.001855 -0.014423 -0.003926 
0.018194 -0.011158 0.020615 -0.005527 
0.015671 -0.011396 0.017912 -0.007389 
0.006066 -0.009833 0.006874 -0.009287 
-0.003738 -0.019032 0.000854 -0.019377 
-0.016832 0.010133 -0.018782 0.005763 
-0.019361 0.003870 -0.019720 -0.000973 
0.013814 0.011465 0.011207 0.014024 
-0.003149 -0.023332 0.005058 -0.022994 
-0.015450 -0.010530 -0.012764 -0.013663 
0.015074 -0.010273 0.016888 -0.006896 
0.007272 -0.008103 0.007859 -0.007535 
0.007583 -0.021500 0.014119 -0.017900 
-0.008197 -0.001478 -0.008125 -0.001836 
0.019856 0.012473 0.014415 0.018494 
0.007884 0.003845 0.007687 0.004224 
0.003209 -0.005158 0.003328 -0.005082 
0.021506 0.010847 0.016181 0.017842 
0.008994 -0.000493 0.009007 -0.000031 
-0.028227 -0.004168 -0.022512 -0.017532 
-0.011596 0.022662 -0.019667 0.016163 
-0.006729 0.013340 -0.008539 0.012260 
0.002181 -0.028933 0.016570 -0.023819 
-0.028221 -0.001202 -0.024120 -0.014699 
-0.001138 0.023281 -0.008917 0.021535 
0.019981 0.002333 0.018739 0.007317 
0.023709 0.011677 0.016439 0.020694 
0.015598 0.018207 0.008103 0.022564 
0.020421 0.000811 0.019500 0.006115 
-0.021900 -0.003132 -0.019905 -0.009656 
0.003525 0.013765 0.001742 0.014102 
-0.005235 -0.018720 -0.000654 -0.019427 
-0.015761 0.009224 -0.017344 0.005719 
-0.020685 -0.007444 -0.017485 -0.013325 
-0.001768 0.008370 -0.002154 0.008279 
0.011141 -0.010372 0.012537 -0.008634 
-0.013821 0.006524 -0.014631 0.004418 
-0.000547 -0.018839 0.003664 -0.018487 
-0.011355 -0.003522 -0.010995 -0.004522 
0.005918 0.018865 0.001120 0.019740 
0.009405 -0.026328 0.020773 -0.018711 
0.001218 -0.022421 0.008187 -0.020908 
-0.004290 -0.023114 0.003888 -0.023185 
-0.026937 -0.009933 -0.018409 -0.022031 
-0.016444 -0.006721 -0.014784 -0.009849 
0.006738 0.007019 0.006306 0.007410 
0.008061 0.013855 0.005713 0.014976 
-0.016113 0.010417 -0.018082 0.006417 
-0.023489 -0.013718 -0.014773 -0.022839 
-0.011107 -0.013079 -0.008493 -0.014909 
-0.001680 0.007634 -0.001974 0.007564 
0.017585 -0.011604 0.020112 -0.006276 
0.013609 -0.014786 0.016904 -0.010867 
-0.008437 -0.013290 -0.006258 -0.014444 
0.008475 0.007052 0.007908 0.007683 
0.018920 -0.003281 0.019166 0.001181 
-0.014997 -0.017868 -0.008087 -0.021881 
-0.019896 -0.011315 -0.015132 -0.017172 
-0.008256 -0.001803 -0.008166 -0.002174 
0.007740 0.014994 0.004929 0.016138 
-0.013087 0.007815 -0.014091 0.005814 
0.004938 -0.019223 0.009526 -0.017411 
0.011819 -0.007935 0.012736 -0.006359 
-0.008211 0.006416 -0.008632 0.005838 
-0.014048 0.015052 -0.017534 0.010792 
0.008999 0.015078 0.005906 0.016536 
-0.011454 0.020470 -0.017750 0.015336 
-0.000697 0.007794 -0.000998 0.007762 
0.008409 -0.021242 0.014842 -0.017368 
-0.010137 0.000972 -0.010179 0.000306 
0.015932 0.008233 0.013940 0.011283 
-0.022388 -0.001331 -0.020847 -0.008268 
-0.018571 -0.000571 -0.018007 -0.004581 
-0.006189 0.004999 -0.006384 0.004748 
-0.006916 -0.002449 -0.006829 -0.002683 
0.017968 0.003602 0.016804 0.007309 
0.009983 0.004163 0.009648 0.004890 
0.009043 -0.015924 0.012194 -0.013663 
-0.006997 0.005180 -0.007237 0.004839 
-0.015878 -0.001098 -0.015500 -0.003618 
0.007730 0.004018 0.007528 0.004384 
0.003203 -0.006865 0.003450 -0.006744 
0.020546 0.011803 0.015159 0.018212 
0.006596 0.007230 0.006146 0.007617 
0.008544 0.017030 0.004443 0.018527 
-0.001237 0.014742 -0.003260 0.014431 
-0.011285 -0.013755 -0.008323 -0.015725 
-0.007287 0.004454 -0.007484 0.004113 
-0.020754 0.002575 -0.020668 -0.003192 
0.002037 0.022426 -0.005138 0.021924 
0.020750 0.010550 0.015997 0.016910 
0.012309 0.004150 0.011797 0.005438 
0.007783 -0.016822 0.011228 -0.014748 
-0.006263 0.011119 -0.007374 0.010416 
0.015637 0.018364 0.007983 0.022760 
0.014640 -0.001414 0.014696 0.000597 
-0.005557 0.017506 -0.009138 0.015932 
0.011432 -0.019227 0.016848 -0.014713 
0.005171 -0.004476 0.005301 -0.004321 
0.007505 0.003821 0.007326 0.004154 
0.003857 -0.008677 0.004346 -0.008443 
-0.008309 -0.006207 -0.007868 -0.006758 
-0.017166 -0.010754 -0.013831 -0.014800 
0.011099 -0.011250 0.012731 -0.009363 
-0.015117 -0.001997 -0.014661 -0.004191 
0.006965 -0.007567 0.007456 -0.007084 
0.013540 -0.011050 0.015410 -0.008245 
-0.005175 -0.004711 -0.005026 -0.004869 
0.015310 -0.007159 0.016348 -0.004291 
0.005860 0.001768 0.005816 0.001907 
-0.016076 0.001125 -0.016043 -0.001519 
0.007186 -0.016559 0.010423 -0.014738 
0.006352 0.017072 0.002655 0.018021 
0.003947 -0.019354 0.008556 -0.017803 
-0.010124 0.013059 -0.012218 0.011125 
0.014075 -0.000478 0.014024 0.001288 
-0.018015 0.008995 -0.019708 0.004131 
-0.019588 -0.003311 -0.018163 -0.008048 
-0.009387 -0.011800 -0.007599 -0.013024 
0.006351 0.015679 0.003425 0.016566 
-0.006605 0.009562 -0.007397 0.008964 
0.010732 0.011351 0.008859 0.012867 
-0.011509 -0.011324 -0.009494 -0.013060 
-0.002461 0.015160 -0.004688 0.014626 
-0.008817 -0.001128 -0.008750 -0.001567 
0.012988 0.016731 0.007784 0.019698 
0.020833 0.002178 0.019439 0.007803 
0.016242 0.002088 0.015656 0.004800 
-0.002198 0.020930 -0.007901 0.019506 
-0.011378 0.020748 -0.017869 0.015513 
-0.019055 0.007964 -0.020488 0.002596 
0.027465 0.010599 0.017915 0.023361 
0.014738 0.005685 0.013661 0.007931 
-0.015220 -0.003370 -0.014525 -0.005661 
0.003518 -0.017124 0.006742 -0.016129 
0.021711 0.002263 0.020060 0.008606 
0.014283 0.002891 0.013767 0.004778 
-0.004756 0.007372 -0.005109 0.007132 
0.010067 0.002478 0.009875 0.003157 
0.000700 -0.020383 0.005979 -0.019499 
0.003411 -0.026271 0.014365 -0.022259 
-0.018679 -0.013209 -0.013370 -0.018565 
0.002209 -0.015358 0.004513 -0.014845 
0.004709 0.006263 0.004462 0.006442 
0.003313 0.018354 -0.000773 0.018635 
0.011443 -0.013299 0.013800 -0.010834 
-0.018278 0.003559 -0.018614 -0.000504 
0.011411 0.010778 0.009599 0.012419 
0.000270 -0.015459 0.002595 -0.015242 
-0.002311 0.008433 -0.002716 0.008312 
0.013466 -0.013708 0.016273 -0.010219 
-0.010746 -0.013552 -0.008005 -0.015332 
-0.006769 0.008616 -0.007403 0.008077 
-0.003128 0.019423 -0.007743 0.018085 
-0.015681 0.006582 -0.016616 0.003619 
-0.010782 -0.016572 -0.006398 -0.018707 
-0.006778 -0.007543 -0.006273 -0.007968 
-0.006066 -0.004168 -0.005920 -0.004373 
0.013727 -0.008079 0.014842 -0.005782 
0.008453 0.014770 0.005621 0.016063 
-0.003509 0.022961 -0.010992 0.020462 
0.021442 0.001527 0.020092 0.007642 
0.019158 0.013440 0.013456 0.019147 
0.000812 0.018996 -0.003516 0.018686 
0.003034 0.001053 0.003027 0.001073 
-0.002072 0.021367 -0.008126 0.019869 
0.003287 -0.018469 0.007283 -0.017287 
-0.009354 0.026188 -0.020563 0.018721 
0.001070 0.014382 -0.000826 0.014398 
0.001665 -0.004858 0.001746 -0.004830 
0.010626 0.014777 0.007320 0.016664 
-0.003392 0.027398 -0.015710 0.022702 
0.027388 0.009910 0.018471 0.022520 
0.020169 0.005239 0.017992 0.010513 
0.002585 -0.013994 0.004352 -0.013549 
-0.016578 -0.007679 -0.014600 -0.010983 
0.008867 0.004464 0.008572 0.005008 
0.015604 -0.006739 0.016569 -0.003791 
0.008027 0.011946 0.006397 0.012892 
-0.011106 -0.005874 -0.010465 -0.006952 
-0.011264 0.012930 -0.013461 0.010624 
0.011572 -0.016374 0.015319 -0.012936 
0.010928 0.012621 0.008545 0.014342 
0.007864 -0.007339 0.008380 -0.006745 
0.006987 -0.025630 0.017368 -0.020101 
-0.015126 -0.014016 -0.010857 -0.017532 
-0.011856 0.006177 -0.012477 0.004800 
0.004736 -0.005676 0.004929 -0.005509 
0.006004 0.001367 0.005970 0.001510 
-0.015996 0.002033 -0.016113 -0.000614 
0.017649 -0.002830 0.017858 0.000771 
-0.006911 -0.015442 -0.004017 -0.016434 
0.018205 -0.012202 0.021022 -0.006196 
0.012845 -0.007825 0.013829 -0.005913 
-0.002239 0.014328 -0.004120 0.013904 
-0.011225 -0.006033 -0.010547 -0.007153 
-0.016155 0.011578 -0.018516 0.007223 
-0.017076 -0.012695 -0.012794 -0.017002 
0.004539 -0.003986 0.004629 -0.003880 
0.008934 0.006587 0.008394 0.007263 
0.021670 0.002310 0.020016 0.008621 
0.014217 0.001599 0.013892 0.003421 
-0.012794 0.009672 -0.014192 0.007471 
0.006785 0.002564 0.006696 0.002789 
-0.006957 -0.002782 -0.006854 -0.003027 
0.017274 0.003018 0.016365 0.006300 
-0.002852 0.016836 -0.005892 0.016028 
-0.021840 -0.001006 -0.020550 -0.007465 
-0.020799 -0.012561 -0.014782 -0.019284 
0.000883 -0.020702 0.006405 -0.019706 
0.011423 -0.019422 0.016970 -0.014823 
0.018169 -0.008109 0.019612 -0.003353 
-0.022535 -0.003982 -0.020015 -0.011095 
0.006479 0.017220 0.002671 0.018204 
0.010721 -0.015455 0.013884 -0.012690 
0.009336 0.015524 0.005936 0.017114 
0.010763 0.006153 0.010115 0.007168 
0.014340 -0.016807 0.018769 -0.011654 
-0.015927 -0.011565 -0.012645 -0.015084 
0.006009 -0.008498 0.006577 -0.008067 
0.006669 -0.013703 0.008604 -0.012579 
-0.020721 -0.003547 -0.018938 -0.009128 
0.025116 0.010939 0.017337 0.021211 
0.019764 -0.004975 0.020378 0.000329 
0.000032 -0.013296 0.001516 -0.013210 
0.006445 0.015528 0.003580 0.016426 
-0.000904 0.009644 -0.001475 0.009574 
0.010129 -0.026327 0.021572 -0.018175 
-0.004634 -0.017992 -0.000627 -0.018568 
-0.011773 0.008961 -0.012897 0.007250 
0.004940 -0.013449 0.006640 -0.012696 
-0.018882 -0.005080 -0.017115 -0.009455 
0.015024 0.016997 0.008799 0.020909 
0.021304 -0.003454 0.021388 0.002882 
-0.004169 -0.024076 0.005005 -0.023917 
-0.026849 -0.009531 -0.018705 -0.021490 
-0.020525 -0.010450 -0.015938 -0.016627 
-0.009087 -0.008355 -0.008241 -0.009190 
-0.015860 -0.008881 -0.013672 -0.011979 
0.008761 0.004053 0.008507 0.004562 
0.003312 -0.006052 0.003493 -0.005950 
-0.005881 0.005605 -0.006110 0.005355 
-0.022489 -0.002288 -0.020597 -0.009313 
-0.020000 0.003011 -0.020104 -0.002207 
-0.002935 0.022487 -0.009968 0.020369 
0.000596 0.015454 -0.001740 0.015368 
0.003083 -0.006837 0.003324 -0.006723 
-0.004280 0.004569 -0.004392 0.004462 
-0.021868 -0.004694 -0.019321 -0.011267 
0.001009 0.015183 -0.001218 0.015168 
0.002586 -0.011767 0.003654 -0.011481 
-0.017307 0.001391 -0.017257 -0.001915 
0.011820 -0.015942 0.015387 -0.012535 
0.007581 0.011118 0.006261 0.011911 
-0.011975 -0.004735 -0.011414 -0.005963 
-0.007785 0.019559 -0.012893 0.016641 
0.007473 0.004687 0.007233 0.005049 
0.003725 -0.006053 0.003917 -0.005931 
0.007868 0.006170 0.007462 0.006655 
0.027214 0.009663 0.018649 0.022050 
0.018349 -0.000266 0.017990 0.003620 
0.001181 -0.006119 0.001331 -0.006088 
-0.000176 0.021902 -0.006713 0.020848 
0.008748 0.017371 0.004381 0.018950 
0.007304 0.019742 0.001557 0.020993 
