0.003375 -0.026034 0.014631 -0.021797 
-0.012651 0.016983 -0.017115 0.012472 
0.011085 -0.033536 0.032326 -0.014233 
0.001524 -0.026278 0.013140 -0.022808 
-0.022646 -0.004189 -0.019769 -0.011815 
-0.012316 -0.013280 -0.009121 -0.015648 
0.013727 0.019276 0.005698 0.022968 
0.013718 0.004372 0.012980 0.006231 
0.000260 -0.026061 0.011701 -0.023288 
0.016721 -0.024993 0.027985 -0.011004 
0.026644 -0.001137 0.024192 0.011223 
0.022078 -0.011619 0.024893 -0.001669 
0.017475 0.002414 0.016596 0.005983 
-0.006647 0.012503 -0.008264 0.011499 
0.014234 0.014154 0.009938 0.017440 
-0.010502 -0.015693 -0.006485 -0.017734 
0.024232 0.004140 0.020636 0.013361 
0.017638 0.020519 0.005877 0.026412 
0.025158 0.001513 0.022283 0.011775 
0.020361 0.012058 0.014518 0.018686 
-0.018236 0.008581 -0.019872 0.003358 
-0.008826 -0.017045 -0.004388 -0.018686 
0.018677 -0.010565 0.021004 -0.004388 
0.015045 -0.000889 0.015005 0.001405 
-0.024984 -0.004313 -0.020895 -0.014360 
0.019354 0.013734 0.012924 0.019904 
-0.011288 0.007518 -0.012128 0.006072 
-0.023035 0.017311 -0.028704 0.002519 
-0.003419 0.023760 -0.012123 0.020718 
0.013075 -0.017136 0.017700 -0.012302 
-0.019680 0.004290 -0.020108 -0.001157 
0.020731 -0.005872 0.021533 0.000762 
-0.017956 -0.019349 -0.007313 -0.025363 
-0.018968 -0.003121 -0.017623 -0.007679 
-0.000668 -0.024049 0.008485 -0.022512 
-0.007665 -0.003050 -0.007518 -0.003396 
0.008439 -0.020003 0.014240 -0.016388 
-0.009076 0.007340 -0.009708 0.006481 
-0.014492 0.025623 -0.026181 0.013458 
-0.024751 0.006362 -0.025112 -0.004737 
0.017996 0.011797 0.013530 0.016732 
-0.034500 -0.011242 -0.013212 -0.033795 
-0.023431 -0.002018 -0.021105 -0.010375 
0.019426 0.015780 0.011300 0.022331 
0.017563 -0.008229 0.019062 -0.003584 
0.017108 0.012862 0.012416 0.017434 
0.004003 -0.023071 0.012030 -0.020089 
0.016334 -0.012972 0.019376 -0.007724 
-0.006453 -0.003650 -0.006314 -0.003886 
0.008976 0.007835 0.008191 0.008653 
0.021248 -0.001342 0.020675 0.005081 
-0.017489 0.021061 -0.025472 0.010030 
0.024594 0.006759 0.019433 0.016520 
0.000382 -0.011986 0.001534 -0.011893 
-0.016215 0.017353 -0.021478 0.010136 
0.021682 0.002094 0.019938 0.008774 
0.022639 0.017407 0.010281 0.026643 
0.011741 -0.033872 0.033357 -0.013134 
0.012708 -0.021868 0.020654 -0.014599 
0.011390 0.000481 0.011305 0.001471 
-0.021033 -0.015010 -0.012459 -0.022637 
0.007211 -0.007298 0.007708 -0.006771 
0.025642 0.004088 0.021278 0.014882 
0.009276 0.017980 0.004053 0.019822 
-0.016122 0.014050 -0.019612 0.008526 
0.012417 0.008649 0.010948 0.010447 
0.012929 -0.020145 0.019539 -0.013828 
-0.006192 0.023180 -0.014466 0.019141 
0.013677 -0.018268 0.019103 -0.012484 
0.004734 0.005569 0.004532 0.005735 
-0.008886 0.016191 -0.012326 0.013754 
0.032101 0.003491 0.022318 0.023335 
0.011938 -0.017657 0.016685 -0.013262 
0.006129 0.006737 0.005745 0.007068 
-0.002616 0.013526 -0.004312 0.013085 
0.011030 -0.019581 0.016911 -0.014802 
-0.007824 0.012282 -0.009486 0.011049 
-0.003830 0.023106 -0.011885 0.020182 
-0.005692 0.011450 -0.006911 0.010758 
0.009451 0.003559 0.009186 0.004197 
-0.009325 -0.017501 -0.004439 -0.019327 
0.008186 0.009059 0.007241 0.009831 
0.012836 0.020059 0.004471 0.023391 
0.008788 0.004141 0.008508 0.004689 
-0.019353 -0.000149 -0.018709 -0.004956 
0.018041 -0.008076 0.019517 -0.003126 
0.014383 0.006690 0.013055 0.009011 
0.011577 -0.034671 0.034308 -0.012613 
0.005202 -0.031372 0.023736 -0.021163 
-0.014175 -0.015561 -0.008997 -0.019029 
-0.006761 0.012755 -0.008472 0.011689 
0.008764 0.019089 0.002816 0.020815 
-0.003730 0.008466 -0.004210 0.008238 
-0.002903 -0.021717 0.004119 -0.021519 
-0.016045 0.008063 -0.017402 0.004432 
0.006723 -0.005395 0.006983 -0.005053 
0.009031 0.004573 0.008696 0.005183 
0.006164 -0.008214 0.006729 -0.007758 
0.010768 0.005591 0.010164 0.006625 
0.007549 -0.008204 0.008206 -0.007547 
0.006410 -0.025633 0.017289 -0.019980 
-0.023124 -0.003782 -0.020212 -0.011853 
-0.010152 -0.014670 -0.006813 -0.016488 
0.008420 0.001588 0.008331 0.002000 
-0.020002 0.003331 -0.020153 -0.002242 
0.010251 -0.018880 0.015516 -0.014859 
-0.001211 0.026711 -0.013398 0.023140 
-0.005946 0.020059 -0.011497 0.017480 
-0.023505 -0.004103 -0.020283 -0.012567 
-0.008869 -0.008716 -0.007919 -0.009588 
-0.014941 -0.005407 -0.013816 -0.007847 
-0.000946 0.020500 -0.006623 0.019424 
-0.012096 -0.022214 -0.001756 -0.025233 
-0.004856 -0.027352 0.009314 -0.026171 
-0.021704 0.005711 -0.022370 -0.001805 
0.018003 0.022165 0.003850 0.028294 
0.020842 0.013345 0.013778 0.020557 
-0.006223 0.014141 -0.008398 0.012968 
0.025121 0.008565 0.018471 0.019060 
0.005376 -0.013684 0.007297 -0.012763 
-0.012139 -0.016254 -0.007249 -0.018947 
-0.009596 0.007926 -0.010366 0.006888 
-0.008333 0.008773 -0.009153 0.007914 
-0.009211 0.011919 -0.010912 0.010385 
0.017529 0.020400 0.005991 0.026221 
0.020144 0.010329 0.015485 0.016514 
-0.016963 -0.004768 -0.015611 -0.008172 
0.002275 -0.012991 0.003771 -0.012638 
-0.019218 0.002159 -0.019153 -0.002679 
0.010829 0.008601 0.009639 0.009915 
0.020125 -0.001129 0.019686 0.004330 
-0.014836 0.015017 -0.018600 0.009982 
0.013675 -0.019098 0.019657 -0.012859 
0.008006 0.001639 0.007925 0.001996 
-0.022461 -0.003221 -0.020044 -0.010634 
-0.001327 -0.028408 0.013529 -0.025015 
-0.018109 -0.022270 -0.003724 -0.028461 
-0.024587 0.008918 -0.025993 -0.002893 
0.028063 0.015528 0.011760 0.029839 
0.019003 0.019773 0.007079 0.026495 
0.019088 -0.003592 0.019379 0.001301 
-0.020542 -0.002008 -0.019143 -0.007717 
0.004038 -0.024761 0.013829 -0.020932 
0.013169 -0.014085 0.016238 -0.010399 
-0.021621 0.012302 -0.024746 0.002538 
-0.023686 -0.002969 -0.020869 -0.011589 
-0.016774 -0.015441 -0.010490 -0.020242 
0.016388 0.014219 0.011162 0.018605 
-0.014381 0.007702 -0.015521 0.005026 
0.002249 -0.006727 0.002475 -0.006648 
-0.008555 0.007285 -0.009141 0.006535 
-0.008717 0.008511 -0.009520 0.007602 
-0.017178 0.013691 -0.020641 0.007517 
0.006558 0.004945 0.006328 0.005237 
-0.022668 0.012090 -0.025662 0.001214 
-0.023684 -0.003059 -0.020830 -0.011679 
-0.012546 -0.008130 -0.011191 -0.009913 
-0.015702 0.012406 -0.018431 0.007794 
-0.003253 -0.027122 0.010161 -0.025356 
-0.026195 -0.011356 -0.016472 -0.023320 
-0.007689 -0.000538 -0.007661 -0.000844 
0.029883 -0.003439 0.026508 0.014219 
0.008206 -0.033227 0.029303 -0.017684 
-0.019815 -0.021853 -0.004491 -0.029155 
-0.030789 -0.007137 -0.019701 -0.024713 
-0.015524 0.014946 -0.019358 0.009469 
0.013949 0.008430 0.012234 0.010769 
0.009895 -0.018868 0.015096 -0.015034 
0.000110 0.018173 -0.003885 0.017753 
0.008022 -0.008502 0.008767 -0.007732 
0.018153 -0.019324 0.024950 -0.008970 
-0.012351 -0.014717 -0.008368 -0.017295 
0.028062 -0.003509 0.025914 0.011327 
0.012402 -0.026252 0.024538 -0.015521 
-0.001400 -0.013433 0.000250 -0.013504 
-0.009768 0.025641 -0.020953 0.017715 
-0.033056 -0.012040 -0.013419 -0.032521 
-0.033773 -0.001283 -0.023446 -0.024342 
-0.014470 0.022707 -0.023404 0.013312 
-0.027979 -0.002033 -0.023147 -0.015848 
-0.024517 0.013296 -0.027882 -0.000693 
0.035077 0.003436 0.021046 0.028271 
0.013495 -0.024185 0.023650 -0.014413 
0.030713 -0.005231 0.027601 0.014452 
0.001707 -0.028125 0.015750 -0.023364 
-0.016305 0.002734 -0.016531 -0.000285 
0.017545 -0.011933 0.020300 -0.006175 
0.032770 0.007076 0.019047 0.027588 
0.022245 -0.018533 0.028700 -0.003820 
0.008564 -0.019542 0.014043 -0.016063 
-0.008996 0.011504 -0.010544 0.010104 
0.003322 0.018376 -0.001027 0.018645 
-0.000715 -0.017107 0.002641 -0.016917 
-0.006033 0.005277 -0.006254 0.005012 
-0.007149 -0.006723 -0.006700 -0.007170 
-0.003347 -0.029733 0.014039 -0.026423 
-0.024105 -0.004127 -0.020580 -0.013213 
0.008727 0.017287 0.004150 0.018915 
-0.021824 0.019194 -0.028716 0.004481 
0.004876 0.024992 -0.006107 0.024720 
0.019736 -0.003723 0.020014 0.001687 
-0.004298 0.023319 -0.012583 0.020098 
0.021820 -0.018589 0.028323 -0.004411 
0.006525 -0.022157 0.013872 -0.018468 
-0.002923 0.006012 -0.003102 0.005922 
-0.019890 -0.009151 -0.015979 -0.014967 
0.016002 -0.001494 0.016020 0.001287 
-0.020334 0.006099 -0.021228 -0.000231 
0.007514 0.017668 0.002962 0.018969 
-0.008809 0.008491 -0.009616 0.007565 
-0.005646 0.012602 -0.007208 0.011779 
0.022589 -0.000964 0.021598 0.006687 
-0.016060 0.020203 -0.023213 0.011281 
-0.005883 -0.008795 -0.005207 -0.009212 
0.002216 -0.027731 0.015682 -0.022979 
-0.001795 -0.019463 0.003197 -0.019283 
0.004091 0.024687 -0.006332 0.024210 
0.019944 -0.002319 0.019838 0.003093 
-0.010630 -0.010511 -0.008941 -0.011981 
-0.026283 0.007044 -0.026464 -0.006331 
0.020823 0.012485 0.014408 0.019543 
-0.018854 0.009599 -0.020849 0.003594 
-0.020374 -0.014834 -0.012423 -0.021928 
-0.012313 0.018325 -0.017546 0.013400 
-0.013293 -0.007881 -0.011866 -0.009901 
-0.021180 -0.003578 -0.019084 -0.009859 
0.000879 -0.019311 0.005642 -0.018490 
-0.008499 0.006929 -0.009029 0.006222 
-0.020754 0.000081 -0.019917 -0.005835 
0.009553 0.003593 0.009279 0.004251 
-0.008591 -0.020743 -0.001224 -0.022418 
0.005301 -0.005053 0.005479 -0.004859 
0.012055 0.020545 0.003561 0.023552 
0.007665 0.003698 0.007476 0.004066 
-0.012445 -0.009204 -0.010812 -0.011076 
-0.024989 -0.004700 -0.020701 -0.014765 
-0.008419 -0.009526 -0.007339 -0.010381 
-0.021120 -0.018987 -0.008326 -0.027152 
-0.011003 0.023582 -0.020234 0.016363 
-0.019258 -0.014625 -0.012205 -0.020876 
-0.000376 -0.013154 0.001151 -0.013109 
-0.016252 0.019172 -0.022697 0.010795 
0.021719 0.012475 0.014728 0.020259 
-0.004780 0.010551 -0.005708 0.010078 
0.008485 0.007467 0.007815 0.008166 
0.019703 0.010244 0.015308 0.016088 
-0.023210 0.000663 -0.021944 -0.007592 
-0.003253 0.006580 -0.003489 0.006458 
0.002784 -0.023648 0.011363 -0.020925 
0.002018 -0.009184 0.002559 -0.009048 
0.005163 0.026288 -0.007596 0.025691 
0.024259 0.001116 0.021955 0.010377 
0.024564 0.004028 0.020847 0.013603 
-0.018883 -0.023487 -0.002048 -0.030066 
-0.028187 -0.001881 -0.023285 -0.015995 
0.001111 0.027757 -0.012769 0.024671 
0.013059 0.021436 0.003118 0.024906 
0.004553 0.029433 -0.012727 0.026927 
0.024505 0.007322 0.019074 0.017038 
0.004585 -0.005910 0.004803 -0.005734 
0.025108 -0.007971 0.026014 0.004146 
-0.020093 -0.012050 -0.014409 -0.018474 
0.016052 -0.018406 0.021953 -0.010701 
-0.013645 -0.020955 -0.003929 -0.024695 
0.004116 -0.021396 0.010608 -0.019032 
0.017856 0.002161 0.016972 0.005955 
-0.009373 0.012387 -0.011247 0.010715 
0.003994 0.025262 -0.007116 0.024566 
0.023095 -0.000396 0.021771 0.007719 
0.007199 -0.011142 0.008460 -0.010217 
-0.000916 -0.029180 0.015017 -0.025036 
-0.022575 -0.018218 -0.009327 -0.027469 
-0.003614 0.033101 -0.025068 0.021915 
0.021844 0.002517 0.019904 0.009346 
-0.011517 -0.011737 -0.009211 -0.013622 
0.009565 0.018472 0.003878 0.020437 
-0.004478 0.007596 -0.004868 0.007353 
0.008031 -0.008413 0.008760 -0.007651 
0.004521 -0.028032 0.018307 -0.021705 
-0.022630 0.001610 -0.021840 -0.006143 
-0.008207 0.013085 -0.010187 0.011610 
0.022537 0.018352 0.009165 0.027581 
0.013785 -0.030425 0.030805 -0.012915 
0.021315 -0.018360 0.027677 -0.005042 
0.011561 -0.023278 0.020585 -0.015868 
0.031853 0.010106 0.016445 0.029091 
0.019470 -0.003914 0.019816 0.001313 
-0.012650 0.018656 -0.018157 0.013355 
0.010879 -0.024786 0.021289 -0.016718 
0.018332 0.013707 0.012493 0.019180 
-0.014958 0.017748 -0.020266 0.011314 
0.013724 0.014174 0.009600 0.017236 
0.008529 -0.010746 0.009814 -0.009587 
0.006209 -0.006391 0.006540 -0.006051 
0.024095 -0.004912 0.024078 0.004993 
-0.016937 -0.014371 -0.011349 -0.019095 
0.000779 0.027196 -0.012271 0.024283 
0.011001 0.014172 0.007710 0.016200 
-0.027164 0.001289 -0.024503 -0.011796 
-0.022265 0.018027 -0.028406 0.003716 
-0.011467 0.022053 -0.019377 0.015569 
-0.016178 -0.012763 -0.011941 -0.016794 
0.005694 0.020850 -0.001010 0.021590 
0.018297 -0.019518 0.025243 -0.008861 
-0.001164 -0.027928 0.012968 -0.024762 
-0.015455 -0.015886 -0.009484 -0.020032 
-0.009247 0.006920 -0.009828 0.006066 
-0.022809 0.016982 -0.028302 0.002770 
-0.003032 0.023690 -0.011657 0.020845 
0.021461 -0.013555 0.025165 -0.003320 
0.011644 -0.014007 0.014448 -0.011092 
-0.015353 0.014243 -0.018824 0.009179 
0.007998 0.009013 0.007084 0.009748 
0.031674 0.007575 0.019045 0.026418 
0.012536 -0.011252 0.014438 -0.008677 
0.005313 0.023138 -0.003602 0.023465 
0.015332 -0.012935 0.018226 -0.008379 
0.024212 0.004477 0.020467 0.013688 
-0.020782 -0.013124 -0.013925 -0.020254 
0.002582 -0.007324 0.002876 -0.007214 
0.029367 0.016480 0.009912 0.032184 
0.007532 0.013679 0.005204 0.014723 
-0.008320 -0.004295 -0.008053 -0.004776 
0.007666 0.007208 0.007110 0.007757 
0.008005 0.007940 0.007300 0.008593 
0.022122 0.019073 0.008269 0.028014 
0.003933 -0.025908 0.015038 -0.021460 
-0.024289 -0.003767 -0.020837 -0.013038 
-0.018913 -0.019160 -0.007769 -0.025777 
-0.021249 -0.003319 -0.019222 -0.009648 
0.003494 -0.021077 0.009684 -0.019044 
0.026562 0.002250 0.022569 0.014186 
0.025169 0.001368 0.022352 0.011650 
0.024774 0.009296 0.017884 0.019501 
0.004076 -0.004814 0.004203 -0.004703 
0.008353 0.019407 0.002257 0.021008 
-0.003932 0.010342 -0.004767 0.009985 
0.017553 -0.011530 0.020152 -0.005912 
0.014633 0.016720 0.008402 0.020569 
-0.013918 0.024316 -0.024252 0.014029 
-0.031184 -0.006817 -0.019876 -0.024978 
-0.011594 0.014310 -0.014523 0.011327 
0.017520 -0.019748 0.024540 -0.009734 
-0.019044 -0.014632 -0.012116 -0.020735 
-0.002282 0.026615 -0.014283 0.022573 
0.008548 0.024068 -0.002456 0.025423 
0.007466 -0.032572 0.027646 -0.018771 
-0.021136 -0.017975 -0.009506 -0.026067 
-0.017614 0.021438 -0.025902 0.009946 
0.022754 0.016592 0.011195 0.025839 
0.010382 -0.032082 0.029669 -0.016023 
-0.007174 -0.019155 -0.001588 -0.020393 
0.007090 0.023545 -0.002774 0.024432 
0.006800 -0.021278 0.013413 -0.017864 
-0.004061 0.005465 -0.004229 0.005336 
-0.029223 -0.015050 -0.011902 -0.030641 
-0.021784 -0.018258 -0.009246 -0.026878 
-0.016891 0.023946 -0.027208 0.010883 
0.025129 0.009948 0.017492 0.020603 
-0.015781 0.028873 -0.030972 0.011109 
-0.011226 0.020410 -0.017756 0.015077 
0.029545 -0.005163 0.027258 0.012514 
0.008123 -0.025676 0.019185 -0.018900 
0.034174 0.012130 0.012356 0.034092 
0.034355 0.011540 0.012961 0.033845 
0.025882 0.000491 0.023098 0.011688 
-0.021144 -0.002361 -0.019471 -0.008574 
0.017874 0.006645 0.015740 0.010764 
-0.010740 0.000104 -0.010716 -0.000726 
0.023192 0.008689 0.017782 0.017238 
0.003499 -0.009804 0.004202 -0.009524 
-0.010968 -0.009112 -0.009627 -0.010518 
-0.020222 0.001505 -0.019868 -0.004059 
0.021057 0.003582 0.019000 0.009760 
0.009289 0.008143 0.008408 0.009049 
0.020134 -0.000930 0.019641 0.004523 
-0.009525 0.024959 -0.019952 0.017766 
0.009716 0.002123 0.009554 0.002763 
-0.013055 -0.022595 -0.001752 -0.026036 
-0.001666 -0.017774 0.002142 -0.017723 
0.016246 0.013698 0.011421 0.017920 
-0.000860 -0.016903 0.002383 -0.016756 
0.014543 0.022715 0.002196 0.026882 
0.018486 0.021904 0.004282 0.028340 
0.024334 0.009098 0.017904 0.018825 
-0.003571 0.031596 -0.022603 0.022364 
0.025138 0.014885 0.013067 0.026129 
0.002422 0.028388 -0.012632 0.025537 
0.011842 0.019565 0.004396 0.022443 
-0.008593 0.024121 -0.018045 0.018167 
0.009887 0.003242 0.009626 0.003950 
0.006345 -0.007420 0.006806 -0.007000 
0.005769 0.005206 0.005553 0.005435 
-0.007981 -0.005090 -0.007661 -0.005560 
0.015766 -0.013027 0.018756 -0.008152 
-0.018642 -0.004318 -0.017033 -0.008722 
0.006113 -0.007697 0.006598 -0.007285 
0.009328 0.018790 0.003458 0.020691 
-0.019868 0.012173 -0.022900 0.004299 
-0.004440 0.007443 -0.004809 0.007210 
0.006102 -0.007275 0.006531 -0.006893 
0.020550 -0.003895 0.020798 0.002215 
-0.024632 0.006544 -0.025093 -0.004464 
0.028534 0.014429 0.012946 0.029236 
0.019652 0.019923 0.007012 0.027092 
0.024492 -0.009111 0.025996 0.002658 
-0.025239 -0.003460 -0.021426 -0.013780 
0.002331 0.026728 -0.010344 0.024755 
0.009455 0.018407 0.003853 0.020331 
-0.005647 0.010995 -0.006742 0.010360 
0.012116 0.006795 0.011137 0.008303 
0.021631 -0.015290 0.026213 -0.003819 
0.015334 -0.010828 0.017443 -0.006936 
0.001338 0.026407 -0.010742 0.024161 
0.012381 0.017796 0.006253 0.020758 
-0.003568 0.032348 -0.023800 0.022196 
0.030903 0.009209 0.017772 0.026906 
0.022030 -0.001218 0.021257 0.005912 
0.002889 -0.008078 0.003284 -0.007926 
-0.007918 0.007702 -0.008521 0.007029 
-0.017730 0.015305 -0.022049 0.007902 
-0.026349 -0.003775 -0.021702 -0.015413 
0.028785 0.005990 0.020798 0.020782 
0.020939 -0.011443 0.023695 -0.002815 
0.019859 0.001725 0.018703 0.006894 
0.004378 0.019236 -0.000735 0.019715 
-0.005244 -0.024952 0.005786 -0.024832 
-0.020747 0.004323 -0.021096 -0.002028 
0.015404 -0.027904 0.029541 -0.011969 
0.014248 -0.011517 0.016460 -0.008046 
0.008139 0.023420 -0.001929 0.024719 
0.002393 -0.022280 0.009621 -0.020237 
-0.015095 0.015409 -0.019097 0.010030 
0.007779 0.008346 0.007022 0.008993 
0.026179 0.015283 0.012527 0.027604 
0.003337 0.028364 -0.011906 0.025960 
0.024329 0.001348 0.021902 0.010677 
-0.018188 -0.006126 -0.016138 -0.010387 
0.008129 0.009632 0.007058 0.010442 
0.019055 0.022693 0.003238 0.029455 
0.034087 0.010929 0.013974 0.032956 
0.020595 0.012816 0.014084 0.019750 
-0.019932 0.006789 -0.021046 0.000650 
-0.008408 -0.014426 -0.005579 -0.015738 
0.009194 0.004684 0.008836 0.005328 
0.004977 -0.010746 0.005964 -0.010231 
-0.008732 -0.005525 -0.008314 -0.006135 
0.010260 0.003533 0.009949 0.004332 
-0.015847 -0.019867 -0.006044 -0.024684 
-0.023692 -0.003947 -0.020451 -0.012596 
-0.007051 -0.002773 -0.006939 -0.003043 
0.010727 0.009210 0.009399 0.010562 
0.023517 -0.002765 0.022889 0.006066 
-0.010235 -0.018927 -0.003962 -0.021150 
0.012871 -0.014262 0.015973 -0.010673 
-0.022065 -0.004118 -0.019452 -0.011200 
-0.006197 -0.003418 -0.006079 -0.003625 
0.023065 0.000589 0.021404 0.008614 
0.007673 -0.009391 0.008560 -0.008590 
0.005627 -0.012929 0.007296 -0.012066 
-0.023132 -0.000439 -0.021503 -0.008540 
0.014277 -0.023793 0.024164 -0.013641 
0.004361 -0.010178 0.005182 -0.009785 
-0.006226 -0.007291 -0.005765 -0.007661 
0.006004 -0.007397 0.006443 -0.007018 
0.013678 0.008808 0.011907 0.011085 
0.007209 -0.031462 0.025759 -0.019450 
-0.017483 -0.012732 -0.012700 -0.017506 
0.019482 0.007947 0.016304 0.013300 
-0.023017 0.008054 -0.024338 -0.001517 
0.022618 0.015025 0.012776 0.023960 
0.010238 -0.031480 0.028705 -0.016487 
0.003068 -0.023606 0.011606 -0.020783 
0.016009 -0.014304 0.019603 -0.008755 
-0.008121 -0.009487 -0.007086 -0.010284 
-0.024555 -0.003989 -0.020861 -0.013553 
0.018492 0.019687 0.007068 0.026068 
0.025760 -0.005687 0.025563 0.006514 
-0.000253 -0.025875 0.011006 -0.023419 
0.009513 -0.019018 0.014759 -0.015309 
0.001332 0.017719 -0.002422 0.017603 
0.007908 -0.011893 0.009456 -0.010703 
0.000961 -0.027565 0.014302 -0.023584 
-0.004236 -0.020938 0.002270 -0.021241 
0.030726 0.007020 0.019816 0.024509 
0.021940 -0.018119 0.028146 -0.004174 
0.008021 -0.022129 0.015509 -0.017706 
0.000230 0.018386 -0.003910 0.017967 
-0.019498 -0.013460 -0.013183 -0.019687 
0.013951 -0.007282 0.014963 -0.004875 
-0.004130 0.021788 -0.010965 0.019276 
-0.010299 0.007472 -0.011048 0.006312 
-0.016946 0.013321 -0.020214 0.007483 
0.005924 0.002301 0.005859 0.002461 
-0.019106 0.020705 -0.026971 0.008141 
0.028652 0.013953 0.013470 0.028882 
0.016155 0.023177 0.002071 0.028175 
0.017906 0.022587 0.003252 0.028639 
0.025050 0.015913 0.011941 0.027169 
0.000562 0.027093 -0.012316 0.024138 
0.011625 0.022716 0.000925 0.025501 
0.004186 0.021178 -0.002529 0.021439 
0.018332 -0.014011 0.022073 -0.006719 
0.007075 -0.008347 0.007722 -0.007753 
0.019314 -0.010084 0.021500 -0.003530 
0.017618 0.021594 0.004533 0.027498 
0.025107 -0.007140 0.025681 0.004671 
-0.021185 -0.011623 -0.015144 -0.018829 
0.017672 -0.011510 0.020274 -0.005807 
0.028189 0.002460 0.022962 0.016536 
-0.006077 -0.024833 0.005039 -0.025064 
-0.023092 -0.003129 -0.020462 -0.011150 
-0.020290 -0.018999 -0.008214 -0.026556 
-0.012412 0.017818 -0.017338 0.013074 
0.011452 -0.020241 0.017890 -0.014860 
0.017944 0.012956 0.012803 0.018054 
-0.004666 -0.030605 0.014613 -0.027293 
-0.032623 -0.011883 -0.013932 -0.031802 
-0.026926 -0.001288 -0.023187 -0.013749 
-0.002067 0.016251 -0.004943 0.015619 
-0.006786 -0.002866 -0.006677 -0.003111 
0.012996 -0.033963 0.034537 -0.011382 
0.006374 -0.031178 0.024546 -0.020253 
-0.009412 -0.013981 -0.006594 -0.015510 
0.006800 0.002097 0.006725 0.002327 
-0.014433 0.021742 -0.022543 0.013147 
-0.009812 -0.007650 -0.008966 -0.008626 
-0.011880 -0.014857 -0.007961 -0.017277 
0.026450 0.000247 0.023479 0.012183 
0.014967 -0.011288 0.017189 -0.007480 
0.000402 0.016957 -0.002857 0.016720 
0.000276 -0.023141 0.008394 -0.021567 
-0.011318 -0.004283 -0.010843 -0.005372 
-0.004700 0.006953 -0.005023 0.006723 
-0.014974 -0.020990 -0.004457 -0.025396 
-0.009183 -0.008084 -0.008326 -0.008963 
-0.029594 -0.015933 -0.010546 -0.031913 
-0.007768 -0.016257 -0.004072 -0.017551 
0.021627 0.004447 0.019053 0.011158 
0.009319 0.008815 0.008291 0.009788 
0.011008 0.008698 0.009767 0.010071 
0.027250 -0.000485 0.024169 0.012597 
0.015882 -0.009904 0.017752 -0.005934 
-0.004747 0.018764 -0.009264 0.016994 
-0.010587 -0.002982 -0.010310 -0.003830 
0.008813 0.015975 0.005057 0.017530 
-0.011362 -0.008663 -0.010073 -0.010133 
-0.021161 0.000725 -0.020426 -0.005576 
0.014010 0.003667 0.013357 0.005595 
-0.000736 -0.026666 0.011596 -0.024023 
-0.010470 -0.019729 -0.003411 -0.022073 
0.020769 -0.013015 0.024209 -0.003828 
0.002701 -0.007696 0.003042 -0.007568 
0.023716 0.009336 0.017560 0.018474 
0.002736 -0.013049 0.004269 -0.012631 
-0.023934 0.000812 -0.022490 -0.008229 
-0.006160 0.010582 -0.007191 0.009910 
0.024651 0.004626 0.020594 0.014316 
0.012572 0.023679 0.000161 0.026809 
-0.004107 0.017369 -0.007697 0.016103 
-0.006399 -0.009367 -0.005567 -0.009884 
0.004309 -0.023046 0.012325 -0.019944 
0.005347 -0.012159 0.006745 -0.011443 
-0.007675 -0.003729 -0.007484 -0.004099 
0.023931 0.003630 0.020717 0.012518 
0.006944 0.009126 0.006114 0.009702 
0.033433 0.004730 0.020848 0.026562 
0.007926 -0.024008 0.017190 -0.018540 
-0.009690 -0.008093 -0.008771 -0.009080 
-0.009016 -0.019061 -0.003017 -0.020869 
0.014744 -0.013576 0.017825 -0.009162 
-0.011859 -0.008621 -0.010497 -0.010236 
-0.028623 0.002369 -0.025597 -0.013026 
-0.021931 0.012132 -0.024975 0.002101 
-0.018548 -0.002832 -0.017371 -0.007092 
0.006889 -0.008847 0.007610 -0.008235 
0.000694 -0.008870 0.001164 -0.008820 
0.021460 0.009751 0.016436 0.016896 
-0.019419 0.006127 -0.020355 0.000560 
0.014338 0.015005 0.009469 0.018469 
0.001596 -0.007952 0.001945 -0.007873 
0.003106 0.026522 -0.009449 0.024975 
0.028423 -0.003970 0.026279 0.011537 
0.010728 -0.025748 0.022136 -0.016972 
0.019343 0.015246 0.011730 0.021656 
-0.002282 0.011841 -0.003424 0.011563 
0.014293 -0.014110 0.017545 -0.009776 
-0.014842 0.023934 -0.024931 0.013097 
-0.006441 0.004403 -0.006616 0.004137 
-0.008133 -0.005491 -0.007761 -0.006004 
0.009635 0.005119 0.009196 0.005871 
0.001160 -0.015464 0.003628 -0.015077 
-0.005433 0.032291 -0.025361 0.020714 
0.020120 0.012234 0.014299 0.018710 
-0.023547 0.015097 -0.027943 0.001267 
-0.020155 0.014217 -0.024142 0.005052 
-0.002486 0.005436 -0.002615 0.005375 
-0.035461 -0.004159 -0.020130 -0.029489 
-0.009071 0.032767 -0.029414 0.017052 
0.007444 0.027148 -0.007343 0.027176 
0.024380 -0.009677 0.026138 0.002192 
-0.020354 -0.008591 -0.016510 -0.014679 
0.022085 -0.019853 0.029403 -0.004164 
0.004449 -0.034147 0.027499 -0.020727 
-0.018777 -0.009905 -0.014977 -0.015046 
0.016168 -0.018507 0.022153 -0.010638 
-0.011677 -0.021218 -0.002651 -0.024073 
-0.002787 -0.028495 0.012513 -0.025751 
-0.009046 -0.018093 -0.003804 -0.019867 
0.013828 -0.010357 0.015611 -0.007400 
-0.003134 0.008963 -0.003670 0.008757 
0.001900 -0.026956 0.014358 -0.022893 
-0.001294 -0.029016 0.014463 -0.025187 
-0.015618 -0.022512 -0.002817 -0.027254 
-0.014357 -0.020384 -0.004872 -0.024452 
-0.006311 -0.006185 -0.005979 -0.006507 
0.000920 -0.015495 0.003401 -0.015145 
-0.015335 0.026344 -0.027828 0.012441 
-0.028949 0.005367 -0.027139 -0.011414 
-0.011267 0.034290 -0.033525 0.013371 
-0.006175 0.032309 -0.026062 0.020069 
0.017822 0.018515 0.008165 0.024367 
0.022906 -0.001946 0.022157 0.006125 
0.001197 -0.008862 0.001670 -0.008785 
-0.001729 0.020124 -0.007103 0.018908 
-0.027255 -0.000447 -0.023726 -0.013422 
-0.019824 -0.014365 -0.012623 -0.020976 
0.007282 -0.009173 0.008094 -0.008465 
-0.001267 -0.007151 -0.001013 -0.007192 
0.028977 0.001826 0.023488 0.017067 
-0.033271 -0.003132 -0.022232 -0.024949 
-0.000472 0.023144 -0.008583 0.021499 
0.006895 -0.020153 0.012617 -0.017161 
-0.011464 0.007046 -0.012233 0.005605 
-0.001589 0.025590 -0.012359 0.022464 
0.011078 -0.024710 0.021434 -0.016549 
0.001503 -0.006163 0.001668 -0.006120 
0.033007 0.011297 0.014374 0.031788 
0.024837 0.014134 0.013842 0.025001 
0.008097 0.021722 -0.000085 0.023182 
0.011429 -0.022202 0.019462 -0.015646 
0.018437 0.007031 0.015996 0.011553 
-0.004942 -0.003099 -0.004870 -0.003211 
0.013489 -0.016513 0.017824 -0.011701 
-0.013094 0.018244 -0.018407 0.012865 
0.023873 0.001333 0.021640 0.010168 
0.034470 0.004261 0.020705 0.027887 
0.002844 -0.022324 0.010120 -0.020101 
-0.011414 0.024752 -0.021856 0.016286 
-0.004058 0.010870 -0.005022 0.010460 
0.005276 -0.000524 0.005285 -0.000425 
-0.005926 0.025064 -0.016137 0.020073 
0.018975 -0.012208 0.021968 -0.005148 
0.026006 -0.008952 0.027079 0.004812 
-0.024948 -0.004784 -0.020641 -0.014808 
0.025588 0.011859 0.016001 0.023224 
0.014533 0.006871 0.013130 0.009274 
0.011477 -0.023839 0.021021 -0.016066 
0.020411 0.013074 0.013826 0.019910 
-0.008545 0.015645 -0.011661 0.013483 
0.024516 0.002887 0.021349 0.012394 
-0.018944 -0.007076 -0.016319 -0.011943 
0.008200 0.009370 0.007183 0.010171 
0.026693 0.013103 0.014811 0.025784 
0.016330 0.007113 0.014459 0.010402 
0.006369 -0.032141 0.025984 -0.019961 
-0.020454 -0.016631 -0.010798 -0.024049 
-0.015160 0.011422 -0.017453 0.007462 
0.006770 -0.008293 0.007387 -0.007748 
0.005967 -0.025886 0.017112 -0.020319 
-0.013665 0.018529 -0.019261 0.012613 
-0.012354 -0.002246 -0.012048 -0.003537 
-0.000467 0.023008 -0.008440 0.021409 
0.007077 0.002574 0.006974 0.002842 
-0.013659 0.021597 -0.021530 0.013765 
-0.008716 -0.014001 -0.006031 -0.015350 
0.004610 0.004822 0.004464 0.004958 
-0.016845 0.008930 -0.018503 0.004599 
0.007051 -0.010402 0.008111 -0.009598 
0.002565 -0.009728 0.003219 -0.009531 
0.002269 0.029526 -0.014496 0.025823 
0.031995 0.011816 0.014427 0.030906 
0.023965 0.004434 0.020368 0.013384 
0.019348 0.021022 0.005576 0.028021 
0.022169 -0.007298 0.023313 0.001105 
-0.019429 -0.013951 -0.012793 -0.020210 
0.009894 -0.008845 0.010868 -0.007617 
0.019376 -0.011731 0.022198 -0.004507 
0.024198 -0.008282 0.025424 0.002782 
-0.028928 -0.014850 -0.012281 -0.030109 
-0.018665 -0.020821 -0.005731 -0.027368 
-0.026199 -0.015523 -0.012247 -0.027882 
0.001416 -0.024914 0.011400 -0.022197 
0.001137 -0.026275 0.012775 -0.022989 
-0.011259 0.022066 -0.019147 0.015718 
-0.033845 -0.011699 -0.013211 -0.033284 
-0.018363 -0.012188 -0.013495 -0.017424 
0.014246 -0.006486 0.015115 -0.004067 
-0.004122 0.021500 -0.010704 0.019096 
-0.004234 0.008134 -0.004686 0.007883 
0.001896 -0.009223 0.002441 -0.009094 
0.001667 0.020180 -0.003876 0.019874 
0.004152 -0.023087 0.012201 -0.020035 
0.013791 -0.012307 0.016227 -0.008852 
-0.019581 0.008087 -0.021098 0.001917 
-0.009336 -0.009264 -0.008200 -0.010283 
-0.008917 -0.009511 -0.007777 -0.010464 
-0.018427 -0.022789 -0.003038 -0.029149 
-0.031244 -0.015781 -0.009716 -0.033628 
-0.011873 -0.023500 -0.000075 -0.026329 
0.003565 -0.023482 0.011988 -0.020504 
0.001976 -0.011831 0.003106 -0.011586 
-0.016950 0.018099 -0.022783 0.009787 
0.024400 -0.007493 0.025278 0.003537 
-0.021884 -0.004868 -0.019042 -0.011832 
0.017891 0.016477 0.010133 0.022111 
0.014386 -0.011656 0.016664 -0.008070 
-0.003175 0.026581 -0.015106 0.022100 
-0.001713 0.026950 -0.014174 0.022985 
-0.007631 0.025681 -0.018655 0.019229 
0.004048 0.006656 0.003774 0.006815 
-0.003065 0.027317 -0.015939 0.022395 
0.003371 0.031096 -0.016301 0.026694 
0.025315 0.002583 0.021878 0.012996 
-0.029520 -0.006943 -0.020063 -0.022741 
-0.013905 0.009921 -0.015569 0.007028 
0.007398 -0.012121 0.008965 -0.011013 
-0.000029 -0.026673 0.012225 -0.023706 
0.014346 -0.020331 0.021330 -0.012815 
0.012184 0.008034 0.010916 0.009687 
0.022555 0.003234 0.020098 0.010737 
0.009384 0.005422 0.008928 0.006143 
0.003247 -0.012605 0.004655 -0.012155 
-0.016166 0.017545 -0.021539 0.010259 
0.007879 -0.019393 0.013159 -0.016279 
-0.008578 0.013655 -0.010817 0.011960 
0.021096 0.017568 0.009949 0.025587 
0.015122 -0.024420 0.025700 -0.012828 
0.025211 -0.006428 0.025476 0.005281 
-0.004964 -0.028045 0.010271 -0.026565 
-0.025289 -0.013103 -0.014853 -0.024302 
-0.008532 -0.003642 -0.008307 -0.004129 
0.006489 0.003934 0.006332 0.004182 
-0.015004 0.012955 -0.017861 0.008599 
0.015705 -0.010101 0.017619 -0.006186 
-0.009707 0.007015 -0.010336 0.006050 
-0.017623 0.011702 -0.020295 0.005968 
-0.022471 -0.017933 -0.009664 -0.027077 
-0.003029 0.032520 -0.023620 0.022558 
0.018770 0.005816 0.016654 0.010430 
-0.013149 -0.002592 -0.012742 -0.004153 
-0.002526 0.020264 -0.008022 0.018780 
-0.023372 -0.004621 -0.019982 -0.012975 
-0.014765 -0.023071 -0.001808 -0.027332 
-0.016836 -0.015794 -0.010245 -0.020687 
0.001496 0.016910 -0.001780 0.016883 
-0.014352 -0.013893 -0.010167 -0.017194 
0.014618 0.018515 0.006860 0.022570 
-0.012460 0.024463 -0.022748 0.015369 
-0.026311 -0.014507 -0.013377 -0.026903 
-0.006063 -0.004714 -0.005872 -0.004950 
0.022629 -0.018426 0.028998 -0.003267 
0.012408 -0.026198 0.024485 -0.015517 
0.002000 -0.013193 0.003558 -0.012861 
-0.017914 -0.001636 -0.017142 -0.005455 
0.018738 -0.008438 0.020350 -0.002865 
0.007879 0.003825 0.007672 0.004225 
-0.023930 -0.003441 -0.020799 -0.012323 
-0.011317 -0.014104 -0.007977 -0.016229 
0.012299 0.018981 0.005197 0.022012 
0.006202 0.006392 0.005854 0.006713 
-0.005608 0.007054 -0.005984 0.006738 
-0.010798 -0.016697 -0.006044 -0.018944 
0.010539 0.002128 0.010342 0.002938 
-0.019010 -0.022697 -0.003229 -0.029430 
-0.020290 -0.014081 -0.013014 -0.020991 
0.009369 -0.009070 0.010340 -0.007944 
0.021823 -0.014297 0.025891 -0.003212 
0.012943 -0.015356 0.016576 -0.011339 
-0.009813 0.018618 -0.014833 0.014930 
0.002126 -0.005374 0.002246 -0.005325 
0.026233 0.008277 0.018903 0.019983 
0.008276 -0.015997 0.011534 -0.013833 
-0.027150 -0.003015 -0.022373 -0.015674 
0.023486 0.015659 0.012234 0.025439 
0.001310 0.017043 -0.002033 0.016972 
-0.018949 -0.021979 -0.004240 -0.028708 
-0.025687 0.012711 -0.028541 -0.002617 
0.034791 0.002219 0.022242 0.026844 
0.000986 -0.027534 0.014282 -0.023561 
-0.017355 0.005772 -0.018204 0.001766 
0.011020 -0.021083 0.018049 -0.015499 
0.018518 0.021565 0.004741 0.028027 
0.034419 0.011849 0.012497 0.034189 
0.033263 0.001614 0.023383 0.023712 
0.004780 -0.025354 0.015260 -0.020804 
-0.008141 -0.003232 -0.007964 -0.003646 
0.013518 -0.021174 0.021022 -0.013753 
0.012995 0.007495 0.011720 0.009364 
0.014067 -0.016194 0.018322 -0.011155 
-0.017436 0.019230 -0.024083 0.009684 
0.020057 0.012967 0.013765 0.019517 
-0.014579 0.012393 -0.017154 0.008476 
0.009612 0.004775 0.009215 0.005503 
0.003110 -0.007786 0.003474 -0.007631 
-0.003451 0.020234 -0.008956 0.018469 
-0.006856 -0.007276 -0.006353 -0.007719 
0.020779 -0.007259 0.022009 -0.000245 
0.006226 0.004361 0.006052 0.004599 
-0.009676 -0.007690 -0.008839 -0.008639 
-0.009431 -0.005351 -0.008980 -0.006078 
-0.008563 0.012979 -0.010546 0.011426 
0.017709 0.018601 0.008040 0.024392 
0.021279 -0.018833 0.027943 -0.005167 
0.014110 -0.020629 0.021282 -0.013104 
0.005232 0.007030 0.004863 0.007290 
-0.000460 0.025629 -0.011349 0.022984 
-0.011509 0.033791 -0.033047 0.013499 
-0.008181 0.018678 -0.013007 0.015704 
-0.000454 -0.022773 0.007340 -0.021563 
-0.008052 -0.001225 -0.007990 -0.001582 
0.026867 0.001420 0.023099 0.013794 
0.023140 -0.006672 0.023942 0.002603 
-0.015174 -0.022722 -0.002402 -0.027217 
-0.014497 -0.017155 -0.007981 -0.020994 
0.012421 -0.024901 0.023143 -0.015452 
0.033528 0.011547 0.013668 0.032721 
0.022889 0.017575 0.010096 0.027035 
-0.003555 0.015437 -0.006091 0.014623 
-0.008898 -0.002644 -0.008731 -0.003154 
0.007223 0.008532 0.006484 0.009107 
0.033848 0.008399 0.017079 0.030406 
0.012013 -0.017419 0.016628 -0.013086 
-0.012004 0.032665 -0.031968 0.013753 
0.006606 0.023943 -0.003578 0.024578 
0.020205 0.002651 0.018698 0.008104 
-0.000399 0.017233 -0.003803 0.016813 
-0.018418 -0.018481 -0.008383 -0.024708 
-0.020786 -0.003433 -0.018864 -0.009379 
0.002098 -0.017710 0.005800 -0.016865 
0.008878 0.014416 0.005960 0.015847 
-0.007550 -0.008443 -0.006796 -0.009061 
0.003368 -0.007910 0.003756 -0.007733 
0.017909 0.017111 0.009570 0.022846 
-0.002798 -0.021182 0.003718 -0.021040 
0.025810 0.004648 0.021043 0.015650 
-0.005977 -0.023047 0.003004 -0.023619 
-0.020108 0.001863 -0.019864 -0.003638 
0.012766 0.005363 0.011973 0.006956 
0.015762 -0.011491 0.018152 -0.007140 
-0.003036 0.006869 -0.003293 0.006749 
-0.017907 -0.013163 -0.012652 -0.018272 
0.023580 0.004146 0.020304 0.012688 
-0.019651 -0.019376 -0.007669 -0.026510 
-0.023208 0.007751 -0.024392 -0.001937 
0.031316 0.009956 0.016858 0.028207 
0.020366 0.002630 0.018822 0.008209 
-0.002409 0.017970 -0.006281 0.017008 
-0.010472 -0.009276 -0.009168 -0.010567 
-0.027454 -0.013673 -0.014103 -0.027236 
-0.006296 -0.009073 -0.005533 -0.009557 
0.000255 -0.026550 0.012319 -0.023520 
0.000796 -0.017864 0.004580 -0.017285 
0.012251 0.019423 0.004765 0.022465 
0.006592 0.002804 0.006492 0.003029 
-0.027165 0.001708 -0.024694 -0.011449 
-0.023040 0.013168 -0.026509 0.001243 
-0.025182 0.004775 -0.024813 -0.006422 
0.001232 0.026905 -0.011491 0.024359 
0.012800 0.022089 0.002245 0.025430 
-0.002724 0.026675 -0.014784 0.022369 
-0.001729 0.026831 -0.014035 0.022932 
-0.004631 0.023986 -0.013612 0.020285 
-0.009817 0.008172 -0.010651 0.007051 
-0.020044 0.010906 -0.022566 0.003388 
-0.019050 -0.017577 -0.009492 -0.024120 
-0.015914 0.014847 -0.019755 0.009132 
0.008109 0.003655 0.007904 0.004081 
-0.016780 0.025933 -0.028946 0.010781 
-0.017622 0.000516 -0.017347 -0.003142 
0.011125 0.004654 0.010619 0.005715 
0.004063 -0.013232 0.005725 -0.012602 
-0.022270 0.003613 -0.022194 -0.004052 
0.018937 -0.002985 0.019093 0.001727 
-0.015889 0.029124 -0.031352 0.010848 
-0.014338 0.009265 -0.015865 0.006304 
0.004387 -0.023793 0.013157 -0.020304 
0.020762 -0.018663 0.027307 -0.005804 
-0.005135 -0.029824 0.012994 -0.027331 
-0.033970 -0.012014 -0.012694 -0.033722 
-0.026032 -0.006773 -0.019867 -0.018134 
-0.003028 0.003891 -0.003091 0.003841 
-0.024638 -0.007737 -0.018867 -0.017633 
-0.008653 0.014494 -0.011249 0.012586 
0.018324 0.022700 0.003153 0.029001 
0.028651 0.000378 0.024217 0.015314 
-0.030926 -0.001804 -0.023654 -0.020003 
-0.013041 0.023867 -0.022830 0.014781 
-0.018972 -0.002752 -0.017727 -0.007299 
0.002914 -0.026158 0.014327 -0.022079 
0.003071 -0.023741 0.011749 -0.020857 
-0.019734 0.010347 -0.022033 0.003328 
-0.026283 -0.012925 -0.015018 -0.025146 
-0.012195 -0.004209 -0.011651 -0.005541 
-0.008475 0.006403 -0.008935 0.005744 
-0.018045 0.013016 -0.021302 0.006423 
-0.018514 -0.022477 -0.003492 -0.028910 
-0.026349 -0.001988 -0.022614 -0.013669 
-0.003022 0.020742 -0.008916 0.018970 
-0.004590 0.005764 -0.004797 0.005593 
-0.015875 -0.022785 -0.002530 -0.027655 
-0.014744 -0.019357 -0.006109 -0.023553 
0.012580 -0.020972 0.019771 -0.014394 
0.013419 -0.001806 0.013540 -0.000146 
-0.033532 -0.012109 -0.012949 -0.033216 
-0.024898 -0.010529 -0.017010 -0.021011 
0.013468 -0.034134 0.035144 -0.010557 
0.001960 -0.034504 0.026143 -0.022603 
-0.016867 -0.005392 -0.015369 -0.008794 
0.017645 0.001284 0.016990 0.004933 
-0.007626 0.005123 -0.007903 0.004683 
-0.022203 0.004530 -0.022428 -0.003232 
0.011245 -0.024796 0.021711 -0.016430 
0.035109 0.011953 0.011668 0.035205 
0.033150 0.010693 0.014993 0.031440 
0.021100 0.004556 0.018677 0.010823 
0.016998 0.014718 0.011134 0.019534 
0.001789 -0.025096 0.011968 -0.022131 
0.009144 -0.017729 0.013496 -0.014689 
-0.005410 0.009382 -0.006130 0.008928 
0.006212 0.006934 0.005799 0.007284 
-0.007030 0.011330 -0.008328 0.010413 
0.014041 0.015283 0.009105 0.018650 
-0.013773 -0.015921 -0.008506 -0.019257 
0.022557 0.008901 0.017405 0.016886 
0.007238 -0.009523 0.008117 -0.008786 
0.005659 -0.010580 0.006653 -0.009985 
-0.015206 -0.008585 -0.013146 -0.011494 
-0.005419 0.023773 -0.014224 0.019804 
0.019101 -0.017744 0.024962 -0.007522 
-0.003004 -0.019350 0.002017 -0.019478 
-0.001474 0.008179 -0.001851 0.008102 
-0.002229 -0.028063 0.012304 -0.025320 
-0.029815 -0.014713 -0.012051 -0.030987 
-0.011923 -0.023033 -0.000687 -0.025927 
0.003425 -0.018269 0.007529 -0.016994 
0.008643 0.002119 0.008519 0.002574 
-0.020503 0.000861 -0.019930 -0.004887 
0.015677 -0.012556 0.018463 -0.007909 
0.023652 0.004076 0.020373 0.012689 
-0.030538 -0.009409 -0.017699 -0.026605 
-0.017751 0.003220 -0.018027 -0.000701 
0.011300 0.008873 0.009967 0.010348 
0.027298 -0.003818 0.025692 0.009984 
-0.004864 -0.027535 0.009576 -0.026270 
-0.020623 -0.012613 -0.014240 -0.019535 
0.017714 -0.007247 0.018945 -0.002720 
0.008732 0.013681 0.006192 0.015003 
-0.005803 -0.004058 -0.005663 -0.004251 
0.018506 -0.010326 0.020736 -0.004371 
0.015242 0.007584 0.013490 0.010385 
0.005027 -0.028762 0.019792 -0.021466 
-0.027531 0.002190 -0.025078 -0.011569 
-0.013245 0.014155 -0.016356 0.010404 
0.010461 -0.014551 0.013330 -0.011978 
-0.012944 0.015117 -0.016459 0.011188 
0.022794 -0.019034 0.029535 -0.003089 
0.007245 -0.031846 0.026358 -0.019285 
-0.009627 -0.014459 -0.006524 -0.016099 
0.027494 -0.000741 0.024390 0.012713 
0.020515 -0.012098 0.023540 -0.003614 
0.030525 -0.003905 0.026888 0.014969 
0.003135 -0.032228 0.023233 -0.022554 
-0.030828 0.005865 -0.027942 -0.014282 
-0.002233 0.033687 -0.024929 0.022767 
0.023879 0.011654 0.015936 0.021262 
-0.008253 0.023133 -0.016693 0.018016 
0.006371 0.007956 0.005802 0.008381 
-0.002069 0.022529 -0.009531 0.020518 
-0.004823 0.008049 -0.005289 0.007750 
-0.016624 -0.015850 -0.010101 -0.020629 
0.018040 0.009617 0.014675 0.014233 
-0.010097 -0.008124 -0.009120 -0.009208 
-0.007822 -0.006500 -0.007352 -0.007026 
0.003275 -0.021816 0.010098 -0.019614 
0.024266 -0.004480 0.024049 0.005527 
-0.020948 -0.015928 -0.011593 -0.023625 
-0.005299 0.029530 -0.021127 0.021301 
0.014328 0.013809 0.010201 0.017086 
0.009719 -0.008990 0.010706 -0.007788 
0.018295 -0.018818 0.024766 -0.008690 
-0.011457 -0.022130 -0.001524 -0.024873 
-0.000774 -0.024000 0.008336 -0.022519 
-0.008944 -0.009652 -0.007765 -0.010623 
-0.033609 -0.006531 -0.019122 -0.028400 
-0.013667 0.028738 -0.028688 0.013774 
-0.017268 0.009120 -0.019013 0.004455 
-0.018444 -0.020785 -0.005734 -0.027190 
-0.019535 0.001281 -0.019219 -0.003728 
0.008486 -0.022267 0.016154 -0.017517 
-0.011825 -0.004672 -0.011250 -0.005924 
-0.005186 0.010410 -0.006108 0.009898 
0.006345 0.007848 0.005795 0.008263 
0.024357 0.006832 0.019304 0.016349 
-0.009641 -0.016108 -0.005601 -0.017918 
0.014362 -0.017852 0.019637 -0.011804 
-0.022957 0.007725 -0.024164 -0.001668 
0.027173 0.013650 0.014178 0.026901 
0.009572 0.013031 0.007152 0.014501 
-0.005650 -0.006483 -0.005322 -0.006756 
-0.004000 -0.030551 0.014951 -0.026942 
-0.027346 -0.002275 -0.022831 -0.015223 
0.019295 0.007750 0.016273 0.012944 
-0.017666 0.002443 -0.017782 -0.001352 
0.004541 -0.021418 0.011076 -0.018885 
-0.013882 0.008103 -0.015071 0.005588 
0.001917 -0.012327 0.003191 -0.012060 
-0.020904 0.000518 -0.020161 -0.005547 
0.013280 0.007327 0.011996 0.009281 
0.018306 -0.020478 0.025938 -0.009038 
-0.019224 -0.018572 -0.008495 -0.025344 
-0.018173 0.009735 -0.020178 0.004231 
-0.019743 -0.021014 -0.005632 -0.028278 
-0.027542 0.006095 -0.026812 -0.008764 
0.007601 0.025002 -0.004238 0.025786 
0.005610 -0.022792 0.013464 -0.019227 
-0.014096 0.017961 -0.019396 0.012045 
-0.009086 -0.009793 -0.007852 -0.010809 
-0.009533 -0.019898 -0.002647 -0.021904 
0.000372 -0.009502 0.000947 -0.009462 
0.003390 0.022681 -0.004655 0.022455 
-0.033127 -0.011574 -0.013947 -0.032200 
-0.018681 -0.010080 -0.014834 -0.015183 
0.022561 0.006024 0.018914 0.013694 
0.013657 0.015049 0.009020 0.018211 
0.001786 -0.008002 0.002145 -0.007913 
-0.009335 0.008229 -0.010138 0.007216 
-0.022572 0.019531 -0.029649 0.003446 
0.003476 0.031219 -0.016445 0.026764 
0.026720 0.002008 0.022751 0.014157 
-0.032314 -0.010063 -0.016243 -0.029692 
-0.031053 0.006876 -0.028491 -0.014136 
-0.006637 0.033355 -0.028096 0.019163 
0.022182 0.015394 0.012352 0.024009 
0.007114 -0.024680 0.016997 -0.019257 
-0.006512 -0.007649 -0.005980 -0.008072 
0.003855 -0.019850 0.009087 -0.018064 
0.018402 -0.001328 0.018225 0.002872 
-0.020272 -0.004106 -0.018281 -0.009676 
0.003655 -0.017541 0.007319 -0.016355 
0.007210 0.002329 0.007115 0.002605 
-0.008914 -0.002975 -0.008723 -0.003498 
0.015500 -0.029093 0.030939 -0.011377 
0.014022 -0.012112 0.016416 -0.008592 
0.004345 0.017395 0.000523 0.017922 
-0.034581 -0.004033 -0.020839 -0.027889 
-0.009977 0.022513 -0.018069 0.016730 
-0.032682 -0.006288 -0.019816 -0.026739 
-0.022058 0.015290 -0.026636 0.003292 
-0.015972 0.022938 -0.025306 0.011868 
0.023975 0.006749 0.019201 0.015864 
-0.000177 -0.012256 0.001057 -0.012212 
-0.018960 0.018611 -0.025360 0.007919 
0.019405 0.011600 0.014376 0.017448 
-0.023974 -0.003784 -0.020670 -0.012721 
0.019710 0.013288 0.013395 0.019638 
-0.003770 0.014651 -0.005966 0.013902 
0.026255 -0.010648 0.028000 0.004322 
-0.032730 -0.003493 -0.022140 -0.024357 
-0.004338 0.030998 -0.022370 0.021893 
0.013381 0.017940 0.006718 0.021348 
0.005919 0.006338 0.005592 0.006628 
-0.001559 0.024233 -0.010775 0.021761 
-0.008544 0.020987 -0.015128 0.016870 
0.002997 -0.026630 0.014994 -0.022211 
-0.007046 -0.022647 0.001793 -0.023650 
-0.020779 0.012135 -0.023827 0.003362 
-0.022667 0.008472 -0.024183 -0.000848 
0.018675 0.008328 0.015640 0.013172 
-0.013384 -0.008092 -0.011883 -0.010169 
-0.013022 0.017616 -0.017927 0.012591 
0.007201 -0.030577 0.024473 -0.019694 
-0.015074 -0.019923 -0.005673 -0.024331 
-0.015502 0.000105 -0.015318 -0.002385 
0.025189 0.003886 0.021195 0.014154 
-0.029277 -0.004512 -0.021845 -0.020007 
-0.014462 0.015263 -0.018291 0.010371 
0.011113 0.000278 0.011052 0.001197 
-0.015165 -0.015395 -0.009683 -0.019319 
-0.003605 0.023334 -0.011879 0.020405 
-0.015678 0.008830 -0.017213 0.005245 
0.004402 -0.012117 0.005723 -0.011552 
-0.013396 -0.005437 -0.012505 -0.007255 
0.003189 0.021406 -0.003582 0.021344 
-0.020771 -0.008887 -0.016582 -0.015344 
0.016912 -0.001693 0.016921 0.001596 
-0.019936 0.004866 -0.020502 -0.000883 
0.008753 0.018095 0.003590 0.019778 
-0.008246 0.005403 -0.008580 0.004854 
-0.030083 0.002588 -0.026117 -0.015151 
-0.003916 0.027317 -0.016771 0.021915 
0.017340 -0.003004 0.017587 0.000637 
-0.028011 0.001082 -0.024754 -0.013154 
-0.019754 0.013693 -0.023463 0.005213 
-0.001400 0.011450 -0.002415 0.011280 
0.021702 -0.015405 0.026345 -0.003772 
0.022707 -0.014473 0.026839 -0.002182 
0.016606 -0.020685 0.024195 -0.010874 
-0.024014 -0.007546 -0.018766 -0.016776 
-0.004776 0.006408 -0.005046 0.006197 
-0.008460 -0.020001 -0.001818 -0.021641 
0.019602 -0.013757 0.023332 -0.005395 
0.002542 -0.011687 0.003650 -0.011389 
-0.022762 -0.000003 -0.021400 -0.007755 
-0.007081 0.005661 -0.007382 0.005263 
-0.012966 -0.008693 -0.011378 -0.010687 
-0.021661 0.018287 -0.027976 0.004576 
-0.010785 0.031676 -0.029499 0.015795 
0.000561 0.018385 -0.003590 0.018040 
0.006339 -0.013156 0.008150 -0.012118 
-0.013522 -0.016142 -0.008198 -0.019396 
-0.004802 0.009748 -0.005558 0.009338 
0.010266 0.008381 0.009210 0.009530 
0.021382 -0.001644 0.020872 0.004925 
-0.023872 -0.002927 -0.020991 -0.011741 
-0.019007 -0.017714 -0.009342 -0.024244 
-0.013106 0.014178 -0.016206 0.010494 
0.018820 -0.013490 0.022364 -0.006004 
0.023684 0.016487 0.011347 0.026533 
0.001069 0.022124 -0.006138 0.021283 
0.013872 0.002855 0.013363 0.004689 
-0.003561 -0.020698 0.002629 -0.020837 
-0.001315 0.017027 -0.004599 0.016447 
-0.009426 -0.020786 -0.001740 -0.022757 
0.005040 -0.013246 0.006774 -0.012449 
-0.019616 0.001027 -0.019226 -0.004028 
0.021448 -0.016890 0.026920 -0.004542 
-0.005550 -0.028421 0.010461 -0.027002 
-0.025661 -0.012916 -0.015039 -0.024478 
-0.005911 -0.005696 -0.005648 -0.005957 
0.020385 -0.012953 0.023785 -0.004200 
0.002546 -0.012431 0.003871 -0.012084 
-0.015324 0.018112 -0.020922 0.011187 
0.019165 -0.003402 0.019405 0.001526 
-0.020832 -0.001004 -0.019663 -0.006954 
-0.008710 -0.025673 0.004477 -0.026738 
-0.002954 0.026208 -0.014427 0.022078 
0.022350 -0.006224 0.023107 0.002072 
-0.012148 -0.021111 -0.003018 -0.024169 
-0.001423 -0.029688 0.015399 -0.025421 
-0.011262 -0.014758 -0.007581 -0.016945 
0.027467 -0.003861 0.025796 0.010195 
0.015432 -0.027751 0.029405 -0.011984 
0.018681 -0.009821 0.020744 -0.003887 
0.006714 0.006011 0.006377 0.006368 
0.003582 0.020105 -0.002108 0.020313 
-0.019334 -0.012424 -0.013824 -0.018359 
0.029723 0.003419 0.022593 0.019613 
0.013763 -0.023616 0.023416 -0.014100 
0.018234 0.015632 0.010988 0.021357 
-0.004896 0.010597 -0.005843 0.010106 
0.009176 0.005871 0.008680 0.006582 
0.006093 -0.007237 0.006516 -0.006859 
0.012371 0.006295 0.011457 0.007837 
0.023073 -0.015217 0.027570 -0.001951 
0.015797 -0.015802 0.020112 -0.009733 
-0.018864 0.002652 -0.018947 -0.001972 
0.025262 0.000983 0.022567 0.011395 
0.023703 0.002891 0.020911 0.011527 
0.012585 0.007864 0.011290 0.009630 
0.011882 -0.025660 0.023326 -0.015985 
0.024063 0.007685 0.018703 0.016979 
0.004433 -0.014093 0.006441 -0.013295 
-0.015403 -0.022958 -0.002161 -0.027562 
-0.010431 -0.016093 -0.006185 -0.018153 
0.026389 0.002058 0.022596 0.013784 
0.026679 -0.001388 0.024319 0.011058 
0.017607 -0.020203 0.024963 -0.009747 
-0.019411 -0.017710 -0.009454 -0.024516 
-0.021309 0.014488 -0.025471 0.003895 
-0.008466 0.008204 -0.009193 0.007380 
-0.023491 -0.004789 -0.019966 -0.013271 
-0.012593 -0.004799 -0.011917 -0.006294 
-0.000055 0.020066 -0.005407 0.019324 
0.005360 -0.014265 0.007509 -0.013261 
-0.019732 -0.008946 -0.015992 -0.014617 
0.012690 0.005801 0.011827 0.007404 
0.021055 -0.010011 0.023240 -0.001846 
0.007456 0.008622 0.006678 0.009238 
-0.002634 0.025882 -0.013717 0.022105 
-0.002213 0.019473 -0.007102 0.018266 
-0.006548 -0.007199 -0.006078 -0.007600 
0.002915 -0.021008 0.009027 -0.019193 
0.026643 -0.003726 0.025303 0.009136 
-0.004863 -0.020678 0.001522 -0.021188 
0.032807 0.003114 0.022408 0.024164 
0.001457 -0.025300 0.011888 -0.022380 
-0.028070 -0.000598 -0.023935 -0.014676 
-0.025433 0.000541 -0.023302 -0.010206 
-0.010278 0.008614 -0.011240 0.007314 
-0.022935 0.017749 -0.028872 0.002735 
-0.007361 0.030795 -0.024941 0.019506 
0.009121 0.013845 0.006428 0.015283 
-0.008686 -0.002111 -0.008560 -0.002573 
0.023719 0.001338 0.021545 0.010009 
0.022469 0.010432 0.016418 0.018550 
-0.011620 0.015275 -0.015003 0.011969 
0.003428 -0.022817 0.011187 -0.020180 
-0.021832 0.013923 -0.025713 0.003048 
-0.012939 0.019038 -0.018755 0.013346 
0.026136 -0.000697 0.023745 0.010942 
0.017625 -0.013025 0.020842 -0.006775 
0.020659 0.008625 0.016658 0.014957 
-0.018132 0.003533 -0.018461 -0.000673 
0.027031 -0.003263 0.025314 0.010025 
0.016589 -0.017710 0.022126 -0.009963 
-0.015467 -0.012701 -0.011541 -0.016351 
0.011102 0.012732 0.008477 0.014612 
-0.016147 -0.006580 -0.014480 -0.009714 
-0.011010 0.033087 -0.031639 0.014662 
-0.010295 0.021540 -0.017588 0.016144 
-0.014793 -0.013320 -0.010775 -0.016738 
0.022552 0.015156 0.012641 0.024052 
0.002975 0.019185 -0.001918 0.019320 
0.001143 -0.006812 0.001361 -0.006772 
0.031821 0.010717 0.015794 0.029630 
0.018317 -0.000402 0.017944 0.003697 
-0.013916 0.024711 -0.024633 0.014053 
-0.004087 0.012242 -0.005426 0.011710 
0.027703 0.001553 0.023324 0.015029 
0.022220 -0.001301 0.021429 0.006019 
0.006940 -0.014535 0.009352 -0.013114 
-0.015828 -0.014385 -0.010744 -0.018493 
0.016037 0.013421 0.011471 0.017485 
-0.030829 -0.011820 -0.015054 -0.029386 
-0.016416 -0.000734 -0.016015 -0.003679 
0.019663 -0.017972 0.025712 -0.006965 
-0.002273 -0.023137 0.006081 -0.022439 
-0.012680 -0.004314 -0.012070 -0.005805 
-0.003590 0.018241 -0.007685 0.016928 
-0.009111 -0.007357 -0.008397 -0.008163 
-0.012665 -0.008278 -0.011250 -0.010117 
-0.019109 0.017390 -0.024754 0.007403 
0.016890 0.016064 0.010055 0.021028 
0.017926 -0.008730 0.019593 -0.003698 
0.008171 0.002369 0.008047 0.002762 
-0.023708 -0.002360 -0.021133 -0.011001 
-0.021731 -0.018331 -0.009157 -0.026915 
-0.017408 0.025647 -0.029324 0.010045 
-0.024309 -0.002458 -0.021428 -0.011739 
-0.007896 -0.008808 -0.007036 -0.009509 
-0.012125 -0.016371 -0.007159 -0.019072 
0.027023 -0.000416 0.024040 0.012349 
0.011773 -0.019501 0.017718 -0.014317 
-0.011619 0.019323 -0.017412 0.014325 
-0.018450 -0.019546 -0.007221 -0.025890 
-0.023729 -0.001423 -0.021518 -0.010102 
-0.021338 -0.009844 -0.016327 -0.016901 
0.022614 -0.018377 0.028954 -0.003281 
0.013492 -0.029301 0.029168 -0.013778 
0.010131 -0.016480 0.013907 -0.013447 
-0.011075 0.018499 -0.016217 0.014209 
-0.010549 -0.023360 0.000422 -0.025628 
-0.000350 -0.027157 0.012586 -0.024067 
0.016111 -0.030216 0.032769 -0.009938 
0.023034 -0.011639 0.025802 -0.000546 
0.027103 -0.001384 0.024519 0.011633 
0.012142 -0.013051 0.014627 -0.010187 
-0.014750 0.012825 -0.017519 0.008668 
0.010865 0.004809 0.010361 0.005815 
0.000741 -0.009222 0.001269 -0.009164 
0.027003 0.014790 0.012943 0.027936 
-0.015786 0.019131 -0.022133 0.011195 
-0.005552 -0.003384 -0.005454 -0.003540 
0.023236 -0.000597 0.021939 0.007679 
0.003689 -0.007333 0.004016 -0.007159 
0.001151 0.018354 -0.003006 0.018143 
0.005315 -0.010520 0.006271 -0.009979 
-0.011765 -0.006759 -0.010843 -0.008157 
-0.023188 0.013573 -0.026841 0.001218 
-0.027655 0.000905 -0.024533 -0.012798 
-0.015766 0.010862 -0.017935 0.006698 
-0.001782 -0.017831 0.002070 -0.017800 
-0.001622 0.025958 -0.012836 0.022621 
-0.005405 0.023541 -0.013975 0.019700 
-0.015453 0.008197 -0.016799 0.004875 
0.003383 -0.005889 0.003564 -0.005782 
0.014445 0.017237 0.007886 0.021061 
0.004128 -0.013012 0.005718 -0.012396 
-0.021393 0.004545 -0.021735 -0.002434 
0.011766 -0.021213 0.019018 -0.015058 
0.017404 0.020731 0.005561 0.026491 
0.023467 0.009947 0.017075 0.018923 
-0.015188 0.027340 -0.028713 0.012399 
-0.018755 0.012186 -0.021722 0.005331 
-0.032261 -0.010979 -0.015245 -0.030478 
-0.020351 0.008871 -0.022129 0.001784 
0.025097 0.005956 0.020068 0.016205 
0.001089 -0.013354 0.002685 -0.013127 
-0.027294 -0.000930 -0.023503 -0.013908 
-0.021993 0.004324 -0.022186 -0.003191 
0.011947 0.018637 0.005291 0.021496 
0.004744 0.006932 0.004410 0.007149 
-0.004894 0.007003 -0.005231 0.006755 
0.009059 -0.010363 0.010300 -0.009132 
0.005036 -0.008657 0.005607 -0.008299 
0.015867 0.002622 0.015177 0.005321 
-0.032775 -0.005999 -0.020035 -0.026623 
-0.006375 0.019913 -0.011858 0.017220 
0.000482 -0.011885 0.001606 -0.011786 
-0.014821 0.024657 -0.025590 0.013143 
-0.028972 0.004474 -0.026729 -0.012040 
-0.002912 0.023191 -0.011028 0.020608 
0.013554 -0.014342 0.016798 -0.010355 
-0.009802 -0.001803 -0.009660 -0.002451 
0.020650 -0.004967 0.021192 0.001412 
-0.005273 0.032837 -0.026075 0.020644 
0.031984 0.008409 0.018127 0.027660 
0.019054 -0.003004 0.019206 0.001795 
-0.008480 -0.009117 -0.007488 -0.009948 
-0.028328 -0.003557 -0.022349 -0.017767 
0.017344 0.008260 0.014792 0.012258 
-0.016322 0.000593 -0.016167 -0.002321 
0.013231 -0.015786 0.017131 -0.011437 
-0.022916 -0.003104 -0.020368 -0.010952 
-0.018497 -0.022191 -0.003890 -0.028626 
-0.020809 -0.013400 -0.013725 -0.020596 
0.008418 -0.009564 0.009407 -0.008592 
0.014946 -0.009262 0.016533 -0.005986 
-0.007798 0.007763 -0.008402 0.007105 
-0.019140 0.009670 -0.021172 0.003403 
-0.017356 -0.020173 -0.006208 -0.025877 
-0.018297 -0.000959 -0.017621 -0.005021 
0.018970 -0.009384 0.020898 -0.003350 
0.008164 0.003993 0.007931 0.004439 
-0.013992 -0.002512 -0.013524 -0.004379 
0.029588 0.015779 0.010760 0.031759 
0.008485 0.019172 0.002548 0.020810 
-0.002829 0.008654 -0.003306 0.008484 
-0.004457 -0.022955 0.004070 -0.023026 
-0.013577 0.025116 -0.024656 0.014395 
-0.004388 0.010042 -0.005182 0.009656 
0.007172 0.004143 0.006974 0.004468 
-0.018198 0.017425 -0.023770 0.008353 
0.009765 0.018302 0.004152 0.020325 
-0.020417 0.009507 -0.022419 0.002149 
-0.006077 -0.007951 -0.005530 -0.008341 
0.003776 -0.024502 0.013277 -0.020936 
0.017035 -0.018983 0.023462 -0.010005 
-0.024311 -0.007451 -0.018930 -0.016976 
-0.003430 0.007430 -0.003761 0.007268 
0.005661 -0.006624 0.005991 -0.006327 
0.024395 0.002700 0.021369 0.012074 
0.014824 0.014271 0.010231 0.017853 
-0.011009 -0.015178 -0.007159 -0.017330 
0.022404 -0.006465 0.023237 0.001951 
-0.021110 -0.013380 -0.013840 -0.020811 
0.008530 -0.008993 0.009410 -0.008068 
0.008908 -0.026887 0.021430 -0.018522 
-0.006679 -0.006635 -0.006273 -0.007020 
-0.003616 -0.020226 0.002179 -0.020431 
0.032026 0.011594 0.014671 0.030738 
0.019810 -0.002520 0.019772 0.002806 
-0.013639 0.018639 -0.019302 0.012682 
-0.013384 -0.018831 -0.005937 -0.022327 
-0.014432 -0.005776 -0.013311 -0.008029 
-0.023530 0.015365 -0.028069 0.001370 
-0.020548 0.009831 -0.022669 0.002234 
-0.008021 -0.008952 -0.007118 -0.009686 
-0.030593 -0.014156 -0.012355 -0.031363 
-0.012663 -0.018008 -0.006248 -0.021109 
0.004432 -0.033942 0.027146 -0.020852 
-0.023483 -0.000538 -0.021699 -0.008996 
0.018170 0.006232 0.016089 0.010494 
-0.017468 -0.005018 -0.015938 -0.008734 
-0.005266 0.031881 -0.024573 0.020983 
0.011947 0.021288 0.002721 0.024259 
0.003891 0.020041 -0.001790 0.020336 
0.001436 -0.024620 0.011086 -0.022030 
0.004000 -0.023896 0.012862 -0.020533 
-0.012039 0.015096 -0.015401 0.011647 
0.018023 0.002295 0.017079 0.006197 
-0.010820 0.008306 -0.011769 0.006894 
-0.013865 0.026390 -0.026289 0.014055 
-0.001266 0.012908 -0.002712 0.012684 
0.007707 -0.030709 0.025157 -0.019224 
-0.014698 -0.012433 -0.011187 -0.015667 
0.018241 0.021541 0.004726 0.027828 
0.025503 0.007811 0.019067 0.018651 
0.008697 -0.008231 0.009447 -0.007358 
0.020852 -0.014354 0.024937 -0.004359 
0.012716 -0.013513 0.015471 -0.010244 
-0.017030 0.016343 -0.021821 0.008998 
0.016645 0.007453 0.014583 0.010951 
0.010838 -0.034493 0.033446 -0.013731 
0.009752 -0.033897 0.031664 -0.015539 
0.010459 -0.023234 0.019283 -0.016654 
0.034841 0.012863 0.010688 0.035569 
0.034607 0.001300 0.023064 0.025833 
0.008443 -0.031787 0.027408 -0.018179 
0.001746 -0.018952 0.006254 -0.017975 
0.021843 0.003569 0.019523 0.010427 
0.015980 0.013370 0.011469 0.017395 
-0.015442 -0.012339 -0.011718 -0.015919 
0.026152 0.012698 0.015242 0.024756 
0.010772 -0.000091 0.010746 0.000747 
-0.021518 -0.008988 -0.016896 -0.016073 
0.012048 -0.000494 0.012039 0.000682 
-0.028518 -0.005452 -0.021158 -0.019883 
0.001359 0.017779 -0.002434 0.017664 
-0.018761 -0.009570 -0.015132 -0.014650 
0.005300 0.004396 0.005158 0.004563 
-0.013317 0.014108 -0.016419 0.010335 
0.017468 -0.008482 0.019035 -0.003841 
0.014385 0.013491 0.010419 0.016745 
-0.014529 -0.017342 -0.007843 -0.021221 
0.016004 -0.028970 0.031296 -0.010767 
0.013328 -0.017493 0.018209 -0.012332 
-0.018488 0.003509 -0.018795 -0.000940 
0.015919 -0.028437 0.030635 -0.011116 
0.023781 -0.013708 0.027445 -0.000481 
0.019838 -0.018784 0.026420 -0.006957 
-0.000674 -0.027993 0.013470 -0.024548 
-0.019092 -0.017076 -0.009999 -0.023582 
-0.019430 0.012754 -0.022689 0.005039 
-0.000612 0.008718 -0.001058 0.008675 
-0.004609 -0.028485 0.011185 -0.026599 
-0.027007 -0.008631 -0.018744 -0.021273 
-0.010506 0.008226 -0.011411 0.006916 
-0.002678 0.027945 -0.016406 0.022780 
0.021348 0.003981 0.019051 0.010425 
0.018754 0.014390 0.012184 0.020257 
-0.008921 -0.025556 0.004195 -0.026742 
-0.009946 0.024151 -0.019592 0.017272 
-0.021622 -0.004344 -0.019089 -0.011044 
0.016856 0.013589 0.011827 0.018135 
-0.003788 0.008190 -0.004230 0.007971 
0.004418 -0.012296 0.005794 -0.011711 
-0.014653 -0.001419 -0.014293 -0.003527 
0.033634 0.011370 0.013803 0.032710 
0.018639 0.008934 0.015354 0.013838 
-0.021814 -0.003127 -0.019666 -0.009943 
-0.014261 -0.001168 -0.013967 -0.003109 
0.022709 0.004090 0.019847 0.011771 
-0.015015 -0.015041 -0.009843 -0.018836 
-0.002989 0.009470 -0.003609 0.009252 
-0.002996 -0.022448 0.004750 -0.022143 
0.031763 0.011701 0.014702 0.030490 
0.024738 -0.006783 0.025265 0.004433 
-0.023131 -0.015850 -0.012012 -0.025337 
-0.008058 0.021572 -0.015066 0.017416 
-0.001304 -0.012968 0.000179 -0.013032 
-0.005902 0.023893 -0.014863 0.019616 
0.011212 -0.016059 0.014929 -0.012677 
-0.017567 -0.000760 -0.017034 -0.004361 
0.019216 -0.012000 0.022139 -0.004810 
0.008977 -0.009842 0.010082 -0.008706 
0.019554 -0.008637 0.021249 -0.002335 
0.009552 0.004141 0.009226 0.004824 
0.005678 -0.011497 0.006909 -0.010803 
-0.007347 -0.005284 -0.007046 -0.005679 
-0.007207 -0.027915 0.008653 -0.027501 
-0.011550 0.033227 -0.032314 0.013901 
-0.004078 0.024373 -0.013447 0.020732 
0.015667 -0.022361 0.024470 -0.012112 
0.025657 -0.006224 0.025709 0.006007 
-0.007658 -0.022307 0.001000 -0.023564 
-0.016790 0.022448 -0.025803 0.010956 
0.025349 0.012514 0.015402 0.023705 
0.005073 0.006212 0.004800 0.006425 
0.006086 0.022621 -0.002461 0.023295 
0.007432 -0.023007 0.015660 -0.018421 
-0.007495 -0.006099 -0.007098 -0.006556 
0.003526 -0.014311 0.005566 -0.013648 
-0.016149 0.018617 -0.022203 0.010695 
0.012755 -0.026208 0.024879 -0.015186 
0.027978 0.016144 0.011003 0.030370 
0.007991 0.014202 0.005348 0.015393 
-0.017197 0.002740 -0.017397 -0.000790 
0.016649 0.003706 0.015614 0.006864 
-0.009691 0.011841 -0.011424 0.010180 
0.000046 0.024927 -0.010049 0.022812 
0.006750 0.002128 0.006675 0.002354 
-0.016663 0.025961 -0.028851 0.010921 
-0.024034 0.001292 -0.022732 -0.007910 
-0.009471 0.008950 -0.010427 0.007816 
-0.011306 0.032377 -0.030940 0.014792 
-0.003454 0.022594 -0.011000 0.020035 
-0.005380 0.014058 -0.007446 0.013081 
0.027924 -0.004485 0.026293 0.010419 
-0.003474 -0.027998 0.011257 -0.025870 
-0.025734 -0.016096 -0.011649 -0.028029 
-0.002537 -0.028728 0.013057 -0.025715 
-0.013578 -0.021298 -0.003515 -0.025012 
-0.011783 -0.004854 -0.011185 -0.006106 
-0.009567 0.012693 -0.011571 0.010898 
0.027929 0.010664 0.017042 0.024563 
-0.016862 0.023300 -0.026607 0.010921 
-0.015340 0.001378 -0.015365 -0.001070 
0.022864 -0.000329 0.021585 0.007546 
0.009001 -0.011892 0.010668 -0.010422 
-0.000463 -0.028361 0.014176 -0.024568 
-0.012572 -0.015857 -0.007800 -0.018673 
0.022616 -0.005485 0.023089 0.002909 
-0.018248 -0.018910 -0.007876 -0.025071 
-0.020471 -0.002629 -0.018900 -0.008293 
0.003701 -0.023447 0.012092 -0.020427 
0.022069 -0.019096 0.028890 -0.004131 
0.010892 -0.034371 0.033322 -0.013772 
-0.002238 -0.020096 0.003288 -0.019951 
0.031628 0.006663 0.019879 0.025486 
0.010678 -0.016843 0.014740 -0.013432 
-0.013325 0.018348 -0.018744 0.012763 
0.010523 -0.022217 0.018431 -0.016267 
0.022466 0.004462 0.019551 0.011932 
-0.016293 -0.011229 -0.012819 -0.015074 
0.002180 0.019156 -0.002614 0.019101 
0.002990 -0.007673 0.003336 -0.007529 
0.023885 0.009402 0.017569 0.018715 
0.003232 -0.007638 0.003581 -0.007481 
-0.000895 0.027220 -0.013776 0.023493 
-0.003487 0.023125 -0.011549 0.020335 
-0.009872 0.009293 -0.010939 0.008008 
-0.005554 0.021496 -0.012232 0.018528 
0.014094 -0.007073 0.015072 -0.004635 
-0.008879 0.008388 -0.009673 0.007459 
-0.008515 0.009360 -0.009469 0.008393 
-0.004391 0.006896 -0.004695 0.006693 
-0.015920 -0.017678 -0.008236 -0.022318 
0.016911 0.012909 0.012278 0.017375 
-0.030628 -0.008022 -0.018965 -0.025353 
-0.016709 0.019502 -0.023450 0.010472 
0.021162 0.014866 0.012620 0.022573 
0.011584 -0.019293 0.017350 -0.014331 
0.007121 0.003150 0.006987 0.003437 
-0.005165 -0.006498 -0.004859 -0.006729 
-0.005135 -0.024724 0.005583 -0.024627 
-0.017579 0.018773 -0.023936 0.009409 
0.013460 0.020218 0.004627 0.023844 
-0.009531 0.024148 -0.019122 0.017559 
0.005161 0.005234 0.004968 0.005417 
-0.020339 0.007375 -0.021623 0.000733 
-0.006532 -0.007770 -0.005980 -0.008203 
0.007864 -0.008930 0.008675 -0.008144 
0.017126 -0.012791 0.020187 -0.007028 
-0.007244 -0.004548 -0.007012 -0.004898 
0.022010 0.003915 0.019497 0.010938 
0.006454 0.003184 0.006340 0.003406 
-0.019112 -0.000698 -0.018371 -0.005319 
0.012346 0.006490 0.011397 0.008042 
0.019999 -0.013887 0.023816 -0.005059 
0.008255 -0.009116 0.009136 -0.008233 
0.011471 -0.033180 0.032180 -0.014033 
-0.006614 -0.021858 0.001278 -0.022801 
-0.014749 0.019826 -0.021425 0.012313 
-0.007616 -0.008462 -0.006852 -0.009091 
0.003565 -0.021580 0.010190 -0.019354 
0.018616 0.004491 0.016962 0.008889 
-0.006713 0.012468 -0.008324 0.011455 
0.014777 0.023561 0.001149 0.027788 
0.014967 0.022257 0.002931 0.026660 
0.014510 0.022106 0.002951 0.026278 
0.017695 0.014834 0.011383 0.020090 
-0.007119 -0.023304 0.002476 -0.024241 
-0.008189 0.024951 -0.018463 0.018675 
0.005763 0.004392 0.005605 0.004592 
-0.018662 0.009760 -0.020703 0.003861 
-0.017650 -0.020141 -0.006328 -0.026021 
-0.027102 -0.000379 -0.023698 -0.013155 
-0.024137 0.000014 -0.022323 -0.009181 
-0.004043 0.010597 -0.004941 0.010209 
0.016683 0.002202 0.015967 0.005313 
-0.008206 -0.005752 -0.007800 -0.006291 
-0.008900 0.009496 -0.009920 0.008426 
-0.007601 0.006389 -0.008007 0.005872 
-0.012682 -0.006529 -0.011676 -0.008194 
0.000256 0.020100 -0.005134 0.019435 
-0.001397 -0.025972 0.010128 -0.023956 
-0.008432 -0.015713 -0.004915 -0.017142 
0.006322 0.006575 0.005945 0.006917 
-0.006635 0.009678 -0.007500 0.009025 
0.013126 0.004645 0.012413 0.006307 
-0.001492 -0.022060 0.005692 -0.021365 
-0.016708 0.006940 -0.017818 0.003135 
0.008406 -0.008132 0.009116 -0.007327 
0.020628 -0.009164 0.022507 -0.001721 
0.008144 0.008089 0.007398 0.008777 
0.014031 0.008718 0.012210 0.011126 
0.008771 -0.031974 0.027990 -0.017772 
-0.019802 -0.018657 -0.008524 -0.025836 
-0.022331 0.019329 -0.029291 0.003781 
-0.006816 0.031000 -0.024707 0.019925 
0.011727 0.019157 0.004703 0.021963 
0.008616 0.008738 0.007691 0.009563 
0.007518 0.004377 0.007286 0.004753 
-0.008289 -0.005511 -0.007905 -0.006049 
0.021887 -0.017621 0.027790 -0.004151 
-0.000717 -0.027756 0.013098 -0.024481 
-0.019555 -0.016016 -0.011131 -0.022694 
-0.019588 0.009729 -0.021657 0.003054 
-0.011508 -0.003273 -0.011141 -0.004361 
0.012972 0.019512 0.005079 0.022874 
0.016119 0.000051 0.015866 0.002845 
-0.026239 -0.004271 -0.021396 -0.015777 
0.031258 0.009940 0.016900 0.028112 
0.023953 -0.007355 0.024867 0.003079 
0.003361 -0.022671 0.010978 -0.020118 
0.013775 -0.018150 0.019142 -0.012360 
-0.022659 -0.003672 -0.019988 -0.011288 
-0.019436 -0.020243 -0.006584 -0.027280 
-0.023166 0.007022 -0.024089 -0.002386 
0.018447 0.013379 0.012773 0.018872 
-0.019233 0.012469 -0.022354 0.005065 
-0.004099 0.007123 -0.004418 0.006930 
0.005240 -0.011478 0.006433 -0.010854 
-0.014833 -0.007808 -0.013108 -0.010449 
-0.010348 0.020468 -0.016783 0.015631 
0.007548 -0.008417 0.008241 -0.007740 
0.016118 -0.018364 0.022001 -0.010628 
-0.025782 0.009035 -0.026955 -0.004448 
0.023557 0.004111 0.020307 0.012627 
-0.027714 -0.014641 -0.012946 -0.028545 
-0.007930 -0.018116 -0.002961 -0.019552 
0.019587 -0.012662 0.022816 -0.004839 
0.004015 -0.006712 0.004287 -0.006541 
0.011972 0.015421 0.007684 0.017947 
-0.019755 0.004096 -0.020128 -0.001383 
0.019667 -0.002244 0.019574 0.002942 
-0.012027 0.032400 -0.031637 0.013909 
-0.012603 0.019508 -0.018691 0.013784 
-0.013623 -0.003466 -0.013045 -0.005236 
0.003250 0.020999 -0.003161 0.021012 
-0.020333 -0.013096 -0.013781 -0.019875 
0.022502 -0.013082 0.025961 -0.001877 
0.011442 -0.016233 0.015288 -0.012676 
-0.021667 0.017623 -0.027574 0.004440 
-0.012832 0.022361 -0.021219 0.014642 
-0.008980 -0.010161 -0.007662 -0.011189 
-0.027203 -0.002681 -0.022570 -0.015421 
0.025289 0.003254 0.021548 0.013631 
-0.007994 -0.024806 0.003736 -0.025793 
-0.022760 0.002620 -0.022268 -0.005389 
-0.001574 0.006401 -0.001759 0.006353 
-0.024948 -0.004335 -0.020868 -0.014343 
0.017947 0.011708 0.013553 0.016597 
-0.020707 -0.009856 -0.016027 -0.016403 
0.022139 -0.018951 0.028864 -0.004018 
0.000945 -0.028446 0.015516 -0.023861 
-0.017083 0.002762 -0.017291 -0.000702 
0.013394 -0.025042 0.024377 -0.014569 
0.006006 -0.015689 0.008851 -0.014279 
-0.014619 -0.018426 -0.006942 -0.022473 
0.011141 -0.034186 0.033275 -0.013624 
0.010081 -0.024157 0.019750 -0.017178 
0.016932 0.009264 0.014115 0.013163 
-0.023768 -0.003946 -0.020491 -0.012672 
-0.007367 -0.018101 -0.002540 -0.019377 
0.016574 -0.009507 0.018385 -0.005205 
0.014797 -0.000714 0.014741 0.001464 
-0.026766 -0.003123 -0.022192 -0.015288 
0.028798 0.002687 0.022952 0.017599 
-0.009061 -0.021797 -0.000477 -0.023600 
-0.014743 0.029171 -0.030277 0.012314 
-0.018923 0.009198 -0.020786 0.003259 
-0.016675 -0.007415 -0.014618 -0.010925 
-0.008524 0.031090 -0.026494 0.018365 
0.009173 0.016759 0.004838 0.018482 
-0.019378 0.021089 -0.027545 0.007845 
0.017112 0.012094 0.012865 0.016540 
-0.032392 -0.010903 -0.015253 -0.030586 
-0.018482 -0.006659 -0.016161 -0.011168 
0.018747 -0.006117 0.019690 -0.001076 
-0.014550 -0.018478 -0.006860 -0.022496 
-0.008620 -0.009508 -0.007519 -0.010400 
-0.019452 -0.022162 -0.004031 -0.029211 
-0.019907 -0.013632 -0.013220 -0.020183 
0.007346 -0.009254 0.008179 -0.008526 
0.002695 -0.007324 0.002991 -0.007208 
0.015075 0.019622 0.005988 0.024009 
-0.016787 0.026498 -0.029508 0.010642 
-0.025659 0.005482 -0.025414 -0.006525 
0.001804 0.022399 -0.005741 0.021726 
0.008642 0.001726 0.008541 0.002174 
-0.029586 0.004529 -0.026964 -0.012992 
-0.011270 0.032195 -0.030661 0.014948 
0.000858 0.023363 -0.007574 0.022118 
0.006391 0.007433 0.005899 0.007829 
0.002126 0.019109 -0.002629 0.019047 
-0.001263 -0.017705 0.002479 -0.017576 
0.016929 0.014137 0.011505 0.018818 
-0.003008 -0.019006 0.001757 -0.019162 
0.012544 0.018688 0.005598 0.021801 
-0.011883 0.032651 -0.031839 0.013913 
-0.002780 0.025267 -0.013134 0.021763 
-0.007068 0.021514 -0.013909 0.017870 
-0.001514 -0.013828 0.000289 -0.013908 
-0.012365 0.031779 -0.031140 0.013897 
-0.011922 0.022437 -0.020236 0.015364 
-0.031990 -0.011517 -0.014784 -0.030617 
-0.023256 -0.002705 -0.020729 -0.010884 
-0.013371 -0.002988 -0.012890 -0.004643 
0.001530 0.018888 -0.003019 0.018708 
-0.018940 -0.022416 -0.003626 -0.029121 
-0.030224 -0.015640 -0.010591 -0.032341 
-0.018671 -0.023053 -0.002681 -0.029544 
-0.021768 -0.003644 -0.019446 -0.010438 
0.008543 0.017743 0.003692 0.019343 
-0.004080 0.006407 -0.004325 0.006245 
-0.009937 -0.016757 -0.005397 -0.018720 
0.012979 0.004683 0.012277 0.006298 
-0.000474 -0.027351 0.012743 -0.024205 
-0.013661 -0.013856 -0.009742 -0.016844 
0.009137 0.018078 0.003880 0.019881 
-0.001579 0.013351 -0.003182 0.013062 
0.008858 -0.031824 0.027857 -0.017754 
-0.014659 -0.012395 -0.011181 -0.015605 
0.013126 0.021132 0.003489 0.024631 
-0.001014 0.026662 -0.013154 0.023214 
-0.004274 0.033843 -0.026850 0.021041 
0.030530 0.009833 0.017285 0.027019 
0.025230 -0.006217 0.025407 0.005450 
-0.002520 -0.024060 0.006875 -0.023194 
-0.010018 -0.008485 -0.008972 -0.009583 
-0.027345 -0.013185 -0.014644 -0.026592 
-0.016243 -0.006044 -0.014705 -0.009172 
-0.009917 0.019462 -0.015536 0.015354 
0.008572 -0.007252 0.009153 -0.006502 
0.023863 0.004764 0.020163 0.013624 
0.007743 0.009991 0.006630 0.010761 
0.012484 0.020588 0.003747 0.023784 
0.006555 0.002660 0.006462 0.002878 
-0.021554 0.018157 -0.027789 0.004694 
-0.002167 0.020955 -0.008218 0.019398 
-0.028682 0.003451 -0.026137 -0.012306 
-0.015481 0.024246 -0.025934 0.012447 
-0.023456 -0.005390 -0.019666 -0.013874 
-0.012920 -0.002314 -0.012567 -0.003788 
0.015706 0.012862 0.011599 0.016660 
-0.025636 -0.013556 -0.014417 -0.025162 
-0.012349 -0.001509 -0.012126 -0.002781 
0.015017 0.014555 0.010166 0.018276 
-0.015443 -0.014275 -0.010596 -0.018165 
0.015110 0.013674 0.010768 0.017302 
-0.018687 -0.009968 -0.014893 -0.015059 
0.010967 0.004410 0.010506 0.005417 
0.005807 -0.013887 0.007842 -0.012848 
-0.029533 -0.013762 -0.013365 -0.029715 
-0.009430 -0.018797 -0.003524 -0.020732 
0.014194 -0.010206 0.015974 -0.007103 
-0.004390 0.006057 -0.004614 0.005888 
-0.019199 -0.018636 -0.008419 -0.025398 
-0.019106 0.010155 -0.021308 0.003758 
-0.008250 -0.012320 -0.006351 -0.013398 
-0.034040 -0.005574 -0.019772 -0.028265 
-0.011684 0.020520 -0.018373 0.014833 
-0.014144 -0.012622 -0.010722 -0.015634 
0.001675 0.015717 -0.000970 0.015777 
0.003492 -0.008326 0.003942 -0.008122 
-0.004059 0.011469 -0.005176 0.011011 
0.016457 -0.012205 0.019200 -0.007151 
-0.003924 0.022267 -0.011182 0.019651 
-0.021892 -0.002902 -0.019799 -0.009782 
-0.000912 -0.019504 0.004051 -0.019100 
0.024110 0.014109 0.013830 0.024271 
0.006201 0.002385 0.006128 0.002568 
-0.007996 -0.006882 -0.007461 -0.007459 
0.006661 -0.013335 0.008568 -0.012198 
-0.014447 -0.020900 -0.004344 -0.025033 
-0.003501 -0.022340 0.004216 -0.022216 
0.024844 0.012076 0.015746 0.022697 
-0.008648 0.017725 -0.012928 0.014895 
0.001102 -0.027951 0.014960 -0.023636 
0.002887 -0.022821 0.010638 -0.020395 
-0.001492 -0.014809 0.000717 -0.014867 
-0.012397 0.033970 -0.034046 0.012188 
-0.002637 0.032906 -0.023931 0.022739 
0.028995 0.014143 0.013123 0.029471 
0.019791 0.013354 0.013380 0.019773 
0.012556 -0.025375 0.023779 -0.015365 
0.006798 -0.006550 0.007177 -0.006132 
0.018542 0.002614 0.017423 0.006863 
-0.006635 0.011428 -0.007925 0.010575 
0.009958 0.016649 0.005484 0.018609 
-0.018630 -0.001849 -0.017687 -0.006137 
0.022525 -0.014043 0.026448 -0.002251 
0.019775 -0.014781 0.024021 -0.005701 
0.009097 -0.010906 0.010485 -0.009579 
-0.004737 -0.023017 0.003916 -0.023170 
-0.020388 0.012451 -0.023563 0.003935 
-0.024475 0.004531 -0.024221 -0.005735 
0.017726 0.013656 0.012235 0.018734 
-0.003915 -0.028660 0.011939 -0.026347 
-0.019236 -0.012965 -0.013418 -0.018923 
0.019337 -0.012932 0.022669 -0.005224 
0.009520 -0.010348 0.010804 -0.008998 
0.008502 -0.026586 0.020637 -0.018794 
-0.012017 -0.002548 -0.011698 -0.003749 
0.025164 0.014566 0.013401 0.025803 
0.010879 0.003842 0.010493 0.004797 
0.003099 -0.006743 0.003346 -0.006624 
0.027421 0.013074 0.014747 0.026558 
0.013540 -0.001751 0.013652 -0.000049 
-0.034223 -0.004191 -0.020909 -0.027415 
-0.012308 0.028651 -0.027171 0.015300 
-0.008375 0.018958 -0.013417 0.015797 
0.001934 -0.035319 0.027574 -0.022155 
-0.035201 0.000510 -0.024099 -0.025664 
0.000368 0.028642 -0.014666 0.024605 
0.025036 0.000830 0.022512 0.010986 
0.029636 0.014240 0.012735 0.030313 
0.018456 0.022213 0.003854 0.028621 
0.026033 0.000481 0.023176 0.011866 
-0.025587 -0.002647 -0.021971 -0.013378 
0.005370 0.017385 0.001409 0.018141 
-0.006432 -0.022646 0.002232 -0.023435 
-0.018172 0.012447 -0.021197 0.005984 
-0.024358 -0.008734 -0.018150 -0.018444 
-0.003085 0.011549 -0.004176 0.011201 
0.013167 -0.013924 0.016165 -0.010293 
-0.017118 0.008353 -0.018627 0.003982 
-0.000925 -0.023638 0.007806 -0.022331 
-0.014721 -0.004380 -0.013847 -0.006645 
0.008373 0.024858 -0.003572 0.025986 
0.010924 -0.033283 0.031833 -0.014621 
0.001670 -0.027399 0.014726 -0.023165 
-0.005462 -0.029375 0.012046 -0.027343 
-0.033067 -0.010661 -0.015088 -0.031296 
-0.019816 -0.007826 -0.016558 -0.013406 
0.008002 0.009417 0.006997 0.010185 
0.010330 0.017517 0.005138 0.019677 
-0.019993 0.013100 -0.023441 0.004674 
-0.028102 -0.016572 -0.010388 -0.030927 
-0.014298 -0.014744 -0.009613 -0.018149 
-0.001895 0.010739 -0.002745 0.010554 
0.021883 -0.014194 0.025899 -0.003098 
0.016170 -0.018582 0.022204 -0.010664 
-0.010977 -0.015040 -0.007215 -0.017164 
0.009646 0.009307 0.008457 0.010399 
0.023613 -0.004451 0.023545 0.004797 
-0.018021 -0.021852 -0.004274 -0.028000 
-0.025847 -0.013598 -0.014369 -0.025427 
-0.010247 -0.001754 -0.010093 -0.002492 
0.010154 0.017495 0.005032 0.019592 
-0.016815 0.009205 -0.018553 0.004824 
0.005344 -0.023791 0.014163 -0.019849 
0.014455 -0.010113 0.016237 -0.006897 
-0.009849 0.006237 -0.010376 0.005314 
-0.016921 0.018799 -0.023208 0.010054 
0.013037 0.017380 0.006978 0.020576 
-0.014222 0.025294 -0.025552 0.013753 
-0.001411 0.012097 -0.002606 0.011897 
0.008418 -0.026534 0.020486 -0.018849 
-0.014254 -0.000183 -0.014097 -0.002118 
0.018967 0.009287 0.015387 0.014465 
-0.028487 -0.001520 -0.023558 -0.016089 
-0.024104 0.000753 -0.022580 -0.008469 
-0.007488 0.006585 -0.007911 0.006072 
-0.009437 -0.003936 -0.009138 -0.004588 
0.021988 0.004130 0.019400 0.011143 
0.012494 0.006846 0.011449 0.008479 
0.010064 -0.020904 0.016799 -0.016001 
-0.008941 0.006347 -0.009423 0.005606 
-0.019745 0.000191 -0.019123 -0.004920 
0.009873 0.005625 0.009350 0.006458 
0.003871 -0.008339 0.004337 -0.008106 
0.026349 0.015239 0.012551 0.027730 
0.009706 0.008180 0.008767 0.009179 
0.011685 0.021555 0.002290 0.024411 
-0.001779 0.017945 -0.005620 0.017135 
-0.013109 -0.016228 -0.007884 -0.019314 
-0.007459 0.006416 -0.007860 0.005919 
-0.026206 0.002680 -0.024621 -0.009367 
0.003913 0.029139 -0.012690 0.026521 
0.026142 0.012724 0.015217 0.024774 
0.015095 0.006896 0.013571 0.009551 
0.008140 -0.020414 0.014215 -0.016761 
-0.008453 0.013287 -0.010536 0.011704 
0.019078 0.021422 0.005013 0.028244 
0.019482 -0.003932 0.019832 0.001307 
-0.007151 0.021332 -0.013848 0.017733 
0.012647 -0.022361 0.021006 -0.014788 
0.006045 -0.005505 0.006286 -0.005228 
0.010137 0.004236 0.009761 0.005042 
0.004933 -0.011080 0.006001 -0.010540 
-0.010019 -0.007072 -0.009256 -0.008045 
-0.022729 -0.014548 -0.013244 -0.023513 
0.012610 -0.014713 0.015878 -0.011107 
-0.018388 -0.002822 -0.017245 -0.006977 
0.008668 -0.008702 0.009503 -0.007782 
0.015866 -0.013800 0.019206 -0.008561 
-0.006906 -0.005434 -0.006616 -0.005784 
0.019156 -0.009324 0.021071 -0.003153 
0.008873 0.001837 0.008759 0.002323 
-0.022095 0.003611 -0.022049 -0.003880 
0.009264 -0.021135 0.016068 -0.016562 
0.008737 0.021614 0.000457 0.023308 
0.003464 -0.022716 0.011127 -0.020105 
-0.012453 0.015737 -0.016201 0.011843 
0.017566 -0.002091 0.017616 0.001615 
-0.022348 0.011624 -0.025154 0.001360 
-0.024144 -0.003107 -0.021059 -0.012211 
-0.011599 -0.014514 -0.007959 -0.016788 
0.008203 0.019537 0.002039 0.021091 
-0.007684 0.011330 -0.009044 0.010278 
0.013993 0.014017 0.009866 0.017174 
-0.014593 -0.014544 -0.009920 -0.018057 
-0.002561 0.018276 -0.006633 0.017221 
-0.010838 -0.001126 -0.010715 -0.001985 
0.016562 0.020643 0.005422 0.025905 
0.026887 0.000911 0.023356 0.013352 
0.021258 0.002368 0.019549 0.008679 
-0.001300 0.024616 -0.010951 0.022084 
-0.014066 0.025065 -0.025151 0.013913 
-0.023363 0.009400 -0.025160 -0.001080 
0.032819 0.011923 0.013742 0.032100 
0.018210 0.006756 0.015939 0.011100 
-0.018433 -0.003656 -0.017060 -0.007879 
0.004630 -0.021853 0.011552 -0.019119 
0.026251 0.002719 0.022214 0.014250 
0.017860 0.002805 0.016822 0.006622 
-0.005644 0.010468 -0.006610 0.009886 
0.012931 0.003903 0.012358 0.005452 
0.000971 -0.024792 0.010837 -0.022319 
0.003518 -0.031783 0.022852 -0.022368 
-0.023710 -0.016055 -0.011822 -0.026081 
0.003123 -0.017504 0.006737 -0.016454 
0.005175 0.006379 0.004881 0.006607 
0.004313 0.024026 -0.005376 0.023811 
0.013203 -0.017340 0.017970 -0.012332 
-0.022061 0.003788 -0.022076 -0.003699 
0.013640 0.013373 0.009993 0.016279 
0.000095 -0.019131 0.004741 -0.018534 
-0.003168 0.011470 -0.004241 0.011118 
0.016609 -0.016396 0.021371 -0.009380 
-0.013532 -0.016190 -0.008169 -0.019455 
-0.008432 0.011887 -0.010035 0.010570 
-0.003071 0.026013 -0.014305 0.021942 
-0.020194 0.009074 -0.022042 0.002068 
-0.013837 -0.020172 -0.004857 -0.023975 
-0.009735 -0.009111 -0.008582 -0.010204 
-0.008118 -0.004619 -0.007834 -0.005086 
0.017487 -0.011023 0.019891 -0.005630 
0.011695 0.016831 0.006554 0.019419 
-0.003184 0.027939 -0.016880 0.022490 
0.026678 0.000055 0.023670 0.012307 
0.024215 0.015767 0.012140 0.026221 
0.001203 0.023259 -0.007153 0.022164 
0.005190 -0.000624 0.005201 -0.000528 
-0.002130 0.027894 -0.015823 0.023071 
0.003469 -0.022541 0.010966 -0.019997 
-0.010264 0.032182 -0.029697 0.016097 
0.002981 0.018186 -0.001203 0.018389 
0.002389 -0.007136 0.002658 -0.007040 
0.013402 0.018014 0.006668 0.021439 
-0.004583 0.033939 -0.027267 0.020722 
0.034265 0.010829 0.013946 0.033119 
0.025691 0.005589 0.020479 0.016489 
0.005003 -0.016535 0.008191 -0.015210 
-0.019782 -0.008380 -0.016289 -0.014009 
0.010172 0.006746 0.009449 0.007727 
0.017993 -0.009835 0.020020 -0.004439 
0.010389 0.015556 0.006487 0.017545 
-0.013162 -0.007727 -0.011799 -0.009681 
-0.015294 0.017605 -0.020568 0.010991 
0.014057 -0.019997 0.020744 -0.012929 
0.013327 0.016108 0.008104 0.019272 
0.009932 -0.009275 0.011002 -0.007977 
0.007133 -0.032557 0.027318 -0.019094 
-0.019132 -0.016701 -0.010368 -0.023184 
-0.014516 0.008144 -0.015771 0.005322 
0.005999 -0.007182 0.006411 -0.006817 
0.009231 0.001359 0.009136 0.001896 
-0.020217 0.002420 -0.020105 -0.003223 
0.021733 -0.003520 0.021719 0.003607 
-0.009261 -0.018016 -0.004017 -0.019855 
0.022241 -0.014709 0.026511 -0.002858 
0.016304 -0.010505 0.018410 -0.006102 
-0.002186 0.017288 -0.005638 0.016489 
-0.014002 -0.006499 -0.012789 -0.008645 
-0.019837 0.015487 -0.024457 0.005935 
-0.021350 -0.015861 -0.011745 -0.023863 
0.005656 -0.004689 0.005822 -0.004481 
0.011060 0.008234 0.009923 0.009573 
0.026825 0.002157 0.022715 0.014431 
0.018285 0.001133 0.017571 0.005186 
-0.015255 0.011591 -0.017620 0.007523 
0.008364 0.003761 0.008139 0.004226 
-0.008635 -0.003334 -0.008429 -0.003824 
0.021358 0.002449 0.019592 0.008848 
-0.003019 0.020865 -0.009015 0.019058 
-0.026994 -0.000406 -0.023642 -0.013036 
-0.025743 -0.014849 -0.013066 -0.026693 
0.000197 -0.026112 0.011708 -0.023341 
0.014713 -0.025034 0.025837 -0.013251 
0.023539 -0.010739 0.025867 0.000543 
-0.026283 -0.003574 -0.021785 -0.015132 
0.007959 0.021572 -0.000027 0.022994 
0.012094 -0.019762 0.018281 -0.014233 
0.011885 0.018275 0.005559 0.021079 
0.013014 0.007101 0.011830 0.008936 
0.018329 -0.020929 0.026297 -0.009078 
-0.019985 -0.013258 -0.013527 -0.019804 
0.007803 -0.010401 0.008929 -0.009451 
0.009649 -0.016368 0.013293 -0.013577 
-0.026132 -0.003896 -0.021561 -0.015270 
0.031872 0.011695 0.014645 0.030629 
0.025054 -0.005977 0.025187 0.005390 
-0.001245 -0.016978 0.002058 -0.016899 
0.008287 0.018558 0.002895 0.020117 
-0.000953 0.013262 -0.002516 0.013056 
0.012548 -0.031953 0.031536 -0.013563 
-0.006383 -0.022815 0.002452 -0.023564 
-0.013986 0.011318 -0.016096 0.008039 
0.006937 -0.016348 0.010215 -0.014527 
-0.023463 -0.005361 -0.019683 -0.013850 
0.018400 0.020490 0.006091 0.026857 
0.027354 -0.005055 0.026259 0.009179 
-0.005670 -0.029537 0.012184 -0.027498 
-0.034729 -0.011021 -0.013279 -0.033930 
-0.026112 -0.012617 -0.015320 -0.024623 
-0.010664 -0.009814 -0.009180 -0.011214 
-0.018379 -0.008927 -0.015196 -0.013658 
0.009460 0.004323 0.009122 0.004997 
0.003699 -0.007808 0.004085 -0.007613 
-0.007398 0.007253 -0.007900 0.006702 
-0.027991 -0.001963 -0.023188 -0.015801 
-0.025183 0.003929 -0.024489 -0.007068 
-0.002145 0.027305 -0.015046 0.022886 
0.001712 0.019727 -0.003476 0.019494 
0.002615 -0.008326 0.003036 -0.008181 
-0.003902 0.006555 -0.004155 0.006398 
-0.027042 -0.005062 -0.021170 -0.017570 
0.001643 0.018427 -0.002593 0.018317 
0.003379 -0.014566 0.005517 -0.013898 
-0.021826 0.003817 -0.021888 -0.003447 
0.014193 -0.019620 0.020629 -0.012682 
0.008149 0.013479 0.005804 0.014642 
-0.015782 -0.006436 -0.014237 -0.009369 
-0.009697 0.023678 -0.018844 0.017309 
0.009835 0.005236 0.009366 0.006036 
0.005294 -0.007575 0.005719 -0.007259 
0.009103 0.008233 0.008226 0.009110 
0.034167 0.012414 0.011983 0.034320 
0.022900 -0.000420 0.021642 0.007497 
0.001961 -0.008921 0.002457 -0.008798 
0.000084 0.027312 -0.013029 0.024005 
0.012466 0.020582 0.003743 0.023770 
0.008887 0.026915 -0.006185 0.027662 
