-0.005599 -0.015169 -0.000580 -0.016159 
0.000809 0.012604 -0.001634 0.012524 
-0.002336 -0.024600 0.014901 -0.019713 
-0.006541 -0.016488 0.000082 -0.017738 
-0.012761 0.000164 -0.012544 -0.002348 
-0.011003 -0.004845 -0.009987 -0.006693 
0.010313 0.009274 0.007884 0.011411 
0.010362 0.000789 0.010170 0.002138 
-0.003470 -0.016317 0.002140 -0.016544 
0.005589 -0.017000 0.011620 -0.013609 
0.017021 -0.004807 0.017590 0.001851 
0.013024 -0.009545 0.015350 -0.005013 
0.008570 -0.000096 0.008544 0.000668 
-0.004012 0.009682 -0.005264 0.009062 
0.011516 0.005281 0.010275 0.007413 
-0.008307 -0.007233 -0.007154 -0.008375 
0.014757 -0.000215 0.014299 0.003652 
0.014636 0.010264 0.009660 0.015042 
0.015948 -0.002294 0.015872 0.002766 
0.012069 0.002418 0.011423 0.004587 
-0.007675 0.007233 -0.008580 0.006133 
-0.007324 -0.008757 -0.005851 -0.009803 
0.010663 -0.007557 0.011992 -0.005197 
0.008799 -0.005404 0.009424 -0.004222 
-0.013486 0.005504 -0.014444 0.001884 
0.012474 0.005774 0.010833 0.008461 
-0.007005 0.005270 -0.007466 0.004594 
-0.010976 0.016266 -0.017132 0.009568 
0.003141 0.013537 -0.000092 0.013896 
0.003991 -0.014112 0.007501 -0.012602 
-0.010589 0.006902 -0.011721 0.004730 
0.013423 -0.008808 0.015483 -0.004244 
-0.014752 -0.009803 -0.010046 -0.014588 
-0.011345 0.000598 -0.011299 -0.001181 
-0.004190 -0.015220 0.000540 -0.015777 
-0.002376 0.000083 -0.002377 0.000066 
0.001656 -0.012904 0.004256 -0.012294 
-0.007102 0.006120 -0.007714 0.005328 
-0.004047 0.016853 -0.009796 0.014298 
-0.013439 0.011509 -0.016752 0.005696 
0.012946 -0.000651 0.012809 0.001988 
-0.025230 0.002691 -0.019793 -0.015876 
-0.012583 0.006848 -0.013884 0.003531 
0.015914 0.006280 0.012731 0.011428 
0.009127 -0.006609 0.010034 -0.005128 
0.013525 0.003883 0.012210 0.006995 
-0.001245 -0.015067 0.002934 -0.014831 
0.007369 -0.010166 0.009169 -0.008577 
-0.005170 -0.000987 -0.005134 -0.001160 
0.007782 0.004287 0.007336 0.005013 
0.012262 -0.005103 0.013067 -0.002379 
-0.005299 0.017843 -0.012128 0.014119 
0.015562 0.000742 0.014675 0.005234 
-0.002248 -0.009386 -0.001174 -0.009580 
-0.006370 0.013690 -0.009872 0.011426 
0.013531 0.000750 0.013029 0.003725 
0.020349 0.003863 0.015723 0.013483 
-0.000457 -0.024104 0.015295 -0.018635 
0.003904 -0.012162 0.006223 -0.011155 
0.008172 -0.004824 0.008650 -0.003903 
-0.014420 -0.006898 -0.011623 -0.010973 
0.003454 -0.004588 0.003635 -0.004446 
0.014190 -0.000357 0.013854 0.003093 
0.007717 0.009428 0.005901 0.010659 
-0.007692 0.011467 -0.010119 0.009394 
0.011131 0.003756 0.010348 0.005561 
0.000150 -0.013801 0.003312 -0.013399 
0.002851 0.013635 -0.000413 0.013924 
0.006783 -0.013197 0.010030 -0.010935 
0.003093 0.003531 0.002998 0.003613 
-0.003598 0.012245 -0.005935 0.011299 
0.022299 -0.005524 0.021174 0.008913 
0.006141 -0.011016 0.008142 -0.009631 
0.003973 0.002709 0.003895 0.002820 
0.002705 0.009761 0.001470 0.010022 
0.003759 -0.014048 0.007206 -0.012632 
-0.004514 0.008062 -0.005325 0.007551 
-0.000388 0.014545 -0.004076 0.013967 
-0.003211 0.007481 -0.003802 0.007199 
0.007736 0.000588 0.007672 0.001152 
-0.006287 -0.010013 -0.004504 -0.010932 
0.006109 0.006005 0.005550 0.006525 
0.009480 0.010473 0.006688 0.012442 
0.006158 -0.000777 0.006188 -0.000488 
-0.010814 0.003123 -0.011165 0.001428 
0.009570 -0.007420 0.010734 -0.005606 
0.012698 0.002482 0.011935 0.004996 
-0.001828 -0.023726 0.013655 -0.019489 
-0.005085 -0.020539 0.006279 -0.020206 
-0.010459 -0.007626 -0.008702 -0.009583 
-0.003428 0.010008 -0.004753 0.009451 
0.006589 0.009524 0.004957 0.010467 
0.000030 0.005528 -0.000176 0.005526 
-0.006460 -0.014311 -0.001949 -0.015580 
-0.008622 0.005309 -0.009214 0.004197 
0.004266 -0.004217 0.004446 -0.004026 
0.005584 0.002706 0.005451 0.002964 
0.004136 -0.005668 0.004468 -0.005411 
0.006872 0.003381 0.006614 0.003862 
0.004625 -0.005961 0.005026 -0.005627 
-0.002758 -0.016424 0.002827 -0.016412 
-0.013794 -0.000147 -0.013393 -0.003304 
-0.007396 -0.005847 -0.006723 -0.006610 
0.005589 -0.002380 0.005690 -0.002127 
-0.008963 0.006386 -0.009802 0.005003 
0.000999 -0.012173 0.003177 -0.011793 
0.002057 0.017215 -0.004227 0.016814 
-0.000677 0.011904 -0.002713 0.011610 
-0.014649 0.000259 -0.014221 -0.003528 
-0.006780 -0.006020 -0.006146 -0.006667 
-0.011614 -0.001818 -0.011147 -0.003734 
0.003589 0.010805 0.001849 0.011235 
-0.009904 -0.013033 -0.005215 -0.015517 
-0.008939 -0.015847 -0.002022 -0.018081 
-0.012795 0.009120 -0.014919 0.004931 
0.016189 0.011402 0.009158 0.017556 
0.012643 0.005384 0.011087 0.008119 
-0.001455 0.012381 -0.003753 0.011888 
0.016614 0.000811 0.015416 0.006247 
0.003691 -0.009838 0.004974 -0.009256 
-0.009274 -0.008993 -0.007273 -0.010676 
-0.004618 0.005928 -0.005014 0.005597 
-0.006206 0.005899 -0.006707 0.005323 
-0.005804 0.009482 -0.007157 0.008507 
0.015333 0.011476 0.008888 0.016964 
0.010796 0.001443 0.010477 0.002979 
-0.010722 -0.001578 -0.010388 -0.003087 
-0.000087 -0.010659 0.001381 -0.010569 
-0.011616 0.004032 -0.012158 0.001842 
0.008134 0.004839 0.007560 0.005694 
0.010540 -0.005472 0.011318 -0.003594 
-0.001840 0.012992 -0.004498 0.012327 
0.006933 -0.012566 0.009830 -0.010458 
0.004532 -0.001451 0.004570 -0.001325 
-0.012324 0.001433 -0.012376 -0.000884 
-0.006019 -0.018253 0.002498 -0.019057 
-0.015856 -0.011033 -0.009421 -0.016864 
-0.011309 0.013805 -0.015682 0.008516 
0.020778 0.004419 0.015428 0.014602 
0.016010 0.009409 0.010797 0.015109 
0.009576 -0.006512 0.010506 -0.004872 
-0.011570 0.001327 -0.011631 -0.000589 
-0.000503 -0.014444 0.003140 -0.014108 
0.003904 -0.011892 0.006083 -0.010938 
-0.011268 0.010795 -0.013926 0.007040 
-0.013360 0.002091 -0.013492 -0.000904 
-0.013696 -0.000695 -0.013182 -0.003780 
0.013332 0.005525 0.011524 0.008686 
-0.006759 0.006206 -0.007357 0.005483 
0.000285 -0.004843 0.000424 -0.004833 
-0.005382 0.004139 -0.005605 0.003831 
-0.004922 0.007125 -0.005550 0.006647 
-0.009134 0.011026 -0.011570 0.008434 
0.004490 0.001683 0.004441 0.001808 
-0.012927 0.010571 -0.015706 0.005673 
-0.014410 -0.000057 -0.013939 -0.003653 
-0.010005 -0.005168 -0.009093 -0.006643 
-0.006189 0.009765 -0.007686 0.008636 
-0.009674 -0.018203 0.000574 -0.020606 
-0.017415 -0.004017 -0.014599 -0.010309 
-0.005072 0.002415 -0.005161 0.002219 
0.020337 -0.009427 0.022067 0.003935 
-0.002754 -0.023007 0.011778 -0.019954 
-0.016481 -0.009540 -0.010838 -0.015658 
-0.021165 0.003477 -0.019787 -0.008277 
-0.005147 0.011227 -0.007128 0.010086 
0.012727 0.002390 0.011980 0.004916 
0.002657 -0.012337 0.004980 -0.011596 
0.003465 0.010609 0.001826 0.011010 
0.005292 -0.004938 0.005595 -0.004591 
0.007952 -0.016386 0.013742 -0.011954 
-0.008843 -0.005718 -0.007994 -0.006854 
0.017733 -0.009822 0.020271 -0.000132 
0.004045 -0.017324 0.010249 -0.014541 
-0.008308 -0.008800 -0.006619 -0.010132 
0.000955 0.014432 -0.002705 0.014208 
-0.024212 0.001445 -0.019232 -0.014779 
-0.021102 0.011076 -0.023325 -0.004893 
-0.004961 0.015517 -0.009623 0.013145 
-0.018434 0.004198 -0.018489 -0.003949 
-0.009233 0.016954 -0.015720 0.011205 
0.023772 -0.008861 0.023110 0.010467 
0.003875 -0.015048 0.008062 -0.013285 
0.018786 -0.012448 0.022525 0.000719 
-0.006974 -0.016892 0.000260 -0.018273 
-0.007128 0.004936 -0.007548 0.004265 
0.007002 -0.009339 0.008446 -0.008057 
0.022056 -0.004846 0.020770 0.008865 
0.010504 -0.018145 0.018279 -0.010270 
0.001413 -0.011371 0.003202 -0.011002 
-0.005242 0.008981 -0.006374 0.008217 
0.005692 0.011211 0.003447 0.012092 
-0.002055 -0.010533 -0.000566 -0.010717 
-0.003352 0.003751 -0.003466 0.003646 
-0.004075 -0.003425 -0.003955 -0.003563 
-0.009480 -0.019507 0.002579 -0.021535 
-0.013422 0.003470 -0.013861 0.000269 
0.006813 0.008201 0.005619 0.009061 
-0.009519 0.016294 -0.015475 0.010801 
0.009897 0.014647 0.003763 0.017272 
0.007616 -0.006086 0.008267 -0.005168 
0.004838 0.014722 0.000399 0.015491 
0.009727 -0.016743 0.016101 -0.010755 
-0.000570 -0.012116 0.001594 -0.012024 
-0.000129 0.001349 -0.000132 0.001349 
-0.011314 -0.000695 -0.011069 -0.002446 
0.009139 -0.005477 0.009805 -0.004168 
-0.012158 0.006747 -0.013394 0.003731 
0.006051 0.010864 0.003915 0.011803 
-0.005579 0.005459 -0.005968 0.005032 
-0.001805 0.010657 -0.003295 0.010294 
0.011837 -0.004507 0.012486 -0.002129 
-0.006421 0.013411 -0.009750 0.011226 
-0.003764 -0.004476 -0.003575 -0.004629 
-0.004085 -0.018617 0.004260 -0.018577 
-0.005872 -0.011212 -0.003593 -0.012136 
0.006951 0.014248 0.002346 0.015679 
0.011397 -0.004009 0.011926 -0.001935 
-0.009116 -0.005201 -0.008341 -0.006372 
-0.013051 0.012618 -0.016937 0.006533 
0.013513 0.003619 0.012280 0.006700 
-0.008374 0.007219 -0.009351 0.005900 
-0.018981 -0.004249 -0.015125 -0.012229 
-0.005924 0.012575 -0.008687 0.010852 
-0.008793 -0.004203 -0.008250 -0.005187 
-0.012237 0.001327 -0.012274 -0.000936 
-0.002382 -0.010793 -0.000759 -0.011026 
-0.005009 0.003618 -0.005171 0.003382 
-0.012286 0.002988 -0.012632 0.000560 
0.007672 0.000122 0.007644 0.000670 
-0.006912 -0.012895 -0.003363 -0.014239 
0.002729 -0.004517 0.002880 -0.004423 
0.008964 0.011622 0.005651 0.013546 
0.005306 0.001820 0.005233 0.002022 
-0.008951 -0.004400 -0.008355 -0.005448 
-0.013951 0.000051 -0.013575 -0.003220 
-0.005524 -0.004301 -0.005258 -0.004622 
-0.019887 -0.004813 -0.015025 -0.013890 
-0.002416 0.015032 -0.006499 0.013768 
-0.012598 -0.005244 -0.011101 -0.007936 
-0.003932 -0.009114 -0.002816 -0.009518 
-0.006421 0.018177 -0.013709 0.013553 
0.012507 0.005970 0.010787 0.008700 
-0.003488 0.007158 -0.004029 0.006868 
0.006132 0.005774 0.005612 0.006281 
0.011726 0.003084 0.010992 0.005119 
-0.014861 0.002144 -0.014887 -0.001956 
0.001085 0.005136 0.000913 0.005169 
-0.000218 -0.014555 0.003495 -0.014131 
-0.001105 -0.006510 -0.000759 -0.006559 
0.008641 0.016222 0.001450 0.018323 
0.015277 -0.003312 0.015577 0.001303 
0.013638 -0.005513 0.014602 -0.001778 
-0.017502 -0.012146 -0.008544 -0.019515 
-0.016754 0.004976 -0.017418 -0.001439 
0.005063 0.017799 -0.002563 0.018326 
0.009294 0.011745 0.005788 0.013814 
0.009698 0.018324 -0.000736 0.020719 
0.014434 0.000746 0.013784 0.004347 
0.002657 -0.002621 0.002701 -0.002576 
0.010887 -0.013440 0.014954 -0.008691 
-0.013284 -0.002840 -0.012320 -0.005722 
0.007056 -0.015466 0.011945 -0.012095 
-0.009987 -0.010038 -0.007271 -0.012151 
0.000053 -0.012186 0.002239 -0.011978 
0.010375 -0.000925 0.010406 0.000447 
-0.005104 0.008492 -0.006079 0.007824 
0.006231 0.015330 0.000882 0.016524 
0.013952 -0.002526 0.014149 0.000923 
0.005348 -0.007892 0.006185 -0.007254 
-0.005973 -0.019053 0.003588 -0.019643 
-0.021206 -0.003840 -0.015864 -0.014587 
0.009102 0.022360 -0.007631 0.022904 
0.012701 -0.004258 0.013322 -0.001409 
-0.009232 -0.004959 -0.008491 -0.006143 
0.006456 0.010033 0.004633 0.010995 
-0.001419 0.005205 -0.001602 0.005152 
0.005016 -0.005912 0.005434 -0.005530 
-0.002558 -0.016594 0.003164 -0.016489 
-0.014492 0.003526 -0.014907 -0.000472 
-0.004601 0.011162 -0.006496 0.010177 
0.019741 0.005898 0.014263 0.014868 
0.002927 -0.020276 0.012452 -0.016267 
0.010773 -0.017650 0.018114 -0.009972 
0.000619 -0.014095 0.003977 -0.013536 
0.022316 -0.003870 0.020379 0.009885 
0.005972 -0.007127 0.006686 -0.006461 
0.001968 0.012769 -0.000644 0.012904 
0.001054 -0.015715 0.005671 -0.014693 
0.012155 0.004178 0.011078 0.006518 
-0.006341 0.015462 -0.011126 0.012470 
0.009886 0.007521 0.008311 0.009232 
0.005370 -0.006531 0.005916 -0.006040 
0.001854 -0.005031 0.002029 -0.004964 
0.013324 -0.007317 0.014830 -0.003338 
-0.013283 -0.005489 -0.011504 -0.008616 
0.005100 0.016823 -0.001424 0.017521 
0.007927 0.005479 0.007260 0.006336 
-0.017771 0.005785 -0.018576 -0.002046 
-0.011482 0.016907 -0.018251 0.009196 
-0.002089 0.011884 -0.004148 0.011331 
-0.014158 -0.003918 -0.012659 -0.007454 
0.008911 0.012002 0.005366 0.013952 
0.009938 -0.015511 0.015321 -0.010228 
-0.005100 -0.018293 0.003144 -0.018728 
-0.009984 -0.007671 -0.008331 -0.009441 
-0.005714 0.004716 -0.006015 0.004324 
-0.010728 0.016282 -0.016861 0.009793 
0.003878 0.014325 -0.000048 0.014841 
0.012552 -0.011438 0.015716 -0.006434 
0.004196 -0.010762 0.005878 -0.009943 
-0.007121 0.009915 -0.008791 0.008471 
0.005241 0.006767 0.004618 0.007207 
0.021214 -0.001805 0.019021 0.009565 
0.005298 -0.006854 0.005900 -0.006343 
0.009817 0.013490 0.004785 0.015983 
0.006564 -0.008525 0.007695 -0.007521 
0.013052 -0.006667 0.014330 -0.003073 
-0.012344 -0.005127 -0.010950 -0.007665 
-0.001102 -0.002323 -0.001084 -0.002332 
0.020578 0.004476 0.015365 0.014402 
0.006661 0.007622 0.005663 0.008391 
-0.005940 -0.001015 -0.005890 -0.001276 
0.004797 0.004392 0.004565 0.004633 
0.004081 0.004518 0.003874 0.004697 
0.019018 0.006223 0.013901 0.014394 
-0.004701 -0.015934 0.000805 -0.016594 
-0.014065 0.000600 -0.013802 -0.002772 
-0.016149 -0.009063 -0.011099 -0.014823 
-0.011902 0.000448 -0.011802 -0.001600 
-0.001818 -0.011181 -0.000060 -0.011327 
0.017066 -0.001592 0.016546 0.004472 
0.014986 -0.002665 0.015136 0.001603 
0.015545 0.000055 0.014864 0.004552 
0.001655 -0.003122 0.001702 -0.003096 
0.007440 0.010670 0.005105 0.011964 
0.000381 0.007359 -0.000105 0.007368 
0.007203 -0.008096 0.008281 -0.006990 
0.008656 0.007181 0.007454 0.008422 
-0.001700 0.015735 -0.006337 0.014502 
-0.022080 0.004258 -0.020496 -0.009250 
-0.002581 0.011494 -0.004474 0.010898 
0.007231 -0.017382 0.013828 -0.012776 
-0.014371 -0.003747 -0.012866 -0.007419 
0.001662 0.017661 -0.005048 0.017006 
0.013549 0.012228 0.007639 0.016576 
-0.004230 -0.022003 0.009137 -0.020458 
-0.017348 -0.007107 -0.012846 -0.013654 
-0.006854 0.017731 -0.013741 0.013135 
0.019806 0.005190 0.014761 0.014189 
0.000235 -0.022453 0.013104 -0.018234 
-0.008876 -0.008434 -0.007201 -0.009902 
0.012206 0.012120 0.007161 0.015640 
0.000727 -0.012047 0.002837 -0.011731 
0.000438 0.001545 0.000433 0.001546 
-0.019627 -0.003467 -0.015775 -0.012181 
-0.018234 -0.007262 -0.012996 -0.014708 
-0.002984 0.021089 -0.013587 0.016402 
0.014524 0.001516 0.013650 0.005187 
-0.003171 0.021437 -0.014248 0.016328 
-0.000947 0.013910 -0.004176 0.013303 
0.020277 -0.010496 0.022556 0.003544 
-0.000097 -0.012506 0.002267 -0.012299 
0.025028 -0.001192 0.018915 0.016433 
0.023835 -0.003221 0.020268 0.012950 
0.011508 -0.010568 0.014094 -0.006743 
-0.010628 0.007795 -0.012025 0.005395 
0.011903 -0.000131 0.011749 0.001910 
-0.007783 0.003116 -0.008020 0.002441 
0.015986 0.002193 0.014510 0.007058 
0.001511 -0.007189 0.001979 -0.007075 
-0.008747 -0.005838 -0.007886 -0.006957 
-0.011888 0.004734 -0.012589 0.002291 
0.012742 0.000292 0.012437 0.002785 
0.007164 0.005331 0.006615 0.006000 
0.009998 -0.004258 0.010504 -0.002785 
-0.001688 0.016342 -0.006863 0.014927 
0.007944 -0.001374 0.008027 -0.000743 
-0.011857 -0.012638 -0.006566 -0.016038 
-0.004206 -0.009626 -0.002882 -0.010102 
0.014768 0.004629 0.012819 0.008672 
-0.003625 -0.009236 -0.002496 -0.009603 
0.013262 0.011955 0.007763 0.016079 
0.017877 0.010658 0.010103 0.018196 
0.013154 -0.000296 0.012925 0.002457 
0.009203 0.022111 -0.007136 0.022862 
0.015189 0.005652 0.012649 0.010132 
0.006980 0.018559 -0.002334 0.019690 
0.009360 0.008816 0.007413 0.010506 
-0.000121 0.014292 -0.003629 0.013824 
0.006637 0.002062 0.006505 0.002448 
0.004000 -0.004253 0.004172 -0.004084 
0.004396 0.001662 0.004350 0.001779 
-0.005557 -0.001718 -0.005482 -0.001945 
0.006757 -0.011369 0.009003 -0.009688 
-0.010269 -0.000170 -0.010163 -0.001481 
0.001052 -0.005429 0.001253 -0.005387 
0.008445 0.009796 0.006293 0.011299 
-0.011784 0.009218 -0.013827 0.005714 
-0.001707 0.004372 -0.001824 0.004325 
0.002946 -0.004430 0.003096 -0.004326 
0.011469 -0.007301 0.012807 -0.004563 
-0.012754 0.012704 -0.016652 0.006839 
0.020335 0.004498 0.015313 0.014116 
0.016518 0.008953 0.011298 0.015012 
0.011742 -0.013754 0.016150 -0.008138 
-0.016560 0.003801 -0.016858 -0.002121 
0.004651 0.016778 -0.001702 0.017328 
0.006979 0.010984 0.004588 0.012178 
-0.003852 0.006918 -0.004367 0.006605 
0.008797 0.003466 0.008369 0.004399 
0.012980 -0.011648 0.016311 -0.006173 
0.005718 -0.008480 0.006747 -0.007687 
0.005263 0.017783 -0.002408 0.018389 
0.008488 0.006297 0.007558 0.007388 
0.008874 0.020378 -0.004189 0.021829 
0.021253 -0.000243 0.018257 0.010882 
0.012678 -0.003806 0.013195 -0.001041 
0.000055 -0.005263 0.000233 -0.005258 
-0.005311 0.004458 -0.005562 0.004141 
-0.008139 0.010030 -0.009992 0.008186 
-0.014434 0.006904 -0.015855 0.002154 
0.020686 -0.002699 0.019222 0.008106 
0.011789 -0.009051 0.013768 -0.005600 
0.010781 -0.000949 0.010807 0.000590 
0.007820 0.009856 0.005792 0.011169 
-0.008710 -0.016174 -0.001540 -0.018305 
-0.007480 0.007171 -0.008350 0.006137 
0.003937 -0.020166 0.013327 -0.015638 
0.004853 -0.007891 0.005648 -0.007343 
0.013399 0.011560 0.008147 0.015709 
-0.003332 -0.014247 0.000444 -0.014624 
-0.006543 0.011755 -0.008949 0.010044 
0.004783 0.007315 0.004084 0.007727 
0.016689 0.005206 0.013662 0.010907 
0.011060 0.019823 -0.002655 0.022544 
0.010791 -0.006916 0.011948 -0.004639 
-0.010668 -0.000911 -0.010438 -0.002383 
0.005306 0.006349 0.004760 0.006767 
0.016565 0.011492 0.009137 0.017971 
0.023583 -0.001430 0.019260 0.013683 
0.011733 0.002592 0.011100 0.004600 
-0.010303 0.005877 -0.011153 0.004039 
-0.007144 -0.008401 -0.005829 -0.009361 
0.006088 0.002715 0.005932 0.003039 
0.002509 -0.007494 0.003070 -0.007282 
-0.005233 -0.002160 -0.005145 -0.002363 
0.008770 0.001059 0.008630 0.001884 
-0.013922 -0.009658 -0.009782 -0.013835 
-0.014358 -0.000535 -0.013776 -0.004083 
-0.004333 -0.001318 -0.004298 -0.001425 
0.007336 0.004493 0.006903 0.005134 
0.014678 -0.005860 0.015759 -0.001206 
-0.008155 -0.008988 -0.006425 -0.010296 
0.004816 -0.011888 0.007081 -0.010695 
-0.014794 -0.001061 -0.013988 -0.004930 
-0.004623 -0.000958 -0.004595 -0.001083 
0.014483 -0.001541 0.014397 0.002202 
0.004865 -0.005791 0.005256 -0.005440 
0.001836 -0.011111 0.003520 -0.010698 
-0.011264 0.003136 -0.011627 0.001231 
0.005124 -0.017677 0.011768 -0.014151 
0.001802 -0.007829 0.002409 -0.007664 
-0.004155 -0.004010 -0.003989 -0.004175 
0.002833 -0.004923 0.003023 -0.004808 
0.012128 0.004157 0.011062 0.006481 
-0.002750 -0.021027 0.008577 -0.019394 
-0.011124 0.000781 -0.011115 -0.000902 
0.011054 -0.000714 0.011037 0.000936 
-0.013489 0.011220 -0.016656 0.005516 
0.020017 0.004781 0.015071 0.014015 
0.000252 -0.022364 0.012978 -0.018215 
-0.000260 -0.014152 0.003159 -0.013797 
0.007130 -0.010183 0.008906 -0.008673 
-0.006978 -0.006843 -0.006139 -0.007605 
-0.014132 0.003544 -0.014568 -0.000178 
0.015170 0.010013 0.010051 0.015145 
0.016164 -0.008797 0.018333 -0.001598 
-0.004033 -0.016070 0.001450 -0.016504 
0.002431 -0.011264 0.004210 -0.010727 
0.003662 0.010327 0.002122 0.010750 
0.004950 -0.007767 0.005723 -0.007217 
-0.002996 -0.017400 0.003651 -0.017274 
-0.006936 -0.007815 -0.005841 -0.008664 
0.021374 -0.003667 0.019961 0.008476 
0.012195 -0.018198 0.020200 -0.008476 
-0.002332 -0.011710 -0.000278 -0.011937 
0.004174 0.007248 0.003544 0.007577 
-0.013378 -0.004313 -0.011969 -0.007370 
0.006698 -0.006046 0.007262 -0.005355 
-0.000771 0.013975 -0.004044 0.013399 
-0.005543 0.005361 -0.005916 0.004947 
-0.008395 0.009729 -0.010165 0.007861 
0.002251 0.000100 0.002250 0.000114 
-0.006973 0.018115 -0.014262 0.013167 
0.020164 0.003104 0.016136 0.012485 
0.012459 0.011980 0.007393 0.015623 
0.016174 0.011494 0.009067 0.017650 
0.016344 0.004611 0.013768 0.009942 
0.005732 0.017154 -0.001355 0.018036 
0.008716 0.011273 0.005699 0.013061 
0.006556 0.012418 0.003421 0.013619 
0.010355 -0.010438 0.012710 -0.007391 
0.005748 -0.004243 0.006000 -0.003879 
0.007946 -0.007796 0.009026 -0.006516 
0.015140 0.010886 0.009344 0.016137 
0.011614 -0.012941 0.015487 -0.007906 
-0.011925 -0.002145 -0.011355 -0.004227 
0.007268 -0.008549 0.008486 -0.007341 
0.017529 -0.005881 0.018411 0.001692 
-0.008684 -0.015250 -0.002509 -0.017369 
-0.013891 0.001688 -0.013898 -0.001633 
-0.018106 -0.007305 -0.012934 -0.014625 
-0.000867 0.011850 -0.002877 0.011528 
0.002398 -0.012194 0.004631 -0.011532 
0.014943 0.003434 0.013370 0.007505 
-0.010110 -0.019971 0.003129 -0.022165 
-0.023974 0.001100 -0.019047 -0.014601 
-0.014916 0.006162 -0.016093 0.001213 
-0.000398 0.007081 -0.000830 0.007043 
-0.001814 0.001058 -0.001819 0.001048 
-0.002333 -0.024782 0.015242 -0.019679 
-0.004191 -0.019838 0.005824 -0.019421 
-0.005265 -0.006120 -0.004764 -0.006517 
0.002403 -0.001008 0.002411 -0.000988 
-0.005677 0.014446 -0.009604 0.012193 
-0.005360 -0.005334 -0.004977 -0.005694 
-0.009645 -0.005978 -0.008596 -0.007408 
0.018034 -0.004003 0.018118 0.003601 
0.006149 -0.007186 0.006892 -0.006476 
0.004398 0.009392 0.003136 0.009885 
-0.002832 -0.014520 0.001083 -0.014754 
-0.007166 -0.003087 -0.006919 -0.003608 
-0.001333 0.004735 -0.001472 0.004694 
-0.011437 -0.012084 -0.006807 -0.015182 
-0.004825 -0.006933 -0.004207 -0.007325 
-0.021102 -0.003843 -0.015852 -0.014450 
-0.006908 -0.007340 -0.005952 -0.008135 
0.013865 0.001044 0.013242 0.004243 
0.006171 0.004261 0.005865 0.004672 
0.007566 0.004922 0.007043 0.005646 
0.017566 -0.004614 0.017974 0.002605 
0.006801 -0.007501 0.007681 -0.006598 
-0.000366 0.011023 -0.001986 0.010849 
-0.008949 0.000213 -0.008927 -0.000658 
0.007730 0.008802 0.006162 0.009963 
-0.008427 -0.004653 -0.007850 -0.005571 
-0.013029 0.003352 -0.013446 0.000429 
0.009874 0.001535 0.009616 0.002719 
-0.004754 -0.017200 0.002088 -0.017723 
-0.008437 -0.009099 -0.006597 -0.010510 
0.011105 -0.010898 0.013787 -0.007210 
-0.001006 -0.004389 -0.000897 -0.004412 
0.016122 0.001437 0.014862 0.006411 
-0.000325 -0.009195 0.000621 -0.009180 
-0.014539 0.002961 -0.014804 -0.000987 
-0.002506 0.009869 -0.003726 0.009476 
0.014118 -0.000116 0.013734 0.003273 
0.009605 0.011814 0.005943 0.014018 
-0.000556 0.010230 -0.001853 0.010076 
-0.004457 -0.003969 -0.004281 -0.004158 
0.000285 -0.014792 0.004163 -0.014197 
0.002770 -0.007854 0.003421 -0.007593 
-0.005477 -0.000782 -0.005444 -0.000986 
0.014563 0.000066 0.014065 0.003776 
0.005582 0.006609 0.004958 0.007088 
0.021721 -0.007488 0.021885 0.006997 
0.000938 -0.015491 0.005368 -0.014562 
-0.004623 -0.005033 -0.004330 -0.005287 
-0.008359 -0.010330 -0.005967 -0.011873 
0.007577 -0.010600 0.009588 -0.008824 
-0.008507 -0.005845 -0.007681 -0.006894 
-0.017724 0.004828 -0.018180 -0.002638 
-0.012157 0.010375 -0.014745 0.006166 
-0.010473 -0.000068 -0.010371 -0.001459 
0.003920 -0.004824 0.004142 -0.004635 
-0.002206 -0.003274 -0.002143 -0.003316 
0.012579 0.000681 0.012216 0.003080 
-0.011296 0.007658 -0.012726 0.004928 
0.010653 0.007807 0.008772 0.009873 
-0.001063 -0.005647 -0.000836 -0.005686 
0.006366 0.017862 -0.001790 0.018878 
0.019546 -0.009887 0.021761 0.002507 
0.001019 -0.014382 0.004580 -0.013671 
0.012806 0.006134 0.010936 0.009057 
0.003126 0.008759 0.002190 0.009039 
0.003257 -0.013101 0.006055 -0.012066 
-0.006478 0.016626 -0.012273 0.012953 
-0.003316 0.003430 -0.003409 0.003337 
-0.004591 -0.001846 -0.004534 -0.001982 
0.007882 0.002695 0.007627 0.003349 
-0.004348 -0.010690 -0.002569 -0.011251 
0.006912 0.021892 -0.007538 0.021684 
0.010849 0.003257 0.010212 0.004903 
-0.011133 0.012491 -0.014663 0.008061 
-0.010992 0.012378 -0.014434 0.008105 
0.001492 0.001659 0.001482 0.001668 
-0.022419 0.007332 -0.022076 -0.008309 
0.000169 0.022484 -0.012822 0.018471 
0.010962 0.014924 0.003984 0.018084 
0.010864 -0.014541 0.015672 -0.009158 
-0.010882 -0.000236 -0.010736 -0.001795 
0.010162 -0.018085 0.017836 -0.010594 
-0.009612 -0.022857 0.008479 -0.023301 
-0.009742 -0.002861 -0.009308 -0.004056 
0.006292 -0.016146 0.011639 -0.012838 
-0.009748 -0.012904 -0.005228 -0.015304 
-0.006254 -0.018047 0.002091 -0.018985 
-0.007160 -0.009079 -0.005597 -0.010117 
0.006531 -0.007201 0.007314 -0.006405 
0.000611 0.005532 0.000402 0.005551 
-0.002471 -0.018835 0.005760 -0.018103 
-0.005558 -0.017950 0.002413 -0.018635 
-0.012260 -0.011806 -0.007438 -0.015309 
-0.010229 -0.011260 -0.006702 -0.013657 
-0.003429 -0.003446 -0.003329 -0.003543 
-0.004269 -0.010546 -0.002564 -0.011084 
-0.003977 0.017252 -0.010105 0.014537 
-0.018095 0.010485 -0.020913 -0.000131 
0.001502 0.023612 -0.013682 0.019302 
0.003834 0.020030 -0.006342 0.019382 
0.014086 0.008979 0.010298 0.013153 
0.013208 -0.004121 0.013803 -0.000965 
-0.001081 -0.004443 -0.000968 -0.004469 
0.001770 0.011799 -0.000287 0.011928 
-0.016970 0.004559 -0.017460 -0.001976 
-0.012146 -0.005664 -0.010631 -0.008159 
0.004155 -0.005980 0.004531 -0.005700 
-0.002439 -0.002251 -0.002409 -0.002283 
0.015142 -0.009774 0.017736 -0.003200 
-0.022509 0.011208 -0.023975 -0.007582 
0.007018 0.009865 0.005160 0.010952 
-0.000123 -0.011929 0.001931 -0.011772 
-0.008593 0.007377 -0.009634 0.005954 
0.007392 0.013528 0.003233 0.015073 
0.003653 -0.017651 0.010161 -0.014889 
-0.001273 -0.000989 -0.001270 -0.000993 
0.023735 -0.001199 0.019122 0.014113 
0.014952 0.004329 0.013053 0.008482 
0.014270 0.009777 0.009860 0.014213 
0.002481 -0.014158 0.005921 -0.013098 
0.011520 0.000573 0.011278 0.002420 
-0.002490 -0.000595 -0.002485 -0.000614 
0.003030 -0.011809 0.005102 -0.011072 
-0.003562 0.014904 -0.007613 0.013299 
0.014177 -0.002713 0.014405 0.000924 
0.021998 -0.010064 0.023236 0.006732 
-0.005152 -0.012857 -0.002043 -0.013699 
-0.004582 0.016503 -0.010053 0.013867 
-0.001282 0.008415 -0.002017 0.008270 
0.001225 -0.000925 0.001227 -0.000922 
0.002099 0.015479 -0.002515 0.015416 
0.010793 -0.009503 0.012817 -0.006521 
0.012001 -0.014495 0.016954 -0.008167 
-0.013989 0.006056 -0.015122 0.001919 
0.018104 0.003294 0.015276 0.010260 
0.013673 0.002512 0.012713 0.005624 
0.001542 -0.014258 0.005021 -0.013434 
0.012796 0.004314 0.011535 0.007021 
-0.001466 0.014684 -0.005255 0.013790 
0.013441 -0.004880 0.014229 -0.001425 
-0.012029 -0.001115 -0.011644 -0.003220 
0.006959 0.006648 0.006169 0.007387 
0.017845 0.004129 0.014746 0.010866 
0.012778 0.002545 0.011986 0.005108 
-0.001942 -0.022157 0.010929 -0.019371 
-0.016149 -0.006770 -0.012577 -0.012184 
-0.005942 0.008058 -0.006877 0.007276 
0.005253 -0.006925 0.005866 -0.006415 
-0.005386 -0.014641 -0.000885 -0.015575 
-0.007031 0.012803 -0.010078 0.010573 
-0.009087 0.000078 -0.009049 -0.000832 
0.002256 0.015650 -0.002529 0.015609 
0.001545 -0.000103 0.001545 -0.000099 
-0.005099 0.014104 -0.008716 0.012204 
-0.005697 -0.007893 -0.004753 -0.008496 
0.002084 0.001214 0.002076 0.001229 
-0.008487 0.006431 -0.009290 0.005205 
0.004920 -0.006120 0.005364 -0.005734 
-0.002285 -0.006543 -0.001900 -0.006665 
0.008693 0.019206 -0.002420 0.020943 
0.022179 0.000572 0.018006 0.012962 
0.014385 -0.000682 0.014101 0.002926 
0.016345 0.010906 0.009648 0.017118 
0.011507 -0.011057 0.014328 -0.007027 
-0.013278 -0.006776 -0.010989 -0.010073 
0.006356 -0.005541 0.006811 -0.004972 
0.010247 -0.009160 0.012062 -0.006588 
0.011944 -0.013706 0.016351 -0.007947 
-0.020817 -0.003423 -0.016084 -0.013651 
-0.016940 -0.011965 -0.008706 -0.018824 
-0.015274 -0.005148 -0.012921 -0.009635 
-0.002154 -0.015922 0.002864 -0.015810 
-0.010496 -0.013003 -0.005569 -0.015756 
-0.000207 0.013224 -0.002992 0.012883 
-0.024099 0.001688 -0.019388 -0.014412 
-0.009445 -0.003344 -0.008968 -0.004468 
0.007477 -0.005798 0.008062 -0.004952 
-0.000828 0.013833 -0.004004 0.013267 
-0.001161 0.005015 -0.001322 0.004975 
-0.001818 -0.006314 -0.001484 -0.006400 
0.004903 0.012213 0.002244 0.012968 
-0.000790 -0.014966 0.003274 -0.014625 
0.004730 -0.010432 0.006326 -0.009549 
-0.010267 0.005562 -0.011044 0.003793 
-0.005806 -0.005965 -0.005284 -0.006432 
-0.005288 -0.004481 -0.005018 -0.004782 
-0.016549 -0.011487 -0.009139 -0.017953 
-0.020285 -0.003660 -0.015834 -0.013197 
-0.009948 -0.013034 -0.005240 -0.015537 
-0.000837 -0.014248 0.002680 -0.014019 
-0.001534 -0.008124 -0.000855 -0.008223 
-0.005273 0.015433 -0.009901 0.012960 
0.012889 -0.012374 0.016612 -0.006579 
-0.014917 0.002380 -0.014999 -0.001795 
0.016473 0.008495 0.011614 0.014444 
0.004166 -0.008208 0.004988 -0.007736 
0.002645 0.017723 -0.004294 0.017397 
0.004076 0.016689 -0.002041 0.017058 
-0.000971 0.015245 -0.005197 0.014365 
0.002214 0.004361 0.002086 0.004424 
0.002119 0.018357 -0.005460 0.017654 
0.010373 0.020124 -0.003313 0.022396 
0.014357 -0.006503 0.015641 -0.001941 
-0.021138 0.002771 -0.019450 -0.008730 
-0.005284 0.006682 -0.005852 0.006191 
0.004790 -0.007458 0.005479 -0.006967 
-0.004504 -0.015176 0.000253 -0.015828 
0.006174 -0.012872 0.009140 -0.010966 
0.007770 0.005129 0.007188 0.005918 
0.013622 0.001152 0.013013 0.004189 
0.006853 0.003428 0.006591 0.003907 
-0.000553 -0.008528 0.000205 -0.008543 
-0.003426 0.013132 -0.006255 0.012044 
0.002007 -0.011945 0.004093 -0.011399 
-0.004304 0.010371 -0.005836 0.009593 
0.019540 0.006166 0.014041 0.014922 
0.005352 -0.016866 0.011233 -0.013673 
0.014819 -0.009217 0.017149 -0.003233 
-0.010014 -0.017838 -0.000062 -0.020457 
-0.016238 -0.005190 -0.013441 -0.010485 
-0.005515 -0.001410 -0.005455 -0.001626 
0.004588 0.000735 0.004567 0.000855 
-0.006501 0.010506 -0.008327 0.009127 
0.007484 -0.007672 0.008479 -0.006556 
-0.005171 0.004328 -0.005402 0.004036 
-0.009257 0.008246 -0.010626 0.006384 
-0.020491 -0.004635 -0.015246 -0.014455 
0.008378 0.022500 -0.008097 0.022603 
0.009444 0.001108 0.009265 0.002137 
-0.010586 0.000466 -0.010551 -0.000978 
0.001315 0.012823 -0.001283 0.012826 
-0.015008 0.000974 -0.014709 -0.003136 
-0.013496 -0.013075 -0.006833 -0.017505 
-0.014095 -0.004740 -0.012331 -0.008312 
0.004916 0.007968 0.004041 0.008445 
-0.012219 -0.003755 -0.011238 -0.006092 
0.008633 0.008054 0.007152 0.009394 
-0.001690 0.014579 -0.005405 0.013645 
-0.017670 -0.003828 -0.014814 -0.010365 
-0.003943 -0.001705 -0.003904 -0.001793 
0.012137 -0.016477 0.018627 -0.008477 
0.003014 -0.017996 0.009854 -0.015357 
0.000896 -0.010314 0.002228 -0.010111 
-0.010572 0.002968 -0.010892 0.001392 
0.010490 -0.006658 0.011548 -0.004585 
0.006029 -0.000401 0.006040 -0.000134 
-0.014922 0.001377 -0.014741 -0.002695 
-0.009582 -0.005634 -0.008631 -0.007004 
0.008839 0.011196 0.005830 0.013019 
0.003650 0.002933 0.003571 0.003029 
-0.002633 0.004203 -0.002758 0.004123 
-0.007311 -0.008506 -0.005931 -0.009521 
0.007360 -0.000521 0.007379 -0.000033 
-0.017227 -0.010674 -0.010018 -0.017617 
-0.011692 -0.005772 -0.010259 -0.008047 
0.005808 -0.006061 0.006305 -0.005542 
0.012337 -0.012380 0.015987 -0.007063 
0.000531 -0.011655 0.002443 -0.011409 
-0.002411 0.012443 -0.004778 0.011739 
-0.000139 -0.001049 -0.000138 -0.001049 
0.017112 -0.000502 0.016213 0.005495 
0.001302 -0.014659 0.005070 -0.013816 
-0.014483 0.007231 -0.016018 0.002334 
0.017523 0.006075 0.013549 0.012665 
0.005197 0.008111 0.004251 0.008644 
-0.017677 -0.010021 -0.010680 -0.017287 
-0.010776 0.016666 -0.017241 0.009830 
0.022961 -0.010445 0.023728 0.008562 
-0.006434 -0.016712 0.000398 -0.017904 
-0.003856 0.005716 -0.004179 0.005484 
0.000818 -0.011719 0.002763 -0.011418 
0.017112 0.012137 0.008537 0.019163 
0.024270 -0.002237 0.019695 0.014357 
0.020169 -0.009919 0.022201 0.003510 
-0.000981 -0.015851 0.003847 -0.015408 
-0.003256 0.000072 -0.003256 0.000030 
0.005270 -0.013256 0.008355 -0.011563 
0.009508 0.004279 0.008861 0.005494 
0.003723 -0.011940 0.005912 -0.011021 
-0.006765 0.019507 -0.015536 0.013598 
0.012556 0.004649 0.011255 0.007253 
-0.007381 0.009418 -0.008900 0.007998 
0.006981 0.002688 0.006782 0.003156 
0.000763 -0.004705 0.000893 -0.004682 
-0.000284 0.012466 -0.002620 0.012191 
-0.005076 -0.003007 -0.004944 -0.003218 
0.012506 -0.005919 0.013534 -0.002876 
0.004023 0.001205 0.003997 0.001291 
-0.006752 -0.004719 -0.006341 -0.005259 
-0.006354 -0.003349 -0.006132 -0.003740 
-0.003923 0.009837 -0.005224 0.009213 
0.015012 0.009863 0.010105 0.014850 
0.010984 -0.017513 0.018227 -0.009754 
0.005553 -0.011835 0.007874 -0.010436 
0.003023 0.004169 0.002887 0.004264 
0.003604 0.015253 -0.001041 0.015638 
0.001993 0.023962 -0.013962 0.019576 
0.000170 0.010945 -0.001420 0.010854 
-0.003532 -0.015403 0.001232 -0.015755 
-0.004846 0.001090 -0.004877 0.000945 
0.017140 -0.002484 0.016900 0.003789 
0.012617 -0.008908 0.014637 -0.004931 
-0.012460 -0.012461 -0.006992 -0.016175 
-0.008767 -0.006551 -0.007725 -0.007754 
0.000077 -0.014362 0.003637 -0.013894 
0.023880 -0.001194 0.019111 0.014368 
0.015282 0.006195 0.012446 0.010817 
-0.000746 0.008451 -0.001482 0.008354 
-0.004692 -0.000676 -0.004672 -0.000804 
0.005152 0.005578 0.004749 0.005924 
0.022682 -0.002690 0.019869 0.011267 
-0.000288 -0.012692 0.002187 -0.012505 
-0.000199 0.023088 -0.014090 0.018291 
0.008455 0.013631 0.003853 0.015571 
0.010746 -0.000816 0.010754 0.000704 
0.004556 0.009098 0.003379 0.009598 
-0.015245 -0.009366 -0.010554 -0.014449 
-0.012172 0.000543 -0.012072 -0.001649 
-0.002101 -0.010190 -0.000747 -0.010377 
0.005838 0.008556 0.004676 0.009242 
-0.004691 -0.004368 -0.004467 -0.004597 
-0.000068 -0.003895 0.000004 -0.003896 
0.015255 0.006361 0.012349 0.010985 
-0.005741 -0.009614 -0.004216 -0.010374 
0.017077 -0.003606 0.017225 0.002816 
-0.008328 -0.013123 -0.004175 -0.014971 
-0.010762 0.003980 -0.011259 0.002215 
0.009681 0.003157 0.009207 0.004348 
0.008072 -0.008275 0.009304 -0.006861 
-0.000329 0.003530 -0.000383 0.003525 
-0.013848 -0.001075 -0.013219 -0.004262 
0.014525 -0.005181 0.015400 -0.000827 
-0.017592 -0.010105 -0.010592 -0.017303 
-0.012794 0.013306 -0.017067 0.007034 
0.021874 0.000296 0.018116 0.012262 
0.010159 -0.001003 0.010204 0.000287 
0.000900 0.009531 -0.000164 0.009572 
-0.007491 -0.005520 -0.006870 -0.006276 
-0.018163 -0.004066 -0.014916 -0.011133 
-0.004162 -0.004151 -0.003984 -0.004322 
-0.003024 -0.017095 0.003298 -0.017044 
-0.003042 -0.010670 -0.001418 -0.011004 
0.009582 0.011040 0.006426 0.013130 
0.005428 0.000653 0.005400 0.000849 
-0.018417 0.004532 -0.018604 -0.003690 
-0.012151 0.010374 -0.014738 0.006170 
-0.015837 0.008238 -0.017775 0.001648 
0.003713 0.017385 -0.003070 0.017510 
0.009748 0.011696 0.006113 0.013945 
0.001976 0.017391 -0.004485 0.016918 
0.002815 0.015670 -0.002068 0.015786 
0.000360 0.014028 -0.002975 0.013714 
-0.005517 0.006024 -0.005987 0.005557 
-0.009053 0.009037 -0.010659 0.007071 
-0.015586 -0.007925 -0.011646 -0.013042 
-0.007385 0.010551 -0.009347 0.008859 
0.001990 -0.000758 0.001995 -0.000747 
-0.005832 0.018086 -0.012964 0.013895 
-0.010151 0.003102 -0.010480 0.001688 
0.006933 0.002466 0.006756 0.002916 
0.001041 -0.010345 0.002387 -0.010120 
-0.011198 0.007158 -0.012465 0.004609 
0.008120 -0.004876 0.008603 -0.003964 
-0.003240 0.021179 -0.013960 0.016254 
-0.004665 0.007014 -0.005252 0.006586 
0.000140 -0.015090 0.004257 -0.014478 
0.010787 -0.016632 0.017224 -0.009814 
-0.009587 -0.018682 0.001294 -0.020958 
-0.023688 0.001352 -0.019213 -0.013921 
-0.015579 0.001343 -0.015290 -0.003276 
-0.001201 0.001629 -0.001209 0.001623 
-0.016441 0.000331 -0.015668 -0.004992 
-0.003392 0.011357 -0.005272 0.010616 
0.017549 0.011220 0.009522 0.018525 
0.013092 -0.009962 0.015608 -0.005200 
-0.022108 0.009474 -0.022992 -0.007065 
-0.005559 0.015028 -0.009903 0.012596 
-0.009159 0.001560 -0.009271 0.000592 
-0.003110 -0.016482 0.002596 -0.016571 
-0.004588 -0.014564 -0.000334 -0.015266 
-0.009778 0.009630 -0.011708 0.007161 
-0.016704 -0.004522 -0.014001 -0.010171 
-0.007934 -0.001948 -0.007750 -0.002585 
-0.006040 0.004778 -0.006368 0.004330 
-0.008696 0.009032 -0.010252 0.007217 
-0.017655 -0.010569 -0.010169 -0.017888 
-0.015600 0.004037 -0.016082 -0.001003 
-0.001689 0.013238 -0.004492 0.012567 
-0.000195 0.003399 -0.000243 0.003396 
-0.012808 -0.011750 -0.007737 -0.015564 
-0.009827 -0.008456 -0.007908 -0.010273 
0.004106 -0.012672 0.006722 -0.011500 
0.007479 -0.008073 0.008582 -0.006889 
-0.024106 -0.000080 -0.018290 -0.015703 
-0.010687 -0.000230 -0.010552 -0.001707 
-0.002041 -0.025123 0.016063 -0.019425 
-0.010559 -0.020730 0.004314 -0.022861 
-0.009584 0.000385 -0.009568 -0.000686 
0.008653 -0.000569 0.008669 0.000223 
-0.003968 0.002276 -0.004024 0.002175 
-0.008020 0.007551 -0.009042 0.006291 
0.000077 -0.014605 0.003818 -0.014098 
0.023976 -0.001906 0.019525 0.014045 
0.020392 -0.000363 0.018018 0.009556 
0.012473 0.001189 0.012021 0.003533 
0.015676 0.005189 0.013136 0.010005 
-0.003425 -0.016949 0.002822 -0.017059 
0.000071 -0.010265 0.001382 -0.010172 
-0.002681 0.006531 -0.003072 0.006357 
0.004768 0.003748 0.004596 0.003957 
-0.004169 0.009326 -0.005314 0.008724 
0.011680 0.005280 0.010400 0.007492 
-0.012352 -0.004433 -0.011162 -0.006903 
0.015211 0.001430 0.014203 0.005629 
0.004149 -0.005770 0.004495 -0.005504 
0.002095 -0.008247 0.002811 -0.008031 
-0.013060 -0.002660 -0.012187 -0.005396 
0.000702 0.015463 -0.003766 0.015013 
0.009774 -0.015651 0.015241 -0.010401 
-0.004810 -0.009720 -0.003377 -0.010306 
0.001543 0.005760 0.001293 0.005822 
-0.009026 -0.018929 0.001873 -0.020887 
-0.020303 -0.004797 -0.015109 -0.014385 
-0.010303 -0.012380 -0.005957 -0.014964 
-0.001079 -0.010039 0.000170 -0.010095 
0.005541 -0.001622 0.005602 -0.001396 
-0.011032 0.004813 -0.011704 0.002807 
0.007679 -0.009811 0.009382 -0.008197 
0.013162 -0.006704 0.014458 -0.003022 
-0.021568 0.001003 -0.018737 -0.010728 
-0.009054 0.005084 -0.009640 0.003858 
0.007608 0.006377 0.006792 0.007240 
0.017396 -0.007909 0.019106 0.000325 
-0.009637 -0.018637 0.001210 -0.020947 
-0.012873 -0.003527 -0.011815 -0.006209 
0.009523 -0.005066 0.010142 -0.003674 
0.006533 0.006810 0.005759 0.007476 
-0.003462 -0.000980 -0.003446 -0.001035 
0.009663 -0.008527 0.011175 -0.006417 
0.013408 0.003082 0.012352 0.006058 
-0.003237 -0.018162 0.004335 -0.017932 
-0.018212 0.005358 -0.018766 -0.002871 
-0.002938 0.010933 -0.004598 0.010345 
0.002878 -0.010558 0.004378 -0.010029 
-0.003283 0.013287 -0.006196 0.012204 
0.011507 -0.016997 0.018358 -0.009182 
-0.004494 -0.021868 0.008754 -0.020537 
-0.007032 -0.005039 -0.006545 -0.005656 
0.018163 -0.004717 0.018483 0.003246 
0.011160 -0.009292 0.013151 -0.006160 
0.019509 -0.009108 0.021358 0.002715 
-0.006964 -0.019767 0.004061 -0.020561 
-0.020103 0.011893 -0.023164 -0.002997 
0.008680 0.023333 -0.009624 0.022959 
0.014408 0.001433 0.013582 0.005017 
0.000269 0.015157 -0.003919 0.014644 
0.002104 0.004492 0.001969 0.004553 
-0.000660 0.013758 -0.003786 0.013243 
-0.001019 0.004537 -0.001138 0.004509 
-0.012713 -0.004798 -0.011327 -0.007506 
0.010471 0.002749 0.009975 0.004207 
-0.006035 -0.004820 -0.005670 -0.005244 
-0.002660 -0.002810 -0.002608 -0.002858 
-0.001965 -0.013139 0.000877 -0.013256 
0.013588 -0.010188 0.016260 -0.004903 
-0.018244 -0.004908 -0.014492 -0.012120 
0.002290 0.019425 -0.006662 0.018390 
0.009695 0.006860 0.008383 0.008414 
0.005651 -0.005315 0.006024 -0.004888 
0.009012 -0.015029 0.013870 -0.010710 
-0.010002 -0.012676 -0.005555 -0.015162 
-0.004752 -0.014141 -0.000801 -0.014897 
-0.006620 -0.007111 -0.005763 -0.007822 
-0.022357 0.006803 -0.021803 -0.008411 
-0.004342 0.019296 -0.012690 0.015170 
-0.008526 0.007868 -0.009693 0.006375 
-0.016222 -0.010738 -0.009771 -0.016822 
-0.008999 0.004796 -0.009532 0.003624 
0.001569 -0.015260 0.005810 -0.014198 
-0.008045 -0.002505 -0.007799 -0.003189 
-0.001682 0.007215 -0.002159 0.007087 
0.006477 0.005159 0.006025 0.005681 
0.015380 -0.003657 0.015770 0.001109 
-0.005830 -0.008427 -0.004711 -0.009100 
0.003775 -0.015644 0.008432 -0.013707 
-0.012151 0.012097 -0.015614 0.007085 
0.020530 0.004795 0.015143 0.014669 
0.007845 0.005229 0.007236 0.006044 
-0.002918 -0.003341 -0.002838 -0.003410 
-0.010308 -0.019716 0.002657 -0.022089 
-0.012666 0.007856 -0.014302 0.004194 
0.012360 -0.001438 0.012411 0.000899 
-0.007226 0.003793 -0.007509 0.003196 
-0.004675 -0.013118 -0.001483 -0.013847 
-0.007229 0.006916 -0.008015 0.005988 
-0.000258 -0.009557 0.000802 -0.009527 
-0.011695 0.002175 -0.011894 0.000142 
0.009900 0.004448 0.009164 0.005814 
0.009192 -0.015517 0.014458 -0.010781 
-0.016397 -0.008145 -0.011829 -0.013974 
-0.008417 0.008307 -0.009700 0.006764 
-0.017484 -0.009321 -0.011253 -0.016308 
-0.016080 0.010252 -0.018919 0.002391 
0.013603 0.012059 0.007808 0.016417 
-0.004579 -0.015336 0.000338 -0.016001 
-0.007001 0.013560 -0.010509 0.011066 
-0.005938 -0.005674 -0.005453 -0.006141 
-0.007009 -0.012163 -0.003925 -0.013478 
-0.003565 -0.005209 -0.003309 -0.005375 
0.007219 0.008840 0.005735 0.009868 
-0.024675 -0.000090 -0.018164 -0.016701 
-0.010400 -0.001099 -0.010163 -0.002467 
0.014272 0.001432 0.013474 0.004918 
0.010000 0.007444 0.008425 0.009189 
0.000202 -0.005007 0.000355 -0.004999 
-0.005281 0.005713 -0.005687 0.005310 
-0.011765 0.016559 -0.018276 0.008866 
0.011287 0.018842 -0.001020 0.021940 
0.014106 -0.008218 0.015988 -0.003303 
-0.024029 0.000704 -0.018799 -0.014982 
-0.017720 0.013099 -0.022012 0.001024 
0.003579 0.022461 -0.010313 0.020272 
0.019233 0.002556 0.016127 0.010787 
-0.000552 -0.016187 0.004549 -0.015545 
-0.003247 -0.003983 -0.003117 -0.004085 
-0.000883 -0.012480 0.001492 -0.012422 
0.011409 -0.005544 0.012269 -0.003222 
-0.011811 -0.000998 -0.011470 -0.002990 
0.000190 -0.011622 0.002087 -0.011435 
0.004998 -0.000121 0.004999 0.000031 
-0.003421 0.000966 -0.003436 0.000913 
0.004619 -0.019900 0.013702 -0.015153 
0.003645 -0.007920 0.004360 -0.007550 
0.006023 0.005338 0.005585 0.005795 
-0.023421 0.009728 -0.023477 -0.009592 
-0.001246 0.012456 -0.003581 0.011995 
-0.022016 0.004417 -0.020552 -0.009047 
-0.011870 0.012449 -0.015491 0.007477 
-0.004174 0.019012 -0.012186 0.015178 
0.015351 0.001161 0.014389 0.005473 
-0.002716 -0.007392 -0.002152 -0.007576 
-0.008029 0.017421 -0.014772 0.012237 
0.012227 -0.000021 0.012029 0.002188 
-0.012852 0.005750 -0.013852 0.002519 
0.013084 0.005463 0.011374 0.008465 
0.000902 0.010685 -0.000595 0.010706 
0.011997 -0.013734 0.016430 -0.007911 
-0.021949 0.008087 -0.022263 -0.007178 
0.003188 0.020700 -0.007772 0.019449 
0.010411 0.010093 0.007523 0.012396 
0.002158 0.003409 0.002091 0.003451 
0.001704 0.015695 -0.003054 0.015489 
0.001056 0.012919 -0.001585 0.012865 
-0.002841 -0.017463 0.003845 -0.017270 
-0.011370 -0.013520 -0.005558 -0.016768 
-0.011301 0.009875 -0.013549 0.006453 
-0.011338 0.013162 -0.015303 0.008222 
0.012443 0.003275 0.011538 0.005695 
-0.011367 -0.004208 -0.010439 -0.006160 
-0.001158 0.013367 -0.004031 0.012798 
-0.003325 -0.020855 0.007909 -0.019582 
-0.011546 -0.009556 -0.008542 -0.012315 
-0.008717 0.005327 -0.009321 0.004182 
0.015720 -0.005556 0.016673 -0.000032 
-0.019874 0.003568 -0.019180 -0.006308 
-0.006635 0.010165 -0.008339 0.008821 
0.008393 -0.000864 0.008436 -0.000136 
-0.013462 -0.007053 -0.010982 -0.010506 
0.000295 0.014845 -0.003645 0.014394 
-0.007298 0.007210 -0.008158 0.006220 
0.001986 -0.008183 0.002683 -0.007982 
-0.010855 -0.001595 -0.010507 -0.003160 
0.005369 0.008237 0.004366 0.008810 
-0.013068 -0.000454 -0.012693 -0.003139 
0.009419 -0.004599 0.009947 -0.003304 
-0.013515 0.006824 -0.014871 0.002845 
0.006681 0.010227 0.004727 0.011264 
-0.003928 0.003519 -0.004044 0.003385 
-0.019213 0.009343 -0.021253 -0.002174 
0.004856 0.016987 -0.001778 0.017577 
0.008864 -0.005413 0.009495 -0.004208 
-0.017931 0.004851 -0.018353 -0.002869 
-0.009851 0.010247 -0.012046 0.007546 
0.000893 0.007960 0.000270 0.008005 
0.011690 -0.012851 0.015520 -0.007805 
0.011595 -0.012840 0.015405 -0.007875 
0.004351 -0.017609 0.010861 -0.014527 
-0.015983 -0.000700 -0.015002 -0.005557 
-0.001839 0.003170 -0.001891 0.003139 
-0.007179 -0.010626 -0.004927 -0.011840 
0.010869 -0.009928 0.013078 -0.006757 
0.000159 -0.008291 0.000850 -0.008249 
-0.013857 0.002406 -0.014031 -0.000962 
-0.003789 0.003349 -0.003892 0.003230 
-0.009709 -0.004783 -0.008932 -0.006112 
-0.011219 0.015825 -0.017052 0.009247 
-0.000484 0.021155 -0.011365 0.017850 
0.002839 0.009581 0.001659 0.009854 
0.002982 -0.009297 0.004037 -0.008890 
-0.010095 -0.008075 -0.008259 -0.009945 
-0.003085 0.007013 -0.003577 0.006775 
0.008233 0.006224 0.007360 0.007235 
0.012647 -0.005275 0.013512 -0.002278 
-0.014740 -0.000226 -0.014170 -0.004065 
-0.016905 -0.008097 -0.012035 -0.014370 
-0.003554 0.011711 -0.005615 0.010875 
0.008608 -0.009724 0.010407 -0.007769 
0.016017 0.005102 0.013365 0.010197 
0.005130 0.013376 0.001670 0.014228 
0.009837 -0.000126 0.009784 0.001029 
-0.006036 -0.012344 -0.003071 -0.013393 
0.002366 0.010395 0.000912 0.010622 
-0.007523 -0.011825 -0.004515 -0.013268 
0.000656 -0.010757 0.002162 -0.010558 
-0.009943 0.003661 -0.010349 0.002274 
0.010107 -0.015673 0.015646 -0.010149 
-0.009814 -0.017863 0.000049 -0.020382 
-0.016100 -0.004295 -0.013771 -0.009383 
-0.003170 -0.001088 -0.003155 -0.001131 
0.011656 -0.011281 0.014611 -0.007045 
-0.001905 -0.007783 -0.001293 -0.007908 
-0.005373 0.013201 -0.008436 0.011488 
0.009278 -0.006836 0.010256 -0.005256 
-0.010614 0.001078 -0.010661 -0.000396 
-0.014030 -0.012740 -0.007330 -0.017476 
0.004943 0.018257 -0.003206 0.018641 
0.013787 -0.008506 0.015759 -0.003755 
-0.009706 -0.011124 -0.006456 -0.013277 
-0.006044 -0.018487 0.002786 -0.019249 
-0.008393 -0.004843 -0.007787 -0.005767 
0.018379 -0.007987 0.019978 0.001562 
0.005253 -0.019741 0.014178 -0.014706 
0.009518 -0.007869 0.010805 -0.005981 
0.002054 0.003678 0.001974 0.003721 
0.005970 0.008728 0.004733 0.009456 
-0.013645 0.000259 -0.013355 -0.002809 
0.022097 -0.008570 0.022552 0.007288 
0.003103 -0.015015 0.007209 -0.013532 
0.012181 0.006440 0.010386 0.009055 
-0.001243 0.007534 -0.001774 0.007427 
0.005325 0.002805 0.005197 0.003037 
0.003482 -0.003512 0.003585 -0.003407 
0.008132 0.003251 0.007794 0.003993 
0.012278 -0.013378 0.016523 -0.007530 
0.005700 -0.014567 0.009718 -0.012258 
-0.011041 0.006015 -0.011987 0.003797 
0.017937 -0.002173 0.017384 0.004926 
0.014384 -0.000867 0.014145 0.002751 
0.013842 0.002524 0.012842 0.005749 
0.001619 -0.015294 0.005888 -0.014208 
0.015295 -0.000080 0.014703 0.004213 
0.002584 -0.010475 0.004035 -0.010006 
-0.013271 -0.012267 -0.007499 -0.016443 
-0.008479 -0.006851 -0.007405 -0.007999 
0.017531 -0.002735 0.017285 0.004007 
0.017192 -0.006149 0.018224 0.001124 
0.006266 -0.016517 0.011935 -0.013024 
-0.016139 -0.008463 -0.011520 -0.014121 
-0.010790 0.011029 -0.013487 0.007493 
-0.004347 0.005115 -0.004620 0.004870 
-0.014450 -0.000488 -0.013864 -0.004104 
-0.009990 -0.000290 -0.009881 -0.001497 
0.002752 0.012451 0.000255 0.012749 
0.002394 -0.012363 0.004717 -0.011676 
-0.012270 -0.004095 -0.011190 -0.006488 
0.008560 0.002460 0.008284 0.003272 
0.011072 -0.008394 0.012720 -0.005590 
0.004027 0.003572 0.003899 0.003711 
0.001476 0.017459 -0.004988 0.016796 
-0.000404 0.010651 -0.001866 0.010494 
-0.003622 -0.004266 -0.003457 -0.004400 
-0.001056 -0.011412 0.000771 -0.011435 
0.017145 -0.009121 0.019411 -0.000595 
-0.006764 -0.007482 -0.005790 -0.008259 
0.022655 -0.009418 0.023151 0.008123 
-0.005605 -0.016157 0.000367 -0.017098 
-0.018052 0.004898 -0.018465 -0.002983 
-0.014436 0.003969 -0.014971 -0.000061 
-0.005009 0.004909 -0.005293 0.004601 
-0.010882 0.017744 -0.018325 0.009873 
0.002543 0.019857 -0.007045 0.018739 
0.005949 0.006193 0.005371 0.006700 
-0.005519 0.001358 -0.005568 0.001140 
0.016134 -0.002232 0.016010 0.002994 
0.011771 0.000681 0.011489 0.002650 
-0.000182 0.010448 -0.001563 0.010332 
-0.004346 -0.014700 -0.000030 -0.015329 
-0.012393 0.012763 -0.016277 0.007181 
-0.003754 0.015403 -0.008212 0.013561 
0.017616 -0.003744 0.017703 0.003307 
0.008172 -0.009956 0.010000 -0.008118 
0.011606 -0.000238 0.011489 0.001657 
-0.008895 0.007215 -0.009927 0.005712 
0.017257 -0.006652 0.018473 0.000881 
0.008342 -0.015782 0.013684 -0.011464 
-0.011552 -0.002682 -0.010927 -0.004607 
0.008212 0.006061 0.007381 0.007049 
-0.013470 -0.002297 -0.012608 -0.005269 
0.000957 0.024530 -0.015689 0.018882 
-0.000891 0.011236 -0.002608 0.010965 
-0.011360 0.000063 -0.011231 -0.001712 
0.016487 0.006536 0.012860 0.012213 
0.005130 0.011170 0.003004 0.011919 
-0.001628 -0.001796 -0.001615 -0.001807 
0.023268 -0.000033 0.018432 0.014201 
0.008531 -0.004790 0.009029 -0.003767 
-0.005446 0.017892 -0.012339 0.014055 
-0.000477 0.010195 -0.001760 0.010053 
0.017323 -0.002522 0.017053 0.003953 
0.013469 -0.002507 0.013687 0.000603 
0.003278 -0.010295 0.004700 -0.009728 
-0.012733 -0.004586 -0.011406 -0.007284 
0.013164 0.001538 0.012539 0.004291 
-0.022514 -0.000498 -0.018085 -0.013419 
-0.009167 0.003780 -0.009552 0.002660 
0.010076 -0.015218 0.015255 -0.010021 
-0.003584 -0.013542 -0.000284 -0.014006 
-0.009470 -0.001410 -0.009254 -0.002453 
-0.001284 0.011459 -0.003111 0.011103 
-0.006117 -0.004717 -0.005760 -0.005147 
-0.009807 -0.003833 -0.009204 -0.005115 
-0.008258 0.014524 -0.012620 0.010949 
0.013936 0.007727 0.010932 0.011594 
0.010028 -0.007510 0.011270 -0.005472 
0.005067 -0.000374 0.005076 -0.000215 
-0.014291 0.001356 -0.014182 -0.002227 
-0.020328 -0.004398 -0.015378 -0.014003 
-0.006751 0.018111 -0.014010 0.013316 
-0.014877 0.000339 -0.014432 -0.003629 
-0.005947 -0.004773 -0.005595 -0.005181 
-0.009645 -0.006207 -0.008534 -0.007663 
0.018246 -0.004795 0.018576 0.003293 
-0.001599 -0.012940 0.001089 -0.012993 
-0.002944 0.012307 -0.005268 0.011506 
-0.016685 -0.009891 -0.010606 -0.016239 
-0.016195 0.001707 -0.015902 -0.003509 
-0.012105 -0.000776 -0.011774 -0.002917 
0.011073 -0.017353 0.018183 -0.009651 
0.004205 -0.019582 0.012886 -0.015332 
-0.001839 -0.011071 -0.000129 -0.011222 
-0.001908 0.012432 -0.004248 0.011838 
-0.009397 -0.013412 -0.004609 -0.015715 
-0.004320 -0.015660 0.000836 -0.016224 
0.004209 -0.020138 0.013571 -0.015463 
0.011900 -0.010337 0.014435 -0.006331 
0.018584 -0.005350 0.019046 0.003351 
0.004107 -0.009084 0.005171 -0.008523 
-0.007897 0.009216 -0.009411 0.007663 
0.008249 0.001410 0.008100 0.002106 
-0.003179 -0.001891 -0.003147 -0.001944 
0.017321 0.002213 0.015345 0.008335 
-0.006904 0.012979 -0.010037 0.010742 
-0.004888 -0.000403 -0.004874 -0.000546 
0.013948 -0.002693 0.014185 0.000774 
0.000756 -0.004452 0.000866 -0.004432 
0.002032 0.010960 0.000361 0.011141 
0.003081 -0.006469 0.003479 -0.006264 
-0.009476 -0.004397 -0.008812 -0.005611 
-0.012299 0.011488 -0.015454 0.006665 
-0.017560 0.005588 -0.018327 -0.001924 
-0.005467 0.007564 -0.006235 0.006944 
-0.005827 -0.010855 -0.003738 -0.011740 
0.001735 0.016748 -0.004022 0.016350 
-0.000641 0.014010 -0.003939 0.013460 
-0.007719 0.007038 -0.008582 0.005956 
0.000929 -0.003955 0.001008 -0.003936 
0.011109 0.008145 0.008953 0.010468 
0.000457 -0.009122 0.001378 -0.009029 
-0.009112 0.007350 -0.010204 0.005738 
0.001040 -0.012933 0.003645 -0.012452 
0.016328 0.011720 0.008876 0.018032 
0.012212 -0.000038 0.012018 0.002164 
-0.003850 0.019618 -0.012563 0.015552 
-0.007260 0.008347 -0.008417 0.007179 
-0.023127 0.000591 -0.018764 -0.013532 
-0.008768 0.011712 -0.011486 0.009063 
0.015083 -0.000547 0.014658 0.003596 
0.000111 -0.009495 0.001148 -0.009426 
-0.018282 0.003575 -0.018144 -0.004221 
-0.012974 0.007560 -0.014536 0.003767 
0.008844 0.009585 0.006689 0.011196 
0.003772 0.004051 0.003619 0.004189 
-0.002912 0.004601 -0.003076 0.004494 
0.004928 -0.007287 0.005590 -0.006792 
0.003369 -0.004894 0.003576 -0.004745 
0.010705 -0.002593 0.010970 -0.000992 
-0.022488 0.006302 -0.021605 -0.008869 
-0.000733 0.010444 -0.002113 0.010254 
-0.005894 -0.007958 -0.004906 -0.008603 
-0.004615 0.016551 -0.010132 0.013877 
-0.018351 0.010339 -0.021056 -0.000548 
0.003559 0.012595 0.000880 0.013058 
0.006989 -0.011075 0.009129 -0.009389 
-0.005173 0.002530 -0.005270 0.002320 
0.008308 -0.007653 0.009391 -0.006278 
0.007679 0.022875 -0.009031 0.022376 
0.021660 -0.001714 0.019123 0.010314 
0.010649 -0.005753 0.011500 -0.003777 
-0.006535 -0.007530 -0.005580 -0.008263 
-0.015967 0.007745 -0.017704 0.001223 
0.011137 0.000851 0.010881 0.002524 
-0.008579 0.003268 -0.008868 0.002374 
0.005212 -0.013923 0.008719 -0.012041 
-0.013935 0.000614 -0.013692 -0.002667 
-0.016809 -0.011022 -0.009628 -0.017644 
-0.012834 -0.005777 -0.011087 -0.008670 
0.005212 -0.005455 0.005576 -0.005082 
0.007943 -0.007644 0.008981 -0.006392 
-0.004676 0.004684 -0.004919 0.004428 
-0.009330 0.008505 -0.010792 0.006550 
-0.015484 -0.010312 -0.009925 -0.015734 
-0.009955 0.002132 -0.010144 0.000864 
0.010502 -0.005978 0.011393 -0.004031 
0.005500 0.000894 0.005462 0.001101 
-0.010173 0.002110 -0.010361 0.000761 
0.022158 0.004946 0.015053 0.016995 
0.006523 0.010255 0.004588 0.011254 
0.001026 0.006336 0.000708 0.006380 
-0.010928 -0.015057 -0.003828 -0.018207 
-0.005930 0.017939 -0.012920 0.013785 
-0.002522 0.007139 -0.003012 0.006947 
0.004913 0.001098 0.004877 0.001249 
-0.008506 0.015388 -0.013558 0.011194 
0.008024 0.008785 0.006402 0.010029 
-0.009891 0.006573 -0.010867 0.004790 
-0.003548 -0.003736 -0.003426 -0.003849 
-0.001585 -0.014518 0.002188 -0.014439 
0.005036 -0.017140 0.011144 -0.013963 
-0.015807 -0.000933 -0.014799 -0.005631 
-0.001328 0.004291 -0.001433 0.004258 
0.003632 -0.004269 0.003792 -0.004127 
0.015250 -0.001876 0.015157 0.002516 
0.012000 0.004168 0.010958 0.006426 
-0.008153 -0.006046 -0.007334 -0.007016 
0.011767 -0.011970 0.015103 -0.007325 
-0.013979 -0.005624 -0.011919 -0.009219 
0.006190 -0.006259 0.006751 -0.005650 
0.000958 -0.017060 0.006825 -0.015665 
-0.002370 -0.003338 -0.002302 -0.003386 
-0.007165 -0.009218 -0.005547 -0.010273 
0.022436 -0.000570 0.018691 0.012423 
0.005693 -0.004530 0.005973 -0.004154 
-0.003953 0.013186 -0.006858 0.011936 
-0.010370 -0.011157 -0.006856 -0.013602 
-0.008934 -0.003658 -0.008464 -0.004644 
-0.011978 0.013349 -0.016160 0.007779 
-0.011460 0.008914 -0.013345 0.005720 
-0.005234 -0.005383 -0.004854 -0.005728 
-0.020441 -0.002732 -0.016422 -0.012474 
-0.008920 -0.006915 -0.007747 -0.008207 
-0.010085 -0.023500 0.009704 -0.023660 
-0.011126 0.008045 -0.012663 0.005309 
0.011355 0.000531 0.011132 0.002300 
-0.013471 -0.000529 -0.013028 -0.003467 
0.003360 0.021605 -0.009048 0.019905 
0.009162 0.011372 0.005942 0.013340 
0.008088 0.009765 0.006039 0.011149 
-0.002638 -0.014411 0.001167 -0.014604 
-0.003627 -0.014298 0.000235 -0.014749 
-0.003871 0.013357 -0.006875 0.012089 
0.010406 -0.000457 0.010376 0.000915 
-0.006192 0.006790 -0.006855 0.006120 
-0.003723 0.018106 -0.010710 0.015066 
0.004052 0.009511 0.002787 0.009956 
-0.002048 -0.021389 0.009645 -0.019200 
-0.011508 -0.002648 -0.010897 -0.004551 
0.016902 0.011032 0.009633 0.017736 
0.015288 0.000075 0.014655 0.004356 
0.005575 -0.004852 0.005885 -0.004471 
0.011933 -0.012113 0.015372 -0.007267 
0.003845 -0.008871 0.004825 -0.008378 
-0.007204 0.011512 -0.009582 0.009623 
0.014090 0.002651 0.012997 0.006052 
-0.000910 -0.022817 0.012776 -0.018927 
-0.000843 -0.023380 0.013765 -0.018917 
0.001566 -0.010770 0.003094 -0.010434 
0.024108 -0.002289 0.019738 0.014029 
0.021697 -0.010704 0.023424 0.006054 
-0.000519 -0.022489 0.012549 -0.018670 
-0.001396 -0.009341 -0.000378 -0.009437 
0.013406 0.000097 0.013067 0.002999 
0.012448 0.003944 0.011371 0.006420 
-0.012577 -0.001314 -0.012087 -0.003717 
0.018658 0.004016 0.015140 0.011620 
0.006883 -0.004552 0.007236 -0.003967 
-0.013788 -0.001304 -0.013114 -0.004453 
0.009077 -0.004755 0.009608 -0.003562 
-0.018761 0.003547 -0.018470 -0.004836 
0.005165 0.008123 0.004220 0.008652 
-0.012196 -0.001575 -0.011703 -0.003777 
0.002633 0.001726 0.002612 0.001757 
-0.004293 0.010384 -0.005829 0.009606 
0.008789 -0.006107 0.009552 -0.004828 
0.011211 0.003745 0.010417 0.005585 
-0.009634 -0.006945 -0.008309 -0.008486 
0.004052 -0.020515 0.013887 -0.015633 
0.002158 -0.015720 0.006792 -0.014341 
-0.006649 0.006517 -0.007297 0.005782 
0.003655 -0.019935 0.012752 -0.015753 
0.012490 -0.012054 0.015978 -0.006783 
0.010133 -0.015604 0.015621 -0.010107 
-0.005601 -0.017892 0.002313 -0.018605 
-0.015455 -0.007275 -0.011969 -0.012188 
-0.011020 0.009943 -0.013258 0.006674 
0.000646 0.004591 0.000525 0.004607 
-0.008787 -0.018584 0.001475 -0.020504 
-0.017138 0.000170 -0.016117 -0.005828 
-0.006479 0.007432 -0.007310 0.006617 
0.004460 0.017949 -0.003167 0.018222 
0.013147 0.000571 0.012738 0.003304 
0.015348 0.002772 0.013876 0.007122 
-0.015161 -0.011727 -0.008612 -0.017123 
-0.000936 0.014091 -0.004290 0.013455 
-0.012610 0.005351 -0.013493 0.002362 
0.011110 0.006675 0.009526 0.008789 
-0.001408 0.004356 -0.001518 0.004319 
0.001629 -0.008437 0.002378 -0.008257 
-0.011089 0.003719 -0.011552 0.001833 
0.024102 -0.001030 0.018992 0.014875 
0.010609 0.000747 0.010407 0.002193 
-0.013183 -0.000486 -0.012788 -0.003243 
-0.009247 0.003502 -0.009596 0.002382 
0.014781 -0.003044 0.015050 0.001110 
-0.010717 -0.007532 -0.008925 -0.009587 
0.002857 0.005399 0.002610 0.005523 
-0.007157 -0.011052 -0.004688 -0.012304 
0.023619 0.000071 0.018353 0.014868 
0.012943 -0.010560 0.015718 -0.005654 
-0.019635 -0.004165 -0.015370 -0.012908 
-0.000819 0.013027 -0.003479 0.012581 
-0.005679 -0.007419 -0.004862 -0.007979 
0.003008 0.015671 -0.001906 0.015843 
0.003970 -0.013520 0.007085 -0.012180 
-0.010005 0.002606 -0.010258 0.001288 
0.011465 -0.009965 0.013775 -0.006403 
0.005462 -0.006569 0.006022 -0.006059 
0.011440 -0.006211 0.012468 -0.003741 
0.006393 0.003316 0.006171 0.003712 
0.003213 -0.007497 0.003808 -0.007213 
-0.004979 -0.003035 -0.004849 -0.003238 
-0.014852 -0.014167 -0.006008 -0.019626 
0.002347 0.024983 -0.015611 0.019646 
0.008433 0.012168 0.004933 0.013959 
0.006819 -0.017092 0.013087 -0.012938 
0.015429 -0.010404 0.018332 -0.003194 
-0.009991 -0.012702 -0.005529 -0.015185 
-0.006102 0.019089 -0.014340 0.013999 
0.017424 0.004100 0.014564 0.010407 
0.001979 0.003275 0.001920 0.003310 
0.010605 0.012282 0.006204 0.014995 
0.001397 -0.014867 0.005325 -0.013951 
-0.003711 -0.003812 -0.003577 -0.003937 
-0.001696 -0.010394 -0.000284 -0.010528 
-0.000950 0.013757 -0.004075 0.013174 
0.001371 -0.015708 0.005982 -0.014589 
0.020683 0.004320 0.015483 0.014378 
0.007437 0.004905 0.006931 0.005599 
-0.009417 0.005406 -0.010093 0.004006 
0.010679 0.000291 0.010537 0.001764 
-0.005566 0.007191 -0.006259 0.006596 
0.002669 0.015073 -0.001672 0.015215 
0.002255 -0.000208 0.002256 -0.000194 
-0.005358 0.018450 -0.012829 0.014302 
-0.014796 0.004756 -0.015539 0.000272 
-0.006878 0.006842 -0.007614 0.006013 
0.000284 0.022386 -0.012574 0.018523 
-0.000369 0.013891 -0.003589 0.013424 
-0.001186 0.010642 -0.002653 0.010374 
0.016435 -0.008003 0.018259 -0.000861 
-0.009347 -0.018604 0.001272 -0.020781 
-0.017573 -0.004229 -0.014572 -0.010694 
-0.006811 -0.018105 0.001832 -0.019257 
-0.011359 -0.010444 -0.007908 -0.013251 
-0.008014 -0.003093 -0.007704 -0.003798 
-0.004561 0.013024 -0.007426 0.011631 
0.015962 0.000653 0.015001 0.005493 
-0.005450 0.017617 -0.012065 0.013946 
-0.008756 0.005135 -0.009329 0.004001 
0.013621 -0.003675 0.014105 -0.000306 
0.006028 -0.007217 0.006767 -0.006529 
-0.004609 -0.019416 0.004952 -0.019331 
-0.008978 -0.005807 -0.008088 -0.006994 
0.013768 -0.008032 0.015558 -0.003469 
-0.015156 -0.009867 -0.010156 -0.014963 
-0.010796 0.000629 -0.010777 -0.000906 
-0.000760 -0.013473 0.002215 -0.013311 
0.011257 -0.015028 0.016483 -0.008994 
-0.000972 -0.023664 0.014154 -0.018989 
-0.006922 -0.008008 -0.005771 -0.008873 
0.022139 -0.004296 0.020533 0.009325 
-0.000182 -0.012646 0.002264 -0.012443 
0.000929 0.012510 -0.001465 0.012459 
0.000485 -0.014450 0.004101 -0.013865 
0.012479 -0.004524 0.013155 -0.001769 
-0.012351 -0.003132 -0.011497 -0.005492 
0.004426 0.010074 0.002902 0.010614 
-0.000941 -0.002800 -0.000911 -0.002810 
0.015512 0.001730 0.014333 0.006180 
-0.001133 -0.005960 -0.000865 -0.006004 
0.003676 0.017680 -0.003432 0.017729 
-0.000811 0.014077 -0.004156 0.013474 
-0.006219 0.006848 -0.006896 0.006165 
0.000999 0.014283 -0.002553 0.014088 
0.008064 -0.005451 0.008637 -0.004488 
-0.004528 0.005242 -0.004825 0.004969 
-0.005391 0.006909 -0.006012 0.006377 
-0.000494 0.003925 -0.000568 0.003915 
-0.012624 -0.005301 -0.011101 -0.008015 
0.012766 0.001452 0.012220 0.003966 
-0.020963 0.002903 -0.019437 -0.008369 
-0.006340 0.016179 -0.011722 0.012827 
0.018907 0.004931 0.014702 0.012870 
0.005461 -0.012804 0.008297 -0.011177 
0.005223 0.000276 0.005211 0.000450 
-0.002968 -0.003386 -0.002883 -0.003458 
-0.007778 -0.013857 -0.003230 -0.015559 
-0.008098 0.015844 -0.013452 0.011647 
0.010885 0.009133 0.008341 0.011503 
-0.001357 0.016494 -0.006671 0.015146 
0.003958 0.001644 0.003920 0.001731 
-0.012919 0.005556 -0.013870 0.002322 
-0.004116 -0.004999 -0.003856 -0.005202 
0.004510 -0.006458 0.004984 -0.006100 
0.008872 -0.009876 0.010768 -0.007765 
-0.005989 -0.000670 -0.005954 -0.000934 
0.013874 0.000320 0.013422 0.003529 
0.005624 0.001248 0.005569 0.001474 
-0.011757 0.001768 -0.011886 -0.000268 
0.009320 0.003383 0.008850 0.004469 
0.010341 -0.010034 0.012518 -0.007135 
0.005354 -0.005998 0.005808 -0.005560 
-0.001667 -0.023317 0.013057 -0.019390 
-0.011937 -0.010270 -0.008351 -0.013350 
-0.006762 0.013025 -0.009902 0.010832 
-0.003757 -0.004659 -0.003551 -0.004818 
-0.000133 -0.012622 0.002298 -0.012412 
0.010816 -0.000197 0.010735 0.001338 
-0.004742 0.009587 -0.006024 0.008838 
0.011896 0.011672 0.007360 0.014953 
0.012208 0.011627 0.007551 0.015074 
0.012401 0.011725 0.007569 0.015297 
0.015060 0.003660 0.013370 0.007838 
-0.012666 -0.011745 -0.007677 -0.015474 
-0.000770 0.016205 -0.005825 0.015141 
0.002087 0.000247 0.002086 0.000258 
-0.008851 0.008506 -0.010252 0.006752 
-0.015446 -0.010717 -0.009581 -0.016175 
-0.017362 0.003424 -0.017392 -0.003269 
-0.014098 0.003181 -0.014445 -0.000460 
-0.001813 0.009188 -0.002780 0.008943 
0.011400 -0.000216 0.011292 0.001580 
-0.006060 -0.004197 -0.005770 -0.004588 
-0.005654 0.005304 -0.006026 0.004878 
-0.004111 0.003909 -0.004260 0.003746 
-0.009225 -0.002643 -0.008872 -0.003657 
0.003645 0.012089 0.001250 0.012564 
-0.004816 -0.017000 0.001822 -0.017575 
-0.006254 -0.007883 -0.005240 -0.008591 
0.002572 0.003561 0.002488 0.003620 
-0.004264 0.006619 -0.004750 0.006279 
0.009195 0.002457 0.008870 0.003452 
-0.005277 -0.013303 -0.001838 -0.014193 
-0.008664 0.005845 -0.009362 0.004647 
0.005341 -0.007077 0.005992 -0.006535 
0.011095 -0.007706 0.012518 -0.005077 
0.005679 0.004912 0.005330 0.005289 
0.012018 0.003687 0.011094 0.005913 
-0.002696 -0.022860 0.011565 -0.019902 
-0.016595 -0.007480 -0.012338 -0.013384 
-0.011368 0.016992 -0.018197 0.009319 
0.002146 0.020778 -0.008656 0.019010 
0.009386 0.011204 0.006196 0.013238 
0.005642 0.005086 0.005271 0.005468 
0.005223 0.001640 0.005160 0.001829 
-0.005773 -0.001321 -0.005712 -0.001565 
0.010844 -0.014971 0.015962 -0.009325 
-0.005537 -0.018306 0.002872 -0.018909 
-0.016038 -0.006971 -0.012412 -0.012319 
-0.010984 0.007395 -0.012300 0.004905 
-0.008177 0.000852 -0.008219 0.000178 
0.010936 0.009747 0.008054 0.012237 
0.009154 -0.006144 0.009958 -0.004730 
-0.015966 0.006117 -0.017097 0.000182 
0.023497 0.000348 0.018186 0.014883 
0.014193 -0.008941 0.016369 -0.003664 
-0.000439 -0.014097 0.002948 -0.013793 
0.004382 -0.014758 0.008393 -0.012905 
-0.014599 0.000115 -0.014141 -0.003627 
-0.016199 -0.008839 -0.011278 -0.014606 
-0.012089 0.012381 -0.015703 0.007269 
0.013021 0.005103 0.011454 0.008026 
-0.010675 0.009947 -0.012864 0.006885 
-0.002915 0.003914 -0.003027 0.003828 
0.003460 -0.009043 0.004466 -0.008591 
-0.011973 -0.003692 -0.011056 -0.005895 
-0.003888 0.011853 -0.006047 0.010911 
0.004909 -0.005913 0.005320 -0.005545 
0.003748 -0.015280 0.008106 -0.013484 
-0.011788 0.015325 -0.017316 0.008599 
0.013736 -0.006054 0.014862 -0.002114 
-0.020145 -0.003858 -0.015682 -0.013220 
-0.006315 -0.008872 -0.004976 -0.009687 
0.011194 -0.010698 0.013794 -0.007032 
0.000282 -0.004250 0.000375 -0.004243 
0.008778 0.006137 0.007840 0.007297 
-0.009055 0.007616 -0.010213 0.005973 
0.007630 -0.005718 0.008214 -0.004842 
0.001355 0.023842 -0.014187 0.019209 
-0.004143 0.011164 -0.005995 0.010288 
-0.011040 0.001194 -0.011095 -0.000468 
0.005828 0.008933 0.004541 0.009651 
-0.013158 -0.004804 -0.011651 -0.007775 
0.012142 -0.013156 0.016228 -0.007561 
0.001886 -0.011370 0.003688 -0.010919 
-0.011364 0.017205 -0.018378 0.009347 
-0.003734 0.011593 -0.005752 0.010736 
-0.008962 -0.007500 -0.007600 -0.008877 
-0.014006 0.008972 -0.016181 0.003850 
0.017140 -0.004325 0.017523 0.002336 
-0.008944 -0.014431 -0.003449 -0.016624 
-0.014459 0.003789 -0.014946 -0.000227 
-0.000095 0.001839 -0.000103 0.001838 
-0.015746 0.004255 -0.016282 -0.000967 
0.012078 0.000208 0.011852 0.002336 
-0.011970 -0.001696 -0.011482 -0.003784 
0.010625 -0.018377 0.018638 -0.010160 
-0.007451 -0.016929 0.000020 -0.018496 
-0.006437 0.004927 -0.006810 0.004398 
0.003705 -0.017973 0.010549 -0.015015 
0.003605 -0.011161 0.005411 -0.010406 
-0.008889 -0.006162 -0.007927 -0.007359 
-0.002603 -0.023720 0.013130 -0.019926 
0.001248 -0.014015 0.004551 -0.013314 
0.010278 0.000062 0.010186 0.001377 
-0.014317 0.000040 -0.013885 -0.003490 
-0.006773 -0.009063 -0.005288 -0.010002 
0.009319 -0.006204 0.010152 -0.004719 
0.008967 -0.006601 0.009856 -0.005180 
-0.015058 0.007799 -0.016818 0.002173 
0.018499 -0.004915 0.018812 0.003531 
-0.013450 -0.010569 -0.008930 -0.014590 
-0.003587 0.019787 -0.012499 0.015753 
-0.009447 0.007234 -0.010546 0.005510 
-0.013683 -0.002325 -0.012770 -0.005435 
0.002893 0.022096 -0.010157 0.019835 
0.006559 0.007119 0.005708 0.007818 
-0.006458 0.018046 -0.013615 0.013490 
0.013340 -0.000016 0.013033 0.002846 
-0.024763 0.001366 -0.019091 -0.015830 
-0.009953 0.000605 -0.009954 -0.000599 
0.011339 -0.008121 0.012926 -0.005240 
-0.010644 -0.011635 -0.006700 -0.014275 
-0.004724 -0.006443 -0.004211 -0.006790 
-0.017932 -0.010505 -0.010255 -0.018076 
-0.012422 -0.006307 -0.010604 -0.009035 
0.003762 -0.007130 0.004313 -0.006811 
-0.001189 -0.004197 -0.001091 -0.004223 
0.009536 0.007530 0.008039 0.009111 
-0.005547 0.019606 -0.014333 0.014483 
-0.015209 0.008980 -0.017452 0.002714 
0.003607 0.013740 0.000164 0.014205 
0.004830 -0.001952 0.004891 -0.001792 
-0.018883 0.010702 -0.021670 -0.001232 
-0.000073 0.021847 -0.012033 0.018235 
0.003938 0.013351 0.000715 0.013901 
0.002268 0.003894 0.002171 0.003949 
0.005896 0.011559 0.003425 0.012515 
-0.002858 -0.009880 -0.001568 -0.010164 
0.012734 0.004668 0.011383 0.007375 
-0.005397 -0.008798 -0.004216 -0.009421 
0.009748 0.007275 0.008290 0.008900 
0.000334 0.022313 -0.012417 0.018541 
0.003077 0.016499 -0.002639 0.016575 
0.001173 0.011288 -0.000601 0.011332 
-0.006771 -0.008666 -0.005429 -0.009564 
0.001181 0.024208 -0.014955 0.019072 
-0.001634 0.012495 -0.003999 0.011950 
-0.022114 0.000183 -0.018425 -0.012230 
-0.013366 0.000276 -0.013111 -0.002610 
-0.010827 -0.000301 -0.010674 -0.001836 
0.005459 0.009070 0.004178 0.009727 
-0.017323 -0.011351 -0.009371 -0.018470 
-0.020680 -0.003527 -0.015995 -0.013574 
-0.018374 -0.010422 -0.010360 -0.018409 
-0.012849 0.003820 -0.013372 0.000946 
0.005360 0.011032 0.003266 0.011822 
-0.000888 0.004876 -0.001033 0.004847 
-0.007018 -0.008876 -0.005558 -0.009857 
0.009624 0.001594 0.009376 0.002694 
-0.005427 -0.018243 0.002863 -0.018816 
-0.009757 -0.005029 -0.008919 -0.006399 
0.006994 0.010858 0.004665 0.012044 
0.004117 0.010542 0.002433 0.011053 
-0.002422 -0.021850 0.010090 -0.019531 
-0.010274 -0.001115 -0.010044 -0.002435 
0.009332 0.011430 0.006019 0.013472 
0.003952 0.014811 -0.000380 0.015325 
0.009152 0.022024 -0.006987 0.022803 
0.021918 -0.000241 0.018421 0.011880 
0.014901 -0.008733 0.017030 -0.002882 
-0.003968 -0.014959 0.000491 -0.015468 
-0.006004 -0.005710 -0.005507 -0.006191 
-0.017115 -0.003904 -0.014501 -0.009894 
-0.013361 -0.001830 -0.012635 -0.004715 
-0.002794 0.011726 -0.004810 0.011053 
0.004036 -0.004166 0.004203 -0.003998 
0.014832 0.000949 0.014049 0.004848 
0.006267 0.005911 0.005709 0.006452 
0.010171 0.010944 0.006867 0.013269 
0.003727 0.001082 0.003707 0.001150 
-0.009772 0.013921 -0.013967 0.009705 
0.001341 0.011541 -0.000562 0.011605 
-0.018460 0.009348 -0.020665 -0.001066 
-0.006129 0.016373 -0.011653 0.013032 
-0.014512 0.000148 -0.014077 -0.003530 
-0.008634 0.001450 -0.008732 0.000640 
0.012538 0.002134 0.011880 0.004541 
-0.016972 -0.003621 -0.014553 -0.009454 
-0.008640 0.001935 -0.008785 0.001105 
0.012083 0.004100 0.011042 0.006395 
-0.011257 -0.003301 -0.010550 -0.005128 
0.012289 0.002736 0.011538 0.005038 
-0.012029 -0.003739 -0.011090 -0.005974 
0.007935 0.001253 0.007812 0.001871 
0.002655 -0.012795 0.005234 -0.011973 
-0.020874 -0.004807 -0.015170 -0.015123 
-0.006839 -0.009091 -0.005331 -0.010050 
0.006884 -0.007294 0.007722 -0.006400 
-0.000998 0.003691 -0.001064 0.003672 
-0.016584 -0.007999 -0.011994 -0.013970 
-0.010861 0.007323 -0.012141 0.004917 
-0.007118 -0.007351 -0.006128 -0.008195 
-0.023131 0.008745 -0.022950 -0.009210 
-0.002823 0.011115 -0.004556 0.010524 
-0.013039 -0.004379 -0.011698 -0.007235 
0.002492 0.010973 0.000780 0.011226 
0.000870 -0.004688 0.000999 -0.004662 
-0.000518 0.008740 -0.001328 0.008654 
0.008051 -0.008943 0.009492 -0.007396 
0.000619 0.012882 -0.001979 0.012744 
-0.011783 0.001220 -0.011819 -0.000797 
-0.004329 -0.010315 -0.002716 -0.010852 
0.016848 0.003281 0.014630 0.008977 
0.004572 0.001267 0.004536 0.001391 
-0.004990 -0.003142 -0.004853 -0.003350 
0.003678 -0.008930 0.004664 -0.008457 
-0.010499 -0.011377 -0.006791 -0.013912 
-0.007211 -0.008905 -0.005705 -0.009938 
0.014628 0.001473 0.013743 0.005220 
-0.000275 0.010934 -0.001856 0.010778 
-0.004334 -0.018699 0.004187 -0.018732 
-0.001167 -0.013505 0.001852 -0.013428 
-0.007501 -0.009825 -0.005558 -0.011040 
0.000695 0.023900 -0.014764 0.018807 
0.009307 0.020764 -0.004693 0.022265 
0.020497 0.003391 0.016044 0.013199 
0.018275 0.002665 0.015655 0.009798 
0.004487 -0.016786 0.010209 -0.014059 
0.003677 -0.003526 0.003787 -0.003408 
0.011441 -0.000308 0.011345 0.001509 
-0.004408 0.009069 -0.005492 0.008457 
0.008303 0.008346 0.006787 0.009619 
-0.010084 0.002359 -0.010306 0.001029 
0.013119 -0.012281 0.016818 -0.006331 
0.010422 -0.011310 0.013200 -0.007891 
0.005231 -0.008045 0.006096 -0.007410 
-0.007318 -0.013975 -0.002825 -0.015520 
-0.011931 0.010019 -0.014328 0.006119 
-0.013011 0.008792 -0.015026 0.004561 
0.015192 0.004141 0.013279 0.008463 
-0.009576 -0.019631 0.002742 -0.021669 
-0.012513 -0.004491 -0.011269 -0.007054 
0.010129 -0.011107 0.012761 -0.007945 
0.005650 -0.006863 0.006282 -0.006290 
-0.000127 -0.017355 0.006092 -0.016251 
-0.008968 0.002860 -0.009223 0.001880 
0.016927 0.005782 0.013472 0.011767 
0.006976 0.001878 0.006843 0.002317 
-0.000688 -0.003612 -0.000628 -0.003623 
0.017761 0.003367 0.015077 0.009974 
0.008834 -0.005477 0.009475 -0.004274 
-0.023293 0.008325 -0.022781 -0.009637 
-0.003413 0.019220 -0.011638 0.015672 
0.002174 0.010745 0.000587 0.010947 
-0.010719 -0.023436 0.009512 -0.023951 
-0.022438 0.010320 -0.023520 -0.007535 
0.007305 0.017063 -0.000261 0.018559 
0.015552 -0.001784 0.015391 0.002857 
0.020764 0.003741 0.015874 0.013898 
0.017642 0.010622 0.010117 0.017937 
0.012895 -0.008486 0.014781 -0.004451 
-0.017120 0.005515 -0.017927 -0.001464 
0.007271 0.007468 0.006225 0.008360 
-0.009244 -0.013238 -0.004661 -0.015458 
-0.009524 0.009741 -0.011461 0.007365 
-0.016480 0.000075 -0.015615 -0.005270 
0.000339 0.007129 -0.000103 0.007137 
0.005361 -0.010440 0.007025 -0.009401 
-0.007250 0.007792 -0.008251 0.006723 
-0.003691 -0.013830 -0.000169 -0.014313 
-0.011608 -0.000214 -0.011418 -0.002104 
0.012310 0.012645 0.006768 0.016298 
0.000022 -0.022043 0.012290 -0.018299 
-0.003568 -0.017435 0.003238 -0.017499 
-0.010846 -0.018231 0.000215 -0.021212 
-0.024333 0.001061 -0.018981 -0.015262 
-0.009629 -0.001402 -0.009404 -0.002498 
0.004633 0.004924 0.004353 0.005174 
0.007941 0.006776 0.006977 0.007765 
-0.008262 0.010589 -0.010367 0.008539 
-0.021104 -0.004262 -0.015568 -0.014872 
-0.010707 -0.006701 -0.009215 -0.008638 
0.000804 0.008360 0.000085 0.008398 
0.013565 -0.012123 0.017227 -0.005846 
0.007796 -0.016082 0.013302 -0.011935 
-0.007477 -0.007030 -0.006519 -0.007927 
0.008113 0.006244 0.007254 0.007224 
0.014905 -0.007905 0.016702 -0.002384 
-0.016597 -0.010615 -0.009962 -0.016996 
-0.016742 -0.004550 -0.014007 -0.010236 
-0.007976 0.000557 -0.007995 -0.000064 
0.008319 0.008853 0.006607 0.010195 
-0.006677 0.009334 -0.008078 0.008151 
-0.000264 -0.015725 0.004403 -0.015099 
0.006897 -0.006956 0.007659 -0.006107 
-0.006148 0.005565 -0.006591 0.005032 
-0.008456 0.017201 -0.015053 0.011865 
0.009169 0.007499 0.007764 0.008945 
-0.004801 0.018023 -0.011772 0.014467 
0.003624 0.008465 0.002735 0.008792 
0.000108 -0.017250 0.006203 -0.016096 
-0.009123 0.006206 -0.009938 0.004793 
0.013472 0.001708 0.012756 0.004659 
-0.018393 0.003328 -0.018131 -0.004543 
-0.014674 0.001587 -0.014578 -0.002307 
-0.003752 0.003411 -0.003857 0.003292 
-0.005522 -0.000696 -0.005492 -0.000903 
0.014139 0.000197 0.013677 0.003593 
0.011220 0.002225 0.010726 0.003974 
0.004002 -0.013093 0.006855 -0.011851 
-0.004807 0.003833 -0.004977 0.003608 
-0.011648 0.002465 -0.011898 0.000432 
0.006252 0.002583 0.006099 0.002926 
-0.000604 -0.005044 -0.000445 -0.005060 
0.018341 0.005172 0.014375 0.012509 
0.006114 0.005293 0.005675 0.005761 
0.009965 0.011111 0.006631 0.013371 
0.001850 0.010642 0.000328 0.010797 
-0.010687 -0.008220 -0.008626 -0.010362 
-0.004117 0.003752 -0.004256 0.003594 
-0.016536 0.006835 -0.017893 0.000052 
0.009338 0.018347 -0.000909 0.020566 
0.017856 0.003398 0.015109 0.010104 
0.012379 0.001976 0.011779 0.004290 
0.001816 -0.012239 0.004048 -0.011692 
-0.003859 0.010786 -0.005523 0.010036 
0.016780 0.010292 0.010285 0.016785 
0.007858 -0.005821 0.008480 -0.004871 
0.003452 0.013747 0.000026 0.014174 
0.005221 -0.016982 0.011196 -0.013794 
0.004588 -0.003984 0.004762 -0.003774 
0.006543 0.001644 0.006442 0.002003 
0.002962 -0.007477 0.003539 -0.007222 
-0.006476 -0.005896 -0.005899 -0.006473 
-0.014246 -0.004533 -0.012508 -0.008188 
0.004174 -0.011095 0.005999 -0.010225 
-0.010341 0.000207 -0.010280 -0.001135 
0.004898 -0.006213 0.005356 -0.005823 
0.008247 -0.010010 0.010107 -0.008127 
-0.005269 -0.002016 -0.005187 -0.002218 
0.010828 -0.006797 0.011956 -0.004527 
0.005988 -0.002296 0.006095 -0.001994 
-0.009157 0.006533 -0.010049 0.005054 
-0.000972 -0.011796 0.001040 -0.011790 
0.013359 0.009511 0.009599 0.013296 
-0.003944 -0.013931 -0.000307 -0.014475 
-0.003425 0.013412 -0.006427 0.012259 
0.009316 -0.004190 0.009771 -0.002978 
-0.012796 0.009403 -0.015036 0.005106 
-0.014695 0.000576 -0.014340 -0.003262 
-0.009584 -0.005504 -0.008665 -0.006861 
0.006567 0.011597 0.003931 0.012735 
-0.003805 0.009353 -0.004931 0.008811 
0.010918 0.005260 0.009811 0.007115 
-0.012499 -0.006200 -0.010698 -0.008956 
0.000187 0.010430 -0.001190 0.010363 
-0.008169 0.000622 -0.008193 -0.000046 
0.014331 0.010950 0.009010 0.015623 
0.016897 -0.001808 0.016489 0.004110 
0.009851 -0.001512 0.009962 -0.000314 
0.001618 0.015610 -0.003056 0.015393 
-0.004028 0.016096 -0.009090 0.013881 
-0.010896 0.015319 -0.016285 0.009392 
0.024141 -0.001031 0.018988 0.014944 
0.010007 -0.001921 0.010170 -0.000647 
-0.011942 -0.000494 -0.011677 -0.002548 
-0.001429 -0.011721 0.000568 -0.011794 
0.017200 -0.002335 0.016896 0.003977 
0.010200 -0.000009 0.010120 0.001277 
-0.003047 0.006929 -0.003522 0.006700 
0.009246 0.001970 0.008978 0.002960 
-0.003765 -0.015291 0.000943 -0.015719 
-0.008128 -0.021679 0.006680 -0.022168 
-0.015914 -0.005686 -0.013032 -0.010758 
-0.000238 -0.009614 0.000841 -0.009580 
0.003361 0.003902 0.003234 0.004008 
0.006936 0.014301 0.002290 0.015728 
0.005963 -0.013721 0.009430 -0.011615 
-0.013495 0.007513 -0.015080 0.003342 
0.012719 0.004778 0.011338 0.007488 
-0.002591 -0.010565 -0.001051 -0.010827 
0.000054 0.008619 -0.000724 0.008588 
0.007296 -0.014866 0.011757 -0.011662 
-0.009751 -0.007271 -0.008294 -0.008898 
-0.005193 0.007224 -0.005863 0.006692 
0.001058 0.014492 -0.002655 0.014286 
-0.009569 0.006469 -0.010487 0.004840 
-0.010571 -0.011449 -0.006785 -0.014028 
-0.006494 -0.006685 -0.005754 -0.007332 
-0.004214 -0.001112 -0.004188 -0.001209 
0.007315 -0.007360 0.008213 -0.006343 
0.009744 0.007971 0.008038 0.009688 
0.006591 0.018651 -0.002677 0.019599 
0.016396 -0.002594 0.016338 0.002938 
0.015942 0.005019 0.013361 0.010040 
0.004179 0.014039 0.000419 0.014642 
-0.000025 -0.000941 -0.000024 -0.000941 
0.008422 0.014909 0.002693 0.016910 
-0.005498 -0.012956 -0.002251 -0.013894 
0.000509 0.023426 -0.014095 0.018718 
0.005145 0.008829 0.003986 0.009409 
-0.002232 -0.003948 -0.002132 -0.004003 
0.010001 0.006820 0.008635 0.008484 
0.009162 0.022916 -0.008689 0.023100 
0.024330 -0.000811 0.018825 0.015434 
0.015179 -0.002647 0.015304 0.001780 
-0.000038 -0.013283 0.002789 -0.012987 
-0.011841 -0.001676 -0.011373 -0.003699 
0.008666 0.003774 0.008206 0.004690 
0.009499 -0.007467 0.010668 -0.005674 
0.008043 0.008084 0.006671 0.009248 
-0.010418 -0.003469 -0.009800 -0.004953 
-0.001725 0.014660 -0.005501 0.013698 
0.005202 -0.013203 0.008245 -0.011549 
0.010912 0.005535 0.009731 0.007417 
0.007287 -0.006429 0.007975 -0.005552 
-0.003442 -0.022591 0.010620 -0.020234 
-0.014661 -0.007568 -0.011408 -0.011920 
-0.008075 0.005783 -0.008709 0.004776 
0.003403 -0.003369 0.003495 -0.003273 
0.005545 -0.001460 0.005599 -0.001238 
-0.011655 0.006426 -0.012758 0.003788 
0.013161 -0.007903 0.014857 -0.003864 
-0.007758 -0.008743 -0.006206 -0.009905 
0.012313 -0.012377 0.015958 -0.007081 
0.006497 -0.008902 0.007736 -0.007850 
-0.000035 0.010175 -0.001311 0.010090 
-0.010386 -0.004300 -0.009606 -0.005838 
-0.009034 0.012473 -0.012206 0.009391 
-0.014008 -0.006912 -0.011377 -0.010703 
0.003132 -0.003103 0.003204 -0.003028 
0.006775 0.004961 0.006326 0.005522 
0.017422 -0.001437 0.016756 0.004983 
0.008965 -0.002046 0.009128 -0.001116 
-0.007951 0.009812 -0.009692 0.008097 
0.004811 0.001212 0.004772 0.001355 
-0.006090 0.000115 -0.006089 -0.000159 
0.012489 -0.000984 0.012449 0.001401 
0.002034 0.010745 0.000457 0.010926 
-0.017205 0.003398 -0.017258 -0.003118 
-0.016841 -0.003740 -0.014429 -0.009456 
-0.003953 -0.014608 0.000211 -0.015132 
0.003958 -0.015957 0.008894 -0.013828 
0.010341 -0.014487 0.015025 -0.009543 
-0.017854 0.005055 -0.018367 -0.002635 
0.012671 0.009707 0.009111 0.013106 
0.004390 -0.012417 0.006891 -0.011223 
0.010400 0.010245 0.007430 0.012566 
0.009835 0.003764 0.009241 0.005051 
0.007152 -0.018154 0.014502 -0.013054 
-0.013224 -0.006497 -0.011072 -0.009720 
0.004878 -0.006682 0.005417 -0.006254 
0.002754 -0.015564 0.007280 -0.014029 
-0.015618 0.006369 -0.016852 0.000700 
0.022938 0.000173 0.018304 0.013825 
0.015437 -0.008659 0.017549 -0.002304 
-0.002990 -0.007172 -0.002456 -0.007372 
0.006391 0.011016 0.004111 0.012054 
0.004912 0.010364 0.003199 0.011014 
0.000837 -0.023021 0.014506 -0.017896 
-0.009295 -0.011619 -0.005872 -0.013671 
-0.006172 0.007128 -0.006905 0.006421 
0.001841 -0.013071 0.004546 -0.012392 
-0.014741 0.002549 -0.014884 -0.001504 
0.015853 0.010011 0.010282 0.015679 
0.016403 -0.008453 0.018417 -0.001145 
-0.009984 -0.019914 0.003070 -0.022064 
-0.022842 0.000220 -0.018532 -0.013354 
-0.017228 -0.002569 -0.015144 -0.008605 
-0.007269 -0.006835 -0.006391 -0.007662 
-0.011830 -0.003118 -0.011071 -0.005207 
0.006984 0.002200 0.006826 0.002650 
0.001423 -0.005821 0.001675 -0.005753 
-0.002835 0.004804 -0.003014 0.004694 
-0.018492 0.003503 -0.018267 -0.004532 
-0.015274 0.006374 -0.016519 0.001034 
0.002112 0.017022 -0.003978 0.016685 
0.001969 0.010905 0.000326 0.011077 
0.000897 -0.006282 0.001203 -0.006230 
-0.000708 0.003848 -0.000779 0.003834 
-0.017202 0.001499 -0.016616 -0.004695 
0.002952 0.010764 0.001295 0.011087 
-0.000096 -0.011996 0.001993 -0.011830 
-0.008635 0.006029 -0.009367 0.004814 
0.004068 -0.012852 0.006784 -0.011649 
0.006583 0.005716 0.006027 0.006299 
-0.012741 -0.002850 -0.011883 -0.005409 
-0.002675 0.015662 -0.007280 0.014123 
0.006229 0.003493 0.006001 0.003872 
0.002747 -0.005045 0.002947 -0.004931 
0.005669 0.004115 0.005414 0.004445 
0.023095 0.001622 0.017384 0.015291 
0.014835 -0.004215 0.015421 0.000188 
-0.001639 -0.005082 -0.001462 -0.005136 
0.002852 0.018050 -0.004505 0.017710 
0.009522 0.011007 0.006406 0.013068 
0.013946 0.012149 0.007853 0.016745 
