-0.011047 -0.023936 0.015467 -0.021347 
0.008494 0.025688 -0.019343 0.018917 
-0.006072 -0.039682 0.029805 0.026894 
-0.012282 -0.021996 0.011144 -0.022594 
-0.024173 0.003275 -0.017471 -0.017025 
-0.015363 -0.003490 -0.012987 -0.008919 
0.018633 0.015210 0.000102 0.024053 
0.023135 0.000258 0.015662 0.017029 
-0.013477 -0.026004 0.021605 -0.019775 
0.009234 -0.034501 0.028748 0.021192 
0.032745 -0.012786 0.002081 0.035092 
0.022165 -0.021300 0.023998 0.019210 
0.017620 0.002000 0.014712 0.009902 
-0.009573 0.019979 -0.020609 0.008130 
0.023972 0.009262 0.004986 0.025211 
-0.016213 -0.009659 -0.008891 -0.016646 
0.025753 -0.003957 0.016552 0.020122 
0.034099 0.021173 -0.039799 0.005205 
0.025929 -0.011723 0.019625 0.020607 
0.025539 0.004922 0.008897 0.024440 
-0.016579 0.012990 -0.021060 -0.000245 
-0.014001 -0.016435 0.000108 -0.021590 
0.013924 -0.012516 0.018357 -0.003680 
0.024278 -0.015734 0.022110 0.018659 
-0.027919 0.010494 -0.016200 -0.025043 
0.015590 0.010338 0.008167 0.016829 
-0.012374 0.011134 -0.015851 0.005082 
-0.020454 0.032100 -0.013612 -0.035546 
0.009924 0.023783 -0.014913 0.021017 
0.001314 -0.024595 0.020430 -0.013757 
-0.016396 0.017670 -0.024057 -0.001517 
0.021729 -0.018207 0.024493 0.014274 
-0.030217 -0.013848 0.017179 -0.028455 
-0.019452 0.004388 -0.018486 -0.007477 
-0.008482 -0.026872 0.022156 -0.017411 
-0.004979 0.008051 -0.006028 0.007298 
-0.003239 -0.019120 0.007649 -0.017820 
-0.010177 0.009576 -0.012538 0.006170 
-0.004409 0.031599 -0.031677 -0.003807 
-0.025847 0.018972 -0.019066 -0.025778 
0.030023 -0.007053 0.010620 0.028954 
-0.040425 0.005633 0.030128 -0.027536 
-0.022149 0.008551 -0.020939 -0.011191 
0.027075 0.006747 0.003885 0.027631 
0.011838 -0.013133 0.016544 -0.006239 
0.023584 0.007111 0.008515 0.023114 
-0.003034 -0.026006 0.020971 -0.015676 
0.008792 -0.019880 0.019721 -0.009143 
-0.013954 -0.001262 -0.012962 -0.005320 
0.011378 0.011239 0.006252 0.014720 
0.021738 -0.016243 0.024059 0.012551 
-0.011565 0.032883 -0.028377 -0.020243 
0.020422 -0.004597 0.018880 0.009040 
-0.005532 -0.018915 0.005965 -0.018783 
-0.006501 0.027249 -0.027739 0.003916 
0.020253 -0.004830 0.018954 0.008619 
0.044247 0.009371 -0.044452 -0.008339 
-0.010187 -0.039738 0.030192 0.027772 
0.009729 -0.018976 0.019609 -0.008379 
0.017955 -0.008417 0.019574 0.003181 
-0.021883 -0.010473 -0.005465 -0.023637 
0.007481 -0.008196 0.008880 -0.006656 
0.026115 -0.004875 0.016693 0.020666 
0.013456 0.015635 0.001277 0.020589 
-0.009854 0.020737 -0.021767 0.007301 
0.017946 0.009402 0.009039 0.018132 
-0.003940 -0.041518 0.023022 0.034775 
0.004320 0.024418 -0.017124 0.017935 
0.012966 -0.014446 0.018734 -0.005083 
0.006867 0.005255 0.006225 0.006002 
-0.010758 0.030106 -0.030240 -0.010376 
0.034267 -0.013583 -0.004524 0.036582 
0.010043 -0.017051 0.017892 -0.008456 
0.006159 0.005891 0.005470 0.006536 
0.006327 0.026046 -0.020260 0.017550 
0.006536 -0.014488 0.011499 -0.010972 
-0.010300 0.016254 -0.017397 0.008222 
-0.001604 0.027312 -0.025497 0.009920 
-0.005402 0.013426 -0.009343 0.011052 
0.017723 0.002281 0.014598 0.010306 
-0.011612 -0.014926 -0.002188 -0.018784 
0.010842 0.007429 0.008534 0.009995 
0.019285 0.020054 -0.011196 0.025470 
0.015446 -0.000931 0.014761 0.004644 
-0.021555 0.006575 -0.020009 -0.010369 
0.015736 -0.014945 0.021683 -0.000903 
0.027364 0.009758 -0.001696 0.029003 
-0.007555 -0.044951 0.006399 0.045130 
-0.009558 -0.035632 0.035818 0.008839 
-0.020708 -0.007492 -0.010254 -0.019488 
-0.007577 0.020741 -0.019614 0.010142 
0.015176 0.021508 -0.011255 0.023796 
0.000545 0.013857 -0.003483 0.013423 
-0.009840 -0.023252 0.013656 -0.021237 
-0.013025 0.010881 -0.016415 0.004311 
0.007010 -0.008222 0.008355 -0.006852 
0.013095 0.005227 0.010938 0.008897 
0.006387 -0.009262 0.008045 -0.007865 
0.016225 0.005977 0.011938 0.012508 
0.011237 -0.006604 0.012553 -0.003506 
-0.005091 -0.027741 0.024196 -0.014492 
-0.026691 0.005158 -0.016128 -0.021883 
-0.012183 -0.008005 -0.009001 -0.011467 
0.015654 -0.005707 0.016616 0.001225 
-0.018345 0.022247 -0.026710 -0.010863 
0.006099 -0.019464 0.016447 -0.012064 
0.009064 0.029861 -0.028970 0.011602 
0.000832 0.024049 -0.018048 0.015915 
-0.026625 -0.001457 -0.011171 -0.024212 
-0.012942 -0.009321 -0.008457 -0.013522 
-0.021250 -0.005061 -0.012507 -0.017909 
0.011289 0.020738 -0.008126 0.022169 
-0.019381 -0.021548 0.015098 -0.024739 
-0.015326 -0.032859 0.036257 -0.000117 
-0.021607 0.024729 -0.023085 -0.023355 
0.031679 0.015126 -0.024015 0.025606 
0.021903 0.007773 0.009186 0.021349 
-0.007339 0.027848 -0.028765 0.001404 
0.021770 -0.002606 0.017925 0.012626 
0.008735 -0.019534 0.019246 -0.009351 
-0.017592 -0.011808 -0.006167 -0.020270 
-0.009672 0.011722 -0.013121 0.007668 
-0.009723 0.011841 -0.013254 0.007686 
-0.013069 0.020483 -0.024168 0.002497 
0.025743 0.019205 -0.019248 0.025710 
0.021087 0.005196 0.012444 0.017799 
-0.015539 -0.000684 -0.014248 -0.006239 
0.001012 -0.019802 0.012006 -0.015780 
-0.019253 0.009408 -0.020786 -0.005208 
0.014618 0.009639 0.008707 0.015192 
0.025623 -0.014888 0.020382 0.021512 
-0.004815 0.028407 -0.028541 0.003946 
0.010725 -0.019152 0.020796 -0.007026 
0.008467 -0.002265 0.008674 -0.001260 
-0.020596 0.006075 -0.019641 -0.008679 
-0.011589 -0.035021 0.036266 0.006749 
-0.032216 -0.019160 0.033532 -0.016751 
-0.025265 0.028964 -0.006593 -0.037865 
0.037666 0.005371 -0.026691 0.027113 
0.030774 0.017427 -0.026597 0.023310 
0.017446 -0.014008 0.022290 0.001935 
-0.019027 0.003284 -0.017803 -0.007472 
-0.002948 -0.026738 0.022538 -0.014685 
0.006219 -0.021506 0.019368 -0.011226 
-0.019582 0.021599 -0.026106 -0.012980 
-0.024971 0.006118 -0.018504 -0.017849 
-0.031987 -0.005541 0.006682 -0.031768 
0.020343 0.013082 0.002596 0.024047 
-0.009990 0.007708 -0.011550 0.005081 
-0.000249 -0.007480 0.000390 -0.007474 
-0.011090 0.011888 -0.014864 0.006587 
-0.008306 0.007484 -0.009573 0.005775 
-0.013399 0.020546 -0.024459 0.001854 
0.011038 0.000448 0.010764 0.002481 
-0.021374 0.022908 -0.024433 -0.019613 
-0.027280 0.001918 -0.013133 -0.023988 
-0.020592 -0.008982 -0.008544 -0.020778 
-0.007236 0.021494 -0.020302 0.010108 
-0.017657 -0.032542 0.037015 0.000805 
-0.030891 -0.000010 -0.003570 -0.030684 
-0.010977 0.007874 -0.012717 0.004557 
0.037593 -0.020305 -0.028074 0.032209 
-0.011618 -0.040841 0.026375 0.033277 
-0.035942 -0.017677 0.038916 -0.009479 
-0.035285 0.013246 0.008795 -0.036649 
-0.006448 0.024513 -0.023945 0.008313 
0.026133 0.009332 0.001497 0.027709 
0.001627 -0.019615 0.012274 -0.015387 
0.008717 0.011995 0.004286 0.014195 
0.008267 -0.008014 0.009708 -0.006192 
0.014600 -0.030807 0.027273 0.020455 
-0.019252 -0.003442 -0.014176 -0.013474 
0.033823 -0.023153 -0.015588 0.037909 
0.003058 -0.029634 0.029595 -0.003417 
-0.016456 -0.023289 0.016674 -0.023134 
0.011499 0.023680 -0.014958 0.021662 
-0.044681 0.005452 0.044330 -0.007806 
-0.034592 0.024119 0.021367 -0.036357 
-0.005372 0.028635 -0.029013 0.002659 
-0.031072 0.005444 -0.007108 -0.030734 
-0.021559 0.041489 0.029044 -0.036641 
0.034148 -0.021108 -0.013098 0.037948 
0.001756 -0.026434 0.024030 -0.011154 
0.035852 -0.023990 -0.026999 0.033644 
-0.018336 -0.025223 0.023504 -0.020492 
-0.010120 0.013086 -0.014555 0.007863 
0.009439 -0.015867 0.016072 -0.009086 
0.038801 -0.008433 -0.023026 0.032348 
0.016404 -0.034500 0.017406 0.034006 
0.000154 -0.013742 0.004050 -0.013132 
-0.009858 0.016489 -0.017133 0.008689 
0.014170 0.018001 -0.003041 0.022706 
-0.008215 -0.014471 -0.001566 -0.016566 
-0.005569 0.004425 -0.005894 0.003983 
-0.006292 -0.002841 -0.006069 -0.003290 
-0.018288 -0.037317 0.034152 0.023679 
-0.020014 0.010224 -0.021486 -0.006592 
0.015107 0.010055 0.008404 0.016084 
-0.017167 0.032093 -0.021473 -0.029387 
0.020351 0.029044 -0.034229 0.009279 
0.009759 -0.023267 0.024712 -0.005092 
0.007936 0.021950 -0.010851 0.020664 
0.015668 -0.029670 0.027086 0.019803 
-0.003060 -0.017737 0.005713 -0.017068 
0.009232 0.000906 0.009034 0.002106 
-0.020820 -0.000461 -0.016150 -0.013147 
0.013221 -0.012883 0.017873 -0.004620 
-0.016158 0.014408 -0.021647 0.000297 
0.009857 0.014350 0.002426 0.017239 
-0.011534 0.013678 -0.016600 0.006674 
-0.006290 0.019348 -0.016493 0.011912 
0.021326 -0.020628 0.024927 0.016092 
-0.014895 0.020693 -0.025472 -0.001124 
-0.008873 -0.007662 -0.007085 -0.009340 
-0.009279 -0.031518 0.032124 -0.006896 
-0.012101 -0.020687 0.008135 -0.022543 
0.016977 0.026405 -0.025179 0.018747 
0.017179 -0.011979 0.020906 0.001250 
-0.017497 -0.011873 -0.006107 -0.020244 
-0.032573 0.026975 0.018937 -0.037816 
0.022978 0.004809 0.011753 0.020322 
-0.012087 0.013114 -0.016806 0.005968 
-0.032998 -0.009888 0.017392 -0.029734 
-0.007077 0.015332 -0.012876 0.010926 
-0.018731 -0.008620 -0.009729 -0.018179 
-0.021983 0.004025 -0.018690 -0.012252 
-0.006195 -0.018903 0.005622 -0.019081 
-0.007462 0.007571 -0.008650 0.006180 
-0.020890 0.006079 -0.019699 -0.009236 
0.016464 0.002603 0.013939 0.009139 
-0.013418 -0.021637 0.010685 -0.023110 
0.003114 -0.009275 0.004430 -0.008724 
0.017055 0.020728 -0.010697 0.024619 
0.007556 -0.000602 0.007579 0.000062 
-0.016059 -0.011760 -0.006540 -0.018799 
-0.028488 0.000663 -0.009938 -0.026706 
-0.008391 -0.008819 -0.006202 -0.010474 
-0.037518 -0.014024 0.037783 -0.013292 
0.004084 0.030380 -0.029526 0.008235 
-0.018068 -0.013147 -0.004013 -0.021982 
-0.006502 -0.017989 0.004004 -0.018704 
-0.010411 0.035327 -0.026090 -0.025995 
0.018299 0.007566 0.010868 0.016553 
-0.003729 0.017182 -0.011123 0.013616 
0.006113 0.010594 0.003560 0.011701 
0.022595 0.004486 0.012351 0.019445 
-0.023621 0.009039 -0.020735 -0.014480 
0.001129 0.011597 -0.001278 0.011581 
-0.001896 -0.027399 0.024233 -0.012925 
-0.007919 -0.013438 -0.002510 -0.015394 
0.017095 0.030086 -0.033421 0.008968 
0.023166 -0.007594 0.020268 0.013549 
0.026127 -0.010070 0.018952 0.020612 
-0.031654 -0.016491 0.026853 -0.023514 
-0.030379 0.014650 -0.009517 -0.032357 
0.015070 0.030870 -0.033478 0.007699 
0.019472 0.021722 -0.015656 0.024615 
0.021951 0.036762 -0.033140 -0.027112 
0.025791 -0.006974 0.018148 0.019607 
0.002049 -0.003386 0.002130 -0.003336 
0.029237 -0.026368 -0.002297 0.039304 
-0.021703 -0.002829 -0.014282 -0.016585 
0.008944 -0.030097 0.030635 0.006878 
-0.022780 -0.019344 0.014189 -0.026302 
0.000679 -0.023029 0.017135 -0.015401 
0.016224 -0.001372 0.015457 0.005118 
-0.010552 0.015410 -0.016908 0.007932 
0.016491 0.025982 -0.023681 0.019652 
0.026726 -0.009523 0.017971 0.021955 
0.010776 -0.015471 0.017212 -0.007696 
-0.011906 -0.036937 0.035540 0.015589 
-0.047043 -0.009219 0.040739 0.025266 
0.016748 0.035005 -0.037310 -0.010668 
0.016205 -0.008957 0.018512 0.000327 
-0.013357 -0.003589 -0.011761 -0.007277 
0.010949 0.017705 -0.002219 0.020699 
0.000113 0.010621 -0.001706 0.010483 
0.010370 -0.004370 0.011016 -0.002300 
-0.010185 -0.028113 0.025406 -0.015767 
-0.022521 0.011940 -0.022333 -0.012287 
-0.011105 0.021091 -0.023261 0.005203 
0.041719 0.009317 -0.042351 0.005807 
0.002917 -0.035764 0.031936 0.016361 
0.017961 -0.033562 0.016260 0.034418 
-0.004637 -0.024741 0.017714 -0.017884 
0.039618 -0.005253 -0.026717 0.029722 
0.011772 -0.016572 0.019275 -0.006456 
0.003263 0.030719 -0.030135 0.006797 
-0.008501 -0.027741 0.024193 -0.016017 
0.017510 0.011836 0.006154 0.020219 
-0.007681 0.027054 -0.028013 0.002485 
0.017738 0.006999 0.011397 0.015288 
0.008715 -0.013544 0.013260 -0.009142 
0.001756 -0.005472 0.002029 -0.005377 
0.029106 -0.017134 0.012020 0.031564 
-0.028112 -0.007710 -0.000225 -0.029150 
0.013481 0.028912 -0.028645 0.014040 
0.020097 0.005675 0.012316 0.016864 
-0.035913 0.010444 0.010285 -0.035959 
-0.017713 0.030821 -0.022725 -0.027337 
-0.000912 0.021398 -0.014471 0.015789 
-0.024633 -0.005501 -0.009360 -0.023440 
0.021358 0.021481 -0.017508 0.024719 
0.015779 -0.032807 0.022692 0.028466 
-0.014102 -0.034284 0.036739 0.004949 
-0.021710 -0.006604 -0.010690 -0.020017 
-0.011657 0.007622 -0.013372 0.003894 
-0.021851 0.029130 -0.016706 -0.032356 
0.009547 0.021529 -0.009777 0.021425 
0.017282 -0.024446 0.027446 0.011959 
0.005097 -0.023539 0.021437 -0.010978 
-0.008985 0.022896 -0.023674 0.006670 
0.007851 0.013799 0.002106 0.015735 
0.038342 -0.008439 -0.020929 0.033216 
0.004679 -0.019821 0.015489 -0.013224 
0.022673 0.024185 -0.026418 0.020026 
0.005034 -0.016456 0.011708 -0.012611 
0.026818 -0.008914 0.017641 0.022079 
-0.014469 -0.012478 -0.005695 -0.018238 
-0.003759 -0.006375 -0.003214 -0.006667 
0.037368 0.006400 -0.026930 0.026685 
0.005722 0.012252 0.002130 0.013353 
-0.009230 -0.000246 -0.009120 -0.001440 
0.014164 0.009589 0.008642 0.014761 
0.007926 0.007801 0.006324 0.009148 
0.041485 0.015422 -0.043373 -0.008814 
-0.011456 -0.024216 0.016259 -0.021292 
-0.025409 0.002855 -0.016198 -0.019783 
-0.030319 -0.015702 0.021583 -0.026457 
-0.022595 0.004504 -0.018852 -0.013244 
-0.002724 -0.017478 0.005605 -0.016778 
0.033384 -0.007316 0.000205 0.034175 
0.027478 -0.007899 0.016251 0.023523 
0.022777 0.000256 0.015834 0.016375 
0.003812 -0.005998 0.004262 -0.005687 
0.011306 0.018410 -0.003459 0.021326 
0.001450 0.020481 -0.011114 0.017264 
0.011483 -0.022070 0.024608 -0.003657 
0.022845 0.004423 0.012244 0.019788 
0.001095 0.027687 -0.025071 0.011800 
-0.034146 0.005980 0.003038 -0.034532 
-0.000012 0.020668 -0.012537 0.016431 
0.008609 -0.033889 0.029960 0.018028 
-0.030396 -0.002092 -0.002645 -0.030353 
0.007716 0.028589 -0.026020 0.014136 
0.031991 0.026393 -0.040873 -0.007028 
-0.011046 -0.035479 0.036161 0.008555 
-0.037544 -0.008966 0.031056 -0.022923 
-0.008637 0.037391 -0.023816 -0.030092 
0.044376 0.005652 -0.044706 -0.001598 
-0.007018 -0.036216 0.035105 0.011333 
-0.019554 -0.017440 0.005309 -0.025658 
0.028220 0.020609 -0.027833 0.021129 
-0.003326 -0.014225 0.001395 -0.014542 
0.005412 0.003424 0.005188 0.003756 
-0.038622 -0.005137 0.029920 -0.024957 
-0.036895 -0.010661 0.031436 -0.022061 
-0.005940 0.040944 -0.015659 -0.038295 
0.024780 -0.006579 0.018889 0.017336 
-0.005261 0.036548 -0.029380 -0.022366 
0.003577 0.029116 -0.027229 0.010914 
0.032652 -0.023641 -0.011133 0.038744 
-0.011345 -0.018256 0.003174 -0.021258 
0.046515 -0.006572 -0.046818 -0.003857 
0.042237 -0.008173 -0.037516 0.021054 
0.023311 -0.021313 0.022450 0.022219 
-0.012975 0.008374 -0.015105 0.003213 
0.010132 0.001816 0.009708 0.003421 
-0.015535 0.010839 -0.018906 0.001177 
0.021376 -0.003078 0.018205 0.011618 
0.000439 -0.017165 0.007853 -0.015269 
-0.017772 -0.012977 -0.004413 -0.021558 
-0.021156 0.011754 -0.022423 -0.009108 
0.025861 -0.000242 0.013750 0.021904 
0.014984 0.011436 0.006943 0.017524 
0.019234 -0.018966 0.025520 0.008855 
-0.002961 0.025615 -0.023306 0.011032 
0.017317 -0.004197 0.017280 0.004343 
-0.022114 -0.019138 0.012627 -0.026379 
-0.011462 -0.018878 0.004342 -0.021654 
0.024071 0.004345 0.011299 0.021693 
-0.011809 -0.013102 -0.004523 -0.017049 
0.024645 0.021036 -0.021758 0.024009 
0.034271 0.019872 -0.038629 0.008788 
0.020018 -0.009575 0.021170 0.006653 
0.012755 0.030306 -0.031202 0.010374 
0.028249 0.003903 0.005492 0.027983 
0.012312 0.034431 -0.036285 -0.004528 
0.018620 0.011764 0.005828 0.021240 
-0.000731 0.020652 -0.013096 0.015985 
0.011690 0.003691 0.010546 0.006249 
0.005358 -0.007843 0.006383 -0.007035 
0.009267 0.003882 0.008562 0.005257 
-0.012429 0.000336 -0.012164 -0.002575 
0.013783 -0.020171 0.024385 -0.001501 
-0.019195 0.000240 -0.016373 -0.010022 
0.001329 -0.009945 0.002833 -0.009625 
0.014200 0.019593 -0.006349 0.023350 
-0.018868 0.016885 -0.024549 -0.006199 
0.000309 0.009973 -0.001202 0.009905 
0.002194 -0.008166 0.003070 -0.007879 
0.024536 -0.017538 0.021734 0.020910 
-0.027380 0.026826 -0.004062 -0.038115 
0.036104 0.002845 -0.017595 0.031655 
0.034234 0.019385 -0.037949 0.010376 
0.023613 -0.030360 0.008598 0.037488 
-0.022447 0.009752 -0.021439 -0.011804 
0.014355 0.029714 -0.030877 0.011647 
0.013090 0.018380 -0.003535 0.022286 
-0.003277 0.014933 -0.008280 0.012852 
0.017768 0.009322 0.009156 0.017855 
0.021637 -0.026085 0.021787 0.025959 
0.008451 -0.017929 0.017087 -0.010045 
0.013958 0.030886 -0.032890 0.008187 
0.016761 0.009052 0.009505 0.016508 
0.013002 0.034875 -0.036590 -0.006817 
0.036661 -0.007151 -0.013276 0.034913 
0.022497 -0.008830 0.021017 0.011932 
-0.001913 -0.008300 -0.000985 -0.008460 
-0.009178 0.007442 -0.010543 0.005335 
-0.002824 0.017865 -0.011025 0.014338 
-0.031309 0.013019 -0.007138 -0.033149 
0.027322 -0.007615 0.016393 0.023146 
0.022419 -0.023353 0.022744 0.023036 
0.019251 -0.003541 0.018012 0.007662 
0.019727 0.014204 0.001115 0.024284 
-0.019398 -0.026948 0.028912 -0.016327 
-0.012003 0.023768 -0.026620 0.000594 
0.004684 -0.036431 0.030027 0.021155 
0.005096 -0.016417 0.011736 -0.012560 
0.027562 0.021738 -0.029064 0.019685 
-0.010083 -0.017252 0.001593 -0.019919 
-0.006385 0.021459 -0.019458 0.011075 
0.007622 0.011004 0.004371 0.012652 
0.031370 0.004163 -0.002771 0.031523 
0.016898 0.038095 -0.032941 -0.025527 
0.020949 -0.019649 0.025148 0.013876 
-0.008256 0.000287 -0.008242 -0.000572 
0.005543 0.011695 0.002409 0.012716 
0.033014 0.020300 -0.037017 0.011476 
0.041762 -0.010833 -0.036605 0.022836 
0.024650 0.010355 0.002226 0.026644 
-0.019856 0.011059 -0.021847 -0.006266 
-0.007367 -0.009979 -0.004846 -0.011418 
0.012958 0.003731 0.011443 0.007135 
0.002727 -0.016308 0.009095 -0.013808 
-0.013824 -0.004508 -0.011684 -0.008654 
0.019915 0.001907 0.015229 0.012975 
-0.026891 -0.016197 0.014317 -0.027937 
-0.027149 0.000456 -0.012144 -0.024286 
-0.010679 -0.002753 -0.009988 -0.004674 
0.012021 0.012505 0.005242 0.016536 
0.028015 -0.011964 0.016176 0.025813 
-0.018753 -0.015814 0.001155 -0.024503 
0.008533 -0.022847 0.023251 -0.007361 
-0.023294 0.000242 -0.015946 -0.016982 
-0.010208 -0.000525 -0.009996 -0.002137 
0.025218 -0.006541 0.018504 0.018339 
0.008701 -0.012515 0.012501 -0.008721 
0.005693 -0.020533 0.017487 -0.012175 
-0.024307 0.016322 -0.022099 -0.019207 
0.009114 -0.027141 0.028631 0.000080 
0.002301 -0.011710 0.004769 -0.010940 
-0.007533 -0.006586 -0.006444 -0.007655 
0.001958 -0.008587 0.002958 -0.008296 
0.030105 0.012433 -0.013817 0.029495 
-0.007539 -0.035951 0.035308 0.010133 
-0.033111 0.001404 0.002024 -0.033079 
0.017978 -0.001367 0.016466 0.007346 
-0.019641 0.021996 -0.026105 -0.013716 
0.041078 0.002393 -0.036065 0.019811 
-0.006469 -0.036407 0.034888 0.012252 
-0.000626 -0.025654 0.021304 -0.014305 
0.011201 -0.020869 0.023098 -0.005238 
-0.008007 -0.012611 -0.003340 -0.014560 
-0.027044 0.008432 -0.017138 -0.022556 
0.031619 0.014406 -0.022307 0.026640 
0.031066 -0.020828 0.001080 0.037386 
-0.014200 -0.023831 0.016472 -0.022321 
0.003178 -0.016448 0.009715 -0.013647 
0.009308 0.011798 0.004780 0.014247 
0.009131 -0.017062 0.016903 -0.009422 
-0.007792 -0.030037 0.029079 -0.010834 
-0.022397 -0.010903 -0.004259 -0.024543 
0.038464 -0.008332 -0.021471 0.032983 
0.016055 -0.031955 0.023753 0.026734 
-0.003392 -0.018691 0.006879 -0.017707 
0.014820 0.012767 0.005337 0.018818 
-0.019255 -0.009069 -0.009067 -0.019256 
0.013142 -0.007579 0.014946 -0.002600 
-0.001840 0.022894 -0.017767 0.014556 
-0.010523 0.010435 -0.013367 0.006398 
-0.010538 0.023536 -0.025549 0.003499 
0.005249 -0.008082 0.006336 -0.007261 
-0.012979 0.038065 -0.013691 -0.037814 
0.037093 0.001719 -0.020272 0.031111 
0.024808 0.025851 -0.033289 0.013247 
0.032397 0.015817 -0.027433 0.023392 
0.031411 0.006314 -0.006127 0.031448 
0.012553 0.033807 -0.036005 -0.002023 
0.018133 0.021820 -0.014434 0.024426 
0.014799 0.021999 -0.012230 0.023524 
0.016364 -0.020981 0.026221 0.004525 
0.009205 -0.008408 0.010921 -0.006012 
0.012394 -0.018958 0.022153 -0.004716 
0.029071 0.019558 -0.027290 0.021975 
0.028771 -0.028676 -0.006507 0.040096 
-0.020604 -0.000177 -0.016331 -0.012564 
0.010517 -0.015794 0.017212 -0.007987 
0.027700 -0.013146 0.016824 0.025633 
-0.022599 -0.023376 0.024278 -0.021627 
-0.022627 0.004230 -0.018695 -0.013430 
-0.032666 -0.012008 0.020446 -0.028164 
0.005761 0.033274 -0.033768 0.000132 
0.001307 -0.019538 0.011871 -0.015573 
0.028312 0.001680 0.007982 0.027215 
-0.025948 -0.033902 0.036297 0.022477 
-0.043818 0.007591 0.042506 -0.013071 
-0.023614 0.013794 -0.022393 -0.015698 
0.003162 0.013442 -0.000824 0.013784 
-0.003678 0.008125 -0.004633 0.007621 
-0.006901 -0.043597 0.014238 0.041781 
-0.009433 -0.035188 0.035771 0.006897 
-0.012412 -0.006950 -0.009716 -0.010390 
0.008097 -0.003318 0.008429 -0.002353 
-0.011208 0.022819 -0.025212 0.003269 
-0.009699 -0.007439 -0.007769 -0.009436 
-0.016923 -0.010635 -0.007797 -0.018403 
0.031885 -0.009127 0.005701 0.032672 
0.010385 -0.020441 0.021909 -0.006761 
0.007862 0.016251 -0.000834 0.018033 
-0.006773 -0.022489 0.012244 -0.020043 
-0.016343 -0.005643 -0.012192 -0.012259 
0.000538 0.009018 -0.000586 0.009015 
-0.023106 -0.021467 0.020177 -0.024240 
-0.009422 -0.007733 -0.007445 -0.009652 
-0.042485 -0.003419 0.040819 -0.012265 
-0.009949 -0.016238 0.000059 -0.019043 
0.024815 0.002263 0.012669 0.021456 
0.010789 0.009815 0.007099 0.012741 
0.016133 0.010783 0.007692 0.017815 
0.032154 -0.010400 0.004806 0.033450 
0.013007 -0.017539 0.021375 -0.004462 
-0.003050 0.017429 -0.010715 0.014080 
-0.017947 -0.003625 -0.013881 -0.011939 
0.014453 0.014179 0.003426 0.019955 
-0.015134 -0.011044 -0.007387 -0.017218 
-0.022030 0.008041 -0.020709 -0.011005 
0.021256 0.002058 0.015004 0.015196 
-0.012505 -0.034544 0.036381 0.005102 
-0.017759 -0.015125 -0.000835 -0.023312 
0.021155 -0.022757 0.024738 0.018801 
-0.005555 -0.007230 -0.004597 -0.007874 
0.024272 0.001441 0.013933 0.019927 
-0.002738 -0.018150 0.006533 -0.017153 
-0.030005 0.009285 -0.011272 -0.029316 
-0.003938 0.019988 -0.014994 0.013791 
0.028866 -0.004352 0.011938 0.026640 
0.018205 0.021830 -0.014530 0.024430 
-0.002893 0.018672 -0.012143 0.014476 
-0.009076 -0.009264 -0.006430 -0.011263 
-0.000629 -0.026463 0.022888 -0.013299 
0.003916 -0.014333 0.008429 -0.012236 
-0.014474 0.000739 -0.013971 -0.003854 
0.024882 -0.001756 0.015930 0.019195 
0.004082 0.015843 -0.002539 0.016162 
0.038828 -0.013391 -0.025462 0.032227 
-0.005078 -0.021846 0.011501 -0.019255 
-0.012027 -0.007704 -0.009093 -0.011014 
-0.017141 -0.016060 0.000543 -0.023483 
0.012272 -0.020011 0.023092 -0.004219 
-0.016413 -0.011715 -0.006554 -0.019071 
-0.033493 0.012806 0.000866 -0.035848 
-0.020536 0.022464 -0.025425 -0.016731 
-0.017392 -0.001195 -0.015025 -0.008842 
0.008575 -0.010898 0.011358 -0.007956 
-0.013298 -0.008696 -0.009061 -0.013052 
0.024419 0.001687 0.013587 0.020359 
-0.015661 0.014475 -0.021296 0.001125 
0.020422 0.007369 0.010521 0.018992 
-0.008270 -0.012578 -0.003522 -0.014636 
0.018339 0.035603 -0.036909 -0.015543 
0.033186 -0.020261 -0.007180 0.038213 
-0.004058 -0.031794 0.031775 -0.004207 
0.017416 0.013352 0.003984 0.021581 
0.001517 0.016496 -0.005316 0.015690 
0.005360 -0.022999 0.020818 -0.011149 
-0.009970 0.024946 -0.026755 0.002426 
-0.005758 0.006411 -0.006445 0.005719 
-0.013337 0.000076 -0.012869 -0.003499 
0.016210 0.007513 0.010815 0.014222 
-0.015346 -0.027411 0.026333 -0.017130 
0.011282 0.033826 -0.035621 -0.001623 
0.019088 0.004578 0.013351 0.014389 
-0.022534 0.024765 -0.021424 -0.025731 
-0.017453 0.023830 -0.027304 -0.011268 
0.007911 -0.002678 0.008151 -0.001823 
-0.040677 0.014729 0.034803 -0.025696 
0.008012 0.040687 -0.027174 -0.031324 
0.022057 0.031600 -0.038402 -0.003221 
0.024592 -0.033020 -0.003397 0.041031 
-0.017234 0.002903 -0.016703 -0.005143 
0.021300 -0.034107 0.004747 0.039931 
-0.017809 -0.037417 0.034138 0.023490 
-0.017580 -0.000579 -0.015398 -0.008503 
0.007422 -0.031324 0.031256 0.007701 
-0.021132 -0.021117 0.016240 -0.025074 
-0.014110 -0.030605 0.032466 -0.009036 
-0.013446 -0.014782 -0.002579 -0.019815 
0.007474 -0.012318 0.010937 -0.009381 
0.003929 0.011465 0.001285 0.012051 
-0.006985 -0.033111 0.033821 -0.001118 
-0.012532 -0.033832 0.036016 0.002116 
-0.027301 -0.022743 0.030796 -0.017726 
-0.019942 -0.018682 0.008603 -0.025936 
-0.006579 -0.002733 -0.006348 -0.003233 
-0.009407 -0.029961 0.029259 -0.011405 
-0.005183 0.031472 -0.031569 -0.004556 
-0.035460 0.022144 0.021327 -0.035957 
0.008279 0.045376 -0.003631 -0.045982 
0.008384 0.036051 -0.035477 -0.010552 
0.030968 0.012304 -0.015981 0.029241 
0.024120 -0.010129 0.020894 0.015743 
-0.004649 -0.014671 0.000833 -0.015367 
0.005904 0.020922 -0.009366 0.019618 
-0.028821 0.012617 -0.014373 -0.027987 
-0.018522 -0.009891 -0.008335 -0.019272 
0.006449 -0.013750 0.010790 -0.010687 
-0.015704 0.000300 -0.014716 -0.005489 
0.030615 -0.026326 -0.008193 0.039538 
-0.032421 0.014928 -0.002146 -0.035629 
0.019135 0.019959 -0.010796 0.025455 
-0.002197 -0.010032 -0.000562 -0.010255 
-0.017689 0.008747 -0.019556 -0.002644 
0.019215 0.025235 -0.024502 0.020141 
0.003415 -0.025310 0.023082 -0.010932 
-0.004158 -0.001754 -0.004102 -0.001882 
0.042065 -0.007648 -0.036784 0.021793 
0.029257 0.006969 -0.001262 0.030049 
0.023802 0.023318 -0.026036 0.020795 
-0.002039 -0.023818 0.016909 -0.016898 
0.011384 0.002115 0.010718 0.004382 
-0.005390 0.000590 -0.005411 0.000348 
0.002415 -0.025949 0.023549 -0.011163 
-0.001792 0.031188 -0.031230 0.000801 
0.022921 -0.006851 0.019984 0.013150 
0.041468 -0.016316 -0.039338 0.020938 
-0.012007 -0.018312 0.003285 -0.021650 
-0.004538 0.022440 -0.019248 0.012397 
-0.000720 0.015996 -0.006760 0.014515 
0.000180 -0.010993 0.002191 -0.010774 
0.009055 0.025183 -0.018175 0.019643 
0.013665 -0.017704 0.022110 -0.003364 
0.028191 -0.034555 -0.024232 0.037437 
-0.020218 0.015382 -0.024005 -0.008315 
0.023239 0.006653 0.009440 0.022253 
0.026202 0.007060 0.004992 0.026674 
-0.005370 -0.027376 0.023366 -0.015242 
0.018174 0.011019 0.007031 0.020056 
-0.006001 0.030274 -0.030772 -0.002372 
0.026261 -0.017509 0.018855 0.025312 
-0.010066 -0.003417 -0.009331 -0.005092 
0.009065 0.011238 0.005100 0.013508 
0.032846 0.007499 -0.012622 0.031237 
0.028089 0.007001 0.001418 0.028914 
-0.011574 -0.036800 0.035634 0.014781 
-0.031948 -0.010640 0.015527 -0.029880 
-0.007992 0.015368 -0.013957 0.010259 
0.014275 -0.005308 0.015230 -0.000036 
-0.008998 -0.031514 0.032043 -0.006881 
-0.011338 0.017613 -0.019816 0.006788 
-0.020017 0.002393 -0.017686 -0.009675 
0.009676 0.027408 -0.023618 0.016942 
0.008657 -0.011435 0.011763 -0.008207 
-0.010578 0.025711 -0.027802 0.000060 
-0.006266 -0.010541 -0.003706 -0.011689 
0.005657 0.001348 0.005580 0.001638 
-0.009938 0.012174 -0.013718 0.007667 
0.006934 -0.013681 0.011295 -0.010377 
-0.008900 -0.017931 0.002995 -0.019793 
0.015973 0.037022 -0.035379 -0.019341 
0.039037 -0.006734 -0.023991 0.031522 
0.027169 -0.001143 0.012691 0.024049 
0.030368 0.018615 -0.028190 0.021772 
0.023344 -0.024214 0.020354 0.026777 
-0.018522 -0.007641 -0.010770 -0.016896 
0.011930 -0.010400 0.014945 -0.005206 
0.016844 -0.020091 0.025818 0.004558 
0.027313 -0.028891 -0.001010 0.039745 
-0.037512 -0.001911 0.022154 -0.030332 
-0.034096 -0.018472 0.036392 -0.013394 
-0.029031 -0.005693 -0.001271 -0.029557 
-0.005764 -0.023521 0.014727 -0.019224 
-0.019454 -0.028162 0.031667 -0.012991 
0.002912 0.022133 -0.013131 0.018053 
-0.042327 0.007092 0.037669 -0.020566 
-0.019150 -0.011074 -0.006548 -0.021130 
0.011598 -0.006342 0.012858 -0.003066 
-0.002135 0.024266 -0.020397 0.013318 
-0.001050 0.009007 -0.002168 0.008805 
-0.003995 -0.018280 0.005860 -0.017770 
0.012078 0.024349 -0.016788 0.021376 
-0.005308 -0.025410 0.019002 -0.017685 
0.009478 -0.018248 0.018541 -0.008891 
-0.018084 0.008658 -0.019773 -0.003319 
-0.010739 -0.007520 -0.008424 -0.010044 
-0.008212 -0.011190 -0.004621 -0.013088 
-0.031735 -0.019152 0.032454 -0.017906 
-0.041952 -0.002983 0.039148 -0.015370 
-0.019064 -0.023505 0.019838 -0.022856 
-0.001208 -0.024535 0.018786 -0.015827 
-0.002864 -0.020449 0.010096 -0.018013 
-0.007323 0.035003 -0.029815 -0.019747 
0.027327 -0.029541 -0.002958 0.040133 
-0.020854 0.007664 -0.020461 -0.008658 
0.027396 0.009214 -0.000787 0.028893 
0.006365 -0.016035 0.012749 -0.011623 
0.006292 0.033280 -0.033868 0.000303 
0.007028 0.027849 -0.024328 0.015267 
0.003623 0.025332 -0.019329 0.016770 
0.004090 0.007379 0.003266 0.007779 
0.004760 0.031710 -0.031694 0.004866 
0.017674 0.041109 -0.021264 -0.039372 
0.025530 -0.017062 0.020306 0.023034 
-0.028949 0.007105 -0.013152 -0.026750 
-0.007899 0.010639 -0.010431 0.008171 
0.009072 -0.016011 0.015793 -0.009446 
-0.012628 -0.027960 0.025990 -0.016301 
0.013175 -0.019436 0.023268 -0.003151 
0.016375 0.007993 0.010446 0.014931 
0.026474 -0.001760 0.014183 0.022424 
0.014516 0.004793 0.011933 0.009555 
0.000345 -0.023809 0.018335 -0.015193 
-0.003350 0.035915 -0.031556 -0.017474 
0.005161 -0.016018 0.011390 -0.012389 
-0.008664 0.022575 -0.023006 0.007446 
0.037297 0.012087 -0.034688 0.018273 
0.003741 -0.029321 0.029374 -0.003301 
0.029670 -0.020488 0.006923 0.035386 
-0.023956 -0.032258 0.038915 0.010003 
-0.029954 -0.004220 -0.001086 -0.030230 
-0.010895 -0.000562 -0.010615 -0.002518 
0.008778 -0.001921 0.008947 -0.000829 
-0.011171 0.021365 -0.023615 0.004858 
0.006641 -0.015108 0.012170 -0.011146 
-0.009329 0.009919 -0.011725 0.006924 
-0.008810 0.021068 -0.021208 0.008466 
-0.042056 -0.009588 0.042993 -0.003491 
0.017454 0.031319 -0.035598 0.004275 
0.011940 -0.002998 0.012309 -0.000185 
-0.018482 0.000010 -0.016037 -0.009186 
0.006043 0.021175 -0.009799 0.019720 
-0.028196 0.001624 -0.011318 -0.025876 
-0.026015 -0.020267 0.022453 -0.024154 
-0.028699 -0.006276 -0.001173 -0.029353 
0.015690 0.016315 -0.000343 0.022632 
-0.022922 -0.002208 -0.014235 -0.018102 
0.022355 0.005275 0.011707 0.019762 
-0.001356 0.030098 -0.029826 0.004263 
-0.027514 -0.008092 -0.000887 -0.028665 
-0.006283 0.003335 -0.006521 0.002841 
0.017201 -0.030201 0.024503 0.024648 
0.006977 -0.030799 0.031112 0.005414 
0.001067 -0.019540 0.011660 -0.015716 
-0.018650 0.006902 -0.019276 -0.004889 
0.018299 -0.013818 0.022656 0.003534 
0.014353 -0.000866 0.013915 0.003626 
-0.028986 0.004326 -0.011671 -0.026883 
-0.015294 -0.012519 -0.005639 -0.018943 
0.017817 0.018651 -0.006424 0.024981 
0.007067 0.005717 0.006293 0.006559 
-0.001997 0.011250 -0.004181 0.010633 
-0.016340 -0.013057 -0.004762 -0.020367 
0.018293 -0.002578 0.017154 0.006857 
-0.029242 -0.017888 0.023852 -0.024621 
-0.022329 -0.008778 -0.007518 -0.022784 
0.011631 -0.012108 0.015618 -0.006162 
0.020629 -0.025257 0.024185 0.021876 
0.000220 -0.031906 0.031905 -0.000380 
-0.002140 0.013282 -0.005677 0.012196 
-0.008497 -0.002502 -0.008138 -0.003498 
0.029601 -0.003111 0.009503 0.028207 
0.007005 -0.032553 0.031486 0.010834 
-0.028123 0.017256 -0.014694 -0.029542 
0.028719 0.007216 -0.000359 0.029610 
0.010783 0.013067 0.004231 0.016405 
-0.032000 -0.014456 0.023495 -0.026094 
-0.024478 0.040271 0.033487 -0.033160 
0.038097 -0.021301 -0.032021 0.029661 
-0.018513 -0.024319 0.021350 -0.021870 
-0.005567 0.022139 -0.019697 0.011541 
-0.000026 -0.019103 0.010065 -0.016236 
0.034784 0.019818 -0.039383 0.007188 
0.045937 -0.006899 -0.046452 0.000060 
0.036133 -0.020603 -0.021682 0.035496 
-0.011445 -0.023454 0.014396 -0.021768 
-0.004093 0.003706 -0.004261 0.003512 
0.009801 -0.019952 0.020797 -0.007850 
0.020750 0.008377 0.009201 0.020398 
0.003995 -0.028248 0.028018 -0.005375 
-0.011000 0.033025 -0.028771 -0.019592 
0.021179 0.005219 0.012386 0.017956 
-0.009794 0.014703 -0.015441 0.008584 
0.013860 0.001900 0.012689 0.005890 
0.000114 -0.014100 0.004317 -0.013423 
-0.000441 0.024029 -0.018809 0.014961 
-0.011365 -0.002646 -0.010576 -0.004932 
0.020686 -0.010925 0.021989 0.007985 
0.007533 0.002383 0.007273 0.003088 
-0.012595 -0.009206 -0.008400 -0.013146 
-0.014083 -0.005939 -0.011129 -0.010476 
-0.013712 0.017846 -0.022274 0.003219 
0.033623 0.017718 -0.034144 0.016691 
0.015778 -0.030948 0.025647 0.023431 
0.008973 -0.019106 0.018984 -0.009229 
0.005315 0.006202 0.004658 0.006709 
0.010213 0.027685 -0.024407 0.016584 
0.005825 0.040781 -0.026427 -0.031602 
-0.003729 0.015813 -0.009624 0.013090 
-0.007684 -0.021023 0.008990 -0.020498 
-0.009437 0.004474 -0.010048 0.002850 
0.029159 -0.005617 0.012023 0.027152 
0.026174 -0.023172 0.014653 0.031738 
-0.028233 -0.020027 0.026519 -0.022247 
-0.023961 -0.006800 -0.008507 -0.023410 
-0.004250 -0.026494 0.021645 -0.015858 
0.043680 -0.007198 -0.042057 0.013817 
0.030441 0.014287 -0.018759 0.027908 
-0.002629 0.012824 -0.005852 0.011710 
-0.010073 0.002687 -0.010378 0.000989 
0.005036 0.015157 -0.001087 0.015934 
0.038226 -0.008375 -0.020389 0.033402 
-0.004569 -0.030386 0.029524 -0.008514 
-0.000876 0.037423 -0.031131 -0.020788 
0.017482 0.023739 -0.018772 0.022733 
0.019027 -0.005375 0.018764 0.006231 
0.011139 0.016990 -0.000993 0.020292 
-0.029429 -0.014249 0.015958 -0.028538 
-0.021080 0.005929 -0.019653 -0.009659 
-0.002312 -0.016670 0.004876 -0.016107 
0.008086 0.010518 0.005008 0.012286 
-0.005506 -0.008391 -0.004158 -0.009134 
-0.003980 -0.009920 -0.002201 -0.010460 
0.030604 0.013643 -0.017803 0.028387 
-0.021989 -0.014260 0.001351 -0.026173 
0.024328 -0.004032 0.017827 0.017039 
-0.019055 -0.022971 0.018427 -0.023478 
-0.016517 0.009007 -0.018798 -0.000758 
0.019140 0.006964 0.011322 0.016932 
0.009344 -0.016719 0.016791 -0.009215 
0.005384 0.009619 0.003520 0.010446 
-0.035154 0.001465 0.009546 -0.033865 
0.022286 -0.005294 0.019326 0.012295 
-0.031645 -0.012572 0.018516 -0.028577 
-0.023758 0.030395 -0.008016 -0.037737 
0.034873 -0.006534 -0.005758 0.035010 
0.020274 0.001140 0.015729 0.012842 
-0.001729 0.013727 -0.005605 0.012649 
-0.009672 -0.011318 -0.005373 -0.013884 
-0.033967 -0.003603 0.010533 -0.032493 
-0.009799 -0.005861 -0.008449 -0.007680 
-0.007841 -0.031581 0.031890 -0.006466 
-0.003787 -0.018858 0.006880 -0.017962 
0.017871 0.018807 -0.006825 0.025030 
0.014918 -0.005382 0.015848 0.000589 
-0.032275 0.012439 -0.003964 -0.034361 
-0.019517 0.021521 -0.026129 -0.012703 
-0.032702 0.019984 0.004578 -0.038050 
0.013518 0.034015 -0.036443 -0.003411 
0.020032 0.022480 -0.018324 0.023893 
0.004914 0.035155 -0.034708 -0.007439 
0.005684 0.033244 -0.033726 0.000205 
0.001494 0.024954 -0.019471 0.015679 
-0.008572 0.011487 -0.011693 0.008288 
-0.016195 0.018985 -0.024865 -0.002113 
-0.027283 -0.014821 0.011987 -0.028641 
-0.010382 0.019872 -0.021261 0.007118 
0.005934 -0.007558 0.006936 -0.006651 
-0.010913 0.034620 -0.026727 -0.024562 
-0.014634 0.006900 -0.016165 0.000672 
0.012266 0.003943 0.010888 0.006888 
0.003835 -0.022905 0.019392 -0.012780 
-0.025594 0.017027 -0.020207 -0.023166 
0.015336 -0.018276 0.023857 -0.000118 
-0.004037 0.039966 -0.022052 -0.033575 
-0.009163 0.014375 -0.014440 0.009060 
-0.002007 -0.026941 0.023274 -0.013717 
0.020189 -0.032334 0.013724 0.035563 
-0.025862 -0.034844 0.034250 0.026643 
-0.043543 0.008274 0.041862 -0.014560 
-0.024681 0.003736 -0.017397 -0.017901 
0.001341 0.002754 0.001301 0.002773 
-0.026401 0.003763 -0.015673 -0.021577 
-0.008269 0.024148 -0.024745 0.006258 
0.028250 0.022444 -0.031906 0.016845 
0.027474 -0.028642 -0.000964 0.039677 
-0.028963 0.015064 -0.013482 -0.029732 
-0.004567 0.028943 -0.029139 0.003084 
-0.019737 -0.002090 -0.015103 -0.012876 
-0.005290 -0.025786 0.019844 -0.017295 
-0.008535 -0.018912 0.004777 -0.020191 
-0.011906 0.019603 -0.022367 0.005074 
-0.028665 -0.007406 0.000541 -0.029602 
-0.015620 -0.001800 -0.013861 -0.007422 
-0.007754 0.011722 -0.010882 0.008894 
-0.010994 0.019585 -0.021520 0.006429 
-0.030858 -0.018354 0.028802 -0.021437 
-0.023780 0.011155 -0.021482 -0.015114 
0.002098 0.023335 -0.015920 0.017189 
0.002075 0.005163 0.001829 0.005255 
-0.028316 -0.021532 0.030094 -0.018968 
-0.021275 -0.011844 -0.003855 -0.024043 
0.009714 -0.016463 0.016950 -0.008839 
0.017380 -0.021399 0.026570 0.007350 
-0.039267 0.009959 0.025553 -0.031435 
-0.023861 0.006690 -0.019534 -0.015248 
-0.004089 -0.042356 0.019556 0.037793 
-0.018373 -0.033041 0.037615 0.003797 
-0.005490 0.004307 -0.005794 0.003888 
0.008710 0.000685 0.008572 0.001691 
-0.004779 0.002589 -0.004891 0.002371 
-0.014111 0.026793 -0.028821 -0.009292 
-0.006691 -0.027210 0.022887 -0.016166 
0.043091 -0.003906 -0.040210 0.015975 
0.041870 -0.007600 -0.036040 0.022627 
0.024463 -0.002213 0.016586 0.018117 
0.025428 0.005013 0.008939 0.024328 
-0.010337 -0.026020 0.020409 -0.019166 
0.004828 -0.011746 0.007541 -0.010218 
-0.003676 0.015072 -0.008838 0.012751 
0.007831 0.006231 0.006792 0.007349 
-0.009326 0.017060 -0.017116 0.009223 
0.028492 0.014393 -0.013894 0.028739 
-0.025784 -0.004443 -0.009134 -0.024517 
0.019091 0.001207 0.015558 0.011130 
0.009616 -0.013856 0.014548 -0.008533 
0.005858 -0.015915 0.012059 -0.011923 
-0.029407 -0.012950 0.013043 -0.029366 
0.005108 0.024507 -0.017062 0.018319 
0.013494 -0.029241 0.029101 0.013792 
-0.008367 -0.016969 0.001655 -0.018847 
0.007651 0.013875 0.001916 0.015728 
-0.016822 -0.035482 0.037058 0.012988 
-0.040054 -0.002501 0.032571 -0.023447 
-0.020423 -0.023305 0.020991 -0.022795 
-0.000838 -0.016169 0.005519 -0.015221 
0.011361 -0.008912 0.013577 -0.004915 
-0.016712 0.016624 -0.023524 -0.001515 
0.004058 -0.017037 0.011302 -0.013379 
0.026930 -0.010318 0.017883 0.022625 
-0.032755 0.003110 -0.000499 -0.032899 
-0.016646 0.012272 -0.020678 -0.000345 
0.014702 0.012085 0.006178 0.018000 
0.035163 -0.018894 -0.014256 0.037285 
-0.021294 -0.033505 0.038307 0.010421 
-0.022983 -0.006561 -0.009787 -0.021805 
0.017451 -0.011810 0.021001 0.001723 
0.011305 0.011110 0.006334 0.014530 
-0.008407 -0.002081 -0.008115 -0.003027 
0.017012 -0.015814 0.023164 0.001705 
0.027763 0.010492 -0.003946 0.029416 
-0.010836 -0.031250 0.032152 -0.007760 
-0.032328 0.014375 -0.002863 -0.035264 
-0.005692 0.024792 -0.023818 0.008930 
0.001434 -0.024905 0.021075 -0.013348 
-0.002191 0.025413 -0.022471 0.012070 
0.017649 -0.030509 0.023329 0.026421 
-0.011107 -0.035756 0.036134 0.009807 
-0.013442 -0.005566 -0.010983 -0.009541 
0.031394 -0.012296 0.007068 0.032967 
0.020141 -0.019921 0.025588 0.012156 
0.039791 -0.019400 -0.036339 0.025281 
-0.020733 -0.035350 0.036739 0.018157 
-0.035785 0.027926 0.035768 -0.027947 
0.021797 0.033944 -0.038043 -0.013418 
0.021949 -0.002899 0.018072 0.012790 
-0.000393 0.020109 -0.011950 0.016177 
0.005955 0.007744 0.004769 0.008526 
0.000588 0.024725 -0.019505 0.015205 
0.002708 0.010767 0.000649 0.011083 
-0.030994 -0.006302 0.004876 -0.031250 
0.011305 0.005134 0.009799 0.007625 
-0.012156 -0.010277 -0.007389 -0.014099 
-0.006543 -0.003056 -0.006280 -0.003566 
-0.006767 -0.021029 0.009261 -0.020056 
0.027503 -0.017851 0.015938 0.028655 
-0.039982 -0.007468 0.036886 -0.017140 
0.010970 0.030351 -0.030533 0.010454 
0.019011 0.008272 0.010033 0.018144 
0.009543 -0.006996 0.010808 -0.004816 
0.014932 -0.030364 0.027309 0.019979 
-0.021700 -0.020037 0.014279 -0.025854 
-0.011738 -0.027355 0.024133 -0.017426 
-0.007522 -0.018278 0.004027 -0.019351 
-0.041819 0.014589 0.039145 -0.020720 
0.001015 0.037735 -0.031687 -0.020515 
-0.018433 0.014113 -0.022888 -0.003886 
-0.030466 -0.014972 0.020343 -0.027175 
-0.013852 0.013718 -0.019102 0.003895 
-0.000639 -0.019516 0.010181 -0.016662 
-0.016726 -0.002761 -0.013975 -0.009596 
-0.004170 0.016032 -0.010323 0.012956 
0.005803 0.011452 0.002774 0.012535 
0.025596 -0.005088 0.017380 0.019467 
-0.015288 -0.009387 -0.009062 -0.015482 
0.006104 -0.028442 0.029020 -0.002018 
-0.022530 0.027112 -0.018542 -0.029981 
0.033849 0.003182 -0.009561 0.032627 
0.009283 0.009835 0.006217 0.012011 
-0.002032 -0.004509 -0.001862 -0.004582 
-0.018330 -0.037396 0.033954 0.024116 
-0.031230 0.021377 0.000471 -0.037843 
0.017591 0.000511 0.015434 0.008455 
-0.007725 0.013504 -0.012076 0.009809 
-0.003756 -0.015175 0.002026 -0.015501 
-0.008082 0.008809 -0.009795 0.006854 
-0.000404 -0.019961 0.011064 -0.016618 
-0.020811 0.009614 -0.021387 -0.008255 
0.018740 0.009911 0.008240 0.019532 
0.014375 -0.035002 0.020395 0.031872 
-0.031020 -0.011019 0.013497 -0.030025 
-0.011295 0.018251 -0.020412 0.006637 
-0.032421 -0.018042 0.031915 -0.018923 
-0.030525 0.021250 -0.002608 -0.037101 
0.033766 0.028073 -0.038714 -0.020723 
-0.007455 -0.023511 0.014337 -0.020070 
-0.013112 0.013753 -0.018369 0.004864 
-0.014486 -0.010478 -0.007894 -0.016041 
-0.015253 -0.016726 0.000945 -0.022617 
-0.005294 -0.014336 0.000035 -0.015282 
0.020198 0.016113 -0.003099 0.025651 
-0.040814 0.003390 0.032165 -0.025352 
-0.016609 -0.006866 -0.011390 -0.013902 
0.024787 0.001449 0.013452 0.020870 
0.017646 0.007904 0.010592 0.016176 
-0.002654 -0.009596 -0.001179 -0.009886 
-0.009252 0.006461 -0.010324 0.004555 
-0.020540 0.034884 -0.004495 -0.040231 
0.018827 0.039070 -0.028705 -0.032510 
0.028196 -0.022477 0.009329 0.034831 
-0.037709 0.003943 0.018719 -0.032971 
-0.036457 0.026572 0.035393 -0.027974 
0.011491 0.036549 -0.035826 -0.013578 
0.039055 0.003567 -0.029846 0.025441 
-0.005976 -0.021032 0.009548 -0.019670 
-0.006937 -0.006125 -0.006080 -0.006976 
-0.005942 -0.021912 0.011299 -0.019692 
0.018977 -0.010261 0.021082 0.004577 
-0.020896 0.002349 -0.017792 -0.011207 
0.000027 -0.014355 0.004461 -0.013644 
0.009031 -0.002226 0.009246 -0.001019 
-0.009478 0.008251 -0.011172 0.005754 
0.003348 -0.038927 0.026016 0.029150 
0.005769 -0.018056 0.014328 -0.012410 
0.020605 0.006418 0.011442 0.018299 
-0.036432 0.019135 0.020700 -0.035566 
0.006553 0.021003 -0.009282 0.019948 
-0.034739 0.009884 0.005061 -0.035761 
-0.020495 0.027029 -0.022842 -0.025077 
-0.004906 0.040307 -0.019720 -0.035494 
0.020441 -0.009369 0.021191 0.007521 
-0.009118 -0.018436 0.003795 -0.020214 
-0.014476 0.032856 -0.024774 -0.025987 
0.037824 -0.009549 -0.018768 0.034200 
-0.025671 0.009242 -0.019219 -0.019366 
0.018637 0.010630 0.007371 0.020149 
0.001365 0.024012 -0.017666 0.016320 
0.023779 -0.038437 -0.022717 0.039074 
-0.035137 0.016264 0.010740 -0.037200 
0.012956 0.030581 -0.031826 0.009496 
0.021105 0.015792 -0.003437 0.026134 
0.004168 0.005495 0.003759 0.005782 
0.006981 0.023410 -0.014191 0.019883 
-0.000976 0.019528 -0.011561 0.015768 
-0.008227 -0.029542 0.028140 -0.012189 
-0.020819 -0.020493 0.014201 -0.025529 
-0.014131 0.020480 -0.024875 0.000573 
-0.024441 0.026795 -0.014022 -0.033447 
0.014858 -0.001264 0.014433 0.003748 
-0.021703 -0.005805 -0.011551 -0.019269 
0.004545 0.030019 -0.028859 0.009431 
-0.008237 -0.033252 0.034247 -0.000843 
-0.028119 -0.016193 0.017147 -0.027548 
-0.030262 0.015149 -0.009645 -0.032439 
0.028413 -0.016373 0.014388 0.029468 
-0.027946 0.010126 -0.016078 -0.025001 
-0.008194 0.022332 -0.022292 0.008302 
0.018388 -0.003602 0.017653 0.006280 
-0.024388 -0.007814 -0.006606 -0.024743 
0.003341 0.024504 -0.017686 0.017286 
-0.013080 0.012085 -0.017199 0.004620 
0.001669 -0.014217 0.005957 -0.013016 
-0.024290 -0.004711 -0.010672 -0.022323 
0.025226 0.016992 -0.012741 0.027618 
-0.021977 -0.004089 -0.013080 -0.018128 
0.014905 -0.010232 0.017982 -0.001865 
-0.019257 0.015453 -0.023904 -0.006183 
0.011936 0.015720 0.001096 0.019707 
-0.005387 0.005524 -0.005866 0.005013 
-0.036404 0.018293 0.019315 -0.035872 
0.011230 0.025235 -0.018711 0.020317 
0.013479 -0.014933 0.019633 -0.004383 
-0.030488 0.013404 -0.009656 -0.031873 
-0.018750 0.022759 -0.026631 -0.012663 
0.003961 0.018215 -0.005786 0.017720 
0.021208 -0.026016 0.022637 0.024783 
0.020203 -0.023873 0.025407 0.018237 
0.010972 -0.036921 0.021465 0.031982 
-0.023951 0.003911 -0.017987 -0.016291 
-0.003137 0.008775 -0.004268 0.008284 
-0.015199 -0.018821 0.005111 -0.023646 
0.019054 -0.019817 0.025852 0.009352 
0.001775 -0.019580 0.012357 -0.015292 
-0.022271 0.008107 -0.020717 -0.011512 
-0.005811 0.008006 -0.006937 0.007054 
-0.021373 -0.011999 -0.003502 -0.024260 
-0.019960 0.030275 -0.019080 -0.030837 
0.002789 0.037955 -0.032168 -0.020337 
0.005701 0.013969 0.000611 0.015075 
0.004408 -0.017953 0.012759 -0.013378 
-0.021155 -0.010914 -0.005443 -0.023174 
-0.008352 0.014406 -0.013527 0.009712 
0.012170 0.012696 0.005075 0.016839 
0.024491 -0.012862 0.021458 0.017457 
-0.025904 0.005594 -0.017332 -0.020047 
-0.032813 -0.015032 0.026986 -0.023967 
-0.004972 0.023898 -0.021902 0.010778 
0.008409 -0.022381 0.022541 -0.007973 
0.033302 0.010936 -0.020350 0.028539 
0.005003 0.020967 -0.009840 0.019178 
0.023101 0.002300 0.014049 0.018482 
-0.014615 -0.021330 0.010508 -0.023626 
0.008490 0.017615 -0.002608 0.019379 
-0.013958 -0.017012 0.001124 -0.021977 
0.003311 -0.020193 0.014691 -0.014244 
-0.018571 0.013287 -0.022491 -0.003951 
0.019302 -0.030678 0.019781 0.030372 
-0.018588 -0.032809 0.037584 0.003067 
-0.029488 -0.002588 -0.004350 -0.029280 
-0.007899 -0.002821 -0.007551 -0.003650 
0.020229 -0.020985 0.025699 0.013754 
-0.000984 -0.021663 0.013492 -0.016978 
-0.010250 0.028764 -0.029969 -0.005856 
0.019731 -0.014261 0.023413 0.006674 
-0.017692 0.007069 -0.018767 -0.003284 
-0.029276 -0.027749 0.040146 0.003923 
0.010347 0.022954 -0.013007 0.021558 
0.019166 -0.019071 0.025566 0.008801 
-0.019937 -0.020664 0.013498 -0.025343 
-0.013738 -0.033179 0.035911 0.000090 
-0.020042 -0.003205 -0.014335 -0.014368 
0.031318 -0.019163 0.002381 0.036639 
0.004495 -0.035660 0.031121 0.017980 
0.019055 -0.011570 0.021794 0.004689 
0.006380 0.004378 0.005954 0.004941 
0.020477 0.019084 -0.010222 0.026058 
-0.032076 0.008378 -0.004981 -0.032776 
0.030375 -0.010017 0.010361 0.030259 
0.000013 -0.030981 0.030803 -0.003314 
0.013720 0.018003 -0.002931 0.022445 
-0.002632 0.011514 -0.005003 0.010699 
0.014061 0.002619 0.012579 0.006807 
0.006535 -0.007354 0.007545 -0.006314 
0.015957 0.008955 0.009548 0.015609 
0.020630 -0.024523 0.024631 0.020501 
0.013563 -0.027230 0.029044 0.009051 
-0.015390 0.012813 -0.019957 0.001659 
0.029763 -0.007619 0.011468 0.028502 
0.028871 -0.001462 0.009844 0.027180 
0.022555 0.009216 0.006684 0.023431 
-0.003799 -0.028623 0.026223 -0.012085 
0.023962 0.001960 0.013734 0.019734 
0.007074 -0.021823 0.020606 -0.010083 
-0.027121 -0.021089 0.026683 -0.021640 
-0.020731 -0.012083 -0.003949 -0.023668 
0.031524 -0.005928 0.006001 0.031510 
0.033700 -0.011767 -0.001271 0.035672 
0.010359 -0.030095 0.030359 0.009558 
-0.028760 -0.011851 0.009046 -0.029762 
-0.017637 0.022929 -0.027068 -0.010206 
-0.006729 0.012342 -0.010087 0.009790 
-0.028819 0.000490 -0.009103 -0.027348 
-0.020412 -0.003926 -0.013739 -0.015598 
0.010150 0.022994 -0.013082 0.021462 
0.006876 -0.022839 0.021865 -0.009531 
-0.018250 -0.004121 -0.013616 -0.012832 
0.017149 0.003880 0.013518 0.011243 
0.019684 -0.014419 0.023481 0.006635 
0.007940 0.006577 0.006775 0.007771 
0.004622 0.033930 -0.034130 -0.002784 
0.001027 0.019212 -0.009406 0.016783 
-0.009017 -0.004021 -0.008322 -0.005311 
-0.006150 -0.019659 0.006940 -0.019394 
0.029218 -0.018142 0.010928 0.032610 
-0.023073 -0.007832 -0.008092 -0.022983 
0.038857 -0.013560 -0.025733 0.032118 
-0.018488 -0.023051 0.018003 -0.023432 
-0.030574 0.010867 -0.009813 -0.030929 
-0.024695 0.010023 -0.020432 -0.017113 
-0.010376 0.009506 -0.012733 0.005992 
-0.021695 0.032434 -0.008929 -0.037986 
0.010514 0.034753 -0.035927 -0.005249 
0.012530 0.007419 0.009524 0.011014 
-0.012309 0.006659 -0.013723 0.002744 
0.025528 -0.010595 0.019820 0.019263 
0.026007 -0.000518 0.013800 0.022050 
0.004944 0.024009 -0.016032 0.018543 
-0.005948 -0.014068 -0.000678 -0.015258 
-0.019139 0.023926 -0.026358 -0.015621 
-0.003533 0.031313 -0.031464 -0.001742 
0.031402 -0.012280 0.007043 0.032974 
0.004931 -0.020736 0.017035 -0.012810 
0.021948 0.001587 0.015167 0.015943 
-0.011246 0.013411 -0.016080 0.006912 
0.032662 -0.012332 0.002571 0.034818 
0.012551 -0.034243 0.025195 0.026369 
-0.023079 -0.001807 -0.014479 -0.018062 
0.017246 0.005577 0.012450 0.013173 
-0.033868 -0.005042 0.012200 -0.031994 
0.011444 0.038608 -0.032937 -0.023168 
-0.000614 0.024388 -0.019592 0.014537 
-0.021753 -0.003032 -0.014098 -0.016842 
0.029479 0.010472 -0.008116 0.030213 
0.010848 0.012624 0.004721 0.015961 
-0.006404 -0.002090 -0.006244 -0.002528 
0.040221 -0.005076 -0.029336 0.027980 
0.017452 -0.014262 0.022449 0.002009 
-0.009750 0.026743 -0.028462 -0.000397 
0.000076 0.019335 -0.010369 0.016320 
0.031599 -0.006989 0.006172 0.031769 
0.026394 -0.011135 0.018868 0.021555 
0.010251 -0.021965 0.023553 -0.005726 
-0.030042 -0.007514 0.004204 -0.030680 
0.030096 0.001316 0.004314 0.029814 
-0.036514 0.001659 0.014922 -0.033367 
-0.016897 0.007618 -0.018442 -0.001853 
0.014992 -0.027001 0.028564 0.011744 
-0.008250 -0.024349 0.016184 -0.019976 
-0.018675 -0.001835 -0.015110 -0.011127 
0.000378 0.018631 -0.009082 0.016272 
-0.011742 -0.009103 -0.008077 -0.012470 
-0.020409 -0.010512 -0.006603 -0.021987 
-0.016574 0.029594 -0.026082 -0.021685 
0.028057 0.010399 -0.004442 0.029590 
0.016409 -0.015294 0.022428 0.000376 
0.011629 -0.003267 0.012063 -0.000621 
-0.021804 0.006622 -0.020033 -0.010859 
-0.036691 -0.013126 0.034507 -0.018104 
-0.007513 0.034116 -0.030550 -0.016942 
-0.026227 -0.000360 -0.012766 -0.022913 
-0.011463 -0.008479 -0.008331 -0.011570 
-0.018574 -0.008434 -0.009962 -0.017802 
0.032603 -0.010253 0.003235 0.034024 
-0.004818 -0.033813 0.034081 0.002253 
-0.005751 0.017877 -0.014095 0.012410 
-0.032286 -0.018347 0.032177 -0.018537 
-0.025800 0.013180 -0.020034 -0.020927 
-0.018648 -0.001937 -0.015046 -0.011186 
0.014913 -0.033697 0.022446 0.029224 
0.003663 -0.037937 0.028149 0.025695 
-0.000906 -0.027737 0.025232 -0.011554 
-0.008040 0.016739 -0.015354 0.010444 
-0.021015 -0.020599 0.014742 -0.025468 
-0.012584 -0.028757 0.027825 -0.014529 
0.006323 -0.039497 0.020694 0.034231 
0.023794 -0.019248 0.022442 0.020808 
0.032794 -0.008700 0.002550 0.033833 
0.005822 -0.022072 0.019826 -0.011314 
-0.009324 0.017795 -0.017886 0.009150 
0.016767 0.000523 0.015030 0.007450 
-0.014941 -0.010013 -0.008421 -0.015892 
0.034940 0.000532 -0.010521 0.033322 
-0.016878 0.019440 -0.025438 -0.003964 
-0.006713 0.000334 -0.006721 -0.000129 
0.022439 -0.007907 0.020598 0.011905 
-0.000016 -0.010952 0.001976 -0.010772 
0.005558 0.018677 -0.005565 0.018675 
0.003374 -0.017018 0.010563 -0.013763 
-0.020925 -0.010459 -0.006309 -0.022527 
-0.019751 0.022859 -0.026019 -0.015351 
-0.034221 0.009649 0.002896 -0.035437 
-0.009895 0.020621 -0.021668 0.007323 
-0.010310 -0.016099 -0.000238 -0.019116 
0.008954 0.031517 -0.032038 0.006865 
0.004891 0.029552 -0.027960 0.010748 
-0.010807 0.010354 -0.013650 0.006137 
-0.001124 -0.009236 0.000101 -0.009304 
0.022594 0.011104 0.003707 0.024901 
0.000177 -0.022186 0.015259 -0.016106 
-0.017031 0.027542 -0.027059 -0.017788 
0.002975 -0.018346 0.011793 -0.014366 
0.029842 0.015724 -0.020377 0.026880 
0.025866 -0.007177 0.018160 0.019768 
-0.008631 0.037822 -0.022632 -0.031509 
-0.010870 0.017692 -0.019415 0.007365 
-0.039797 0.003522 0.027932 -0.028565 
-0.018938 0.026379 -0.025666 -0.019894 
0.020812 -0.005852 0.019575 0.009178 
-0.001065 -0.020794 0.011923 -0.017070 
-0.031390 0.009149 -0.007285 -0.031875 
-0.020281 0.013817 -0.023295 -0.007721 
0.018334 0.016284 -0.001767 0.024458 
0.004101 0.005868 0.003631 0.006170 
-0.004191 0.011371 -0.006611 0.010156 
0.008759 -0.014425 0.014015 -0.009402 
0.003837 -0.010340 0.005678 -0.009455 
0.030439 -0.011677 0.010157 0.030979 
-0.036315 0.010243 0.012036 -0.035761 
0.003959 0.017281 -0.004454 0.017160 
-0.009975 -0.021588 0.009898 -0.021623 
-0.006146 0.029764 -0.030366 -0.001243 
-0.033454 0.020830 0.009362 -0.038281 
0.013130 0.016632 -0.000344 0.021188 
0.004251 -0.017774 0.012376 -0.013448 
-0.014565 0.006928 -0.016110 0.000765 
0.006795 -0.024764 0.024550 -0.007534 
0.013955 0.038285 -0.033376 -0.023378 
0.037830 -0.009129 -0.018696 0.034131 
0.017894 -0.012776 0.021837 0.002565 
-0.008356 -0.014981 -0.001032 -0.017123 
-0.031952 0.019579 0.000753 -0.037465 
0.016268 0.002234 0.014020 0.008549 
-0.012388 0.007308 -0.014043 0.003105 
0.004827 -0.023929 0.021838 -0.010909 
-0.024471 0.004495 -0.017999 -0.017178 
-0.030646 -0.016024 0.023169 -0.025674 
-0.020034 -0.009212 -0.008559 -0.020321 
0.008449 -0.011848 0.011771 -0.008556 
0.013980 -0.014012 0.019440 -0.003724 
-0.006808 0.009945 -0.008825 0.008207 
-0.016213 0.016527 -0.023146 -0.000512 
-0.027193 -0.017921 0.019153 -0.026339 
-0.019017 0.006611 -0.019330 -0.005628 
0.018724 -0.010307 0.020976 0.004104 
0.011935 0.001551 0.011305 0.004127 
-0.027386 0.005387 -0.015236 -0.023385 
0.041883 0.004871 -0.040085 0.013081 
0.012009 0.018265 -0.003198 0.021624 
0.005977 0.012554 0.002073 0.013748 
-0.022558 -0.026624 0.031901 -0.014145 
-0.006516 0.026626 -0.026942 0.005051 
-0.005728 0.014628 -0.010701 0.011501 
0.008953 -0.002709 0.009234 -0.001495 
-0.014702 0.027849 -0.028667 -0.013035 
0.016856 0.018210 -0.004730 0.024359 
-0.016763 0.012527 -0.020920 -0.000540 
-0.009779 -0.006197 -0.008318 -0.008052 
-0.004932 -0.023391 0.014720 -0.018836 
0.011355 -0.031953 0.029366 0.016958 
-0.022282 0.003325 -0.018262 -0.013191 
-0.001842 0.007748 -0.002581 0.007534 
0.003576 -0.008320 0.004586 -0.007809 
0.026393 -0.002851 0.015078 0.021849 
0.023965 0.009027 0.005358 0.025043 
-0.020550 -0.005686 -0.012176 -0.017503 
0.024945 -0.020295 0.020152 0.025060 
-0.018333 -0.007782 -0.010658 -0.016824 
0.012310 -0.011992 0.016302 -0.005440 
-0.002766 -0.028758 0.026674 -0.011098 
-0.006192 -0.005420 -0.005601 -0.006030 
-0.020323 -0.012427 -0.003722 -0.023529 
0.038880 -0.003387 -0.024059 0.030730 
0.016895 -0.017048 0.023908 0.002117 
-0.011396 0.019041 -0.021321 0.006150 
-0.017370 -0.017538 0.003646 -0.024413 
-0.019227 -0.005474 -0.012636 -0.015491 
-0.020043 0.025370 -0.024907 -0.020616 
-0.016900 0.015439 -0.022851 -0.001339 
-0.009079 -0.012508 -0.004029 -0.014921 
-0.039630 -0.001927 0.030522 -0.025351 
-0.016313 -0.009538 -0.009016 -0.016607 
-0.016788 -0.040029 0.026832 0.034120 
-0.019172 0.018807 -0.025461 -0.008543 
0.009622 0.002416 0.009152 0.003827 
-0.031170 -0.000043 -0.002750 -0.031048 
0.011997 0.036757 -0.035722 -0.014797 
0.021671 0.019292 -0.012355 0.026252 
0.017440 0.016678 -0.001927 0.024054 
-0.008437 -0.021968 0.010814 -0.020900 
-0.004629 -0.022782 0.013572 -0.018874 
-0.003572 0.021935 -0.017605 0.013563 
0.014131 -0.002458 0.014200 0.002022 
-0.012089 0.009387 -0.014608 0.004569 
-0.005139 0.030504 -0.030888 -0.001697 
0.011903 0.023978 -0.015809 0.021604 
-0.006171 -0.034827 0.034913 0.005666 
-0.023604 -0.001066 -0.014757 -0.018453 
0.030842 0.018672 -0.029435 0.020820 
0.026344 -0.005365 0.016692 0.021075 
0.010412 -0.008698 0.012414 -0.005475 
0.019294 -0.021875 0.026278 0.012659 
0.004484 -0.024238 0.022070 -0.010979 
-0.007632 0.026042 -0.026776 0.004407 
0.030628 0.005108 -0.001994 0.030987 
-0.009825 -0.041341 0.024771 0.034526 
-0.011427 -0.042154 0.020879 0.038361 
0.000245 -0.021641 0.014357 -0.016194 
0.041631 -0.001740 -0.035809 0.021305 
0.037213 -0.021844 -0.028997 0.031956 
-0.010506 -0.037712 0.034470 0.018558 
-0.002927 -0.019671 0.008744 -0.017863 
0.022541 -0.003526 0.018322 0.013594 
0.027604 0.003093 0.007756 0.026672 
-0.027205 0.001466 -0.012896 -0.023999 
0.029348 0.003998 0.002899 0.029476 
0.020768 -0.009988 0.021557 0.008147 
-0.018907 0.000780 -0.016564 -0.009150 
0.020702 -0.015253 0.023946 0.009372 
-0.027884 0.008188 -0.015657 -0.024483 
0.017921 0.013569 0.003414 0.022218 
-0.012932 -0.003611 -0.011467 -0.006985 
0.006394 -0.000678 0.006424 -0.000274 
-0.007345 0.021926 -0.020995 0.009691 
0.011883 -0.017707 0.020455 -0.006027 
0.024287 0.004461 0.010954 0.022130 
-0.023336 -0.009357 -0.005630 -0.024503 
0.004762 -0.038403 0.025964 0.028693 
0.004207 -0.029175 0.029321 -0.003030 
-0.012648 0.017404 -0.020915 0.005046 
0.008818 -0.037547 0.023133 0.030861 
0.023893 -0.026736 0.015673 0.032249 
0.016632 -0.033057 0.020522 0.030794 
-0.012324 -0.034156 0.036155 0.003371 
-0.032577 -0.010831 0.017853 -0.029324 
-0.018591 0.022146 -0.026609 -0.011314 
0.006304 0.013384 0.001572 0.014711 
-0.017416 -0.035290 0.037209 0.012814 
-0.029997 0.005981 -0.010239 -0.028823 
-0.014057 0.011316 -0.017750 0.003255 
0.014031 0.027778 -0.026332 0.016586 
0.021104 -0.003906 0.018634 0.010649 
0.033559 0.006528 -0.013412 0.031447 
-0.028938 -0.023115 0.034443 -0.013617 
0.008063 0.020475 -0.007814 0.020571 
-0.017918 0.005452 -0.018195 -0.004440 
0.011084 0.012934 0.004482 0.016433 
0.001733 0.006663 0.001248 0.006771 
0.003320 -0.018069 0.011782 -0.014096 
-0.028168 0.012261 -0.015863 -0.026309 
0.039063 -0.004269 -0.024534 0.030696 
0.019866 0.005447 0.012570 0.016319 
-0.022622 -0.000250 -0.015903 -0.016090 
-0.022724 0.012281 -0.022395 -0.012870 
0.019851 -0.005807 0.019302 0.007431 
-0.021256 -0.007181 -0.010313 -0.019926 
0.004787 0.014728 -0.000795 0.015466 
-0.018931 -0.015218 0.000138 -0.024289 
0.040328 -0.000980 -0.031237 0.025526 
0.027683 -0.021559 0.012218 0.032891 
-0.040025 -0.007204 0.036757 -0.017403 
0.003982 0.013670 -0.000364 0.014233 
-0.014973 -0.021788 0.011816 -0.023649 
0.005360 0.022986 -0.013716 0.019208 
0.003788 -0.021536 0.017170 -0.013541 
-0.016367 0.004740 -0.016820 -0.002727 
0.018388 -0.019715 0.025851 0.007651 
0.008777 -0.013299 0.013147 -0.009002 
0.019270 -0.010305 0.021242 0.005128 
0.014257 0.002187 0.012864 0.006525 
0.003011 -0.016102 0.009168 -0.013576 
-0.005039 -0.000531 -0.005014 -0.000728 
-0.029506 -0.031007 0.038325 0.019058 
0.007520 0.039587 -0.030383 -0.026468 
0.010669 0.026927 -0.022716 0.017969 
0.012094 -0.026930 0.029045 0.005281 
0.028339 -0.017660 0.013871 0.030373 
-0.025091 -0.023904 0.029552 -0.018102 
-0.006491 0.038018 -0.024991 -0.029376 
0.026847 0.004526 0.007361 0.026212 
0.003146 0.005744 0.002764 0.005937 
0.026709 0.023670 -0.031738 0.016319 
-0.004189 -0.020306 0.009054 -0.018652 
-0.006353 -0.007596 -0.005151 -0.008458 
0.000069 -0.024358 0.019190 -0.015002 
-0.000723 0.038585 -0.029055 -0.025400 
-0.004431 -0.031568 0.031465 -0.005114 
0.037793 0.004958 -0.026656 0.027246 
0.013609 0.010060 0.008078 0.014871 
-0.012361 0.007568 -0.014115 0.003293 
0.013612 -0.001882 0.013586 0.002060 
-0.012043 0.015943 -0.018995 0.006195 
0.010170 0.028776 -0.026920 0.014379 
0.010453 -0.009441 0.012791 -0.005899 
-0.009357 0.034470 -0.028669 -0.021304 
-0.026866 0.008876 -0.017559 -0.022187 
-0.013729 0.013078 -0.018532 0.004009 
0.005297 0.041056 -0.025299 -0.032766 
-0.000208 0.025971 -0.022350 0.013230 
-0.003453 0.025665 -0.023700 0.010435 
0.036478 -0.018229 -0.019581 0.035771 
-0.018402 -0.034404 0.037718 0.009979 
-0.033822 -0.007522 0.015944 -0.030762 
-0.009838 -0.032754 0.034092 -0.002717 
-0.022293 -0.017807 0.009627 -0.026859 
-0.018560 -0.002579 -0.014649 -0.011685 
-0.014634 0.026613 -0.028652 -0.010074 
0.035309 -0.008808 -0.007356 0.035640 
-0.011929 0.034552 -0.025506 -0.026184 
-0.014083 0.010270 -0.017188 0.002897 
0.022550 -0.009818 0.021447 0.012039 
0.011887 -0.017316 0.020085 -0.006142 
-0.013148 -0.032685 0.035164 -0.002154 
-0.022623 -0.006453 -0.010216 -0.021191 
0.025524 -0.018321 0.019964 0.024260 
-0.031821 -0.016465 0.027236 -0.023278 
-0.020775 0.006229 -0.019752 -0.008960 
-0.001758 -0.022740 0.014967 -0.017209 
0.020192 -0.031908 0.014836 0.034723 
-0.008061 -0.040860 0.026583 0.032060 
-0.016544 -0.010633 -0.007839 -0.018036 
0.034067 -0.006687 -0.002522 0.034625 
-0.002817 -0.026247 0.021553 -0.015240 
0.002250 0.030135 -0.029255 0.007572 
-0.004644 -0.021631 0.011274 -0.019036 
0.018470 -0.005816 0.018680 0.005101 
-0.020971 -0.000873 -0.015874 -0.013732 
0.012572 0.015800 0.001022 0.020166 
-0.007586 -0.004290 -0.007039 -0.005138 
0.023495 0.002184 0.013888 0.019076 
-0.001274 -0.010506 0.000530 -0.010570 
0.006921 0.030403 -0.029671 0.009585 
-0.000332 0.028752 -0.027480 0.008466 
-0.014471 0.007094 -0.016088 0.000963 
-0.000263 0.019291 -0.010589 0.016127 
0.009540 -0.008086 0.011180 -0.005604 
-0.010937 0.012115 -0.014833 0.006809 
-0.009737 0.013599 -0.014490 0.008353 
0.001652 0.012453 -0.001363 0.012488 
-0.028273 -0.012775 0.009790 -0.029441 
0.030695 -0.000395 0.004499 0.030366 
-0.035844 0.005741 0.010004 -0.034895 
-0.011705 0.033205 -0.027862 -0.021524 
0.034878 0.005709 -0.016808 0.031090 
0.009555 -0.013052 0.013874 -0.008316 
0.006471 0.001444 0.006360 0.001874 
-0.004944 -0.003896 -0.004700 -0.004188 
-0.017523 -0.028012 0.029526 -0.014832 
-0.009728 0.030557 -0.030587 -0.009631 
0.023123 0.011723 0.001995 0.025848 
-0.002736 0.024140 -0.020607 0.012867 
0.008351 0.003399 0.007867 0.004405 
-0.020362 0.011393 -0.022150 -0.007335 
-0.005808 -0.009093 -0.004112 -0.009975 
0.004727 -0.009280 0.006190 -0.008375 
0.015749 -0.019295 0.024863 0.001479 
-0.012473 0.000610 -0.012266 -0.002345 
0.026392 0.000288 0.012606 0.023189 
0.012532 0.000408 0.012077 0.003371 
-0.019187 0.006148 -0.019195 -0.006122 
0.017679 0.009540 0.008932 0.017993 
0.019195 -0.023592 0.026359 0.015174 
0.012362 -0.009104 0.014773 -0.004176 
-0.002624 -0.041483 0.022464 0.034972 
-0.023288 -0.023551 0.025791 -0.020781 
-0.013890 0.017785 -0.022371 0.002958 
-0.010142 -0.007193 -0.008182 -0.009362 
-0.002907 -0.022683 0.014197 -0.017928 
0.018188 0.001851 0.014975 0.010486 
-0.007137 0.016611 -0.014208 0.011180 
0.025978 0.020563 -0.023114 0.023737 
0.026832 0.021265 -0.026524 0.021648 
0.024644 0.021275 -0.022361 0.023662 
0.032274 0.008591 -0.012691 0.030893 
-0.025904 -0.021732 0.025847 -0.021800 
0.004505 0.020711 -0.009611 0.018891 
0.007789 0.000135 0.007743 0.000854 
-0.014614 0.015671 -0.021272 0.002573 
-0.028992 -0.020273 0.028719 -0.020657 
-0.033628 0.010072 0.000586 -0.035099 
-0.025639 0.007545 -0.018568 -0.019223 
-0.002598 0.019686 -0.013275 0.014766 
0.017157 -0.003199 0.016773 0.004823 
-0.013961 -0.004026 -0.011971 -0.008235 
-0.010109 0.011153 -0.013288 0.007072 
-0.005561 0.007433 -0.006487 0.006640 
-0.022460 -0.008420 -0.007887 -0.022653 
0.010066 0.022107 -0.011050 0.021633 
-0.010627 -0.028730 0.026961 -0.014541 
-0.011002 -0.013203 -0.004160 -0.016675 
0.007909 0.007730 0.006339 0.009062 
-0.007807 0.014415 -0.012903 0.010112 
0.022955 0.008293 0.007585 0.023199 
-0.012409 -0.024187 0.016507 -0.021599 
-0.012287 0.009733 -0.014996 0.004563 
0.008621 -0.011874 0.011989 -0.008461 
0.019462 -0.011640 0.022000 0.005498 
0.012081 0.011392 0.006381 0.015330 
0.028470 0.012035 -0.008708 0.029658 
-0.007838 -0.038537 0.032761 0.021754 
-0.036068 -0.012817 0.032297 -0.020545 
-0.018973 0.032615 -0.016219 -0.034069 
0.007977 0.033145 -0.034070 0.001202 
0.020234 0.018348 -0.008152 0.026069 
0.012043 0.007161 0.009396 0.010393 
0.013030 0.001828 0.012102 0.005164 
-0.012033 0.001965 -0.012167 -0.000789 
0.020239 -0.028604 0.021320 0.027808 
-0.013953 -0.034894 0.036818 0.007531 
-0.029693 -0.010406 0.008556 -0.030278 
-0.018096 0.016292 -0.023995 -0.004140 
-0.018674 0.002260 -0.017184 -0.007653 
0.023577 0.018539 -0.013501 0.026783 
0.032387 -0.014504 0.002558 0.035394 
-0.028865 0.014663 -0.013874 -0.029253 
0.036747 -0.003712 -0.014655 0.033902 
0.025144 -0.018833 0.020458 0.023841 
-0.004013 -0.023885 0.016111 -0.018084 
0.007300 -0.027189 0.028010 -0.002820 
-0.024907 0.007458 -0.019208 -0.017523 
-0.030801 -0.019795 0.031649 -0.018408 
-0.029322 0.024396 -0.001782 -0.038102 
0.018392 0.009052 0.009335 0.018250 
-0.017922 0.014310 -0.022746 -0.002927 
-0.004542 0.009997 -0.006293 0.008999 
0.004243 -0.016157 0.010532 -0.012966 
-0.025689 -0.012708 0.004022 -0.028377 
-0.001593 0.018488 -0.010644 0.015201 
0.007116 -0.006510 0.007964 -0.005439 
0.010610 -0.034057 0.027938 0.022180 
-0.029865 0.034999 0.032742 -0.032324 
0.023761 -0.010802 0.021366 0.014992 
-0.036130 -0.005842 0.021608 -0.029540 
-0.010091 -0.020449 0.007482 -0.021541 
0.016814 -0.017400 0.024099 0.002175 
-0.002271 -0.006585 -0.001778 -0.006735 
0.022345 0.003141 0.013744 0.017896 
-0.019979 0.018214 -0.025156 -0.009903 
0.012173 -0.019194 0.022191 -0.004917 
0.006568 0.041054 -0.025661 -0.032711 
-0.009442 0.017952 -0.018181 0.008994 
-0.020718 0.000363 -0.016657 -0.012326 
0.021590 0.014856 -0.002066 0.026126 
-0.021501 -0.009353 -0.007428 -0.022240 
0.019592 -0.021266 0.026059 0.012532 
0.000174 -0.026946 0.024177 -0.011899 
-0.015336 0.032180 -0.024550 -0.025846 
-0.005237 0.020932 -0.017612 0.012465 
-0.006452 -0.016379 0.001709 -0.017521 
-0.029596 0.021036 -0.006460 -0.035731 
0.022469 -0.009135 0.021161 0.011854 
-0.022215 -0.023291 0.023479 -0.022016 
-0.026225 0.015160 -0.019425 -0.023243 
0.011402 -0.002471 0.011667 -0.000069 
-0.025809 0.008533 -0.018800 -0.019634 
0.028728 -0.003533 0.011696 0.026477 
-0.020462 -0.002034 -0.015134 -0.013921 
0.019016 -0.032874 0.015432 0.034701 
-0.016064 -0.025694 0.022584 -0.020203 
-0.011154 0.014383 -0.016720 0.007191 
0.007329 -0.026923 0.027708 -0.003289 
0.004616 -0.023348 0.020746 -0.011663 
-0.019044 -0.007937 -0.010377 -0.017833 
-0.008565 -0.041071 0.025853 0.033042 
-0.004941 -0.024862 0.017886 -0.017962 
0.012897 0.004790 0.011001 0.008262 
-0.025705 -0.000942 -0.012905 -0.022250 
-0.010731 -0.015527 -0.001163 -0.018838 
0.011800 -0.011032 0.015153 -0.005600 
0.027045 -0.020117 0.015517 0.029922 
-0.029616 0.020257 -0.007413 -0.035107 
0.025369 -0.008700 0.019326 0.018596 
-0.025403 -0.017759 0.014964 -0.027144 
-0.002922 0.036247 -0.031457 -0.018244 
-0.016996 0.013088 -0.021429 -0.000970 
-0.031633 -0.002098 0.000875 -0.031691 
0.013272 0.037904 -0.034215 -0.021028 
0.013541 0.008769 0.009101 0.013321 
-0.012079 0.032361 -0.028405 -0.019654 
0.029466 -0.006478 0.011740 0.027791 
-0.037645 0.006817 0.017708 -0.033912 
-0.018478 -0.000397 -0.015831 -0.009537 
0.016957 -0.016698 0.023711 0.002036 
-0.020553 -0.015013 0.001211 -0.025423 
-0.010663 -0.013475 -0.003738 -0.016772 
-0.031510 -0.016917 0.027376 -0.023014 
-0.021372 -0.010194 -0.006339 -0.022814 
0.008137 -0.009793 0.010286 -0.007505 
-0.003533 -0.007516 -0.002725 -0.007846 
0.024924 0.008925 0.004178 0.026142 
-0.011723 0.031599 -0.029313 -0.016633 
-0.026776 0.018688 -0.017201 -0.027754 
0.011630 0.023630 -0.014872 0.021736 
0.011642 -0.008715 0.013803 -0.004577 
-0.036339 0.018516 0.019328 -0.035914 
0.006263 0.041996 -0.021876 -0.036392 
0.011287 0.025565 -0.019549 0.019970 
0.004408 0.003550 0.004230 0.003761 
0.014207 0.022500 -0.013135 0.023142 
-0.013238 -0.016609 0.000314 -0.021237 
0.025961 0.007407 0.004882 0.026551 
-0.010787 -0.015350 -0.001425 -0.018707 
0.018688 0.007094 0.011268 0.016511 
0.004118 0.043252 -0.015256 -0.040682 
0.006634 0.027957 -0.024567 0.014901 
0.005640 0.014950 -0.000455 0.015972 
-0.018361 -0.018804 0.007249 -0.025262 
0.009008 0.038241 -0.033476 -0.020564 
-0.001394 0.026263 -0.023528 0.011754 
-0.041419 0.003557 0.034479 -0.023224 
-0.025713 0.001147 -0.014649 -0.021163 
-0.023391 -0.000702 -0.015182 -0.017808 
0.017277 0.016162 -0.000816 0.023644 
-0.031042 -0.019210 0.031009 -0.019264 
-0.039466 -0.002881 0.030728 -0.024933 
-0.030615 -0.019786 0.031222 -0.018813 
-0.016957 0.007173 -0.018286 -0.002142 
0.009035 0.016424 -0.000613 0.018735 
-0.004576 0.009092 -0.005949 0.008260 
-0.013860 -0.010141 -0.008075 -0.015156 
0.022557 0.002724 0.013996 0.017897 
-0.012156 -0.031934 0.033761 -0.005264 
-0.022538 -0.010119 -0.005352 -0.024119 
0.014019 0.017230 -0.001535 0.022159 
0.011420 0.025319 -0.018980 0.020279 
-0.008089 -0.037735 0.034079 0.018110 
-0.021138 -0.003524 -0.013896 -0.016314 
0.020621 0.019010 -0.010222 0.026117 
0.005373 0.027212 -0.023004 0.015498 
0.018315 0.037831 -0.032906 -0.026150 
0.037238 -0.009684 -0.016095 0.034948 
0.026360 -0.018563 0.018199 0.026612 
-0.014445 -0.027031 0.024772 -0.018047 
-0.012285 -0.012124 -0.005721 -0.016284 
-0.031783 -0.004639 0.004700 -0.031774 
-0.026728 -0.007710 -0.003062 -0.027649 
-0.003086 0.015056 -0.008193 0.013003 
0.009809 -0.008996 0.011853 -0.006054 
0.026252 0.001026 0.012121 0.023309 
0.010949 0.009708 0.007258 0.012707 
0.020588 0.019408 -0.011160 0.026000 
0.007089 -0.003937 0.007447 -0.003208 
-0.017690 0.030382 -0.023447 -0.026197 
0.007472 0.018669 -0.004696 0.019553 
-0.034445 0.019704 0.012110 -0.037790 
-0.007758 0.033385 -0.030887 -0.014858 
-0.024029 -0.001776 -0.013842 -0.019721 
-0.020158 0.003828 -0.018439 -0.009001 
0.029372 0.002389 0.004863 0.029065 
-0.030029 -0.008339 0.005601 -0.030658 
-0.017056 0.003411 -0.016792 -0.004535 
0.026651 0.008622 0.001732 0.027957 
-0.023130 -0.006802 -0.009360 -0.022219 
0.027229 0.001654 0.010010 0.025376 
-0.013555 -0.006307 -0.010668 -0.010474 
0.017883 0.002490 0.014532 0.010715 
0.010692 -0.024555 0.026723 -0.001784 
-0.038788 -0.003110 0.028382 -0.026619 
-0.013701 -0.018668 0.004244 -0.022765 
0.009214 -0.010489 0.011881 -0.007332 
0.002604 0.009284 0.001266 0.009559 
-0.030557 -0.012039 0.014251 -0.029590 
-0.016891 0.018019 -0.024542 -0.002764 
-0.008553 -0.016081 0.000308 -0.018211 
-0.037077 0.012022 0.016307 -0.035402 
-0.002396 0.020637 -0.014515 0.014863 
-0.016711 -0.004466 -0.013035 -0.011371 
0.005677 0.012607 0.001815 0.013707 
-0.000398 -0.011709 0.002043 -0.011536 
-0.001655 0.020699 -0.013956 0.015375 
0.011937 -0.024331 0.027101 0.000134 
0.005974 0.023121 -0.013807 0.019484 
-0.024075 0.005908 -0.019021 -0.015897 
-0.009606 -0.018825 0.004387 -0.020674 
0.024367 0.011776 0.000109 0.027064 
0.006463 -0.000458 0.006479 -0.000043 
-0.007627 -0.008078 -0.005982 -0.009362 
0.008901 -0.019732 0.019651 -0.009078 
-0.023234 -0.014972 0.004573 -0.027259 
-0.022196 -0.019196 0.012898 -0.026359 
0.027283 -0.002398 0.013488 0.023837 
-0.003822 0.013481 -0.007627 0.011755 
-0.009800 -0.031430 0.032123 -0.007210 
-0.003416 -0.025379 0.019505 -0.016593 
-0.019854 -0.022437 0.017986 -0.023961 
0.005275 0.042077 -0.021251 -0.036698 
0.018197 0.038861 -0.029951 -0.030728 
0.037159 0.000514 -0.019374 0.031713 
0.033845 0.004928 -0.011954 0.032045 
0.002176 -0.024944 0.021628 -0.012616 
0.006544 -0.005584 0.007131 -0.004812 
0.016379 -0.003999 0.016544 0.003248 
-0.008315 0.017597 -0.016573 0.010205 
0.022551 0.011511 0.003071 0.025132 
-0.019172 0.005402 -0.018843 -0.006458 
0.023264 -0.021969 0.022201 0.023042 
0.020334 -0.024125 0.025173 0.019021 
0.012469 -0.013913 0.017804 -0.005663 
-0.018775 -0.025593 0.024923 -0.019656 
-0.018864 0.019960 -0.025926 -0.009059 
-0.026541 0.019158 -0.017462 -0.027686 
0.031608 0.002735 -0.001584 0.031687 
-0.017270 -0.029456 0.032373 -0.010860 
-0.020317 -0.004394 -0.013377 -0.015911 
0.017873 -0.019175 0.025541 0.005897 
0.010635 -0.009641 0.013094 -0.005883 
-0.001636 -0.028962 0.027305 -0.009795 
-0.022155 0.007451 -0.020418 -0.011379 
0.026892 0.007190 0.003562 0.027608 
0.015397 0.004916 0.012286 0.010502 
-0.006930 -0.006020 -0.006101 -0.006858 
0.028984 0.005215 0.002081 0.029376 
0.024399 -0.020966 0.020799 0.024542 
-0.038765 0.018626 0.030879 -0.029935 
0.002703 0.035346 -0.034178 -0.009405 
0.013576 0.024910 -0.018875 0.021179 
-0.021600 -0.038339 0.028440 0.033579 
-0.034963 0.027236 0.030590 -0.032070 
0.023084 0.022125 -0.021839 0.023354 
0.025677 -0.009612 0.019342 0.019432 
0.038384 0.005151 -0.029071 0.025587 
0.030126 0.018900 -0.028242 0.021614 
0.021679 -0.022874 0.024066 0.020349 
-0.018425 0.009749 -0.020524 -0.003645 
0.019426 0.013169 0.003167 0.023255 
-0.021049 -0.019856 0.012896 -0.025904 
-0.010464 0.019600 -0.021034 0.007155 
-0.024930 -0.000226 -0.014368 -0.020375 
0.003245 0.017768 -0.005625 0.017164 
0.008041 -0.022015 0.021738 -0.008763 
-0.010422 0.015545 -0.016882 0.008077 
-0.011134 -0.023342 0.014054 -0.021710 
-0.026276 -0.002511 -0.010604 -0.024172 
0.029137 0.029058 -0.040124 -0.009135 
-0.005359 -0.038931 0.031364 0.023677 
-0.008563 -0.035776 0.035576 0.009356 
-0.022279 -0.037217 0.031500 0.029820 
-0.041154 0.007831 0.033242 -0.025494 
-0.013716 -0.001705 -0.012649 -0.005571 
0.008697 0.011263 0.004864 0.013373 
0.018849 0.014153 0.001879 0.023496 
-0.013172 0.024304 -0.027530 -0.002508 
-0.039004 -0.006646 0.032957 -0.021893 
-0.019353 -0.007857 -0.010379 -0.018126 
0.002896 0.017863 -0.006009 0.017069 
0.023181 -0.024390 0.020513 0.026673 
0.012155 -0.029493 0.029725 0.011575 
-0.014756 -0.008828 -0.009437 -0.014374 
0.013961 0.013432 0.004465 0.018851 
0.028573 -0.019825 0.011388 0.032860 
-0.030012 -0.017718 0.025343 -0.023925 
-0.027905 -0.005241 -0.004417 -0.028047 
-0.015167 0.002686 -0.015136 -0.002854 
0.019549 0.014718 0.000309 0.024468 
-0.011294 0.014639 -0.017083 0.007072 
-0.002280 -0.026024 0.021294 -0.015133 
0.010842 -0.012304 0.014848 -0.006963 
-0.012875 0.007838 -0.014771 0.003002 
-0.013824 0.032835 -0.025761 -0.024609 
0.022196 0.008406 0.008139 0.022296 
-0.007298 0.030539 -0.030964 -0.005211 
0.010619 0.023291 -0.013836 0.021536 
-0.002198 -0.025954 0.021183 -0.015156 
-0.024249 0.011569 -0.021303 -0.016372 
0.020663 0.001795 0.015283 0.014023 
-0.031501 0.006840 -0.006423 -0.031588 
-0.026138 0.008932 -0.018563 -0.020455 
-0.007102 0.008513 -0.008564 0.007041 
-0.013212 0.000415 -0.012856 -0.003078 
0.026854 -0.001084 0.013121 0.023455 
0.021473 0.009539 0.007193 0.022368 
0.004080 -0.016402 0.010619 -0.013150 
-0.008272 0.007632 -0.009582 0.005903 
-0.018070 0.007093 -0.019024 -0.003865 
0.014026 0.004545 0.011784 0.008861 
-0.009087 -0.008900 -0.006639 -0.010849 
0.030245 0.008860 -0.007134 0.030698 
0.009436 0.009925 0.006254 0.012183 
0.019897 0.019465 -0.010447 0.025800 
0.004884 0.020077 -0.008278 0.018932 
-0.019215 -0.011682 -0.005643 -0.021768 
-0.005228 0.004785 -0.005579 0.004371 
-0.033413 0.015795 0.002579 -0.036868 
0.020288 0.033422 -0.038206 -0.008303 
0.031207 0.004418 -0.002652 0.031407 
0.026612 0.007322 0.003877 0.027328 
0.000014 -0.018070 0.008639 -0.015870 
-0.006988 0.020615 -0.018872 0.010847 
0.033178 0.019661 -0.036367 0.012835 
0.012687 -0.024177 0.027271 0.001334 
0.001363 0.021551 -0.013029 0.017221 
0.008706 -0.022195 0.022552 -0.007736 
0.007678 -0.004883 0.008232 -0.003878 
0.013971 0.004845 0.011617 0.009149 
0.002889 -0.020205 0.014312 -0.014552 
-0.007466 -0.007968 -0.005903 -0.009187 
-0.028903 -0.008055 0.002200 -0.029924 
0.008631 -0.016187 0.015464 -0.009867 
-0.018431 0.000480 -0.016249 -0.008712 
0.008883 -0.010434 0.011467 -0.007501 
0.012063 -0.019208 0.022106 -0.005078 
-0.010636 -0.002103 -0.010091 -0.003965 
0.015784 -0.013733 0.020897 -0.001019 
0.015231 -0.004396 0.015770 0.001616 
-0.016666 0.025398 -0.027778 -0.012295 
-0.002105 -0.023065 0.015390 -0.017309 
0.027620 0.021619 -0.028909 0.019863 
-0.006667 -0.018822 0.005276 -0.019259 
-0.002145 0.023605 -0.019240 0.013844 
0.013749 -0.010295 0.016857 -0.003294 
-0.021081 0.019897 -0.025092 -0.014516 
-0.026324 0.004747 -0.016369 -0.021155 
-0.017019 -0.007202 -0.011182 -0.014713 
0.010822 0.019085 -0.004745 0.021421 
-0.009195 0.018465 -0.018483 0.009160 
0.027298 0.007792 0.001821 0.028330 
-0.021809 -0.009610 -0.006812 -0.022839 
0.002717 0.015277 -0.002946 0.015234 
-0.017633 0.002790 -0.016895 -0.005767 
0.032256 0.017728 -0.030911 0.019981 
0.031941 -0.007578 0.005259 0.032404 
0.021104 -0.005868 0.019625 0.009729 
0.010206 0.026837 -0.022372 0.017997 
-0.003020 0.029929 -0.029957 0.002729 
-0.020783 0.029197 -0.019189 -0.030269 
0.036707 -0.007372 -0.013465 0.034935 
0.016966 0.002769 0.014067 0.009880 
-0.018705 -0.000596 -0.015798 -0.010032 
-0.000809 -0.021270 0.012926 -0.016910 
0.031871 -0.005596 0.004786 0.032002 
0.014713 -0.000489 0.014076 0.004310 
-0.005067 0.015283 -0.010560 0.012154 
0.024338 0.003818 0.011594 0.021737 
-0.008161 -0.025491 0.018866 -0.018986 
-0.013695 -0.034818 0.036752 0.007007 
-0.033504 -0.005964 0.012332 -0.031718 
0.003383 -0.015224 0.008670 -0.012963 
0.005493 0.007341 0.004510 0.007982 
0.018113 0.025930 -0.025077 0.019277 
0.006319 -0.033155 0.031657 0.011707 
-0.022301 0.018131 -0.024093 -0.015672 
0.024326 0.007738 0.006796 0.024606 
-0.010345 -0.018039 0.002872 -0.020596 
0.002710 0.020311 -0.009957 0.017909 
0.013628 -0.026860 0.028932 0.008371 
-0.022597 -0.011903 -0.002335 -0.025433 
-0.011290 0.015267 -0.017602 0.007121 
0.005592 0.029937 -0.028696 0.010201 
-0.019888 0.014439 -0.023531 -0.007094 
-0.020079 -0.019750 0.011371 -0.025767 
-0.015121 -0.009341 -0.009075 -0.015282 
-0.011156 0.003017 -0.011536 0.000699 
0.013368 -0.019532 0.023508 -0.002754 
0.017345 0.009403 0.009122 0.017494 
0.010578 0.025980 -0.020372 0.019283 
0.026235 -0.012478 0.019334 0.021683 
0.029610 0.008308 -0.004429 0.030433 
0.011546 0.021393 -0.009600 0.022334 
-0.000828 -0.013857 0.003220 -0.013503 
0.021491 0.031022 -0.037738 0.000208 
-0.012173 -0.017460 0.001738 -0.021213 
0.004707 0.033633 -0.033921 -0.001640 
0.010353 0.013060 0.004073 0.016160 
-0.001818 -0.003816 -0.001714 -0.003864 
0.015375 0.004815 0.012331 0.010370 
0.015620 0.040499 -0.025832 -0.034884 
0.039798 -0.011402 -0.028606 0.029926 
0.024110 -0.003279 0.017513 0.016892 
0.002706 -0.027864 0.026911 -0.007716 
-0.014627 0.000811 -0.014111 -0.003933 
0.019702 0.004666 0.013249 0.015310 
0.014530 -0.016863 0.022139 -0.002316 
0.014336 0.009859 0.008446 0.015212 
-0.020807 -0.010520 -0.006309 -0.022445 
-0.002767 0.035031 -0.032496 -0.013374 
0.007362 -0.023146 0.022701 -0.008636 
0.022876 0.006341 0.010140 0.021464 
0.014113 -0.009335 0.016736 -0.002493 
-0.005931 -0.039283 0.030756 0.025147 
-0.027938 -0.007306 -0.001264 -0.028850 
-0.008764 0.010542 -0.011386 0.007636 
0.006133 -0.007414 0.007115 -0.006477 
0.016217 -0.003689 0.016307 0.003272 
-0.021457 0.016100 -0.024117 -0.011748 
0.026336 -0.013730 0.019285 0.022587 
-0.015390 -0.015591 -0.001035 -0.021883 
0.020092 -0.025680 0.024645 0.021349 
0.012607 -0.018068 0.021492 -0.004844 
0.000222 0.014359 -0.004229 0.013724 
-0.019737 -0.006354 -0.011775 -0.017067 
-0.012259 0.027150 -0.029159 -0.006097 
-0.021037 -0.015232 0.002186 -0.025880 
0.005886 -0.005491 0.006399 -0.004884 
0.015773 0.010328 0.008187 0.016983 
0.029318 -0.007825 0.012592 0.027609 
0.018804 -0.006097 0.018986 0.005504 
-0.010874 0.015701 -0.017524 0.007595 
0.010561 0.002160 0.010015 0.003988 
-0.014504 0.001913 -0.014352 -0.002837 
0.022918 -0.008348 0.020696 0.012907 
0.006809 0.020745 -0.008695 0.020028 
-0.027146 0.013015 -0.017889 -0.024213 
-0.034494 -0.007358 0.018003 -0.030329 
-0.010981 -0.027232 0.023555 -0.017531 
0.005171 -0.025521 0.024573 -0.008615 
0.020248 -0.032516 0.013058 0.036011 
-0.024340 0.012272 -0.021438 -0.016837 
0.026660 0.019684 -0.022330 0.024487 
0.005746 -0.018412 0.014737 -0.012443 
0.019583 0.017148 -0.004693 0.025603 
0.024117 0.009495 0.004426 0.025538 
0.012121 -0.036105 0.021711 0.031290 
-0.018292 -0.007879 -0.010569 -0.016881 
0.008148 -0.011739 0.011351 -0.008679 
0.012919 -0.034149 0.024829 0.026769 
-0.031214 0.016993 -0.005094 -0.035173 
0.036652 -0.001814 -0.015386 0.033316 
0.026543 -0.017784 0.018171 0.026280 
-0.009857 -0.012832 -0.004096 -0.015654 
0.010611 0.017215 -0.001436 0.020171 
0.010964 0.022567 -0.012190 0.021929 
-0.003134 -0.037703 0.032676 0.019069 
-0.017805 -0.023017 0.017203 -0.023471 
-0.005427 0.013899 -0.009745 0.011299 
0.008439 -0.030822 0.030937 0.008007 
-0.022818 0.010370 -0.021611 -0.012694 
0.030494 0.014057 -0.018399 0.028088 
0.036066 -0.019604 -0.019684 0.036022 
-0.025179 -0.035973 0.031896 0.030178 
-0.042299 0.010610 0.038515 -0.020454 
-0.031489 -0.006471 0.006617 -0.031459 
-0.011484 -0.009541 -0.007648 -0.012823 
-0.014602 -0.002110 -0.013118 -0.006752 
0.015720 0.001627 0.013990 0.007353 
0.001874 -0.009133 0.003064 -0.008805 
-0.004133 0.009124 -0.005475 0.008388 
-0.032065 0.007647 -0.004873 -0.032602 
-0.029090 0.013754 -0.013532 -0.029194 
0.008534 0.032300 -0.033137 0.004253 
0.007431 0.016622 -0.001545 0.018142 
0.000427 -0.011161 0.002529 -0.010879 
0.009387 0.004088 0.008617 0.005530 
-0.028729 0.002556 -0.011002 -0.026661 
0.010417 0.016051 0.000334 0.019132 
0.001155 -0.023361 0.018077 -0.014842 
-0.019721 0.023070 -0.026020 -0.015624 
0.011625 -0.024351 0.026980 -0.000417 
0.010357 0.009756 0.006904 0.012441 
-0.025993 -0.007289 -0.005005 -0.026527 
0.002106 0.022787 -0.014849 0.017412 
0.014778 0.001312 0.013522 0.006104 
0.004140 -0.007492 0.004950 -0.006984 
0.007714 0.011626 0.003977 0.013374 
0.040311 -0.001196 -0.031053 0.025731 
0.024996 -0.008620 0.019638 0.017704 
-0.006508 -0.013529 -0.001570 -0.014931 
0.012017 0.031473 -0.032981 0.006871 
0.019904 0.017575 -0.005986 0.025869 
0.033243 0.028788 -0.038159 -0.021857 
