-0.014043 -0.012326 -0.000996 -0.018658 
0.018945 0.010706 -0.000537 0.021754 
-0.019229 -0.030983 0.022389 0.028782 
-0.011266 -0.010461 -0.004290 -0.014763 
-0.016407 0.003905 -0.015428 -0.006811 
-0.009669 0.002184 -0.009912 -0.000022 
0.016937 0.008266 0.005674 0.017972 
0.020152 -0.004198 0.014891 0.014212 
-0.012947 -0.015822 0.005424 -0.019712 
-0.001584 -0.026412 0.026446 -0.000853 
0.023155 -0.015522 0.010524 0.025813 
0.012765 -0.018479 0.022074 0.004140 
0.011719 -0.000609 0.011333 0.003045 
-0.002970 0.017846 -0.014309 0.011072 
0.020502 -0.002930 0.013864 0.015384 
-0.013409 -0.002965 -0.010947 -0.008291 
0.018862 -0.004727 0.015851 0.011264 
0.030843 0.007790 -0.026544 0.017532 
0.017599 -0.010255 0.018602 0.008299 
0.017659 0.001745 0.012139 0.012943 
-0.009137 0.009328 -0.011993 0.005163 
-0.011992 -0.007843 -0.007155 -0.012414 
0.008839 -0.008240 0.011048 -0.004894 
0.012163 -0.023287 0.023225 0.012282 
-0.011381 0.018200 -0.021448 -0.000859 
0.014136 0.010174 0.004382 0.016857 
-0.009724 0.009402 -0.012702 0.004649 
-0.006618 0.032472 -0.013909 -0.030079 
0.013760 0.011558 0.002416 0.017807 
-0.004506 -0.017170 0.007926 -0.015884 
-0.004637 0.017336 -0.015068 0.009747 
0.012739 -0.018738 0.022214 0.004469 
-0.025058 -0.004255 0.001837 -0.025350 
-0.009705 0.005267 -0.010779 0.002397 
-0.013271 -0.015242 0.004335 -0.019740 
0.004076 0.005918 0.003352 0.006356 
-0.004327 -0.010407 -0.001170 -0.011210 
-0.011717 0.009063 -0.014630 0.002322 
0.001631 0.022000 -0.018993 0.011222 
-0.012737 0.023418 -0.022728 -0.013932 
0.011633 -0.021373 0.023389 0.006716 
-0.032786 0.019276 0.035452 -0.013771 
-0.009805 0.012235 -0.014813 0.005139 
0.021298 0.000661 0.010274 0.018668 
0.005491 -0.009936 0.008137 -0.007917 
0.021288 0.000698 0.010252 0.018670 
-0.004830 -0.019298 0.012170 -0.015736 
0.003285 -0.013771 0.009031 -0.010903 
-0.007661 0.000240 -0.007625 -0.000786 
0.010428 0.010265 0.004386 0.013960 
0.008440 -0.017261 0.018502 -0.005183 
0.003615 0.028451 -0.028212 -0.005159 
0.011579 -0.003424 0.012062 0.000547 
-0.009711 -0.013603 0.000297 -0.016711 
0.003578 0.023619 -0.021829 0.009702 
0.013510 -0.003723 0.013789 0.002502 
0.036333 -0.009644 -0.037020 0.006531 
-0.019532 -0.025696 0.031875 0.005072 
0.007023 -0.013137 0.012516 -0.008079 
0.011037 -0.017761 0.020908 -0.000344 
-0.017159 -0.007405 -0.006687 -0.017451 
0.001859 -0.006047 0.002403 -0.005853 
0.017589 -0.006935 0.017101 0.008064 
0.010999 0.009573 0.005261 0.013600 
-0.001292 0.015378 -0.009062 0.012492 
0.017070 0.006278 0.008125 0.016271 
-0.021390 -0.021088 0.028666 -0.008971 
0.010900 0.016095 -0.005137 0.018748 
0.013342 -0.013637 0.019066 0.000661 
0.004188 0.003657 0.003920 0.003943 
0.001803 0.031991 -0.024153 -0.021054 
0.020917 -0.020380 0.011264 0.026944 
0.009104 -0.009524 0.012075 -0.005271 
0.002531 0.003563 0.002373 0.003670 
0.016377 0.017165 -0.011853 0.020551 
0.005935 -0.011411 0.009725 -0.008418 
-0.004946 0.016590 -0.014319 0.009729 
0.000717 0.020582 -0.016553 0.012254 
-0.003336 0.012194 -0.007468 0.010201 
0.016915 -0.003278 0.015232 0.008053 
-0.009622 -0.008892 -0.005496 -0.011893 
0.007664 0.005786 0.006286 0.007260 
0.015118 0.012771 -0.000491 0.019784 
0.009425 -0.006093 0.010766 -0.003170 
-0.012499 0.007267 -0.014441 0.000713 
0.009661 -0.010219 0.013152 -0.004979 
0.030667 -0.001131 -0.015844 0.026282 
-0.019693 -0.029655 0.026377 0.023906 
-0.017270 -0.021834 0.024813 -0.012621 
-0.012811 -0.000823 -0.011612 -0.005473 
-0.003439 0.016804 -0.013150 0.011013 
0.012907 0.011423 0.002882 0.016994 
0.006122 0.008787 0.003638 0.010072 
-0.013199 -0.014959 0.003683 -0.019606 
-0.006728 0.005211 -0.007494 0.004033 
0.004851 -0.005747 0.005551 -0.005075 
0.010398 0.003162 0.009180 0.005818 
0.003846 -0.007640 0.005063 -0.006894 
0.014158 0.004067 0.010523 0.010309 
0.012276 -0.008448 0.014834 -0.001425 
-0.009952 -0.018035 0.009228 -0.018416 
-0.018220 0.006238 -0.016742 -0.009517 
-0.006185 -0.000944 -0.006076 -0.001492 
0.008084 -0.013114 0.013690 -0.007066 
0.000648 0.016697 -0.009417 0.013803 
0.001232 -0.015424 0.009069 -0.012536 
0.010546 0.021196 -0.017279 0.016185 
0.003521 0.015481 -0.005472 0.014904 
-0.018403 0.000858 -0.013749 -0.012263 
-0.010099 -0.007334 -0.006913 -0.010392 
-0.020723 0.000819 -0.012190 -0.016778 
0.012257 0.010045 0.004848 0.015087 
-0.018151 -0.013336 0.004939 -0.021975 
-0.022668 -0.021098 0.030334 -0.006230 
-0.008865 0.023886 -0.024577 -0.006714 
0.030565 0.004161 -0.020732 0.022841 
0.014238 0.003733 0.010759 0.010044 
0.003096 0.027006 -0.027183 -0.000057 
0.015399 -0.003341 0.014784 0.005451 
0.002715 -0.017033 0.012813 -0.011547 
-0.014336 -0.003850 -0.010704 -0.010285 
-0.006991 0.011566 -0.011077 0.007743 
-0.006700 0.010987 -0.010283 0.007738 
-0.007999 0.017949 -0.018939 0.005240 
0.027803 0.008382 -0.017512 0.023164 
0.012625 0.000680 0.011550 0.005141 
-0.010912 -0.001831 -0.009983 -0.004770 
-0.003465 -0.019057 0.012129 -0.015101 
-0.009865 0.007821 -0.011995 0.003823 
0.010968 0.009039 0.005799 0.012976 
0.009275 -0.018108 0.020109 -0.003089 
0.008314 0.017681 -0.008180 0.017743 
0.009511 -0.016387 0.018468 -0.004232 
0.005051 -0.007438 0.006331 -0.006385 
-0.012752 0.007678 -0.014875 0.000538 
-0.020246 -0.024945 0.031954 0.003336 
-0.032180 -0.004252 0.026707 -0.018450 
-0.006418 0.033980 -0.007700 -0.033713 
0.031265 -0.003375 -0.017218 0.026313 
0.030949 0.005232 -0.023499 0.020808 
0.005925 -0.015058 0.013373 -0.009112 
-0.011933 0.004982 -0.012931 0.000177 
-0.004550 -0.018360 0.010270 -0.015884 
-0.001906 -0.017576 0.010064 -0.014535 
-0.010543 0.017095 -0.019990 0.001948 
-0.013788 0.007503 -0.015665 -0.001008 
-0.017965 0.014705 -0.019857 -0.012027 
0.017215 0.007590 0.006405 0.017690 
-0.004997 0.001519 -0.005082 0.001205 
0.000124 -0.006289 0.000691 -0.006252 
-0.006054 0.008649 -0.008036 0.006847 
-0.007033 0.006241 -0.008142 0.004704 
-0.008214 0.019667 -0.021111 0.002932 
0.006382 -0.004511 0.006947 -0.003580 
-0.013430 0.019672 -0.022583 -0.007575 
-0.020711 0.002808 -0.013595 -0.015874 
-0.018898 -0.006544 -0.006373 -0.018956 
0.001390 0.015104 -0.006371 0.013765 
-0.025234 -0.019751 0.031762 -0.004248 
-0.019324 0.002922 -0.014667 -0.012917 
-0.003378 0.010523 -0.006144 0.009186 
0.024428 -0.027258 -0.022090 0.029184 
-0.020620 -0.024079 0.031698 0.000495 
-0.033292 -0.004275 0.030347 -0.014343 
-0.020880 0.017356 -0.014905 -0.022695 
0.001316 0.014835 -0.006045 0.013611 
0.029878 -0.000994 -0.012638 0.027092 
-0.001866 -0.011732 0.001945 -0.011720 
0.004776 0.005590 0.004051 0.006135 
0.007312 -0.007304 0.008860 -0.005322 
0.005244 -0.027370 0.025758 0.010637 
-0.010627 0.003475 -0.011175 0.000342 
0.020412 -0.026432 -0.002082 0.033331 
-0.003805 -0.019989 0.013977 -0.014788 
-0.024228 -0.008531 0.006954 -0.024727 
0.009077 0.008696 0.005423 0.011341 
-0.031138 0.019999 0.030842 -0.020453 
-0.013296 0.028114 -0.014680 -0.027417 
0.000075 0.021440 -0.018556 0.010741 
-0.025201 0.011718 -0.006672 -0.026980 
0.006758 0.039972 0.017384 -0.036623 
0.023003 -0.027945 -0.018553 0.031078 
-0.002531 -0.017098 0.008814 -0.014868 
0.018676 -0.030737 -0.012593 0.033689 
-0.018060 -0.008916 -0.003725 -0.019794 
0.001046 0.009794 -0.001131 0.009784 
0.004071 -0.009550 0.006274 -0.008270 
0.027544 -0.018869 -0.012187 0.031083 
0.001587 -0.030407 0.025163 0.017143 
0.000740 -0.006418 0.001347 -0.006318 
-0.009449 0.014742 -0.016723 0.005188 
0.017298 0.007613 0.006315 0.017813 
-0.007319 -0.006010 -0.005944 -0.007372 
-0.004216 0.003650 -0.004464 0.003341 
-0.001538 0.000234 -0.001539 0.000225 
-0.027329 -0.024918 0.027790 0.024404 
-0.009477 0.010347 -0.013032 0.005201 
0.008357 0.005077 0.007059 0.006766 
-0.006244 0.028428 -0.024353 -0.015939 
0.025964 0.016357 -0.027902 0.012774 
-0.006843 -0.014494 0.002323 -0.015859 
0.012049 0.012526 0.001325 0.017329 
0.003730 -0.031153 0.021950 0.022419 
-0.004774 -0.006986 -0.003574 -0.007670 
0.004215 -0.010694 0.007201 -0.008959 
-0.013219 0.005134 -0.014125 -0.001256 
0.006071 -0.012529 0.010852 -0.008722 
-0.011535 0.015918 -0.019621 0.001207 
0.007231 0.010449 0.002979 0.012353 
-0.008459 0.008753 -0.010885 0.005449 
-0.001960 0.020029 -0.017172 0.010494 
0.006073 -0.017551 0.016723 -0.008080 
-0.011302 0.017561 -0.020883 0.000068 
-0.005740 -0.005620 -0.004853 -0.006402 
-0.009446 -0.023834 0.023115 -0.011091 
-0.016134 -0.010568 -0.002722 -0.019094 
0.017900 0.017713 -0.015384 0.019937 
0.008664 -0.011000 0.012571 -0.006166 
-0.017448 -0.009524 -0.003342 -0.019595 
-0.010392 0.035689 0.010861 -0.035550 
0.018220 -0.000239 0.013395 0.012354 
-0.006409 0.008997 -0.008636 0.006888 
-0.031806 0.005927 0.019189 -0.026049 
-0.007598 0.009651 -0.010411 0.006518 
-0.017088 -0.005106 -0.009387 -0.015164 
-0.013672 0.006068 -0.014893 -0.001390 
-0.006734 -0.011067 -0.002108 -0.012782 
-0.004062 0.004205 -0.004378 0.003875 
-0.013617 0.006446 -0.015022 -0.001146 
0.014695 -0.001568 0.013656 0.005651 
-0.010020 -0.014173 0.001256 -0.017311 
-0.000435 -0.006574 0.000218 -0.006585 
0.017387 0.014429 -0.006406 0.021667 
0.005443 -0.001397 0.005529 -0.001001 
-0.016163 -0.008953 -0.005204 -0.017729 
-0.019416 0.003340 -0.014865 -0.012929 
-0.006826 -0.008251 -0.004457 -0.009737 
-0.038542 0.002145 0.037794 0.007859 
0.003461 0.015809 -0.006039 0.015014 
-0.013268 -0.011237 -0.003076 -0.017113 
-0.012169 -0.015019 0.003311 -0.019044 
0.004162 0.033910 -0.019258 -0.028219 
0.011059 0.006575 0.007853 0.010192 
-0.002129 0.013410 -0.007423 0.011369 
0.007744 0.012464 0.000943 0.014643 
0.015602 0.001593 0.012358 0.009656 
-0.016422 0.009000 -0.017894 -0.005522 
0.006015 0.011119 0.001651 0.012534 
-0.002842 -0.018650 0.011586 -0.014888 
-0.013004 -0.007409 -0.007714 -0.012826 
0.019751 0.020018 -0.024064 0.014552 
0.016483 -0.008261 0.017550 0.005652 
0.010900 -0.015475 0.018745 -0.002626 
-0.031773 -0.004163 0.025182 -0.019818 
-0.011884 0.018977 -0.022192 -0.002977 
0.017068 0.021216 -0.023135 0.014359 
0.016099 0.012303 -0.000386 0.020258 
0.029451 0.021680 -0.031245 -0.019004 
0.013229 -0.009597 0.016341 -0.000290 
0.002978 0.001322 0.002945 0.001394 
0.011364 -0.034991 -0.009554 0.035528 
-0.014802 -0.000810 -0.012588 -0.007830 
0.000612 -0.025163 0.025045 -0.002511 
-0.016792 -0.011259 -0.000948 -0.020195 
-0.002352 -0.014415 0.004668 -0.013840 
0.008757 -0.002444 0.009060 -0.000757 
-0.009614 0.014686 -0.016831 0.004981 
0.016922 0.019353 -0.018271 0.018085 
0.017958 -0.010534 0.018663 0.009226 
0.009636 -0.014783 0.016948 -0.004914 
-0.021321 -0.027467 0.030009 0.017564 
-0.037842 0.013974 0.039367 0.008803 
0.026265 0.017741 -0.030679 0.007961 
0.003391 -0.009598 0.005547 -0.008536 
-0.006309 -0.000561 -0.006231 -0.001136 
0.007035 0.012155 0.001043 0.014005 
0.002789 0.006595 0.002000 0.006876 
0.009455 -0.007401 0.011340 -0.003947 
-0.011040 -0.016716 0.006539 -0.018935 
-0.012729 0.010185 -0.016265 0.001108 
-0.005387 0.021474 -0.021672 0.004527 
0.036582 -0.009160 -0.037342 0.005261 
-0.005101 -0.026917 0.027369 -0.001217 
0.004432 -0.031605 0.019989 0.024879 
-0.004019 -0.012361 0.000927 -0.012965 
0.026798 -0.013361 -0.000417 0.029941 
-0.003246 -0.012161 0.001268 -0.012522 
0.020798 0.017171 -0.018969 0.019172 
-0.010405 -0.012153 -0.001974 -0.015876 
0.015146 0.008012 0.006892 0.015687 
0.000565 0.019298 -0.014139 0.013146 
0.014110 -0.000331 0.012821 0.005901 
0.005550 -0.008184 0.007224 -0.006752 
0.000249 -0.003918 0.000387 -0.003907 
0.019677 -0.022350 0.011464 0.027483 
-0.020417 0.003449 -0.014254 -0.015019 
0.015681 0.020899 -0.020706 0.015934 
0.012326 -0.003213 0.012653 0.001468 
-0.025495 0.017259 -0.000054 -0.030788 
-0.006821 0.030314 -0.020394 -0.023443 
0.001678 0.009809 -0.000563 0.009936 
-0.018394 0.004467 -0.015835 -0.010371 
0.021250 0.009247 -0.001524 0.023124 
0.004658 -0.029402 0.024406 0.017045 
-0.018014 -0.023425 0.028755 -0.006811 
-0.015253 -0.000121 -0.013089 -0.007831 
-0.009055 0.005722 -0.010228 0.003182 
-0.008466 0.032093 -0.011954 -0.030963 
0.010375 0.011840 0.002411 0.015557 
0.009063 -0.020902 0.022776 0.000532 
-0.004608 -0.016929 0.007427 -0.015896 
0.000189 0.017943 -0.011895 0.013436 
0.009601 0.013233 0.000285 0.016346 
0.022714 -0.016578 0.010842 0.025946 
-0.004116 -0.009050 -0.001986 -0.009742 
0.021120 0.011721 -0.006395 0.023292 
0.001727 -0.005104 0.002061 -0.004978 
0.011576 -0.015857 0.019597 -0.001181 
-0.014457 -0.011111 -0.002841 -0.018011 
-0.005633 0.002366 -0.005814 0.001877 
0.032025 -0.002664 -0.020802 0.024495 
0.003624 0.006285 0.002845 0.006674 
-0.006729 0.001719 -0.006877 0.000969 
0.009332 0.007963 0.006104 0.010641 
0.005841 0.006682 0.004551 0.007619 
0.038783 -0.004715 -0.038107 -0.008617 
-0.012569 -0.016738 0.007301 -0.019617 
-0.016473 0.004653 -0.015808 -0.006566 
-0.026972 -0.002954 0.005900 -0.026484 
-0.010707 0.006764 -0.012419 0.002481 
-0.004172 -0.011225 -0.000341 -0.011970 
0.024450 -0.011223 0.009192 0.025284 
0.019418 -0.010621 0.018040 0.012823 
0.013458 -0.003796 0.013778 0.002386 
-0.000418 -0.004305 -0.000234 -0.004319 
0.009589 0.012022 0.002046 0.015241 
0.008118 0.015719 -0.004169 0.017193 
0.003051 -0.016382 0.012162 -0.011392 
0.010098 -0.002784 0.010473 -0.000193 
0.003842 0.017355 -0.008577 0.015569 
-0.023734 0.015114 -0.009123 -0.026618 
0.007739 0.012304 0.001148 0.014490 
-0.001910 -0.026756 0.026824 0.000022 
-0.023830 0.008775 -0.011075 -0.022852 
0.010128 0.022311 -0.019853 0.014360 
0.036104 0.003681 -0.036272 0.001194 
-0.018208 -0.024771 0.030709 -0.001439 
-0.030022 0.005011 0.011260 -0.028277 
0.003290 0.028989 -0.028197 -0.007490 
0.036538 -0.012738 -0.038629 0.002261 
-0.014668 -0.024746 0.028096 -0.006178 
-0.019726 -0.000892 -0.011719 -0.015893 
0.028971 0.000756 -0.010557 0.026989 
-0.001109 -0.005911 -0.000617 -0.005983 
0.007110 -0.006078 0.008175 -0.004546 
-0.030870 0.007262 0.015048 -0.027915 
-0.031351 0.002986 0.017747 -0.026016 
0.014159 0.033326 -0.018921 -0.030873 
0.010736 -0.005201 0.011835 -0.001501 
0.002964 0.030302 -0.027439 -0.013194 
0.012638 0.019321 -0.013746 0.018549 
0.020105 -0.030219 -0.015896 0.032630 
-0.006131 -0.002965 -0.005783 -0.003596 
0.030886 -0.021623 -0.032963 0.018302 
0.026224 -0.020712 -0.010203 0.031821 
-0.001307 -0.023783 0.022531 -0.007726 
-0.005959 0.009226 -0.008243 0.007258 
0.006017 0.002720 0.005717 0.003305 
-0.008214 0.017262 -0.018305 0.005509 
0.014992 -0.002651 0.014280 0.005281 
-0.001088 -0.011467 0.002382 -0.011269 
-0.015132 -0.009746 -0.004608 -0.017399 
-0.010989 0.015885 -0.019190 0.002194 
0.017947 0.000036 0.013284 0.012067 
0.012297 0.009058 0.005995 0.014048 
0.004136 -0.013494 0.009643 -0.010306 
-0.000171 0.019541 -0.015070 0.012441 
0.013040 -0.007749 0.015168 -0.000164 
-0.018416 -0.009257 -0.002775 -0.020424 
-0.010865 -0.006051 -0.008102 -0.009434 
0.020499 -0.003008 0.013915 0.015350 
-0.008630 -0.004167 -0.007574 -0.005872 
0.022068 0.011365 -0.007608 0.023627 
0.031038 0.006222 -0.025089 0.019304 
0.004389 -0.004219 0.004730 -0.003833 
0.022613 0.020734 -0.029722 0.007605 
0.019356 0.001965 0.011072 0.015998 
0.017313 0.022516 -0.026330 0.010652 
0.013017 0.007233 0.007876 0.012638 
0.002430 0.012646 -0.002417 0.012649 
0.009581 0.000847 0.009191 0.002837 
0.005183 -0.005413 0.005833 -0.004706 
0.009377 0.001904 0.008778 0.003808 
-0.007931 0.005342 -0.008866 0.003582 
0.004795 -0.019037 0.017727 -0.008435 
-0.011510 0.002924 -0.011843 -0.000869 
-0.001614 -0.006610 -0.000908 -0.006743 
0.014782 0.011619 0.001831 0.018712 
-0.012005 0.012644 -0.017315 0.002040 
0.001157 0.006653 0.000459 0.006737 
0.001521 -0.002937 0.001594 -0.002898 
0.009635 -0.021526 0.023414 0.002823 
-0.009155 0.030263 -0.016938 -0.026698 
0.029896 -0.005880 -0.010576 0.028574 
0.031146 0.005647 -0.024720 0.019771 
0.003367 -0.033309 0.015514 0.029667 
-0.014555 0.011739 -0.018565 -0.002231 
0.016025 0.017992 -0.013559 0.019916 
0.008605 0.011200 0.002801 0.013843 
-0.001654 0.011088 -0.004724 0.010167 
0.015755 0.005055 0.009818 0.013318 
0.012343 -0.023025 0.023178 0.012052 
-0.001836 -0.012683 0.002936 -0.012474 
0.016345 0.023372 -0.027038 0.009076 
0.008970 0.003723 0.007967 0.005554 
0.024053 0.023491 -0.032863 -0.007099 
0.023128 -0.014581 0.011313 0.024890 
0.012296 -0.008693 0.014986 -0.001469 
-0.005584 -0.004796 -0.004950 -0.005448 
-0.006085 0.005489 -0.006852 0.004495 
-0.003041 0.007228 -0.004023 0.006731 
-0.012515 0.020542 -0.022998 -0.007050 
0.020415 -0.011480 0.017293 0.015796 
0.011184 -0.019899 0.022631 0.002979 
0.010757 -0.003653 0.011354 -0.000371 
0.018309 0.003977 0.009880 0.015919 
-0.022061 -0.016258 0.019253 -0.019502 
0.005466 0.015576 -0.004635 0.015843 
-0.007168 -0.029004 0.029124 0.006661 
-0.002200 -0.006627 -0.001450 -0.006830 
0.030267 0.003293 -0.018521 0.024164 
-0.008020 -0.006812 -0.006062 -0.008601 
0.003002 0.013534 -0.003033 0.013528 
0.009289 0.013298 0.000146 0.016220 
0.023512 -0.002023 0.008865 0.021871 
0.029921 0.024409 -0.022555 -0.031342 
-0.001235 -0.017753 0.010821 -0.014128 
-0.002487 -0.002739 -0.002400 -0.002816 
0.006451 0.011086 0.001935 0.012679 
0.031935 0.007869 -0.029895 0.013714 
0.027206 -0.022844 -0.020412 0.029075 
0.019465 0.000873 0.011933 0.015403 
-0.013383 0.010040 -0.016730 0.000076 
-0.001947 -0.009337 0.000020 -0.009538 
0.009859 0.001434 0.009285 0.003613 
0.000286 -0.013679 0.005930 -0.012330 
-0.011212 -0.001689 -0.010244 -0.004860 
0.018036 -0.002113 0.014606 0.010790 
-0.023754 -0.005783 0.000799 -0.024435 
-0.020276 0.002860 -0.014012 -0.014932 
-0.008046 -0.000528 -0.007879 -0.001712 
0.014420 0.008734 0.006210 0.015674 
0.019786 -0.016731 0.017467 0.019140 
-0.012328 -0.006996 -0.007955 -0.011732 
0.000938 -0.019040 0.014680 -0.012162 
-0.017878 0.001552 -0.014300 -0.010841 
-0.006776 0.001614 -0.006913 0.000855 
0.016829 -0.008069 0.017543 0.006367 
0.006607 -0.011618 0.010673 -0.008045 
0.004277 -0.022213 0.022114 -0.004765 
-0.008979 0.015401 -0.016937 0.005563 
0.003670 -0.021554 0.020818 -0.006683 
-0.000767 -0.009632 0.001288 -0.009576 
-0.005650 -0.006095 -0.004623 -0.006906 
0.001222 -0.005338 0.001584 -0.005242 
0.032190 0.001939 -0.024521 0.020946 
-0.015465 -0.026040 0.030284 -0.000379 
-0.015287 0.019350 -0.021802 -0.011524 
0.009431 -0.005600 0.010596 -0.002832 
-0.007474 0.022072 -0.023303 0.000104 
0.032713 -0.014709 -0.029049 0.021040 
-0.013839 -0.026655 0.030032 0.000293 
-0.002298 -0.020811 0.016282 -0.013163 
0.002000 -0.018012 0.013739 -0.011818 
-0.013058 -0.014139 0.001923 -0.019150 
-0.015311 0.013792 -0.020034 -0.004824 
0.028124 0.004545 -0.012197 0.025745 
0.016773 -0.021833 0.018885 0.020035 
-0.012382 -0.016972 0.007743 -0.019530 
0.000737 -0.008358 0.002065 -0.008132 
0.007556 0.003963 0.006796 0.005158 
0.006337 -0.016333 0.015375 -0.008398 
-0.010991 -0.022470 0.020686 -0.014064 
-0.014407 0.003647 -0.014376 -0.003768 
0.028040 -0.017071 -0.011033 0.030918 
0.005044 -0.032219 0.017271 0.027663 
-0.008814 -0.007368 -0.006230 -0.009652 
0.010554 -0.003028 0.010980 -0.000046 
-0.014795 -0.003935 -0.010720 -0.010929 
0.005902 -0.005954 0.006777 -0.004935 
-0.000125 0.017474 -0.011315 0.013316 
-0.008628 0.007569 -0.010483 0.004673 
-0.003004 0.018953 -0.016127 0.010401 
0.001061 -0.008862 0.002647 -0.008524 
0.003525 0.036198 -0.007888 -0.035504 
0.026991 -0.005702 0.001141 0.027563 
0.024942 0.012876 -0.018182 0.021385 
0.032829 0.004990 -0.029558 0.015132 
0.021935 0.001082 0.008961 0.020050 
0.016109 0.024862 -0.029327 0.004192 
0.016076 0.013636 -0.003093 0.020852 
0.018128 0.013013 -0.004186 0.021919 
0.009823 -0.015634 0.017972 -0.004236 
0.008945 -0.007162 0.010661 -0.004201 
0.004102 -0.014197 0.010391 -0.010507 
0.028699 0.008213 -0.020183 0.021994 
0.006497 -0.034385 0.005541 0.034552 
-0.011357 0.000722 -0.011074 -0.002618 
0.008856 -0.010187 0.012217 -0.005739 
0.016876 -0.017576 0.020775 0.012734 
-0.022117 -0.011049 0.007024 -0.023705 
-0.013487 0.004872 -0.014232 -0.001756 
-0.028118 0.000483 0.006074 -0.027458 
0.020859 0.013795 -0.010684 0.022611 
-0.001355 -0.012641 0.003296 -0.012279 
0.020511 -0.007762 0.016250 0.014727 
-0.032047 -0.018563 0.032231 0.018241 
-0.028753 0.020572 0.021734 -0.027885 
-0.007716 0.016707 -0.017192 0.006567 
0.001216 0.004539 0.000985 0.004595 
0.008610 0.006499 0.006602 0.008532 
-0.021912 -0.030913 0.017502 0.033607 
-0.015274 -0.020629 0.019569 -0.016611 
-0.005272 -0.001191 -0.005181 -0.001539 
-0.001473 -0.004427 -0.001251 -0.004495 
-0.008763 0.017857 -0.019450 0.004170 
-0.006727 -0.006164 -0.005442 -0.007324 
-0.010792 -0.002226 -0.009771 -0.005094 
0.023305 -0.012832 0.011766 0.023861 
0.001330 -0.012735 0.005895 -0.011367 
0.010906 0.010204 0.004547 0.014226 
-0.007036 -0.012942 -0.000038 -0.014731 
-0.012830 -0.002385 -0.010968 -0.007071 
0.004335 0.007184 0.003130 0.007785 
-0.020927 -0.011598 0.005740 -0.023227 
-0.008969 -0.009082 -0.005054 -0.011721 
-0.033520 0.006729 0.026776 -0.021257 
-0.006557 -0.010077 -0.002938 -0.011658 
0.017663 0.001733 0.012147 0.012939 
0.011499 0.008286 0.006641 0.012521 
0.012506 0.008655 0.006441 0.013778 
0.022082 -0.013953 0.014238 0.021900 
0.005901 -0.015957 0.014454 -0.008975 
-0.002009 0.013399 -0.007288 0.011422 
-0.015980 0.002784 -0.014756 -0.006736 
0.012070 0.006368 0.008368 0.010780 
-0.015240 -0.008526 -0.006225 -0.016316 
-0.013730 0.009862 -0.016897 -0.000501 
0.019986 -0.002025 0.013700 0.014692 
-0.016359 -0.023217 0.026749 -0.009548 
-0.013858 -0.005780 -0.009217 -0.011854 
0.012156 -0.020023 0.022820 0.005286 
-0.005033 -0.000682 -0.004984 -0.000977 
0.015924 -0.002581 0.014640 0.006776 
-0.005240 -0.016322 0.006043 -0.016042 
-0.017904 0.011978 -0.019207 -0.009753 
0.001129 0.016709 -0.009078 0.014073 
0.019406 -0.008532 0.017354 0.012175 
0.017501 0.015240 -0.008507 0.021592 
-0.001617 0.011893 -0.005372 0.010733 
-0.008272 -0.004077 -0.007330 -0.005596 
-0.000923 -0.019601 0.014508 -0.013213 
0.001265 -0.009985 0.003520 -0.009429 
-0.011687 0.004150 -0.012402 -0.000124 
0.017062 -0.002986 0.015102 0.008482 
0.010226 0.018279 -0.009886 0.018465 
0.023069 -0.023623 -0.003991 0.032777 
-0.004354 -0.008861 -0.002291 -0.009603 
-0.008046 -0.007533 -0.005676 -0.009449 
-0.011991 -0.007949 -0.007059 -0.012536 
0.005833 -0.017490 0.016414 -0.008396 
-0.014697 -0.007686 -0.007376 -0.014855 
-0.021603 0.016798 -0.013642 -0.023723 
-0.010340 0.020017 -0.022483 -0.001463 
-0.011365 0.000513 -0.011022 -0.002818 
0.005904 -0.011131 0.009467 -0.008314 
-0.010738 0.003841 -0.011392 0.000531 
0.015649 -0.003313 0.014881 0.005867 
-0.008372 0.011618 -0.012714 0.006590 
0.014334 -0.002506 0.013856 0.004444 
-0.010536 -0.007425 -0.007038 -0.010798 
0.021833 0.021741 -0.030252 0.005845 
0.022126 -0.027353 -0.012544 0.032870 
-0.008349 -0.015486 0.003705 -0.017199 
0.016423 0.012487 -0.001055 0.020605 
0.009207 0.014314 -0.001526 0.016951 
-0.007774 -0.016059 0.004860 -0.017167 
-0.006248 0.020635 -0.021061 0.004611 
-0.004346 0.002995 -0.004527 0.002713 
-0.008241 0.001941 -0.008447 0.000573 
0.015538 0.003661 0.010970 0.011598 
-0.021823 -0.017989 0.022917 -0.016572 
0.021584 0.022607 -0.031092 0.003198 
0.010331 0.005141 0.008318 0.007998 
-0.013067 0.024326 -0.021763 -0.016997 
-0.008086 0.020144 -0.021566 0.002456 
0.002825 -0.009909 0.005121 -0.008941 
-0.026809 0.028655 0.035425 -0.016879 
0.017691 0.028111 -0.030767 -0.012513 
0.027967 0.014983 -0.029787 0.010924 
0.002923 -0.036564 -0.000375 0.036679 
-0.006484 0.001114 -0.006563 0.000468 
0.005905 -0.033685 0.010034 0.032693 
-0.028022 -0.018697 0.033663 0.001274 
-0.005874 -0.001241 -0.005752 -0.001720 
-0.001846 -0.025475 0.025242 -0.003907 
-0.018410 -0.011306 0.000985 -0.021582 
-0.018132 -0.020030 0.021673 -0.016132 
-0.010835 -0.006128 -0.008041 -0.009503 
0.003997 -0.006866 0.004941 -0.006221 
0.007305 0.008775 0.004411 0.010531 
-0.010986 -0.025224 0.026635 -0.006895 
-0.017540 -0.023188 0.027875 -0.008267 
-0.025451 -0.012340 0.018378 -0.021501 
-0.017295 -0.011141 -0.000662 -0.020562 
-0.002960 -0.002167 -0.002892 -0.002257 
-0.020105 -0.020597 0.025884 -0.012588 
0.003480 0.024605 -0.023729 0.007377 
-0.022073 0.031576 0.029128 -0.025215 
0.021347 0.028027 -0.028833 -0.020244 
0.017729 0.021288 -0.024140 0.013594 
0.027481 0.002747 -0.007376 0.026615 
0.013300 -0.012743 0.018418 0.000196 
-0.009028 -0.010620 -0.003596 -0.013466 
0.010053 0.014600 -0.002024 0.017611 
-0.020770 0.015812 -0.016122 -0.020530 
-0.011277 -0.009095 -0.005814 -0.013270 
0.006228 -0.010837 0.009620 -0.007980 
-0.008510 0.012535 -0.013641 0.006594 
0.005686 -0.029017 0.024084 0.017155 
-0.020570 0.027263 0.005705 -0.033672 
0.015220 -0.002170 0.014172 0.005959 
0.001655 -0.003655 0.001788 -0.003591 
-0.014219 0.016345 -0.021158 -0.004658 
0.023649 0.004853 0.000910 0.024125 
0.002636 -0.018992 0.015896 -0.010723 
-0.003909 0.005980 -0.004578 0.005485 
0.028847 -0.018954 -0.018572 0.029095 
0.021321 0.000348 0.010528 0.018543 
0.029921 0.006500 -0.021613 0.021689 
-0.002914 -0.016815 0.008081 -0.015031 
0.006654 0.003570 0.006134 0.004404 
0.000835 0.002128 0.000810 0.002138 
-0.008689 -0.020377 0.014562 -0.016693 
0.009222 0.024375 -0.024184 0.009711 
0.016445 -0.004833 0.015886 0.006437 
0.021935 -0.030006 -0.022314 0.029725 
-0.010433 -0.001628 -0.009687 -0.004203 
-0.004582 0.018002 -0.015993 0.009450 
0.002695 0.013140 -0.002776 0.013123 
-0.008411 -0.006034 -0.006699 -0.007892 
0.010728 0.015155 -0.003162 0.018296 
0.009659 -0.014807 0.016995 -0.004872 
-0.000296 -0.037954 -0.005287 0.037585 
-0.005998 0.015816 -0.014376 0.008914 
0.021153 0.003040 0.008033 0.019803 
0.027112 -0.002740 -0.000652 0.027242 
-0.007594 -0.011984 -0.001490 -0.014109 
0.014987 0.008112 0.006817 0.015619 
0.005894 0.028905 -0.028821 -0.006294 
0.007582 -0.019808 0.020874 -0.003759 
-0.006816 -0.003708 -0.006243 -0.004607 
0.012358 0.011406 0.003006 0.016546 
0.024482 -0.000732 0.005607 0.023843 
0.026082 -0.003026 0.002940 0.026092 
-0.018135 -0.024791 0.030680 -0.001483 
-0.026046 0.002529 -0.002719 -0.026027 
-0.001094 0.010096 -0.003419 0.009562 
0.015266 -0.009292 0.017575 0.003243 
-0.018128 -0.015915 0.011104 -0.021416 
-0.012190 0.015049 -0.019356 0.000651 
-0.015546 0.006025 -0.016091 -0.004366 
0.009864 0.017158 -0.007203 0.018434 
-0.003573 -0.009016 -0.001570 -0.009570 
-0.003886 0.022393 -0.022181 0.004952 
-0.003628 -0.006530 -0.002769 -0.006938 
0.002326 -0.001566 0.002353 -0.001524 
-0.005484 0.005888 -0.006291 0.005016 
0.005459 -0.012112 0.009772 -0.009001 
-0.012635 -0.012394 -0.001411 -0.017643 
0.022230 0.024477 -0.032482 -0.006180 
0.025665 -0.015137 0.002283 0.029708 
0.018017 -0.006031 0.016663 0.009128 
0.029569 0.006714 -0.020703 0.022153 
0.005262 -0.028541 0.024973 0.014785 
-0.015498 -0.010450 -0.003343 -0.018390 
0.007831 -0.009689 0.010707 -0.006369 
0.010332 -0.015512 0.018302 -0.003521 
0.008342 -0.033628 0.005439 0.034218 
-0.027718 0.005604 0.001569 -0.028235 
-0.031845 -0.005982 0.027474 -0.017178 
-0.019749 0.000915 -0.013106 -0.014801 
-0.008101 -0.022263 0.019027 -0.014116 
-0.026815 -0.004252 0.007227 -0.026170 
0.004291 0.010229 0.001286 0.011018 
-0.028356 0.017240 0.012840 -0.030600 
-0.015637 -0.007707 -0.007092 -0.015925 
0.006718 -0.002625 0.006982 -0.001811 
-0.000068 0.017496 -0.011310 0.013350 
0.000487 0.007599 -0.000521 0.007597 
-0.009623 -0.012572 -0.001281 -0.015780 
0.016084 0.014126 -0.004172 0.020996 
-0.004188 -0.017139 0.008007 -0.015722 
0.001304 -0.014155 0.007470 -0.012095 
-0.012365 0.006165 -0.013812 0.000368 
-0.010082 -0.005448 -0.008023 -0.008182 
-0.006333 -0.009606 -0.003186 -0.011056 
-0.030055 -0.008183 0.024598 -0.019110 
-0.029787 0.006895 0.010085 -0.028864 
-0.018343 -0.014673 0.008354 -0.021953 
-0.002293 -0.019402 0.013372 -0.014244 
-0.009586 -0.016570 0.005881 -0.018218 
0.004100 0.028049 -0.028148 -0.003358 
0.005759 -0.032398 0.015585 0.028981 
-0.013056 0.007404 -0.015010 0.000023 
0.022921 0.002481 0.005690 0.022342 
-0.002450 -0.009164 -0.000529 -0.009471 
0.011323 0.021943 -0.019581 0.015043 
0.010961 0.021041 -0.017099 0.016447 
0.005808 0.014320 -0.002460 0.015255 
0.002231 0.007046 0.001338 0.007268 
0.010805 0.024443 -0.025046 0.009322 
0.032417 0.027212 0.003210 -0.042202 
0.005286 -0.019776 0.019210 -0.007074 
-0.023574 0.011388 -0.011526 -0.023507 
-0.001402 0.006084 -0.001937 0.005935 
0.007606 -0.014382 0.014430 -0.007513 
-0.013092 -0.018647 0.012353 -0.019144 
0.012547 -0.016926 0.021001 0.001697 
0.014051 0.005997 0.009056 0.012304 
0.017970 -0.002184 0.014657 0.010624 
0.012134 0.002453 0.010558 0.006463 
-0.006422 -0.022590 0.019536 -0.013036 
0.011125 0.021038 -0.017181 0.016467 
0.003634 -0.010024 0.006085 -0.008755 
-0.003679 0.021805 -0.021207 0.006264 
0.035870 -0.006847 -0.035038 0.010287 
-0.000327 -0.022244 0.019977 -0.009788 
0.018387 -0.021288 0.016405 0.022850 
-0.024911 -0.020684 0.032330 -0.001779 
-0.018387 -0.000457 -0.012851 -0.013159 
-0.008481 0.003985 -0.009104 0.002216 
0.004661 -0.007233 0.005811 -0.006346 
-0.001702 0.019564 -0.016169 0.011145 
0.005491 -0.007335 0.006788 -0.006154 
-0.005561 0.005874 -0.006373 0.004981 
0.000745 0.012579 -0.003765 0.012026 
-0.037734 0.009696 0.038858 0.002820 
0.021570 0.017808 -0.022009 0.017263 
0.003399 0.001212 0.003362 0.001313 
-0.017430 0.003892 -0.015599 -0.008697 
0.006633 0.010729 0.002387 0.012386 
-0.019812 0.006813 -0.016409 -0.013026 
-0.025141 -0.012156 0.017124 -0.022059 
-0.022396 0.003991 -0.012191 -0.019206 
0.011719 0.001231 0.010752 0.004823 
-0.016742 0.006237 -0.016643 -0.006498 
0.008385 0.000795 0.008147 0.002137 
0.005328 0.018253 -0.009801 0.016294 
-0.022704 -0.003656 -0.004652 -0.022521 
-0.001341 0.003364 -0.001441 0.003322 
0.007990 -0.031938 0.013480 0.030036 
0.000401 -0.021795 0.019459 -0.009824 
-0.003088 -0.016543 0.007503 -0.015064 
-0.009504 0.008612 -0.012000 0.004526 
0.012858 -0.011865 0.017477 -0.000811 
0.011740 -0.007492 0.013818 -0.001738 
-0.020500 0.006105 -0.015575 -0.014661 
-0.014224 -0.004016 -0.010570 -0.010331 
0.014838 0.013395 -0.001516 0.019933 
0.004194 0.004676 0.003756 0.005034 
0.002396 0.007097 0.001470 0.007345 
-0.013557 -0.008962 -0.006083 -0.015071 
0.015854 -0.007042 0.016723 0.004612 
-0.029433 -0.007366 0.021256 -0.021650 
-0.014287 -0.004688 -0.010111 -0.011130 
0.007614 -0.006811 0.009006 -0.004821 
0.011635 -0.022033 0.023552 0.008133 
-0.015238 -0.016547 0.008987 -0.020621 
-0.002664 0.009723 -0.004828 0.008850 
-0.004587 0.007002 -0.005644 0.006182 
0.018804 -0.008442 0.017594 0.010738 
-0.007274 -0.029789 0.028944 0.010125 
-0.010710 0.023208 -0.023982 -0.008840 
0.024350 0.002511 0.002440 0.024358 
0.009035 0.000339 0.008815 0.002010 
-0.029527 -0.003983 0.016577 -0.024756 
0.003550 0.039995 0.017494 -0.036141 
0.018952 -0.030273 -0.011584 0.033786 
-0.018432 -0.008061 -0.004674 -0.019567 
0.009667 0.008081 0.006173 0.010984 
-0.001464 -0.006171 -0.000892 -0.006280 
0.033246 0.004916 -0.030740 0.013583 
0.029893 -0.019465 -0.024507 0.025921 
0.015682 -0.028369 0.007629 0.031505 
-0.009090 -0.008185 -0.005823 -0.010757 
0.003440 0.004699 0.003066 0.004951 
0.004836 -0.015387 0.012620 -0.010045 
0.020715 0.005839 0.005083 0.020914 
-0.008514 -0.022373 0.019399 -0.014026 
0.002512 0.032407 -0.023468 -0.022490 
0.014750 0.005014 0.009904 0.012025 
-0.004302 0.010570 -0.007210 0.008846 
0.010773 0.000782 0.010187 0.003590 
-0.004794 -0.012230 0.000268 -0.013133 
0.002320 0.015913 -0.006933 0.014510 
-0.007407 0.000946 -0.007467 -0.000002 
0.015941 -0.008035 0.017248 0.004602 
0.006675 0.000645 0.006574 0.001326 
-0.010702 -0.005341 -0.008423 -0.008492 
-0.013025 -0.003474 -0.010520 -0.008430 
-0.008169 0.018491 -0.019720 0.004447 
0.030220 0.006437 -0.022567 0.021105 
0.004672 -0.030688 0.022062 0.021836 
0.004970 -0.011690 0.008846 -0.009116 
0.002053 0.005161 0.001685 0.005293 
0.010086 0.017549 -0.008138 0.018533 
0.019660 0.030585 -0.023274 -0.027934 
-0.002376 0.008802 -0.003994 0.008196 
-0.008528 -0.013176 -0.000189 -0.015693 
-0.004582 0.008241 -0.006149 0.007148 
0.023663 -0.009696 0.011504 0.022838 
0.011963 -0.026191 0.021057 0.019639 
-0.023084 -0.010078 0.007186 -0.024141 
-0.010124 0.001028 -0.010083 -0.001372 
-0.007687 -0.013943 0.001191 -0.015876 
0.030050 -0.018505 -0.023289 0.026515 
0.024747 0.007714 -0.006800 0.025013 
-0.005092 0.007895 -0.006569 0.006716 
-0.004339 0.002957 -0.004516 0.002678 
0.007077 0.014439 -0.002159 0.015935 
0.027390 -0.017358 -0.008495 0.031294 
-0.018250 -0.014944 0.008872 -0.021855 
0.011696 0.030399 -0.028829 -0.015158 
0.019368 0.012590 -0.005131 0.022523 
0.007970 -0.005451 0.008942 -0.003644 
0.013249 0.008178 0.006972 0.013921 
-0.025314 -0.007968 0.008906 -0.025000 
-0.012789 0.005909 -0.014085 -0.000286 
-0.006074 -0.009260 -0.003278 -0.010578 
0.004639 0.006494 0.003649 0.007097 
-0.005646 -0.005989 -0.004656 -0.006787 
-0.006280 -0.005417 -0.005355 -0.006333 
0.028793 0.000412 -0.009514 0.027179 
-0.015666 0.000221 -0.013387 -0.008140 
0.019054 -0.010788 0.018322 0.011989 
-0.020468 -0.012779 0.007514 -0.022930 
-0.006867 0.008295 -0.008799 0.006209 
0.017771 0.004296 0.009873 0.015388 
0.004359 -0.012392 0.008782 -0.009769 
0.009594 0.001325 0.009094 0.003334 
-0.020403 0.017268 -0.016004 -0.021409 
0.015468 -0.011972 0.019110 0.004169 
-0.027099 -0.002820 0.006151 -0.026542 
-0.002149 0.031673 -0.022164 -0.022728 
0.026175 -0.011096 0.003584 0.028203 
0.011967 -0.001000 0.011648 0.002923 
-0.001047 0.008367 -0.002386 0.008088 
-0.012216 -0.010142 -0.004727 -0.015157 
-0.025381 0.000272 -0.002798 -0.025228 
-0.005050 -0.002815 -0.004821 -0.003191 
-0.011509 -0.023149 0.022609 -0.012536 
-0.005906 -0.010040 -0.002564 -0.011362 
0.016365 0.011920 0.000109 0.020246 
0.008262 -0.009789 0.011271 -0.006087 
-0.024539 0.018120 -0.002509 -0.030401 
-0.011919 0.017937 -0.021476 -0.001606 
-0.018190 0.023571 -0.013227 -0.026674 
0.016637 0.021711 -0.023786 0.013506 
0.017632 0.011472 -0.000343 0.021033 
0.011023 0.025431 -0.027013 0.006205 
0.011443 0.024329 -0.025163 0.009472 
0.002586 0.018971 -0.012357 0.014625 
-0.006557 0.007266 -0.007978 0.005670 
-0.007786 0.014039 -0.014269 0.007356 
-0.028001 -0.004410 0.011557 -0.025883 
-0.001157 0.015918 -0.009711 0.012665 
-0.002019 -0.008949 -0.000272 -0.009170 
-0.001627 0.029081 -0.026571 -0.011931 
-0.007886 0.004978 -0.008713 0.003325 
0.012397 0.000779 0.011367 0.005009 
-0.004031 -0.020381 0.014762 -0.014619 
-0.013122 0.020667 -0.022884 -0.008699 
0.001309 -0.015446 0.009172 -0.012497 
0.008296 0.030500 -0.028535 -0.013595 
-0.002013 0.006448 -0.002673 0.006204 
-0.002706 -0.019859 0.014120 -0.014224 
0.005961 -0.033372 0.011334 0.031950 
-0.034671 -0.018507 0.025185 0.030171 
-0.029096 0.021456 0.025367 -0.025758 
-0.012229 0.006755 -0.013946 0.000824 
-0.000064 -0.005441 0.000304 -0.005433 
-0.016127 0.007016 -0.016823 -0.005128 
-0.004096 0.022793 -0.022831 0.003884 
0.033453 0.009193 -0.034420 0.004339 
0.001376 -0.028453 0.026947 0.009237 
-0.020181 0.022414 -0.009821 -0.028516 
-0.000306 0.019568 -0.015209 0.012317 
-0.008534 0.001307 -0.008632 -0.000157 
-0.009499 -0.020889 0.016065 -0.016386 
-0.009729 -0.012425 -0.001509 -0.015709 
-0.005068 0.012931 -0.010096 0.009537 
-0.020855 -0.000514 -0.010949 -0.017757 
-0.012441 0.001729 -0.012252 -0.002767 
-0.008016 0.005905 -0.009137 0.003955 
-0.003381 0.013320 -0.008638 0.010688 
-0.031958 -0.007389 0.029421 -0.014502 
-0.012285 0.011246 -0.016558 0.001795 
0.002008 0.014826 -0.005501 0.013914 
0.003972 0.001769 0.003892 0.001938 
-0.024706 -0.008813 0.008816 -0.024705 
-0.013603 -0.003813 -0.010537 -0.009410 
0.005332 -0.013231 0.010696 -0.009440 
0.004946 -0.021734 0.021788 -0.004704 
-0.025829 0.016748 0.000539 -0.030779 
-0.008720 0.006046 -0.009970 0.003631 
-0.020666 -0.031201 0.018880 0.032313 
-0.027222 -0.015547 0.029126 -0.011596 
0.001439 -0.003869 0.001588 -0.003810 
0.006002 0.003291 0.005617 0.003913 
-0.003807 -0.000215 -0.003798 -0.000342 
0.006456 0.019855 -0.013143 0.016223 
-0.008624 -0.013286 -0.000046 -0.015840 
0.030897 -0.019243 -0.028449 0.022706 
0.027470 -0.016636 -0.007615 0.031199 
0.017624 -0.003141 0.015212 0.009437 
0.023914 -0.004933 0.009800 0.022364 
-0.011022 -0.018871 0.011642 -0.018495 
0.004486 -0.005468 0.005080 -0.004921 
-0.000000 0.011291 -0.003240 0.010816 
0.004426 0.003315 0.004184 0.003616 
-0.007617 0.017535 -0.018108 0.006131 
0.026453 0.000221 -0.000935 0.026437 
-0.015632 0.006518 -0.016368 -0.004351 
0.013809 -0.001012 0.012936 0.004937 
0.005936 -0.011687 0.009953 -0.008530 
0.001930 -0.013840 0.007709 -0.011655 
-0.031587 -0.003085 0.023340 -0.021506 
0.007092 0.016058 -0.004981 0.016833 
0.003971 -0.023137 0.023237 -0.003336 
-0.009224 -0.008659 -0.005521 -0.011384 
0.011299 0.007588 0.007189 0.011557 
-0.024831 -0.025171 0.030945 0.017106 
-0.027532 0.009303 0.000918 -0.029047 
-0.016798 -0.013464 0.003494 -0.021243 
0.000126 -0.010147 0.002486 -0.009838 
0.005140 -0.011463 0.008851 -0.008914 
-0.005945 0.016094 -0.014672 0.008893 
0.001963 -0.009241 0.003792 -0.008653 
0.009984 -0.016368 0.018850 -0.003503 
-0.025732 0.009823 -0.005563 -0.026976 
-0.006467 0.009905 -0.009251 0.007373 
0.014277 0.009083 0.005809 0.015893 
0.023156 -0.024542 -0.007171 0.032971 
-0.026507 -0.021204 0.033490 0.005540 
-0.015553 -0.000976 -0.012709 -0.009018 
0.010701 -0.007531 0.012763 -0.002885 
0.007741 0.004978 0.006640 0.006373 
-0.005730 0.001493 -0.005831 0.001030 
0.010312 -0.011733 0.014956 -0.004507 
0.028470 0.000030 -0.007891 0.027354 
-0.015735 -0.019869 0.018126 -0.017715 
-0.021827 0.018289 -0.011526 -0.026040 
0.006943 0.017455 -0.007782 0.017097 
-0.006579 -0.016938 0.006796 -0.016852 
0.009099 0.018533 -0.010203 0.017949 
0.007285 -0.028436 0.023414 0.017705 
-0.017916 -0.022230 0.026429 -0.010802 
-0.007913 0.000530 -0.007907 -0.000608 
0.023753 -0.016246 0.007949 0.027658 
0.010621 -0.015819 0.018838 -0.002859 
0.025644 -0.031165 -0.038498 0.012114 
-0.026679 -0.016544 0.029633 -0.010363 
-0.018208 0.034750 0.029604 -0.025742 
0.029307 0.017278 -0.034002 -0.001149 
0.011980 -0.000691 0.011562 0.003214 
0.003223 0.010998 -0.000170 0.011459 
0.002987 0.005904 0.002383 0.006173 
0.004905 0.018410 -0.010256 0.016057 
0.006656 0.005919 0.005481 0.007021 
-0.020885 0.009333 -0.016351 -0.015998 
0.008685 0.008289 0.005540 0.010651 
-0.011735 -0.005556 -0.008790 -0.009556 
-0.001795 -0.001599 -0.001774 -0.001623 
-0.008936 -0.012893 -0.000693 -0.015672 
0.016806 -0.022397 0.018202 0.021279 
-0.033171 0.008643 0.025914 -0.022439 
0.015636 0.018077 -0.013322 0.019845 
0.015126 -0.000602 0.013403 0.007037 
0.008162 -0.006033 0.009344 -0.003965 
0.006331 -0.028637 0.024027 0.016819 
-0.018166 -0.012056 0.002185 -0.021693 
-0.013098 -0.018427 0.011797 -0.019285 
-0.010209 -0.015725 0.004213 -0.018268 
-0.024651 0.026361 0.019905 -0.030105 
0.007013 0.026428 -0.027135 0.003363 
-0.009419 0.008511 -0.011851 0.004553 
-0.028485 -0.006930 0.017275 -0.023686 
-0.002075 0.009987 -0.004367 0.009219 
-0.002165 -0.012152 0.002107 -0.012162 
-0.013774 0.001287 -0.013025 -0.004663 
-0.000381 0.012044 -0.004281 0.011264 
0.008398 0.011747 0.002080 0.014290 
0.019745 -0.009279 0.017402 0.013159 
-0.007980 -0.004010 -0.007122 -0.005389 
-0.007615 -0.022781 0.020144 -0.013084 
-0.005534 0.029332 -0.023763 -0.018064 
0.026836 -0.003197 0.000588 0.027019 
0.004397 0.001578 0.004313 0.001795 
0.001307 -0.004160 0.001486 -0.004099 
-0.033480 -0.025126 0.002840 0.041763 
-0.004174 0.027305 -0.026195 -0.008765 
0.012314 -0.002600 0.012438 0.001925 
0.002346 0.005422 0.001907 0.005592 
-0.004182 -0.010347 -0.001111 -0.011105 
-0.005014 0.004542 -0.005460 0.003994 
-0.005181 -0.018054 0.009430 -0.016244 
-0.013539 0.009390 -0.016475 -0.000222 
0.019355 0.005051 0.007826 0.018409 
0.003830 -0.032010 0.019498 0.025674 
-0.026720 -0.000451 0.002045 -0.026645 
-0.004640 0.012242 -0.008959 0.009547 
-0.031901 -0.008043 0.029993 -0.013519 
-0.017276 0.026886 -0.007554 -0.031052 
0.036295 0.001427 -0.036176 0.003264 
-0.014728 -0.011116 -0.002701 -0.018253 
-0.012966 0.014411 -0.019381 -0.000384 
-0.012624 -0.007447 -0.007628 -0.012516 
-0.011288 -0.011818 -0.002485 -0.016153 
-0.013181 -0.009430 -0.005559 -0.015223 
0.018065 -0.003317 0.015276 0.010199 
-0.031914 0.016596 0.028265 -0.022249 
-0.012935 -0.004532 -0.009879 -0.009500 
0.020108 0.000660 0.011589 0.016446 
0.012087 0.002560 0.010486 0.006534 
-0.001629 -0.008171 -0.000319 -0.008326 
-0.008620 0.006247 -0.009932 0.003833 
-0.007259 0.032473 -0.012766 -0.030728 
0.031985 0.025028 -0.011319 -0.039004 
0.002357 -0.024633 0.024672 -0.001910 
-0.029089 0.014129 0.011535 -0.030211 
-0.018485 0.036015 0.035593 -0.019285 
0.019189 0.022759 -0.028859 0.007305 
0.029360 -0.014693 -0.013575 0.029894 
-0.006055 -0.011968 -0.000773 -0.013390 
-0.004967 -0.004415 -0.004498 -0.004893 
-0.006217 -0.012152 -0.000648 -0.013634 
0.011991 -0.012061 0.016868 -0.002170 
-0.013544 0.002808 -0.013460 -0.003186 
0.001118 -0.007689 0.002163 -0.007462 
0.006999 -0.002987 0.007332 -0.002038 
0.001839 0.010450 -0.000878 0.010574 
-0.005827 -0.029877 0.028572 0.010501 
-0.002375 -0.007598 -0.001255 -0.007861 
0.009967 -0.007059 0.011752 -0.003325 
-0.024219 0.028548 0.025845 -0.027085 
0.001615 0.008797 -0.000009 0.008944 
-0.023834 0.016969 -0.006813 -0.028454 
-0.009509 0.023360 -0.024320 -0.006683 
0.013394 0.032316 -0.023603 -0.025819 
0.009639 -0.005611 0.010825 -0.002685 
-0.012591 -0.014416 0.002263 -0.019006 
-0.002970 0.030644 -0.023744 -0.019599 
0.013268 -0.024689 0.021146 0.018396 
-0.012779 0.016370 -0.020706 -0.001590 
0.013771 0.009680 0.005154 0.016024 
0.007132 0.023230 -0.021083 0.012084 
0.001243 -0.038525 -0.010760 0.037013 
-0.022037 0.025917 0.006942 -0.033304 
0.017960 0.015427 -0.009628 0.021631 
0.018707 0.005987 0.007290 0.018239 
0.001364 0.004234 0.001171 0.004292 
0.007052 0.018680 -0.010424 0.017030 
0.002364 0.011492 -0.001305 0.011660 
-0.010847 -0.023434 0.022883 -0.011966 
-0.022374 -0.009521 0.004388 -0.023916 
-0.007439 0.014498 -0.014374 0.007676 
-0.005279 0.030682 -0.021407 -0.022606 
0.006507 0.002019 0.006257 0.002697 
-0.021412 -0.001896 -0.008912 -0.019561 
0.017763 0.016411 -0.011814 0.021102 
-0.014336 -0.023664 0.025819 -0.009945 
-0.020519 -0.005516 -0.005819 -0.020435 
-0.013586 0.026949 -0.016917 -0.024992 
0.011689 -0.024103 0.023259 0.013289 
-0.022365 0.012281 -0.014123 -0.021249 
0.000809 0.015515 -0.007434 0.013642 
0.014898 -0.008602 0.017005 0.002606 
-0.022059 -0.003404 -0.006174 -0.021449 
0.006159 0.015437 -0.004129 0.016099 
-0.005509 0.008212 -0.007190 0.006788 
0.001125 -0.013651 0.006694 -0.011951 
-0.021113 0.001083 -0.011965 -0.017428 
0.018988 -0.000144 0.013015 0.013827 
-0.016775 0.000780 -0.013884 -0.009446 
0.006259 -0.010967 0.009754 -0.008019 
-0.010501 0.017981 -0.020794 0.001089 
0.007583 0.009759 0.003791 0.011763 
-0.004427 0.000083 -0.004426 -0.000116 
-0.024382 0.027626 0.023209 -0.028619 
0.015612 0.014560 -0.004664 0.020832 
0.003893 -0.012481 0.008349 -0.010061 
-0.022290 0.017064 -0.011572 -0.025576 
-0.009627 0.019033 -0.021286 0.001361 
0.006767 0.014110 -0.001748 0.015551 
0.011161 -0.023813 0.023720 0.011357 
0.012371 -0.023903 0.022793 0.014314 
-0.006094 -0.034510 0.017181 0.030544 
-0.012174 0.004328 -0.012911 -0.000512 
0.001496 0.005658 0.001049 0.005758 
-0.014232 -0.010264 -0.004222 -0.017032 
0.012858 -0.017451 0.021473 0.002959 
-0.000931 -0.015247 0.006942 -0.013607 
-0.017203 0.008740 -0.017919 -0.007159 
-0.004491 0.005694 -0.005141 0.005115 
-0.019511 -0.005893 -0.006586 -0.019288 
-0.008596 0.031913 -0.012398 -0.030637 
0.011378 0.028836 -0.030055 -0.007594 
0.006753 0.007098 0.005049 0.008396 
0.003796 -0.015075 0.011134 -0.010848 
-0.017047 -0.004408 -0.010085 -0.014433 
-0.003850 0.012078 -0.007926 0.009893 
0.012707 0.009957 0.004942 0.015369 
0.014000 -0.015627 0.020697 0.003443 
-0.017535 0.008062 -0.017626 -0.007861 
-0.029982 -0.001854 0.015733 -0.025590 
0.006897 0.014505 -0.002323 0.015892 
0.002627 -0.013523 0.008061 -0.011171 
0.026827 0.003187 -0.005732 0.026400 
0.008174 0.014174 -0.001441 0.016299 
0.019296 -0.003337 0.014924 0.012678 
-0.015641 -0.011713 -0.001098 -0.019510 
0.007688 0.010788 0.002872 0.012932 
-0.012223 -0.013451 0.000301 -0.018173 
-0.002697 -0.019240 0.012847 -0.014574 
-0.006441 0.016537 -0.015739 0.008200 
0.006388 -0.029469 0.022697 0.019851 
-0.026359 -0.020294 0.033238 0.001370 
-0.021112 0.000601 -0.011589 -0.017657 
-0.003634 0.000349 -0.003643 0.000238 
0.012914 -0.020637 0.022939 0.008152 
-0.009159 -0.019392 0.012266 -0.017592 
-0.000488 0.024904 -0.024683 0.003344 
0.008134 -0.017630 0.018672 -0.005325 
-0.006624 0.006585 -0.007797 0.005144 
-0.033354 -0.004442 0.030666 -0.013849 
0.012519 0.015096 -0.003623 0.019274 
0.007287 -0.021604 0.022760 -0.001337 
-0.017402 -0.012573 0.002297 -0.021345 
-0.019638 -0.023331 0.030167 -0.004469 
-0.008926 0.004588 -0.009737 0.002432 
0.022438 -0.026647 -0.011253 0.032968 
-0.002382 -0.027643 0.027604 0.002793 
0.012808 -0.006719 0.014464 -0.000079 
0.001226 0.001498 0.001213 0.001509 
0.020057 0.001815 0.010604 0.017121 
-0.014039 0.022542 -0.021972 -0.014915 
0.022320 -0.020447 0.006618 0.029537 
-0.003979 -0.016276 0.006543 -0.015424 
0.012860 0.017500 -0.009311 0.019620 
-0.000669 0.010311 -0.003138 0.009845 
0.011013 -0.000188 0.010645 0.002831 
0.003181 -0.004762 0.003528 -0.004510 
0.012983 0.007912 0.007231 0.013374 
0.010593 -0.021909 0.023685 0.005588 
-0.000600 -0.024551 0.023976 -0.005316 
-0.007053 0.012351 -0.011818 0.007914 
0.023694 -0.009881 0.011425 0.022989 
0.018458 -0.004514 0.015847 0.010485 
0.026726 0.000474 -0.002091 0.026649 
-0.006847 -0.016527 0.005930 -0.016878 
0.015484 -0.001186 0.013816 0.007090 
0.002661 -0.019431 0.016653 -0.010359 
-0.024556 -0.010904 0.012771 -0.023639 
-0.014103 -0.001058 -0.012191 -0.007169 
0.024066 -0.011420 0.010220 0.024599 
0.023126 -0.016570 0.009610 0.026777 
0.001204 -0.027294 0.026891 0.004824 
-0.024341 -0.002048 -0.003036 -0.024237 
-0.010663 0.018068 -0.020969 0.000685 
-0.002902 0.006410 -0.003607 0.006042 
-0.022332 0.001981 -0.010977 -0.019549 
-0.017712 0.000860 -0.013906 -0.011004 
0.009765 0.015074 -0.002891 0.017727 
-0.001730 -0.026631 0.026686 -0.000254 
-0.010471 -0.002516 -0.009448 -0.005169 
0.015994 0.001796 0.012276 0.010408 
0.013525 -0.010116 0.016890 0.000155 
0.005262 0.004777 0.004677 0.005351 
0.009499 0.022890 -0.020973 0.013203 
0.001966 0.012445 -0.002574 0.012333 
-0.003952 -0.002446 -0.003827 -0.002637 
-0.004822 -0.009590 -0.002162 -0.010514 
0.017992 -0.022091 0.016200 0.023437 
-0.012479 0.009646 -0.015709 0.001418 
0.021947 -0.026138 -0.007331 0.033334 
-0.013618 -0.005390 -0.009482 -0.011161 
-0.022631 0.014800 -0.012499 -0.023978 
-0.015414 0.014866 -0.020582 -0.005912 
-0.010938 0.005420 -0.012120 0.001460 
-0.007896 0.031449 -0.015405 -0.028532 
0.014670 0.018945 -0.014536 0.019047 
0.005169 -0.001054 0.005226 -0.000724 
-0.006749 0.010133 -0.009731 0.007317 
0.015916 -0.009536 0.017994 0.004522 
0.012690 -0.006797 0.014394 -0.000267 
0.014384 0.009366 0.005414 0.016289 
-0.007385 -0.011694 -0.001745 -0.013720 
-0.010071 0.021377 -0.023385 -0.003401 
0.008234 0.021967 -0.018347 0.014620 
0.021004 -0.015997 0.015558 0.021331 
0.003223 -0.006918 0.004112 -0.006430 
0.012484 -0.003023 0.012721 0.001781 
-0.002925 0.012965 -0.007779 0.010777 
0.022350 -0.018051 0.010275 0.026829 
-0.001890 -0.030476 0.026855 0.014532 
-0.015112 0.006975 -0.016312 -0.003309 
0.009172 -0.001070 0.009205 0.000725 
-0.032301 0.002881 0.021901 -0.023917 
0.019604 0.025786 -0.031898 -0.005630 
0.002424 0.012855 -0.002655 0.012810 
-0.012039 0.010010 -0.015516 0.002091 
0.026540 0.004048 -0.006022 0.026163 
0.010822 0.005402 0.008453 0.008652 
-0.007420 0.007022 -0.008868 0.005073 
0.028208 -0.014911 -0.008426 0.030774 
0.002320 -0.010507 0.004984 -0.009536 
-0.003478 0.021865 -0.021191 0.006413 
0.003414 0.016561 -0.007349 0.015229 
0.022339 -0.011025 0.014319 0.020386 
0.017347 -0.011663 0.019206 0.008250 
0.006247 -0.021942 0.022687 -0.002394 
-0.023928 0.007682 -0.010692 -0.022744 
0.017683 -0.015253 0.020109 0.011873 
-0.030579 0.009784 0.014626 -0.028581 
-0.007302 0.008833 -0.009585 0.006282 
0.007251 -0.025901 0.025230 0.009323 
-0.010505 -0.017463 0.008061 -0.018717 
-0.017788 0.001046 -0.014009 -0.011011 
0.000136 0.013103 -0.004881 0.012161 
-0.008228 -0.007382 -0.005877 -0.009362 
-0.018498 -0.005566 -0.007992 -0.017586 
-0.007200 0.025316 -0.025236 -0.007474 
0.023738 0.000671 0.005988 0.022981 
0.011020 -0.010134 0.014571 -0.003439 
0.008685 -0.009051 0.011313 -0.005419 
-0.015901 0.007013 -0.016730 -0.004706 
-0.034816 0.003270 0.031591 -0.014996 
-0.001605 0.025384 -0.025422 0.000780 
-0.019124 0.000643 -0.013299 -0.013758 
-0.005651 -0.007309 -0.004129 -0.008265 
-0.011896 0.000481 -0.011431 -0.003327 
0.023877 -0.016144 0.007649 0.027789 
-0.020181 -0.016874 0.017056 -0.020026 
-0.002446 0.013145 -0.007463 0.011095 
-0.028813 -0.003254 0.012908 -0.025965 
-0.018287 0.012168 -0.019122 -0.010807 
-0.008946 -0.000890 -0.008630 -0.002516 
0.004316 -0.030544 0.022735 0.020848 
-0.007621 -0.027222 0.028264 -0.000544 
-0.016693 -0.012619 0.001595 -0.020865 
-0.004614 0.013413 -0.010084 0.009977 
-0.017446 -0.013078 0.003428 -0.021532 
-0.013695 -0.019185 0.014240 -0.018785 
-0.002209 -0.030026 0.027425 0.012422 
0.013299 -0.018309 0.022051 0.005083 
0.023422 -0.015611 0.009645 0.026444 
-0.005423 -0.015563 0.004631 -0.015816 
-0.004306 0.012353 -0.008686 0.009782 
0.014084 0.000125 0.012609 0.006275 
-0.014369 0.001942 -0.013642 -0.004913 
0.022894 -0.009706 0.013209 0.021068 
-0.011411 0.015805 -0.019435 0.001516 
-0.005399 0.002328 -0.005566 0.001895 
0.014771 -0.009356 0.017330 0.002326 
-0.006717 -0.009260 -0.003693 -0.010827 
0.005011 0.011514 0.000633 0.012542 
0.001064 -0.012198 0.005096 -0.011133 
-0.016624 -0.006384 -0.008225 -0.015794 
-0.008730 0.021490 -0.023173 -0.001008 
-0.023939 0.013734 -0.009529 -0.025902 
-0.000147 0.012849 -0.004866 0.011893 
-0.011773 -0.007307 -0.007558 -0.011613 
0.010227 0.021182 -0.017092 0.016160 
0.005695 0.018707 -0.010675 0.016383 
-0.006048 0.006687 -0.007179 0.005456 
-0.002719 -0.003643 -0.002544 -0.003767 
0.018594 0.003817 0.009852 0.016225 
-0.003715 -0.021131 0.016495 -0.013720 
0.005858 0.018053 -0.009243 0.016576 
0.000524 -0.011582 0.003999 -0.010883 
0.026051 0.004909 -0.005784 0.025871 
0.010111 -0.007816 0.012263 -0.003596 
0.002376 0.029059 -0.027951 -0.008294 
-0.006170 0.011476 -0.010050 0.008292 
-0.030685 0.015423 0.020956 -0.027208 
0.000116 0.028180 -0.027384 -0.006649 
0.013450 -0.005082 0.014290 0.001589 
-0.006303 -0.018259 0.009589 -0.016768 
-0.021336 0.011731 -0.016053 -0.018307 
-0.012675 0.017056 -0.021145 -0.002106 
0.014470 0.010395 0.003942 0.017375 
0.002509 0.003890 0.002316 0.004008 
-0.000720 0.007833 -0.001816 0.007653 
0.006387 -0.011283 0.010147 -0.008071 
0.002796 -0.007824 0.003989 -0.007288 
0.019641 -0.020064 0.015079 0.023685 
-0.020025 0.020851 -0.013048 -0.025797 
0.001444 0.003920 0.001286 0.003974 
-0.020521 -0.014303 0.011251 -0.022341 
0.003254 0.023004 -0.020618 0.010707 
-0.020404 0.029068 0.012183 -0.033359 
0.009879 0.006246 0.007485 0.008977 
-0.000562 -0.013071 0.004460 -0.012300 
-0.007482 0.011986 -0.011994 0.007469 
-0.007132 -0.015259 0.003519 -0.016472 
0.025343 0.024331 -0.031763 -0.015015 
0.023186 -0.013329 0.011861 0.023970 
0.004523 -0.015283 0.012159 -0.010305 
-0.013187 -0.014645 0.003016 -0.019475 
-0.009260 0.023525 -0.024409 -0.006584 
0.012575 0.000731 0.011500 0.005141 
-0.004217 0.008278 -0.005755 0.007292 
-0.004807 -0.020405 0.014624 -0.015021 
-0.014226 0.005571 -0.015083 -0.002429 
-0.031030 -0.005041 0.023548 -0.020827 
-0.013767 -0.008533 -0.006560 -0.014809 
0.007734 -0.007943 0.009631 -0.005490 
0.004623 -0.009618 0.006940 -0.008106 
-0.005362 0.006320 -0.006284 0.005405 
-0.006461 0.012929 -0.011676 0.008520 
-0.024911 -0.009595 0.010979 -0.024332 
-0.010454 0.007236 -0.012360 0.002978 
0.011686 -0.006587 0.013345 -0.001371 
0.009161 -0.002380 0.009453 -0.000470 
-0.021144 0.014764 -0.015852 -0.020341 
0.033709 -0.006023 -0.027441 0.020483 
0.007774 0.013860 -0.001039 0.015858 
0.009648 0.006795 0.007040 0.009470 
-0.027501 -0.011543 0.022555 -0.019514 
-0.004851 0.020172 -0.019475 0.007153 
-0.000969 0.012028 -0.004842 0.011053 
0.006229 -0.006095 0.007187 -0.004929 
-0.005033 0.024873 -0.025252 -0.002513 
0.013945 0.009012 0.005967 0.015494 
-0.013011 0.009294 -0.015979 0.000583 
-0.005387 -0.002703 -0.005145 -0.003141 
-0.006242 -0.017852 0.008738 -0.016772 
-0.003223 -0.027530 0.027656 0.001851 
-0.010614 0.002607 -0.010924 -0.000348 
0.001437 0.007770 0.000318 0.007895 
0.000647 -0.006069 0.001160 -0.005992 
0.018294 -0.007378 0.017263 0.009544 
0.019846 -0.001489 0.013440 0.014678 
-0.010642 0.004189 -0.011404 0.000873 
0.006483 -0.028318 0.024282 0.015947 
-0.014482 -0.008712 -0.006222 -0.015714 
0.008238 -0.014327 0.015053 -0.006820 
-0.006559 -0.017183 0.007293 -0.016885 
-0.001137 -0.006138 -0.000587 -0.006215 
-0.015516 0.000647 -0.013561 -0.007566 
0.029342 -0.012760 -0.011166 0.029985 
-0.001569 -0.013094 0.003617 -0.012682 
-0.006103 0.015872 -0.014554 0.008794 
-0.014484 -0.010964 -0.003062 -0.017906 
-0.016929 -0.001358 -0.012558 -0.011434 
-0.011594 0.024279 -0.023248 -0.013544 
-0.011234 0.009901 -0.014645 0.003128 
-0.010638 -0.013169 -0.000425 -0.016924 
-0.028811 0.007491 0.005860 -0.029186 
-0.008180 -0.003718 -0.007360 -0.005154 
-0.030895 -0.021325 0.029187 0.023609 
0.001681 0.015408 -0.006599 0.014024 
0.005191 0.003266 0.004892 0.003699 
-0.027588 0.009013 0.001061 -0.029003 
0.018100 0.021776 -0.025696 0.011897 
0.018411 0.011413 -0.001200 0.021628 
0.020977 0.006056 0.004366 0.021393 
-0.009905 -0.017369 0.007685 -0.018459 
-0.010641 -0.011470 -0.002940 -0.015367 
0.003245 0.014563 -0.004253 0.014301 
0.007064 -0.000499 0.007075 0.000311 
-0.012689 0.009773 -0.015977 0.001130 
0.000630 0.021004 -0.017430 0.011737 
0.021721 0.013371 -0.011470 0.022782 
-0.011786 -0.025229 0.027066 -0.006548 
-0.014366 0.008941 -0.016841 -0.001638 
0.030422 0.006881 -0.023896 0.020045 
0.013834 -0.007403 0.015651 0.001110 
0.009019 -0.009119 0.011736 -0.005175 
0.013060 -0.021889 0.022946 0.011097 
-0.003876 -0.017743 0.009306 -0.015596 
-0.001243 0.018611 -0.014149 0.012155 
0.031720 -0.003310 -0.019237 0.025437 
-0.021200 -0.029105 0.026101 0.024806 
-0.021573 -0.026237 0.031602 0.012454 
0.000714 -0.008319 0.002023 -0.008101 
0.032615 -0.016092 -0.030420 0.019932 
0.016481 -0.030896 -0.005166 0.034634 
-0.014634 -0.023713 0.026166 -0.009580 
-0.005237 -0.011573 -0.000718 -0.012682 
0.016817 -0.003131 0.015141 0.007961 
0.019577 -0.009200 0.017491 0.012727 
-0.015289 0.013688 -0.019975 -0.004705 
0.023138 -0.001333 0.009066 0.021330 
0.009757 -0.017677 0.020006 -0.002730 
-0.010641 0.001909 -0.010768 -0.000964 
0.010184 -0.022555 0.023968 0.006161 
-0.020196 0.011100 -0.017477 -0.015022 
0.008872 -0.001322 0.008964 0.000321 
-0.005816 -0.004485 -0.005221 -0.005165 
-0.000317 -0.005064 -0.000019 -0.005073 
0.002850 0.020206 -0.014789 0.014061 
0.005044 -0.009276 0.007218 -0.007707 
0.016161 -0.005394 0.016059 0.005692 
-0.013527 -0.000050 -0.012343 -0.005534 
-0.003418 -0.029248 0.028195 0.008498 
-0.007477 -0.020606 0.014926 -0.016054 
0.004347 0.012274 -0.000608 0.013007 
-0.004056 -0.031113 0.026793 0.016329 
0.015021 -0.024259 0.018993 0.021293 
0.007451 -0.029056 0.022260 0.020107 
-0.020247 -0.025160 0.032010 0.004279 
-0.027612 -0.000843 0.005546 -0.027063 
-0.010674 0.018990 -0.021777 -0.000539 
0.010984 0.007908 0.006826 0.011687 
-0.024361 -0.023458 0.032880 0.007916 
-0.017321 0.008900 -0.018002 -0.007425 
-0.013600 0.012143 -0.018224 -0.000549 
0.015964 0.014893 -0.005785 0.021052 
0.013404 -0.004216 0.013902 0.002045 
0.028587 -0.010366 -0.005817 0.029847 
-0.036302 -0.003654 0.036485 -0.000070 
0.004753 0.008280 0.002939 0.009084 
-0.008016 0.008088 -0.010027 0.005397 
0.011951 0.016024 -0.005362 0.019258 
0.002330 0.000688 0.002321 0.000720 
0.000818 -0.015072 0.008202 -0.012672 
-0.019071 0.022414 -0.013045 -0.026380 
0.032022 -0.017802 -0.030560 0.020209 
0.012842 0.002034 0.011132 0.006719 
-0.017387 0.001911 -0.014543 -0.009719 
-0.011659 0.020347 -0.022959 -0.004776 
0.014060 -0.008017 0.016134 0.001291 
-0.014703 -0.001012 -0.012450 -0.007887 
0.010412 0.009335 0.005360 0.012916 
-0.015287 0.000512 -0.013418 -0.007342 
0.030010 -0.013525 -0.015189 0.029203 
0.012090 -0.025066 0.022207 0.016772 
-0.033417 0.010692 0.028127 -0.020972 
0.001172 0.007024 0.000352 0.007112 
-0.022685 -0.010420 0.006962 -0.023973 
0.009905 0.014354 -0.001574 0.017369 
-0.003118 -0.017635 0.009470 -0.015199 
-0.009078 0.006851 -0.010679 0.003912 
0.011519 -0.017663 0.021082 0.000472 
0.006451 -0.010085 0.009350 -0.007476 
0.014336 -0.008522 0.016597 0.001644 
0.011091 0.000887 0.010404 0.003945 
0.001465 -0.012932 0.006234 -0.011424 
-0.000879 -0.001786 -0.000863 -0.001794 
-0.035530 -0.009151 0.036071 0.006709 
0.017314 0.032486 -0.018842 -0.031624 
0.017798 0.007696 0.005807 0.018501 
0.004913 -0.024549 0.024994 0.001447 
0.015114 -0.023190 0.020136 0.018993 
-0.024763 -0.008546 0.008448 -0.024797 
0.008879 0.032295 -0.025132 -0.022141 
0.019642 0.000510 0.012099 0.015482 
0.000673 0.006818 -0.000060 0.006851 
0.026766 0.008843 -0.015035 0.023845 
-0.001731 -0.012648 0.002986 -0.012412 
-0.004987 -0.007091 -0.003703 -0.007838 
-0.007874 -0.021054 0.016059 -0.015729 
0.019943 0.022317 -0.028963 0.007546 
-0.009949 -0.019974 0.013941 -0.017424 
0.030875 -0.003870 -0.015332 0.027078 
0.007195 0.004005 0.006492 0.005066 
-0.005720 0.009301 -0.008010 0.007421 
0.006611 -0.000616 0.006640 0.000051 
-0.006992 0.014871 -0.014303 0.008090 
0.012567 0.018188 -0.010817 0.019281 
-0.002818 -0.011744 0.001177 -0.012020 
-0.000754 0.027355 -0.026987 -0.004537 
-0.017161 0.011158 -0.019008 -0.007595 
-0.010769 0.012021 -0.015655 0.003923 
0.013365 0.030227 -0.028895 -0.016044 
0.002020 0.018091 -0.010950 0.014542 
0.003651 0.023040 -0.020633 0.010885 
0.021632 -0.025292 -0.003152 0.033131 
-0.026428 -0.022734 0.032824 0.011740 
-0.028211 -0.000305 0.007178 -0.027284 
-0.015750 -0.024577 0.028637 -0.005661 
-0.018715 -0.008268 -0.004045 -0.020056 
-0.014854 0.002136 -0.013984 -0.005446 
-0.005644 0.029889 -0.022703 -0.020243 
0.018235 -0.013538 0.019491 0.011657 
-0.002586 0.028474 -0.026486 -0.010768 
-0.005847 0.007210 -0.007144 0.005928 
0.014906 -0.009491 0.017483 0.002570 
0.008488 -0.016943 0.018178 -0.005354 
-0.017306 -0.021990 0.025201 -0.012164 
-0.014416 0.001915 -0.013657 -0.004998 
0.014863 -0.020043 0.022030 0.011718 
-0.027472 -0.004868 0.010397 -0.025891 
-0.010605 0.006116 -0.012043 0.002203 
-0.001954 -0.017819 0.010480 -0.014543 
0.007956 -0.033481 0.006987 0.033696 
-0.016357 -0.025917 0.030645 0.000325 
-0.008174 0.003965 -0.008772 0.002364 
0.024609 -0.016206 0.005009 0.029037 
-0.012747 -0.013857 0.001236 -0.018788 
0.021401 0.018348 -0.022968 0.016344 
-0.004282 -0.012360 0.000748 -0.013059 
0.009621 -0.008720 0.012191 -0.004469 
-0.012242 0.007007 -0.014075 0.000925 
0.009428 0.005245 0.007719 0.007537 
-0.005040 0.003090 -0.005270 0.002679 
0.019442 -0.000201 0.012792 0.014643 
-0.007103 -0.006839 -0.005423 -0.008235 
0.011761 0.024756 -0.026190 0.008080 
0.003327 0.019125 -0.012328 0.014995 
-0.013713 0.009940 -0.016931 -0.000470 
0.003983 0.013985 -0.002964 0.014236 
0.005916 -0.002264 0.006098 -0.001713 
-0.007185 0.009966 -0.010130 0.006953 
-0.006769 0.011322 -0.010622 0.007821 
0.007763 0.005756 0.006369 0.007268 
-0.023492 0.000558 -0.007700 -0.022201 
0.015880 -0.015790 0.020939 0.007941 
-0.026568 0.013654 -0.000247 -0.029870 
0.002317 0.027583 -0.027556 -0.002618 
0.028994 -0.007513 -0.006651 0.029204 
0.010861 -0.011295 0.015204 -0.003791 
0.004712 -0.002092 0.004830 -0.001802 
-0.001582 -0.001674 -0.001562 -0.001693 
-0.021931 -0.016005 0.018360 -0.020001 
-0.001671 0.026963 -0.026681 -0.004233 
0.017597 0.005082 0.009159 0.015862 
0.002721 0.015497 -0.006003 0.014544 
0.002549 -0.000430 0.002555 -0.000391 
-0.015498 0.010183 -0.018160 -0.003754 
-0.005536 -0.004920 -0.004878 -0.005573 
0.002510 -0.007589 0.003586 -0.007144 
0.008259 -0.016362 0.017301 -0.006049 
-0.010143 0.002485 -0.010442 -0.000091 
0.019638 -0.001771 0.013770 0.014113 
0.009739 -0.004692 0.010631 -0.001958 
-0.011600 0.007304 -0.013587 0.001817 
0.018829 0.005999 0.007160 0.018419 
0.010985 -0.020792 0.023145 0.004159 
0.012658 -0.010459 0.016374 -0.001230 
-0.014501 -0.032524 0.021994 0.028007 
-0.026300 -0.007073 0.010238 -0.025237 
-0.011492 0.015244 -0.019008 0.001768 
-0.006105 -0.003048 -0.005747 -0.003679 
-0.004415 -0.014554 0.003520 -0.014796 
0.010820 -0.000302 0.010515 0.002569 
-0.003925 0.016406 -0.013050 0.010689 
0.025148 0.011395 -0.015476 0.022864 
0.021555 0.011231 -0.006209 0.023499 
0.023889 0.013747 -0.017456 0.021330 
0.027625 -0.006557 -0.001043 0.028374 
-0.028785 -0.005107 0.015432 -0.024829 
0.002911 0.014017 -0.003725 0.013823 
0.003032 -0.004196 0.003283 -0.004003 
-0.006480 0.014147 -0.012943 0.008638 
-0.029293 -0.007176 0.020471 -0.022147 
-0.023314 0.012595 -0.011832 -0.023710 
-0.015708 0.011167 -0.018765 -0.004394 
0.000584 0.017889 -0.011514 0.013704 
0.011935 -0.005797 0.013251 -0.000666 
-0.012157 -0.001097 -0.011094 -0.005091 
-0.006655 0.010196 -0.009663 0.007408 
-0.003903 0.006408 -0.004693 0.005855 
-0.023324 -0.002844 -0.004412 -0.023079 
0.013561 0.013161 -0.000284 0.018895 
-0.013218 -0.019805 0.015448 -0.018120 
-0.007630 -0.004625 -0.006669 -0.005928 
0.002545 0.004752 0.002225 0.004910 
-0.003396 0.012529 -0.007851 0.010338 
0.022380 0.003001 0.006095 0.021743 
-0.014021 -0.016671 0.008164 -0.020196 
-0.007184 0.005310 -0.008027 0.003920 
0.005683 -0.008377 0.007470 -0.006831 
0.015687 -0.009842 0.018061 0.004089 
0.010677 0.008562 0.006165 0.012219 
0.030799 0.003413 -0.020711 0.023050 
-0.017122 -0.029424 0.029053 0.017744 
-0.034094 0.003904 0.028951 -0.018426 
-0.005625 0.032847 -0.014084 -0.030203 
0.016302 0.019514 -0.017886 0.018073 
0.015407 0.010855 0.002742 0.018647 
0.009538 0.005249 0.007788 0.007608 
0.008542 -0.001684 0.008704 -0.000188 
-0.006657 0.006117 -0.007676 0.004776 
0.010638 -0.025420 0.023358 0.014620 
-0.017863 -0.022670 0.027246 -0.009523 
-0.023710 0.001688 -0.008192 -0.022314 
-0.013425 0.012017 -0.018017 -0.000200 
-0.013986 0.008119 -0.016131 -0.001150 
0.019537 0.007578 0.004126 0.020545 
0.016405 -0.027835 0.007230 0.031490 
-0.012812 0.020382 -0.022900 -0.007428 
0.030079 -0.010303 -0.012593 0.029194 
0.012673 -0.020422 0.022936 0.007183 
-0.004421 -0.015772 0.005451 -0.015446 
-0.005057 -0.024670 0.023864 -0.008043 
-0.013835 0.006812 -0.015365 -0.001315 
-0.030902 -0.006859 0.025473 -0.018790 
-0.009376 0.034607 0.002085 -0.035794 
0.015877 0.006967 0.007866 0.015452 
-0.011347 0.012346 -0.016480 0.003094 
-0.000063 0.006641 -0.000730 0.006601 
0.002306 -0.013888 0.008145 -0.011482 
-0.027013 -0.002705 0.005706 -0.026542 
-0.002310 0.010444 -0.004930 0.009493 
0.004514 -0.006130 0.005283 -0.005481 
-0.006176 -0.029531 0.028811 0.008950 
-0.002591 0.039069 0.016140 -0.035673 
0.011692 -0.016238 0.019999 -0.000652 
-0.029516 0.004633 0.009160 -0.028439 
-0.006941 -0.013730 0.001112 -0.015344 
0.010739 -0.017941 0.020898 -0.000695 
-0.006486 -0.003110 -0.006074 -0.003852 
0.012924 -0.005740 0.014131 0.000546 
-0.007107 0.020368 -0.021252 0.003704 
-0.002697 -0.010866 0.000480 -0.011185 
0.017956 0.030252 -0.026467 -0.023176 
-0.008398 0.011747 -0.012847 0.006592 
-0.017005 0.006502 -0.016828 -0.006948 
0.015452 -0.004745 0.015449 0.004756 
-0.015203 -0.003386 -0.011149 -0.010877 
0.012161 -0.019616 0.022618 0.004595 
-0.009669 -0.016980 0.006776 -0.018328 
-0.003644 0.029971 -0.024370 -0.017824 
-0.003719 0.012392 -0.008072 0.010111 
-0.013342 -0.016044 0.006176 -0.019932 
-0.009759 0.025957 -0.023719 -0.014368 
0.014635 -0.010285 0.017764 0.002106 
-0.022012 -0.011573 0.007948 -0.023564 
-0.013327 0.015098 -0.020077 -0.001577 
0.004985 -0.006337 0.005867 -0.005530 
-0.015532 0.014818 -0.020569 -0.006143 
0.012127 -0.017363 0.021137 0.001332 
-0.010899 0.000443 -0.010618 -0.002498 
0.003529 -0.034993 0.007568 0.034347 
-0.017255 -0.012791 0.002580 -0.021323 
0.001584 0.008572 0.000080 0.008716 
0.001241 -0.021827 0.019938 -0.008969 
-0.000015 -0.019500 0.014872 -0.012613 
-0.011671 0.001065 -0.011431 -0.002587 
-0.017596 -0.025102 0.030635 -0.001121 
-0.002117 -0.012894 0.002942 -0.012731 
0.011305 0.003791 0.009506 0.007199 
-0.018439 0.003455 -0.015287 -0.010874 
-0.007663 -0.011061 -0.002574 -0.013208 
0.008139 -0.006513 0.009489 -0.004315 
0.012319 -0.029079 0.014127 0.028245 
-0.009792 0.025542 -0.023957 -0.013205 
0.018063 -0.012240 0.019237 0.010297 
-0.025224 0.000752 -0.003688 -0.024964 
0.005152 0.030893 -0.027431 -0.015116 
-0.010912 0.007962 -0.013200 0.002866 
-0.031162 0.007056 0.016353 -0.027449 
0.016953 0.024480 -0.029434 0.004510 
0.007690 0.003555 0.007007 0.004762 
0.000816 0.028440 -0.027576 -0.007007 
0.014220 -0.020322 0.022394 0.010662 
-0.030437 0.018275 0.024614 -0.025583 
-0.006857 -0.000173 -0.006799 -0.000907 
0.007556 -0.014724 0.014745 -0.007515 
-0.015872 -0.008804 -0.005576 -0.017272 
-0.006580 -0.008625 -0.004054 -0.010062 
-0.029884 -0.005470 0.019975 -0.022890 
-0.015184 -0.010495 -0.003451 -0.018133 
0.005467 -0.010336 0.008377 -0.008157 
-0.006964 -0.003664 -0.006379 -0.004609 
0.012658 0.000418 0.011669 0.004923 
-0.002339 0.028210 -0.026673 -0.009476 
-0.015163 0.021496 -0.021356 -0.015359 
0.010384 0.012818 0.000982 0.016467 
0.005584 -0.011411 0.009319 -0.008634 
-0.025032 0.027188 0.024394 -0.027762 
0.014129 0.027633 -0.030660 -0.004815 
0.011768 0.014587 -0.002303 0.018600 
0.001528 0.002698 0.001469 0.002730 
0.018490 0.011551 -0.001586 0.021744 
-0.010703 -0.005892 -0.008118 -0.009130 
0.021715 -0.003125 0.012654 0.017922 
-0.009640 -0.006145 -0.007407 -0.008708 
0.009369 0.003826 0.008228 0.005893 
0.015938 0.030253 -0.027951 -0.019698 
0.009873 0.023050 -0.021509 0.012890 
0.004370 0.003723 0.004077 0.004041 
-0.023994 -0.008775 0.006815 -0.024622 
0.018480 0.027463 -0.031222 -0.010997 
0.003455 0.017301 -0.008667 0.015367 
-0.030086 0.015567 0.018327 -0.028489 
-0.018959 0.001505 -0.013960 -0.012916 
-0.020942 0.004962 -0.014605 -0.015807 
0.016465 0.002072 0.012097 0.011360 
-0.031935 -0.007353 0.029316 -0.014646 
-0.027494 0.007705 0.000497 -0.028549 
-0.033953 -0.006022 0.033400 -0.008573 
-0.006271 0.008277 -0.008099 0.006499 
0.006081 0.012398 0.000285 0.013806 
0.001435 0.004405 0.001217 0.004470 
-0.008843 -0.006268 -0.006865 -0.008388 
0.021493 -0.002289 0.012386 0.017714 
-0.017471 -0.022062 0.025553 -0.011791 
-0.017457 0.000482 -0.013702 -0.010827 
0.009226 0.011948 0.002066 0.014953 
0.020728 0.013612 -0.009981 0.022700 
-0.015644 -0.026408 0.030662 0.001394 
-0.016058 0.006722 -0.016654 -0.005069 
0.014640 0.012148 0.000987 0.018998 
0.009482 0.018783 -0.010878 0.018011 
0.027389 0.022668 -0.032230 -0.015008 
0.024264 -0.015053 0.007465 0.027561 
0.015003 -0.021867 0.021331 0.015755 
-0.014174 -0.014283 0.002866 -0.019917 
-0.012647 -0.010620 -0.004080 -0.016002 
-0.026809 0.002326 -0.000109 -0.026909 
-0.025740 0.002706 -0.003768 -0.025606 
-0.004617 0.009527 -0.006878 0.008048 
0.005465 -0.005984 0.006298 -0.005100 
0.019030 -0.002200 0.014367 0.012671 
0.008976 0.006242 0.006962 0.008430 
0.017550 0.011726 -0.000748 0.021094 
0.003862 -0.006505 0.004676 -0.005946 
-0.008111 0.027848 -0.023377 -0.017170 
0.009784 0.006174 0.007473 0.008831 
-0.023575 0.027144 0.018010 -0.031116 
-0.000282 0.024759 -0.024446 0.003935 
-0.021109 0.000127 -0.011203 -0.017891 
-0.018026 0.009554 -0.018254 -0.009110 
0.018659 -0.012143 0.018925 0.011725 
-0.026680 -0.001914 0.003585 -0.026507 
-0.015404 0.007139 -0.016553 -0.003774 
0.021116 -0.003138 0.013386 0.016630 
-0.016875 0.002821 -0.014992 -0.008243 
0.013866 -0.010759 0.017534 0.000761 
-0.008648 -0.005860 -0.006936 -0.007812 
0.011319 -0.001756 0.011333 0.001663 
0.004509 -0.026538 0.026069 0.006710 
-0.029943 0.007208 0.010809 -0.028839 
-0.009169 -0.010437 -0.003841 -0.013351 
0.004305 -0.004561 0.004697 -0.004156 
0.004259 0.002711 0.004094 0.002954 
-0.028195 -0.003465 0.010902 -0.026231 
-0.008835 0.010822 -0.012636 0.005957 
-0.012375 -0.015051 0.003464 -0.019175 
-0.024417 0.023859 0.010616 -0.032446 
-0.001393 0.010287 -0.003857 0.009638 
-0.013233 -0.000501 -0.011991 -0.005619 
0.004393 0.007489 0.003045 0.008130 
-0.002686 -0.006784 -0.001844 -0.007059 
0.005289 0.016872 -0.007048 0.016216 
0.003053 -0.018570 0.015540 -0.010614 
0.006950 0.013299 -0.000489 0.014998 
-0.012611 0.008112 -0.014969 0.000873 
-0.008803 -0.006904 -0.006500 -0.009106 
0.022385 0.006678 0.000818 0.023345 
0.004209 -0.002197 0.004317 -0.001978 
-0.006915 -0.003437 -0.006385 -0.004344 
0.004502 -0.015873 0.012902 -0.010283 
-0.018263 -0.007432 -0.005764 -0.018856 
-0.018529 0.002837 -0.014919 -0.011348 
0.017134 -0.003194 0.015217 0.008497 
-0.004157 0.007895 -0.005515 0.007013 
-0.012810 -0.024291 0.025943 -0.009008 
-0.004844 -0.015682 0.005093 -0.015603 
-0.027816 -0.010270 0.021070 -0.020863 
0.017877 0.028985 -0.029478 -0.017051 
0.028239 0.022867 -0.030908 -0.019106 
0.026344 -0.004888 0.003077 0.026617 
0.027923 -0.009440 -0.002557 0.029365 
0.003257 -0.016324 0.012279 -0.011239 
0.004165 -0.005405 0.004715 -0.004932 
0.009354 -0.003538 0.009912 -0.001329 
-0.004629 0.017694 -0.015581 0.009578 
0.015083 0.003141 0.011302 0.010472 
-0.011911 0.006686 -0.013609 0.001166 
0.013641 -0.024988 0.020252 0.020007 
0.009795 -0.020321 0.022540 0.000906 
0.009919 -0.015236 0.017663 -0.004305 
-0.021386 -0.014905 0.014489 -0.021670 
-0.012741 0.016238 -0.020593 -0.001385 
-0.012600 0.021595 -0.023175 -0.009382 
0.024692 -0.008884 0.008848 0.024705 
-0.026837 -0.023779 0.031136 0.017782 
-0.011190 -0.002470 -0.009962 -0.005665 
0.009238 -0.017523 0.019453 -0.003736 
0.010628 -0.011882 0.015402 -0.004111 
-0.007090 -0.020068 0.013623 -0.016352 
-0.015162 0.016914 -0.021429 -0.007535 
0.022821 0.003264 0.004925 0.022521 
0.011366 -0.000282 0.010957 0.003036 
-0.007708 0.000873 -0.007754 -0.000191 
0.022255 -0.000692 0.010083 0.019852 
0.010380 -0.025273 0.023666 0.013652 
-0.025111 0.028029 0.027576 -0.025608 
0.007505 0.021854 -0.017930 0.014575 
0.023768 0.005709 -0.000712 0.024433 
-0.033918 -0.021562 0.017769 0.036051 
-0.013670 0.032801 0.004834 -0.035205 
0.020803 0.006456 0.004041 0.021404 
0.017836 -0.007791 0.017499 0.008521 
0.028537 -0.007135 -0.004680 0.029041 
0.035175 0.004899 -0.035244 0.004374 
-0.001092 -0.022185 0.019561 -0.010522 
-0.012829 0.010203 -0.016363 0.000957 
0.016844 0.000286 0.013257 0.010394 
-0.018853 -0.011339 0.001665 -0.021937 
-0.003660 0.011597 -0.007295 0.009730 
-0.016790 0.004078 -0.015608 -0.007412 
0.007581 0.014642 -0.002350 0.016320 
-0.002700 -0.017826 0.010059 -0.014963 
-0.003395 0.008629 -0.005013 0.007801 
-0.010520 -0.015532 0.003876 -0.018354 
-0.024317 0.005350 -0.009049 -0.023196 
0.032535 0.009341 -0.032830 0.008244 
-0.012639 -0.029434 0.029906 0.011478 
-0.015360 -0.024390 0.028025 -0.006739 
-0.029739 -0.022544 0.028860 0.023659 
-0.027935 0.018571 0.013423 -0.030742 
-0.004959 -0.000837 -0.004903 -0.001122 
0.008409 0.010072 0.003910 0.012525 
0.012284 0.004263 0.009775 0.008575 
0.000175 0.014632 -0.006717 0.013000 
-0.030407 0.003928 0.013252 -0.027648 
-0.012439 -0.002650 -0.010644 -0.006962 
0.007067 0.016682 -0.006191 0.017027 
0.012554 -0.022008 0.023203 0.010176 
0.001965 -0.024950 0.024980 -0.001552 
-0.007436 -0.001826 -0.007126 -0.002802 
0.014645 0.011729 0.001719 0.018684 
0.015297 -0.023776 0.019165 0.020785 
-0.026985 -0.006088 0.010729 -0.025498 
-0.017620 -0.001944 -0.011998 -0.013049 
-0.014011 0.008905 -0.016568 -0.001046 
0.013455 0.005671 0.009240 0.011306 
-0.005026 0.011864 -0.009059 0.009162 
-0.006326 -0.018465 0.010031 -0.016743 
0.003774 -0.008071 0.005168 -0.007259 
-0.010678 0.007511 -0.012729 0.002898 
-0.002782 0.027976 -0.026570 -0.009189 
0.013878 0.001250 0.012000 0.007081 
-0.000726 0.025815 -0.025821 0.000513 
0.020371 0.009794 -0.000991 0.022581 
-0.005258 -0.018606 0.010565 -0.016193 
-0.014929 0.021117 -0.021751 -0.013990 
0.015028 -0.002657 0.014300 0.005330 
-0.025224 0.011856 -0.006534 -0.027094 
-0.017361 0.010114 -0.018551 -0.007717 
-0.003968 0.004292 -0.004290 0.003970 
-0.010437 0.004844 -0.011406 0.001517 
0.019291 -0.002834 0.014631 0.012888 
0.024537 0.002219 0.002330 0.024527 
0.003730 -0.009693 0.005980 -0.008491 
-0.004290 0.005067 -0.004778 0.004610 
-0.008959 0.007417 -0.010789 0.004343 
0.009973 0.001959 0.009239 0.004236 
-0.009033 0.001452 -0.009144 -0.000290 
0.026409 0.002295 -0.003180 0.026317 
0.007833 0.007595 0.005507 0.009419 
0.017569 0.011498 -0.000321 0.020995 
0.007096 0.010338 0.003012 0.012172 
-0.014086 -0.003660 -0.010769 -0.009789 
-0.004233 0.002178 -0.004340 0.001956 
-0.022256 0.021754 -0.004140 -0.030845 
0.026612 0.019382 -0.032899 0.001235 
0.022907 -0.002701 0.010518 0.020528 
0.025748 -0.003843 0.004447 0.025650 
-0.001738 -0.007858 -0.000561 -0.008029 
-0.002260 0.018361 -0.014536 0.011443 
0.028785 0.008354 -0.020708 0.021668 
-0.006543 -0.014644 0.002670 -0.015816 
0.007141 0.015650 -0.004215 0.016678 
0.007559 -0.019897 0.020965 -0.003672 
0.007682 -0.002863 0.008030 -0.001655 
0.011764 0.002711 0.010234 0.006405 
-0.000471 -0.015636 0.007889 -0.013508 
-0.005339 -0.010541 -0.001766 -0.011683 
-0.020253 -0.001120 -0.011051 -0.017009 
0.002910 -0.015261 0.010471 -0.011478 
-0.010453 -0.000388 -0.010033 -0.002960 
0.007447 -0.009834 0.010350 -0.006711 
0.003688 -0.016186 0.012507 -0.010916 
-0.008884 0.001902 -0.009083 0.000204 
0.012214 -0.010805 0.016195 -0.001906 
0.011557 -0.010113 0.015108 -0.002756 
0.002172 0.020812 -0.016335 0.013077 
-0.006747 -0.012495 -0.000492 -0.014192 
0.028920 0.000177 -0.009780 0.027217 
-0.008063 -0.009562 -0.004211 -0.011777 
0.004112 0.016391 -0.006677 0.015524 
0.001758 -0.011080 0.004827 -0.010128 
-0.010660 0.017526 -0.020472 0.001304 
-0.017334 0.006016 -0.016643 -0.007725 
-0.013655 -0.001555 -0.011755 -0.007121 
0.007951 0.013511 -0.000459 0.015670 
-0.006335 0.016747 -0.015905 0.008223 
0.018228 -0.003359 0.015275 0.010499 
-0.019166 -0.002122 -0.011071 -0.015788 
0.000255 0.008552 -0.001171 0.008475 
-0.013923 0.005168 -0.014689 -0.002192 
0.027743 0.008538 -0.017603 0.023081 
0.020822 -0.010860 0.016721 0.016490 
0.011179 -0.007222 0.013119 -0.002240 
0.008824 0.017524 -0.007865 0.017975 
0.001311 0.020714 -0.016517 0.012568 
0.002136 0.031118 -0.026058 -0.017142 
0.028033 -0.018160 -0.013054 0.030744 
0.008835 -0.001028 0.008876 0.000576 
-0.012918 0.001039 -0.012369 -0.003870 
-0.003687 -0.012694 0.001533 -0.013129 
0.022829 -0.008992 0.013271 0.020637 
0.009256 -0.001706 0.009410 0.000188 
-0.003152 0.012737 -0.007791 0.010558 
0.021205 -0.002090 0.012595 0.017187 
-0.010042 -0.018709 0.010860 -0.018247 
-0.020410 -0.022144 0.029217 -0.007300 
-0.025329 -0.000820 -0.001826 -0.025276 
0.002632 -0.010588 0.005378 -0.009493 
0.003587 0.004750 0.003191 0.005024 
0.019742 0.015176 -0.011945 0.021849 
-0.004437 -0.025029 0.024491 -0.006805 
-0.013694 0.018339 -0.022079 -0.006031 
0.018273 -0.000938 0.013839 0.011970 
-0.007776 -0.010692 -0.003011 -0.012873 
0.006010 0.016897 -0.006862 0.016569 
0.005014 -0.026860 0.025951 0.008551 
-0.015883 -0.003799 -0.010855 -0.012202 
-0.008448 0.015119 -0.016107 0.006366 
0.007976 0.019111 -0.011413 0.017279 
-0.011703 0.012303 -0.016784 0.002573 
-0.015647 -0.011150 -0.002087 -0.019100 
-0.012965 -0.008352 -0.006784 -0.013850 
-0.007440 0.005545 -0.008379 0.003985 
0.003035 -0.013118 0.008055 -0.010789 
0.013071 0.003433 0.010561 0.008433 
0.013648 0.015651 -0.005488 0.020028 
0.015625 -0.013052 0.019724 0.005046 
0.023300 0.001271 0.006293 0.022470 
0.010627 0.012324 0.001738 0.016180 
-0.013196 -0.005062 -0.009618 -0.010357 
0.027211 0.007667 -0.014257 0.024412 
-0.012223 -0.009060 -0.005987 -0.013987 
0.011084 0.024892 -0.026075 0.007910 
0.009158 0.003341 0.008224 0.005234 
-0.005708 -0.000326 -0.005668 -0.000750 
0.007846 0.002545 0.007358 0.003728 
0.026898 0.024835 -0.028830 -0.022563 
0.028183 -0.018101 -0.013652 0.030587 
0.010818 -0.007869 0.013054 -0.002923 
-0.003859 -0.026145 0.026230 -0.003232 
-0.005807 0.000943 -0.005863 0.000482 
0.017986 0.001876 0.011927 0.013592 
0.006670 -0.013875 0.012864 -0.008457 
0.009832 0.004581 0.008263 0.007027 
-0.020770 -0.004204 -0.007182 -0.019937 
0.016904 0.023084 -0.027032 0.009374 
0.002572 -0.017285 0.013071 -0.011599 
0.014671 -0.001215 0.013488 0.005898 
0.012752 -0.011598 0.017207 -0.001027 
-0.016111 -0.027454 0.031119 0.006698 
-0.024753 -0.000025 -0.004209 -0.024392 
-0.004191 0.004974 -0.004651 0.004547 
0.004419 -0.006286 0.005224 -0.005635 
0.012073 -0.008194 0.014503 -0.001604 
-0.011322 0.018374 -0.021561 -0.000970 
0.016233 -0.015886 0.020891 0.008912 
-0.012596 -0.007719 -0.007375 -0.012800 
0.009708 -0.021666 0.023518 0.003252 
0.002758 -0.008647 0.004326 -0.007978 
0.000657 0.009727 -0.001453 0.009640 
-0.016591 -0.004741 -0.009923 -0.014117 
-0.002988 0.018366 -0.015156 0.010796 
-0.016441 -0.011393 -0.001025 -0.019977 
0.004345 -0.002601 0.004490 -0.002342 
0.012037 0.007648 0.007338 0.012229 
0.021411 -0.008149 0.015383 0.016976 
0.011108 -0.008767 0.013838 -0.002963 
-0.005414 0.011003 -0.008802 0.008538 
0.007770 -0.000195 0.007723 0.000875 
-0.012536 0.005364 -0.013633 -0.000276 
0.013116 -0.009138 0.015980 -0.000402 
0.004632 0.011502 0.000394 0.012393 
-0.017281 0.011200 -0.019022 -0.007889 
-0.024421 -0.000540 -0.004526 -0.024004 
-0.012490 -0.016239 0.006105 -0.019556 
0.001085 -0.019485 0.015587 -0.011742 
-0.000481 -0.031550 0.024393 0.020015 
-0.015271 0.012667 -0.019420 -0.004065 
0.030237 0.001325 -0.016190 0.025571 
0.005165 -0.014310 0.011676 -0.009753 
0.017313 0.010015 0.002652 0.019824 
0.020093 0.006171 0.005486 0.020291 
-0.003652 -0.033432 0.020833 0.026401 
-0.012337 -0.008608 -0.006474 -0.013578 
0.006505 -0.010621 0.009785 -0.007706 
-0.002442 -0.034880 0.014263 0.031924 
-0.010752 0.022506 -0.023863 -0.007260 
0.029113 -0.009698 -0.007814 0.029674 
0.015199 -0.022176 0.020900 0.016911 
-0.008863 -0.002124 -0.008304 -0.003757 
0.007352 0.011307 0.002165 0.013312 
0.017565 0.015203 -0.008503 0.021618 
-0.011734 -0.029879 0.029469 0.012729 
-0.021447 -0.010984 0.005449 -0.023471 
-0.000743 0.008671 -0.002224 0.008414 
-0.006216 -0.030588 0.028064 0.013663 
-0.011728 0.011077 -0.015919 0.002613 
0.027296 0.006087 -0.011769 0.025370 
0.018657 -0.027047 0.002388 0.032771 
-0.032292 -0.021139 0.025786 0.028718 
-0.027738 0.022583 0.022129 -0.028102 
-0.023172 0.000919 -0.008656 -0.021514 
-0.014216 -0.009326 -0.005512 -0.016084 
-0.007333 -0.003418 -0.006742 -0.004471 
0.011951 -0.001040 0.011647 0.002872 
-0.001287 -0.009565 0.000761 -0.009622 
-0.002156 0.003272 -0.002270 0.003195 
-0.024840 0.011640 -0.007867 -0.026280 
-0.018901 0.017204 -0.018648 -0.017478 
0.010936 0.022898 -0.021683 0.013181 
0.008883 0.007964 0.005876 0.010383 
-0.002409 -0.007799 -0.001199 -0.008074 
0.005396 -0.003136 0.005654 -0.002645 
-0.020868 0.010537 -0.016616 -0.016445 
0.010077 0.006680 0.007333 0.009612 
-0.004575 -0.019771 0.013273 -0.015351 
0.000815 0.019432 -0.014242 0.013244 
0.006343 -0.018726 0.018560 -0.006812 
0.007589 0.005969 0.006157 0.007438 
-0.024817 0.003783 -0.007015 -0.024104 
0.003117 0.013216 -0.002556 0.013336 
0.012585 -0.002785 0.012722 0.002073 
0.002109 -0.005147 0.002467 -0.004986 
0.007078 0.011344 0.001993 0.013222 
0.029053 -0.012270 -0.009336 0.030124 
0.015687 -0.010677 0.018500 0.004225 
-0.007540 -0.007277 -0.005499 -0.008920 
0.015546 0.023081 -0.025680 0.010721 
0.015569 0.009654 0.004524 0.017751 
0.036085 0.004305 -0.036340 0.000274 
