-0.016295 -0.011258 -0.000129 -0.019805 
0.026950 0.008860 -0.018616 0.021407 
-0.024015 -0.033974 -0.019139 0.036941 
-0.014306 -0.010531 -0.002903 -0.017526 
-0.020317 0.007995 -0.015346 -0.015532 
-0.010236 0.002837 -0.010621 -0.000060 
0.019966 0.008762 -0.000128 0.021804 
0.025431 -0.007568 0.003641 0.026282 
-0.019123 -0.016845 0.017188 -0.018815 
0.000173 -0.034431 0.008055 0.033476 
0.026380 -0.022063 -0.020151 0.027867 
0.015199 -0.024512 0.015109 0.024568 
0.015437 0.002784 0.011147 0.011036 
-0.007175 0.022917 -0.023767 -0.003433 
0.027393 -0.003299 -0.004717 0.027185 
-0.016181 -0.002650 -0.011185 -0.011989 
0.020183 -0.007855 0.015451 0.015177 
0.041672 0.008818 -0.002768 -0.042505 
0.018402 -0.016120 0.017986 0.016583 
0.022307 -0.000557 0.008226 0.020742 
-0.012568 0.011532 -0.017049 0.000522 
-0.013712 -0.011338 -0.001871 -0.017694 
0.010883 -0.009776 0.014313 -0.003025 
0.017170 -0.032787 -0.023618 0.028495 
-0.016323 0.022550 -0.016153 -0.022673 
0.011437 0.014113 -0.002289 0.018021 
-0.012558 0.011212 -0.016825 0.000596 
-0.008871 0.041056 0.041301 -0.007648 
0.017865 0.013409 -0.006468 0.021380 
-0.010874 -0.020130 0.016179 -0.016178 
-0.003670 0.022045 -0.021972 0.004086 
0.012004 -0.024743 0.020470 0.018365 
-0.031189 -0.001266 0.023526 -0.020516 
-0.013680 0.007352 -0.015457 -0.001504 
-0.015054 -0.020882 0.021615 -0.013981 
0.006514 0.011060 0.001654 0.012729 
-0.006066 -0.008294 -0.003746 -0.009568 
-0.011841 0.010936 -0.016021 0.001770 
0.003909 0.026626 -0.026870 -0.001488 
-0.014524 0.026979 -0.010532 -0.028773 
0.015711 -0.029430 -0.002392 0.033276 
-0.035628 0.021729 0.035099 0.022574 
-0.013903 0.013297 -0.019044 -0.002730 
0.023940 -0.004651 0.007383 0.023243 
0.007210 -0.012838 0.012714 -0.007427 
0.022280 -0.002225 0.009612 0.020223 
-0.007559 -0.022917 0.021572 -0.010816 
0.001045 -0.016242 0.010638 -0.012318 
-0.011689 0.004436 -0.012500 -0.000246 
0.014791 0.011715 0.000564 0.018860 
0.009808 -0.025007 0.022640 0.014454 
0.003033 0.035216 -0.006008 -0.034832 
0.009304 -0.005065 0.010329 -0.002353 
-0.012896 -0.016392 0.008078 -0.019229 
0.006731 0.026109 -0.026936 0.001200 
0.015501 -0.006992 0.016325 0.004760 
0.047403 -0.014644 0.042023 -0.026375 
-0.027413 -0.028742 0.001736 0.039681 
0.010983 -0.016231 0.019585 -0.000709 
0.016492 -0.019322 0.019189 0.016647 
-0.017957 -0.008831 -0.002673 -0.019832 
0.005459 -0.007870 0.007074 -0.006458 
0.023100 -0.010549 0.010387 0.023173 
0.013676 0.010672 0.002967 0.017092 
-0.001041 0.017044 -0.011941 0.012207 
0.021709 0.008799 -0.003656 0.023137 
-0.032459 -0.032464 -0.043255 0.015379 
0.011071 0.019158 -0.013807 0.017291 
0.019351 -0.011633 0.017182 0.014648 
0.003827 0.004475 0.003434 0.004783 
0.001021 0.040792 0.032139 -0.025142 
0.021799 -0.025412 -0.010212 0.031885 
0.010617 -0.011331 0.015125 -0.003511 
0.002795 0.005880 0.002171 0.006138 
0.020851 0.025875 -0.029885 -0.014533 
0.008125 -0.009937 0.011371 -0.005954 
-0.007242 0.019498 -0.020545 0.003246 
0.002520 0.025454 -0.025518 0.001758 
-0.004210 0.015039 -0.011934 0.010074 
0.021385 -0.003171 0.011748 0.018148 
-0.011751 -0.010941 -0.003038 -0.015766 
0.009806 0.006715 0.006951 0.009640 
0.018685 0.014896 -0.011441 0.020979 
0.015864 -0.009992 0.017923 0.005504 
-0.014136 0.010102 -0.017254 -0.002048 
0.010928 -0.012848 0.016624 -0.002853 
0.039028 0.000280 -0.032380 -0.021790 
-0.028469 -0.035125 -0.041784 0.017274 
-0.020052 -0.026469 0.029475 0.015294 
-0.016654 0.002580 -0.014444 -0.008682 
-0.003501 0.023377 -0.023601 0.001303 
0.016353 0.015447 -0.009258 0.020502 
0.008261 0.013323 -0.000724 0.015660 
-0.015206 -0.018620 0.016017 -0.017928 
-0.005856 0.007634 -0.007421 0.006124 
0.007160 -0.005100 0.007991 -0.003664 
0.013830 0.003694 0.010353 0.009886 
0.004285 -0.007721 0.005671 -0.006768 
0.018217 0.004650 0.008280 0.016880 
0.015664 -0.008039 0.016900 0.004938 
-0.010468 -0.019579 0.014556 -0.016764 
-0.022009 0.011673 -0.012807 -0.021369 
-0.006384 -0.003557 -0.005866 -0.004358 
0.012396 -0.014627 0.019164 0.000607 
0.002980 0.025770 -0.025921 0.001023 
0.003466 -0.018878 0.016953 -0.008999 
0.015454 0.024905 -0.029301 0.000715 
0.005898 0.021016 -0.016991 0.013703 
-0.022266 -0.000579 -0.007239 -0.021064 
-0.015152 -0.006046 -0.008388 -0.013992 
-0.026583 -0.001099 0.005348 -0.026063 
0.016924 0.012394 -0.002882 0.020778 
-0.022178 -0.015431 0.019812 -0.018371 
-0.027506 -0.027186 0.010452 0.037234 
-0.008394 0.032386 -0.004984 -0.033083 
0.035998 0.002731 -0.035830 -0.004419 
0.017092 0.006000 0.007557 0.016463 
0.001233 0.034383 -0.009555 -0.033051 
0.011480 -0.006263 0.013034 -0.001059 
0.006367 -0.020840 0.021653 -0.002448 
-0.017389 -0.004720 -0.008819 -0.015713 
-0.008740 0.013552 -0.015082 0.005708 
-0.008490 0.011868 -0.013270 0.006069 
-0.010817 0.024076 -0.022420 -0.013930 
0.031304 0.010699 -0.032782 0.004443 
0.017137 0.002115 0.011367 0.012997 
-0.010775 -0.003364 -0.009224 -0.006506 
-0.005237 -0.022032 0.019313 -0.011826 
-0.010840 0.011566 -0.015526 0.003197 
0.015183 0.009764 0.003622 0.017685 
0.014047 -0.025610 0.015330 0.024863 
0.012169 0.023858 -0.025682 0.007597 
0.013639 -0.017193 0.021102 0.006026 
0.005805 -0.005818 0.006683 -0.004784 
-0.013903 0.010150 -0.017138 -0.001622 
-0.023316 -0.031113 0.003354 0.038735 
-0.038321 -0.005930 0.029887 0.024706 
-0.006474 0.040720 0.038050 -0.015882 
0.035124 -0.005300 -0.034782 0.007210 
0.035624 0.006246 -0.035196 -0.008329 
0.007347 -0.019589 0.020713 -0.002942 
-0.012637 0.005924 -0.013946 -0.000533 
-0.007147 -0.021961 0.019312 -0.012666 
-0.005523 -0.020099 0.014876 -0.014600 
-0.012875 0.022369 -0.021571 -0.014171 
-0.017799 0.010021 -0.017847 -0.009937 
-0.027806 0.014908 0.011481 -0.029387 
0.020298 0.010305 -0.003779 0.022448 
-0.007594 -0.000043 -0.007513 -0.001110 
-0.000928 -0.006500 -0.000238 -0.006562 
-0.009025 0.012166 -0.014117 0.005494 
-0.007594 0.006806 -0.009063 0.004676 
-0.007117 0.022781 -0.023679 -0.002992 
0.011048 -0.004675 0.011983 -0.000578 
-0.014645 0.026890 -0.010475 -0.028772 
-0.022988 0.004653 -0.009663 -0.021371 
-0.023219 -0.005297 0.000980 -0.023796 
0.005287 0.017211 -0.008555 0.015843 
-0.028556 -0.023433 0.023420 0.028567 
-0.023438 0.006036 -0.009195 -0.022388 
-0.004703 0.013141 -0.010207 0.009519 
0.029437 -0.036419 -0.011062 -0.045502 
-0.027735 -0.028157 0.003860 0.039334 
-0.042263 -0.001736 0.012260 0.040482 
-0.024494 0.022530 0.012815 -0.030714 
0.004065 0.020255 -0.015467 0.013695 
0.037122 0.001057 -0.035879 -0.009585 
-0.002174 -0.013221 0.003654 -0.012891 
0.008374 0.002348 0.007799 0.003849 
0.008924 -0.007493 0.010880 -0.004173 
0.003527 -0.033895 0.006660 0.033421 
-0.013405 0.009161 -0.016219 -0.000738 
0.023559 -0.034682 -0.041211 -0.007713 
-0.003246 -0.024898 0.024795 -0.003952 
-0.030402 -0.013193 0.033107 -0.001493 
0.015201 0.005604 0.008816 0.013592 
-0.036507 0.025926 0.018449 0.040799 
-0.015062 0.034973 0.027650 -0.026182 
0.001434 0.025306 -0.025308 0.001408 
-0.029743 0.013554 0.018870 -0.026689 
0.007890 0.049905 0.009762 0.049573 
0.015907 -0.031580 -0.013248 0.032784 
-0.003388 -0.018500 0.011888 -0.014573 
0.022152 -0.038574 -0.035416 -0.026914 
-0.024276 -0.006806 0.006424 -0.024379 
0.002627 0.011494 -0.001357 0.011712 
0.003336 -0.011999 0.007543 -0.009910 
0.031554 -0.021561 -0.037681 0.006380 
0.001605 -0.039862 -0.028408 0.028009 
0.001484 -0.003587 0.001615 -0.003530 
-0.008304 0.018121 -0.019649 0.003353 
0.019953 0.008840 -0.000249 0.021822 
-0.007800 -0.004869 -0.006633 -0.006367 
-0.006581 0.003108 -0.006927 0.002232 
0.000261 -0.001816 0.000276 -0.001813 
-0.035129 -0.029285 -0.040756 0.020750 
-0.007232 0.013081 -0.012977 0.007416 
0.010182 0.002636 0.009107 0.005262 
-0.006203 0.035602 0.008099 -0.035219 
0.031815 0.017487 -0.030257 -0.020062 
-0.014808 -0.021124 0.021940 -0.013571 
0.014323 0.012425 -0.000442 0.018956 
0.003817 -0.035588 -0.003554 0.035615 
-0.005262 -0.005651 -0.004385 -0.006356 
0.008994 -0.011657 0.013655 -0.005506 
-0.017408 0.004888 -0.015636 -0.009079 
0.005806 -0.014279 0.012694 -0.008745 
-0.008344 0.016648 -0.018007 0.004748 
0.008240 0.012056 0.001135 0.014559 
-0.009333 0.013201 -0.015367 0.005023 
-0.002587 0.024704 -0.024816 -0.001068 
0.007193 -0.028748 0.020154 0.021725 
-0.014208 0.020216 -0.021249 -0.012611 
-0.005817 -0.005731 -0.004809 -0.006600 
-0.014437 -0.026685 0.029820 0.005593 
-0.018928 -0.011799 0.004512 -0.021843 
0.022982 0.017134 -0.025287 0.013503 
0.007512 -0.015094 0.015439 -0.006776 
-0.021298 -0.010930 0.007199 -0.022831 
-0.016498 0.044170 0.022047 0.041678 
0.019312 0.000896 0.011075 0.015846 
-0.007430 0.009692 -0.010399 0.006403 
-0.034227 0.004523 0.032349 -0.012061 
-0.008372 0.007736 -0.010371 0.004732 
-0.021103 -0.005187 -0.003770 -0.021402 
-0.015990 0.007449 -0.016715 -0.005639 
-0.008171 -0.012306 -0.000771 -0.014752 
-0.006057 0.004452 -0.006613 0.003575 
-0.015523 0.009693 -0.017680 -0.004726 
0.016860 -0.001745 0.013992 0.009568 
-0.012711 -0.018910 0.014298 -0.017741 
-0.000858 -0.007559 0.000217 -0.007605 
0.019407 0.014945 -0.012874 0.020839 
0.005652 -0.001843 0.005790 -0.001348 
-0.017796 -0.011098 0.001320 -0.020931 
-0.024954 0.004467 -0.004431 -0.024960 
-0.006839 -0.010610 -0.002293 -0.012414 
-0.043682 0.003625 0.004146 0.043635 
0.011001 0.017135 -0.008741 0.018391 
-0.015644 -0.013524 0.003871 -0.020314 
-0.014696 -0.015323 0.007046 -0.020028 
0.006527 0.037969 0.012097 -0.036577 
0.011855 0.006327 0.008011 0.010788 
0.001473 0.018487 -0.012803 0.013417 
0.007376 0.016411 -0.006501 0.016777 
0.017452 0.001260 0.011923 0.012806 
-0.017155 0.009936 -0.017965 -0.008382 
0.005934 0.013002 -0.001022 0.014255 
-0.005619 -0.023816 0.023090 -0.008103 
-0.016394 -0.009465 -0.003211 -0.018656 
0.027762 0.023716 -0.024720 -0.026871 
0.018825 -0.009756 0.017235 0.012350 
0.014274 -0.019718 0.021298 0.011788 
-0.037250 -0.004818 0.034005 0.015951 
-0.013453 0.023995 -0.019329 -0.019574 
0.026220 0.021915 -0.031319 -0.013671 
0.020069 0.016470 -0.017988 0.018720 
0.036685 0.026963 0.038130 -0.024878 
0.013850 -0.014301 0.019627 0.003334 
0.002886 0.002828 0.002770 0.002941 
0.014443 -0.041939 -0.040265 -0.018607 
-0.015742 0.001977 -0.013992 -0.007480 
-0.003065 -0.029063 0.026760 0.011746 
-0.025810 -0.011710 0.020730 -0.019327 
-0.002601 -0.019964 0.015285 -0.013103 
0.010068 -0.002207 0.010297 0.000454 
-0.010486 0.018315 -0.021089 -0.000821 
0.022691 0.020116 -0.029904 0.005028 
0.021609 -0.015286 0.012042 0.023572 
0.010853 -0.019833 0.022241 0.004057 
-0.025229 -0.033211 -0.018683 0.037288 
-0.051858 0.018227 -0.039420 -0.038308 
0.031100 0.018161 -0.030510 -0.019134 
0.003070 -0.010268 0.005798 -0.009014 
-0.006426 0.002056 -0.006614 0.001329 
0.008177 0.013135 -0.000447 0.015466 
0.003229 0.008746 0.001310 0.009231 
0.015058 -0.005647 0.015482 0.004352 
-0.014138 -0.017838 0.012800 -0.018820 
-0.014872 0.014626 -0.020003 -0.005913 
-0.006726 0.026817 -0.023641 -0.014335 
0.045116 -0.013171 0.018639 -0.043145 
-0.008138 -0.030292 0.026344 0.017024 
0.004803 -0.038119 -0.021540 0.031814 
-0.007171 -0.011909 -0.000962 -0.013868 
0.032706 -0.017133 -0.035391 0.010521 
-0.002515 -0.018615 0.012513 -0.014010 
0.024461 0.021422 -0.032078 -0.005320 
-0.019207 -0.013800 0.009659 -0.021588 
0.019850 0.010804 -0.003984 0.022246 
0.001504 0.023669 -0.022930 0.006055 
0.014918 -0.000983 0.013254 0.006918 
0.008643 -0.014392 0.015825 -0.005605 
0.000779 -0.001045 0.000784 -0.001042 
0.023908 -0.028394 -0.029734 0.022218 
-0.027271 0.004778 0.003619 -0.027448 
0.021114 0.020989 -0.029231 0.005644 
0.016439 -0.004989 0.015634 0.007121 
-0.030465 0.021470 0.034919 -0.013027 
-0.004745 0.037458 0.017180 -0.033623 
0.003105 0.013302 -0.003076 0.013308 
-0.022238 0.005485 -0.011561 -0.019773 
0.027968 0.009661 -0.023249 0.018304 
0.002924 -0.036765 -0.009683 0.035587 
-0.024802 -0.027026 0.020473 0.030437 
-0.018082 0.001798 -0.013795 -0.011828 
-0.012299 0.008460 -0.014903 0.000856 
-0.011569 0.038575 0.036208 -0.017629 
0.014012 0.009054 0.005188 0.015855 
0.008892 -0.025794 0.022786 0.015008 
-0.004141 -0.021015 0.017143 -0.012841 
0.002207 0.020154 -0.015839 0.012656 
0.011322 0.016903 -0.008341 0.018556 
0.027539 -0.023143 -0.028093 0.022468 
-0.005591 -0.014086 0.002774 -0.014899 
0.030585 0.010642 -0.031447 0.007731 
-0.002196 -0.005917 -0.001610 -0.006102 
0.017481 -0.018937 0.017961 0.018482 
-0.013393 -0.017376 0.010919 -0.019029 
-0.007019 0.002555 -0.007301 0.001576 
0.037697 -0.004937 -0.036696 -0.009944 
0.001963 0.009660 -0.000367 0.009850 
-0.006529 0.001615 -0.006668 0.000884 
0.014040 0.009789 0.004155 0.016604 
0.007411 0.008661 0.004333 0.010543 
0.048843 -0.004694 0.043333 -0.023021 
-0.015262 -0.011599 -0.000420 -0.019165 
-0.019687 0.006308 -0.015329 -0.013871 
-0.033804 -0.004505 0.033647 -0.005559 
-0.015824 0.009887 -0.017862 -0.005395 
-0.003116 -0.011748 0.001239 -0.012091 
0.031766 -0.014194 -0.028714 0.019648 
0.024368 -0.013187 0.005195 0.027216 
0.015955 -0.002532 0.014321 0.007476 
0.000434 -0.005478 0.000837 -0.005431 
0.010641 0.015563 -0.005027 0.018171 
0.010749 0.020519 -0.017097 0.015629 
0.001945 -0.020779 0.019124 -0.008355 
0.013834 -0.008346 0.016082 0.001546 
0.006643 0.019418 -0.013235 0.015685 
-0.026543 0.017418 0.009820 -0.030191 
0.010879 0.014475 -0.002843 0.017883 
-0.005284 -0.031950 0.021830 0.023919 
-0.027557 0.013493 0.008396 -0.029512 
0.013637 0.025057 -0.028441 0.002226 
0.044683 0.006426 0.018250 -0.041289 
-0.020843 -0.023806 0.031240 0.005023 
-0.038590 0.006662 0.035441 0.016658 
0.007315 0.038081 0.013201 -0.036461 
0.045023 -0.021210 0.039214 -0.030646 
-0.018998 -0.027800 0.027723 0.019110 
-0.026358 -0.003738 0.007969 -0.025401 
0.037202 0.000678 -0.035921 -0.009699 
-0.001151 -0.001232 -0.001142 -0.001240 
0.007984 -0.007153 0.009656 -0.004657 
-0.037294 0.009319 0.037439 0.008722 
-0.037638 0.004733 0.036717 0.009533 
0.017588 0.041225 0.043920 -0.008938 
0.011506 -0.012863 0.017150 -0.001934 
0.004043 0.034680 -0.009486 -0.033602 
0.016908 0.021897 -0.025931 0.009639 
0.018465 -0.040584 -0.037335 -0.024374 
-0.009733 -0.000986 -0.009239 -0.003217 
0.039431 -0.029763 0.028389 -0.040431 
0.034027 -0.027258 -0.029309 -0.032278 
0.001215 -0.029612 0.024136 0.017198 
-0.003869 0.005163 -0.004374 0.004743 
0.002680 0.008849 0.000785 0.009213 
-0.010567 0.019985 -0.022296 -0.003734 
0.013429 -0.004631 0.014020 0.002286 
-0.003753 -0.015610 0.006173 -0.014821 
-0.019620 -0.010534 0.003001 -0.022066 
-0.015583 0.017669 -0.020563 -0.011497 
0.023324 -0.002747 0.007801 0.022152 
0.017046 0.011637 -0.001452 0.020588 
0.002396 -0.022601 0.022269 -0.004546 
-0.000835 0.021007 -0.018934 0.009138 
0.017276 -0.009464 0.017753 0.008536 
-0.023531 -0.010341 0.011400 -0.023036 
-0.014906 -0.008499 -0.005597 -0.016220 
0.020876 -0.004264 0.013090 0.016811 
-0.012621 -0.002332 -0.010696 -0.007095 
0.027547 0.013743 -0.028810 0.010849 
0.040967 0.004371 -0.018043 -0.037038 
0.003871 -0.008951 0.005831 -0.007818 
0.023639 0.020817 -0.031497 -0.000243 
0.024382 -0.002034 0.004607 0.024029 
0.023043 0.028699 -0.017773 -0.032229 
0.014480 0.007287 0.007221 0.014513 
0.001126 0.011925 -0.003042 0.011585 
0.011428 0.001393 0.010389 0.004962 
0.005348 -0.007447 0.006756 -0.006198 
0.009278 0.001732 0.008684 0.003697 
-0.012193 0.008133 -0.014627 0.000919 
0.007564 -0.022299 0.023397 0.002649 
-0.014995 0.002840 -0.014158 -0.005698 
-0.003907 -0.009468 -0.001375 -0.010150 
0.016541 0.013523 -0.004900 0.020796 
-0.015495 0.016437 -0.020500 -0.009490 
0.002618 0.008589 0.000884 0.008935 
0.000802 -0.003865 0.000948 -0.003832 
0.013912 -0.027411 0.010833 0.028768 
-0.009838 0.040574 0.040832 -0.008705 
0.033083 -0.007892 -0.029071 0.017653 
0.039779 0.007305 -0.020406 -0.034919 
0.003118 -0.041687 -0.039090 0.014816 
-0.012701 0.012980 -0.018160 -0.000193 
0.023927 0.021164 -0.031844 -0.002524 
0.011909 0.014775 -0.003820 0.018589 
0.001577 0.014717 -0.006160 0.013458 
0.020573 0.007269 0.001446 0.021772 
0.013410 -0.032066 -0.007251 0.033993 
-0.003132 -0.013586 0.003436 -0.013512 
0.023039 0.027029 -0.024503 -0.025710 
0.010233 0.003370 0.008879 0.006102 
0.024949 0.024172 -0.029051 -0.019047 
0.025009 -0.019932 -0.008176 0.030918 
0.015503 -0.011312 0.018492 0.005132 
-0.005055 -0.006026 -0.004089 -0.006719 
-0.008984 0.007211 -0.010815 0.003968 
0.002898 0.006436 0.002093 0.006741 
-0.017512 0.025793 -0.005189 -0.030741 
0.021367 -0.010572 0.014233 0.019124 
0.016288 -0.028797 -0.001689 0.033041 
0.011317 -0.004027 0.012011 0.000134 
0.021654 -0.000335 0.009201 0.019605 
-0.027177 -0.015116 0.029988 -0.008233 
0.008080 0.022880 -0.021637 0.010984 
-0.007283 -0.036782 -0.003847 0.037299 
-0.003427 -0.010702 -0.000010 -0.011238 
0.036309 0.003058 -0.035777 -0.006906 
-0.007896 -0.005517 -0.006451 -0.007152 
0.003909 0.016638 -0.007951 0.015129 
0.010341 0.014668 -0.003107 0.017676 
0.025648 -0.003839 0.001917 0.025862 
0.032823 0.030253 0.035169 -0.027491 
-0.001023 -0.025974 0.025970 0.001118 
0.003280 -0.005154 0.003737 -0.004833 
0.005466 0.015335 -0.004905 0.015523 
0.041732 0.007262 -0.006338 -0.041882 
0.030693 -0.031274 -0.031720 -0.030232 
0.026079 0.006265 -0.011058 0.024436 
-0.016001 0.012970 -0.019300 -0.007194 
-0.001718 -0.009160 0.000253 -0.009317 
0.012819 0.003738 0.010039 0.008804 
0.001054 -0.016505 0.011066 -0.012291 
-0.014548 -0.001923 -0.011608 -0.008977 
0.024063 -0.003193 0.006266 0.023452 
-0.027982 -0.005848 0.016947 -0.023022 
-0.025666 0.005534 -0.002532 -0.026133 
-0.009019 0.001297 -0.009095 -0.000549 
0.014451 0.013050 -0.001774 0.019390 
0.023921 -0.020887 -0.005647 0.031251 
-0.018775 -0.008460 -0.002259 -0.020468 
0.001918 -0.021045 0.019566 -0.007983 
-0.020213 0.002565 -0.012834 -0.015825 
-0.009393 0.003504 -0.009964 0.001112 
0.021619 -0.011085 0.013727 0.020046 
0.007656 -0.013529 0.013897 -0.006966 
0.003378 -0.027587 0.025135 0.011861 
-0.011343 0.023201 -0.022467 -0.012735 
0.006311 -0.024626 0.024559 0.006566 
0.000267 -0.012738 0.005173 -0.011644 
-0.005858 -0.007469 -0.004083 -0.008570 
0.000813 -0.004984 0.001123 -0.004924 
0.040598 0.002969 -0.022489 -0.033930 
-0.018798 -0.027741 0.028013 0.018390 
-0.025210 0.024778 0.023026 -0.026820 
0.011338 -0.003033 0.011703 0.000887 
-0.008270 0.025510 -0.023506 -0.012907 
0.038646 -0.020682 -0.021141 -0.038397 
-0.018822 -0.026901 0.029478 0.014457 
-0.003300 -0.022625 0.020719 -0.009669 
0.001970 -0.021429 0.020243 -0.007301 
-0.012514 -0.018197 0.012303 -0.018340 
-0.019106 0.017713 -0.015925 -0.020620 
0.034226 0.003268 -0.033972 0.005286 
0.020257 -0.033366 -0.035332 0.016592 
-0.018122 -0.014187 0.008735 -0.021293 
0.001576 -0.011528 0.005238 -0.010389 
0.007760 0.002782 0.007192 0.004028 
0.007494 -0.021957 0.023135 0.001739 
-0.017298 -0.026134 0.030385 0.007677 
-0.021407 0.009082 -0.014055 -0.018526 
0.031463 -0.022184 -0.038173 0.004984 
0.003645 -0.037233 -0.013880 0.034740 
-0.007795 -0.008545 -0.004634 -0.010598 
0.015355 -0.003869 0.014783 0.005677 
-0.018038 -0.004747 -0.008319 -0.016695 
0.011626 -0.006060 0.013087 -0.000785 
-0.000201 0.020591 -0.017833 0.010296 
-0.010841 0.008323 -0.013401 0.002685 
0.001433 0.021995 -0.019873 0.009533 
-0.000293 -0.013644 0.005741 -0.012381 
0.004969 0.043900 0.044125 -0.002196 
0.031709 -0.009219 -0.024009 0.022671 
0.031565 0.019585 -0.026150 -0.026384 
0.038535 0.003739 -0.031458 -0.022567 
0.027818 -0.001077 -0.007871 0.026703 
0.022152 0.026868 -0.026488 -0.022605 
0.020358 0.017216 -0.020384 0.017185 
0.020967 0.014342 -0.014510 0.020851 
0.010373 -0.022108 0.023127 0.007844 
0.008276 -0.009378 0.011179 -0.005609 
0.002859 -0.017966 0.014981 -0.010321 
0.035211 0.009965 -0.033554 -0.014604 
0.011514 -0.044869 -0.032647 -0.032864 
-0.011374 0.001233 -0.011184 -0.002410 
0.007801 -0.010405 0.011326 -0.006390 
0.017147 -0.019911 0.017745 0.019380 
-0.031144 -0.010942 0.032698 -0.004532 
-0.015042 0.007256 -0.016250 -0.003855 
-0.035004 0.001365 0.034476 -0.006210 
0.028137 0.022315 -0.027831 -0.022696 
-0.002460 -0.012806 0.002925 -0.012708 
0.024427 -0.011860 0.005895 0.026507 
-0.041814 -0.021024 -0.041974 0.020704 
-0.035303 0.029286 0.011677 0.044358 
-0.008496 0.014661 -0.015958 0.005700 
0.003046 0.006097 0.002335 0.006403 
0.008656 0.008468 0.005132 0.010969 
-0.026964 -0.034465 -0.033712 0.027900 
-0.019369 -0.022682 0.029674 -0.003010 
-0.007713 -0.001191 -0.007451 -0.002323 
0.001137 -0.009389 0.003148 -0.008918 
-0.009678 0.018336 -0.020722 0.000692 
-0.006994 -0.006294 -0.005478 -0.007650 
-0.016666 -0.001303 -0.012097 -0.011537 
0.026777 -0.017867 -0.011824 0.029941 
-0.000152 -0.020355 0.017197 -0.010890 
0.010363 0.011005 0.002948 0.014826 
-0.010981 -0.014759 0.003443 -0.018071 
-0.018165 -0.001606 -0.011310 -0.014305 
0.004211 0.007854 0.002615 0.008520 
-0.024410 -0.014116 0.022067 -0.017555 
-0.010186 -0.010187 -0.003948 -0.013854 
-0.041728 0.011723 0.016479 0.040089 
-0.009565 -0.013583 0.001024 -0.016581 
0.021751 0.002220 0.006452 0.020890 
0.011288 0.010721 0.003371 0.015198 
0.017619 0.010338 0.000392 0.020424 
0.027908 -0.019925 -0.021722 0.026534 
0.008028 -0.018441 0.019821 -0.003413 
-0.003126 0.014451 -0.010055 0.010840 
-0.020243 0.003250 -0.013233 -0.015659 
0.012120 0.006724 0.007761 0.011484 
-0.018787 -0.010754 0.002065 -0.021548 
-0.016036 0.012693 -0.019185 -0.007085 
0.025168 -0.002197 0.002429 0.025147 
-0.021875 -0.027248 0.025806 0.023559 
-0.018111 -0.008938 -0.002306 -0.020064 
0.013268 -0.024009 0.019597 0.019194 
-0.009528 0.001493 -0.009619 -0.000695 
0.018542 -0.002175 0.013838 0.012532 
-0.006585 -0.018635 0.011420 -0.016131 
-0.023609 0.016068 -0.004916 -0.028132 
0.000902 0.021561 -0.019209 0.009835 
0.024832 -0.011702 0.004578 0.027066 
0.022235 0.017121 -0.023796 0.014876 
-0.001036 0.014313 -0.007817 0.012034 
-0.009378 -0.005823 -0.007254 -0.008320 
-0.002869 -0.022106 0.019729 -0.010376 
0.001458 -0.013618 0.007340 -0.011563 
-0.014399 0.007132 -0.015832 -0.002747 
0.021078 -0.004911 0.013162 0.017180 
0.008232 0.021629 -0.018780 0.013524 
0.027156 -0.028560 -0.038952 0.005983 
-0.008992 -0.009391 -0.004459 -0.012214 
-0.011336 -0.005335 -0.008512 -0.009193 
-0.018411 -0.007904 -0.003650 -0.019700 
0.005019 -0.020050 0.019861 -0.005719 
-0.019829 -0.010341 0.002976 -0.022164 
-0.027299 0.023249 0.027394 -0.023137 
-0.013298 0.026273 -0.015431 -0.025080 
-0.012421 -0.003409 -0.010066 -0.008036 
0.008800 -0.012394 0.014071 -0.005752 
-0.019226 0.005208 -0.015155 -0.012926 
0.018826 -0.003672 0.014578 0.012466 
-0.007165 0.013003 -0.012825 0.007478 
0.018338 -0.002968 0.014400 0.011737 
-0.015034 -0.008379 -0.005701 -0.016240 
0.031624 0.027678 0.013523 -0.039791 
0.023792 -0.033649 -0.041141 -0.002390 
-0.015150 -0.019947 0.019392 -0.015854 
0.017397 0.015840 -0.011736 0.020393 
0.008793 0.016875 -0.007507 0.017485 
-0.009476 -0.020219 0.015730 -0.015849 
-0.010143 0.021856 -0.023129 -0.006753 
-0.007159 0.004112 -0.007742 0.002867 
-0.010607 0.004152 -0.011373 0.000634 
0.018678 0.004271 0.008296 0.017271 
-0.029983 -0.022229 0.023062 0.029347 
0.020764 0.023763 -0.031214 -0.004635 
0.013020 0.003837 0.010048 0.009125 
-0.015300 0.028135 -0.004281 -0.031739 
-0.009159 0.024490 -0.023432 -0.011601 
0.005490 -0.014713 0.012869 -0.009000 
-0.030664 0.033999 0.018702 0.041791 
0.023652 0.030381 -0.006755 -0.037904 
0.032920 0.021158 -0.015040 -0.036128 
0.003144 -0.047130 -0.032469 -0.034306 
-0.005428 0.004346 -0.005903 0.003675 
0.007097 -0.041387 -0.040898 0.009519 
-0.033617 -0.020271 0.015272 0.036163 
-0.008498 0.001108 -0.008559 -0.000429 
-0.003871 -0.028551 0.027300 0.009214 
-0.024729 -0.015328 0.025310 -0.014349 
-0.022222 -0.024600 0.030746 0.012397 
-0.013036 -0.008817 -0.005694 -0.014672 
0.001889 -0.007550 0.002983 -0.007188 
0.009619 0.011136 0.002673 0.014470 
-0.014445 -0.030718 0.023436 0.024557 
-0.021796 -0.027614 0.024789 0.024962 
-0.033703 -0.013627 0.032312 0.016660 
-0.019929 -0.013056 0.009231 -0.021964 
-0.001954 -0.001531 -0.001930 -0.001560 
-0.025319 -0.029070 0.008496 0.037602 
0.005059 0.025193 -0.025394 0.003930 
-0.025877 0.038747 0.017410 0.043218 
0.029738 0.034980 0.044375 -0.011785 
0.020126 0.025850 -0.030256 -0.012563 
0.032780 0.000239 -0.028684 0.015868 
0.017560 -0.015883 0.019043 0.014071 
-0.011701 -0.013017 0.000303 -0.017500 
0.011948 0.014943 -0.004196 0.018667 
-0.022552 0.019638 -0.002969 -0.029756 
-0.011973 -0.012456 -0.000610 -0.017266 
0.004314 -0.013313 0.009966 -0.009825 
-0.013476 0.018651 -0.021613 -0.007897 
0.005527 -0.038400 -0.024509 0.030074 
-0.021666 0.024142 0.005304 -0.032002 
0.023187 -0.002187 0.007718 0.021974 
0.004428 -0.000881 0.004467 -0.000659 
-0.021216 0.018569 -0.009533 -0.026534 
0.028989 0.006141 -0.020971 0.020935 
0.002324 -0.020117 0.018214 -0.008852 
-0.003208 0.008973 -0.005106 0.008046 
0.032880 -0.027592 -0.033703 -0.026581 
0.026598 -0.000393 -0.003862 0.026319 
0.033338 0.008090 -0.034295 0.000833 
-0.005432 -0.014358 0.003272 -0.014998 
0.004933 0.005446 0.004173 0.006048 
-0.002932 0.004729 -0.003282 0.004493 
-0.012079 -0.021635 0.020755 -0.013535 
0.015648 0.028271 -0.028689 -0.014867 
0.019744 -0.010019 0.016503 0.014759 
0.027330 -0.036116 -0.026194 -0.036948 
-0.014254 -0.002849 -0.010983 -0.009521 
-0.006374 0.016561 -0.016108 0.007445 
0.004043 0.014817 -0.004696 0.014623 
-0.010964 -0.009752 -0.004575 -0.013942 
0.014814 0.013805 -0.003676 0.019913 
0.008952 -0.016016 0.017833 -0.004317 
0.002999 -0.049946 -0.004896 -0.049796 
-0.002740 0.018520 -0.015797 0.010047 
0.021102 0.004678 0.004498 0.021141 
0.034029 -0.001674 -0.031994 0.011711 
-0.014394 -0.014531 0.004920 -0.019854 
0.016709 0.010468 0.001183 0.019681 
0.005413 0.037963 0.011859 -0.036467 
0.008840 -0.027423 0.020644 0.020099 
-0.001456 -0.009327 0.000596 -0.009421 
0.012168 0.013738 -0.001816 0.018262 
0.029460 -0.000235 -0.015265 0.025197 
0.035158 -0.003292 -0.034714 0.006471 
-0.023265 -0.024619 0.030058 0.015617 
-0.032137 0.003525 0.024858 -0.020671 
0.001023 0.011610 -0.002821 0.011309 
0.021046 -0.009647 0.014722 0.017868 
-0.020693 -0.020223 0.027470 -0.009087 
-0.014056 0.015611 -0.020395 -0.005031 
-0.018819 0.007154 -0.016287 -0.011836 
0.016048 0.020698 -0.022298 0.013737 
-0.003657 -0.017550 0.009838 -0.014987 
-0.005295 0.026791 -0.024603 -0.011853 
-0.002285 -0.009939 0.000290 -0.010194 
0.003476 -0.002078 0.003556 -0.001937 
-0.004506 0.006031 -0.005296 0.005350 
0.006050 -0.014344 0.013034 -0.008514 
-0.018257 -0.014940 0.010823 -0.020962 
0.029821 0.031558 0.028422 -0.032824 
0.029831 -0.021570 -0.033113 0.016083 
0.024656 -0.006750 0.006058 0.024835 
0.034684 0.007325 -0.035097 -0.004983 
0.008770 -0.035138 -0.011113 0.034469 
-0.009922 -0.010484 -0.003545 -0.013993 
0.011818 -0.012597 0.017207 -0.001507 
0.010661 -0.019297 0.021879 0.002705 
0.008969 -0.042154 -0.043061 -0.001791 
-0.031798 0.010047 0.024919 -0.022161 
-0.039155 -0.004341 0.028395 0.027307 
-0.024954 0.000995 -0.002115 -0.024884 
-0.006864 -0.022711 0.020966 -0.011105 
-0.031259 -0.008106 0.030483 -0.010661 
0.004140 0.011526 -0.000271 0.012244 
-0.031969 0.026077 0.038916 0.013696 
-0.021308 -0.010089 0.005403 -0.022948 
0.010816 -0.002841 0.011170 0.000549 
-0.002170 0.021192 -0.019950 0.007473 
0.001384 0.006741 0.000595 0.006856 
-0.014030 -0.019431 0.016855 -0.017039 
0.020947 0.016954 -0.020878 0.017038 
-0.009502 -0.019921 0.014991 -0.016198 
0.001211 -0.017021 0.012042 -0.012090 
-0.014578 0.006321 -0.015545 -0.003291 
-0.011558 -0.007699 -0.006796 -0.012111 
-0.007466 -0.012690 -0.000021 -0.014723 
-0.036868 -0.008151 0.031911 0.020183 
-0.039437 0.010383 0.031969 0.025319 
-0.022874 -0.020080 0.030074 -0.004686 
-0.002893 -0.022938 0.021397 -0.008757 
-0.013624 -0.022176 0.023269 -0.011659 
0.009687 0.036121 0.000678 -0.037392 
0.007241 -0.044990 -0.039373 -0.022941 
-0.011173 0.010579 -0.015141 0.002738 
0.026534 -0.001665 -0.002544 0.026464 
-0.003113 -0.011895 0.001398 -0.012216 
0.016045 0.027700 -0.029342 -0.012799 
0.013856 0.024708 -0.028129 0.003351 
0.007886 0.015982 -0.005584 0.016924 
0.003491 0.008511 0.001667 0.009047 
0.010215 0.028052 -0.028847 -0.007688 
0.040168 0.035056 0.009662 0.052432 
0.006178 -0.026426 0.024309 0.012065 
-0.021178 0.012816 -0.014298 -0.020208 
-0.004250 0.006929 -0.005310 0.006155 
0.007926 -0.019530 0.020975 -0.002071 
-0.019274 -0.020022 0.025056 -0.012025 
0.013403 -0.016819 0.020922 0.004979 
0.016582 0.004961 0.009004 0.014782 
0.022862 -0.004279 0.009743 0.021120 
0.014974 0.003040 0.010953 0.010654 
-0.006192 -0.028591 0.027862 0.008915 
0.017274 0.031267 -0.017887 -0.030920 
0.005425 -0.010910 0.008948 -0.008271 
-0.004582 0.026925 -0.024907 -0.011205 
0.044685 -0.005756 0.005654 -0.044698 
-0.003522 -0.022218 0.019849 -0.010586 
0.020503 -0.030156 -0.023739 0.027681 
-0.035899 -0.021545 -0.004875 0.041583 
-0.022863 0.000574 -0.007111 -0.021737 
-0.009528 0.003370 -0.010065 0.000909 
0.007584 -0.007357 0.009287 -0.005039 
-0.002105 0.022933 -0.022650 0.004161 
-0.000465 -0.009625 0.001714 -0.009482 
-0.006599 0.009220 -0.009128 0.006726 
0.003147 0.017523 -0.010020 0.014716 
-0.044897 0.012402 -0.014925 0.044123 
0.027579 0.013887 -0.029086 0.010368 
-0.000687 -0.001720 -0.000672 -0.001726 
-0.019985 0.003744 -0.013778 -0.014953 
0.009955 0.013472 -0.000839 0.016730 
-0.023415 0.005944 -0.009219 -0.022330 
-0.029336 -0.012783 0.031190 -0.007152 
-0.029665 0.007330 0.013876 -0.027225 
0.019932 0.001012 0.010357 0.017059 
-0.018988 0.010133 -0.017223 -0.012906 
0.014036 -0.007999 0.016038 0.001943 
0.008331 0.022821 -0.021584 0.011151 
-0.025888 -0.004940 0.008218 -0.025041 
-0.000048 0.005643 -0.000487 0.005623 
0.008492 -0.034002 -0.003781 0.034842 
-0.000234 -0.026650 0.026318 0.004197 
-0.003327 -0.020518 0.016235 -0.012981 
-0.010972 0.012062 -0.016036 0.002954 
0.013760 -0.012761 0.018645 0.002133 
0.015179 -0.007962 0.016666 0.004002 
-0.024055 0.010058 -0.007797 -0.024880 
-0.015455 -0.006811 -0.007465 -0.015150 
0.017109 0.014111 -0.007022 0.021036 
0.003422 0.005462 0.002850 0.005782 
0.003985 0.011831 -0.000704 0.012465 
-0.016394 -0.005511 -0.008513 -0.015055 
0.019652 -0.010138 0.016624 0.014581 
-0.033977 -0.008095 0.034824 0.002687 
-0.017203 -0.007727 -0.005185 -0.018132 
0.011075 -0.012681 0.016623 -0.002672 
0.011972 -0.027356 0.015543 0.025497 
-0.020151 -0.023643 0.030955 0.002620 
-0.004184 0.005459 -0.004786 0.004939 
-0.007137 0.008336 -0.009250 0.005905 
0.022261 -0.009462 0.012462 0.020731 
-0.006747 -0.042251 -0.039544 0.016339 
-0.010790 0.028855 -0.013729 -0.027577 
0.028723 0.002398 -0.014942 0.024647 
0.009853 0.002212 0.009002 0.004577 
-0.033982 -0.001891 0.032959 -0.008489 
0.004278 0.052518 -0.021882 0.047933 
0.018981 -0.037950 -0.041914 -0.006606 
-0.024759 -0.005939 0.006317 -0.024666 
0.014802 0.015810 -0.008336 0.019989 
-0.001748 -0.007757 -0.000532 -0.007934 
0.043876 0.004141 0.005870 -0.043678 
0.037623 -0.028970 0.006996 -0.046966 
0.020082 -0.033388 -0.034965 0.017189 
-0.014024 -0.005617 -0.008918 -0.012194 
0.003436 0.005840 0.002760 0.006188 
0.006855 -0.015613 0.015386 -0.007351 
0.024597 0.007022 -0.007758 0.024375 
-0.013590 -0.029787 0.026574 0.019126 
0.004101 0.037047 0.005463 -0.036870 
0.014339 0.003601 0.010502 0.010406 
-0.004799 0.010635 -0.008012 0.008482 
0.014252 -0.001801 0.013345 0.005317 
-0.004263 -0.016364 0.007276 -0.015265 
0.001998 0.020599 -0.016849 0.012018 
-0.011849 0.001011 -0.011490 -0.003067 
0.018957 -0.010954 0.017445 0.013229 
0.007254 0.000670 0.007106 0.001603 
-0.013414 -0.008065 -0.006527 -0.014227 
-0.014864 -0.005741 -0.008746 -0.013319 
-0.013456 0.022302 -0.021017 -0.015386 
0.040442 0.005892 -0.018920 -0.036225 
0.004199 -0.035530 -0.003845 0.035570 
0.006600 -0.012015 0.011246 -0.007838 
0.003406 0.006254 0.002606 0.006628 
0.016133 0.022094 -0.025501 0.009905 
0.022918 0.034482 0.018596 -0.036992 
-0.005450 0.011837 -0.009763 0.008630 
-0.009457 -0.014573 0.002815 -0.017143 
-0.006212 0.008190 -0.008100 0.006329 
0.026003 -0.013456 -0.001432 0.029243 
0.014323 -0.034431 -0.022714 0.029576 
-0.031613 -0.008156 0.031364 -0.009065 
-0.015770 0.004942 -0.015441 -0.005892 
-0.010943 -0.015187 0.004320 -0.018213 
0.035012 -0.026649 -0.025795 -0.035646 
0.033504 0.008864 -0.034603 -0.001928 
-0.006722 0.007526 -0.008370 0.005636 
-0.006758 0.006305 -0.007920 0.004765 
0.008729 0.018995 -0.012457 0.016788 
0.028384 -0.021574 -0.027682 0.022467 
-0.023573 -0.022094 0.031868 0.005313 
0.010328 0.034075 -0.011679 -0.033636 
0.024957 0.015676 -0.026464 0.012970 
0.012767 -0.008231 0.015190 -0.000123 
0.015702 0.006035 0.008235 0.014668 
-0.029809 -0.004036 0.021105 -0.021435 
-0.015093 0.010455 -0.017922 -0.003988 
-0.003786 -0.010782 -0.000208 -0.011425 
0.004836 0.007286 0.003396 0.008058 
-0.004927 -0.007612 -0.003307 -0.008443 
-0.010905 -0.005096 -0.008458 -0.008564 
0.033909 0.000470 -0.032254 0.010475 
-0.020997 0.005345 -0.013481 -0.016961 
0.020703 -0.008519 0.015013 0.016607 
-0.024475 -0.015005 0.024089 -0.015617 
-0.007022 0.008898 -0.009429 0.006290 
0.020929 0.004370 0.005217 0.020735 
0.000854 -0.013882 0.007087 -0.011967 
0.012128 0.004799 0.009152 0.009293 
-0.026994 0.025721 0.032693 -0.017927 
0.017487 -0.010634 0.018168 0.009424 
-0.035948 -0.001468 0.035899 0.002376 
-0.002707 0.043700 0.043749 0.001729 
0.025800 -0.013234 -0.000357 0.028994 
0.018084 -0.001533 0.013629 0.011984 
-0.003812 0.007967 -0.005254 0.007100 
-0.012802 -0.014520 0.003735 -0.018994 
-0.028913 0.003883 0.010763 -0.027115 
-0.007390 -0.005656 -0.006036 -0.007084 
-0.014252 -0.028650 0.028489 0.014571 
-0.007290 -0.013906 0.001884 -0.015587 
0.018539 0.014410 -0.009976 0.021256 
0.011955 -0.011981 0.016863 -0.001447 
-0.028837 0.021800 0.030003 -0.020164 
-0.010944 0.024318 -0.022131 -0.014878 
-0.023611 0.030051 0.034018 -0.017415 
0.023803 0.027046 -0.022866 -0.027842 
0.023187 0.015476 -0.022163 0.016909 
0.013344 0.033362 -0.012771 -0.033585 
0.014678 0.030909 -0.022574 -0.025714 
0.003050 0.021964 -0.019398 0.010744 
-0.007577 0.009554 -0.010480 0.006233 
-0.006509 0.019967 -0.020674 0.003691 
-0.031541 -0.006161 0.029319 -0.013159 
-0.001767 0.019254 -0.016333 0.010347 
-0.001999 -0.012006 0.002388 -0.011935 
-0.001529 0.036349 0.005030 -0.036032 
-0.005010 0.007567 -0.006423 0.006411 
0.013990 0.001567 0.011647 0.007907 
-0.003150 -0.025638 0.025783 -0.001565 
-0.015496 0.026257 -0.010000 -0.028802 
-0.002138 -0.020249 0.016065 -0.012510 
0.011732 0.037503 0.012843 -0.037137 
-0.003830 0.009903 -0.006382 0.008486 
-0.004947 -0.022493 0.020325 -0.010830 
0.007742 -0.040495 -0.038514 0.014711 
-0.043857 -0.022841 -0.048656 -0.008816 
-0.033418 0.028805 0.027105 0.034811 
-0.014783 0.006787 -0.015885 -0.003501 
0.001383 -0.003077 0.001468 -0.003038 
-0.016846 0.008771 -0.017475 -0.007441 
-0.003466 0.028712 -0.023941 -0.016224 
0.038577 0.012041 -0.016263 -0.036996 
0.000107 -0.038055 -0.014972 0.034986 
-0.019155 0.022608 -0.008488 -0.028390 
0.005162 0.025509 -0.025859 0.002942 
-0.015409 0.000243 -0.013014 -0.008256 
-0.011178 -0.023207 0.023763 -0.009943 
-0.013045 -0.008823 -0.005685 -0.014687 
-0.002581 0.017414 -0.013849 0.010868 
-0.026172 -0.002589 0.005742 -0.025666 
-0.015039 0.001818 -0.013698 -0.006468 
-0.005024 0.010548 -0.008203 0.008318 
-0.000930 0.017362 -0.012388 0.012199 
-0.036799 -0.006840 0.033375 0.016942 
-0.011474 0.013522 -0.017650 0.001730 
0.004806 0.019144 -0.012824 0.015004 
0.004234 0.001386 0.004162 0.001590 
-0.033357 -0.011871 0.034148 0.009353 
-0.018573 -0.002658 -0.010084 -0.015822 
0.009821 -0.012235 0.015024 -0.004520 
0.005553 -0.032046 0.012129 0.030177 
-0.025639 0.027152 0.031959 -0.019318 
-0.012023 0.010205 -0.015698 0.001501 
-0.023353 -0.037389 -0.038335 0.021765 
-0.029336 -0.018548 0.032366 0.012536 
0.003898 -0.003892 0.004176 -0.003593 
0.002679 0.005659 0.002125 0.005889 
-0.005477 -0.000347 -0.005436 -0.000750 
0.009094 0.028826 -0.028301 -0.010615 
-0.014058 -0.014562 0.004704 -0.019687 
0.039103 -0.024903 -0.000982 -0.046350 
0.033658 -0.023486 -0.038259 -0.014856 
0.021489 -0.004196 0.012196 0.018184 
0.025516 -0.007592 0.003346 0.026411 
-0.016741 -0.018997 0.018961 -0.016782 
0.007893 -0.004244 0.008570 -0.002622 
-0.000127 0.017072 -0.011264 0.012829 
0.006413 0.004039 0.005784 0.004897 
-0.010460 0.020932 -0.022772 -0.005385 
0.034371 0.002095 -0.033881 0.006153 
-0.021213 0.009490 -0.014434 -0.018213 
0.011467 -0.000354 0.010990 0.003294 
0.007282 -0.015707 0.015924 -0.006795 
0.002274 -0.016630 0.012331 -0.011387 
-0.040007 -0.003585 0.025121 0.031342 
0.010819 0.016549 -0.007285 0.018380 
0.001685 -0.030062 0.022968 0.019468 
-0.010544 -0.010108 -0.004100 -0.014020 
0.017185 0.008975 0.003278 0.019108 
-0.032134 -0.027875 -0.017719 0.038674 
-0.035958 0.013894 0.038247 0.004822 
-0.023382 -0.017994 0.027655 -0.010281 
-0.000710 -0.011850 0.003337 -0.011393 
0.007443 -0.015432 0.015759 -0.006723 
-0.003360 0.019304 -0.017565 0.008684 
-0.002059 -0.007714 -0.000836 -0.007940 
0.014934 -0.021149 0.020067 0.016359 
-0.027063 0.011119 0.003901 -0.028997 
-0.007722 0.012789 -0.013241 0.006919 
0.017373 0.012325 -0.003315 0.021041 
0.027521 -0.032203 -0.039261 -0.015904 
-0.033664 -0.024375 -0.005818 0.041152 
-0.019665 -0.001651 -0.010049 -0.016984 
0.012863 -0.011710 0.017395 0.000030 
0.007917 0.004322 0.006906 0.005802 
-0.006081 0.002187 -0.006273 0.001555 
0.012984 -0.014383 0.019311 0.001589 
0.037337 0.002289 -0.035227 -0.012585 
-0.020010 -0.020298 0.026661 -0.010079 
-0.024929 0.025429 0.023917 -0.026383 
0.007059 0.023564 -0.022831 0.009157 
-0.010399 -0.019510 0.014345 -0.016822 
0.013886 0.021391 -0.021670 0.013447 
0.006114 -0.035083 -0.004747 0.035294 
-0.022933 -0.025376 0.029042 0.018067 
-0.008459 0.001426 -0.008577 -0.000111 
0.027134 -0.020664 -0.019938 0.027672 
0.013502 -0.021609 0.021368 0.013880 
0.031731 -0.038104 0.020524 -0.045139 
-0.036637 -0.016761 0.012367 0.038344 
-0.020116 0.045249 -0.006634 0.049072 
0.034776 0.014957 -0.027160 -0.026371 
0.011201 -0.006603 0.012910 -0.001545 
0.002470 0.013297 -0.003527 0.013057 
0.005858 0.007806 0.003897 0.008947 
0.005009 0.021440 -0.017992 0.012691 
0.009607 0.008689 0.005341 0.011801 
-0.028073 0.012591 0.009781 -0.029171 
0.004820 0.010323 0.001356 0.011312 
-0.015093 -0.008327 -0.005743 -0.016253 
-0.003970 -0.001518 -0.003899 -0.001692 
-0.011820 -0.010685 -0.003394 -0.015568 
0.019966 -0.028125 -0.012997 0.031949 
-0.041356 0.014544 0.014975 0.041202 
0.018876 0.016831 -0.016718 0.018976 
0.016372 -0.002197 0.014217 0.008411 
0.009511 -0.007733 0.011655 -0.003798 
0.003408 -0.035286 -0.001041 0.035435 
-0.024853 -0.014029 0.022975 -0.016930 
-0.017593 -0.021353 0.025619 -0.010447 
-0.014037 -0.021343 0.021697 -0.013483 
-0.029263 0.033427 0.029802 0.032947 
0.014035 0.032440 -0.016740 -0.031130 
-0.013423 0.012227 -0.018115 -0.001230 
-0.033864 -0.003372 0.033292 -0.007056 
-0.001304 0.014322 -0.008082 0.011895 
-0.002298 -0.012003 0.002143 -0.012032 
-0.017097 0.000748 -0.013384 -0.010665 
-0.002076 0.017462 -0.013497 0.011273 
0.008919 0.016849 -0.007464 0.017542 
0.018840 -0.010297 0.017379 0.012608 
-0.011121 -0.002206 -0.009893 -0.005538 
-0.007877 -0.027519 0.028281 0.004420 
-0.004412 0.034566 -0.001529 -0.034813 
0.031520 -0.006443 -0.022160 0.023323 
0.005444 0.003783 0.005006 0.004345 
0.003961 -0.006308 0.004779 -0.005714 
-0.037864 -0.031304 -0.046746 -0.015114 
-0.007713 0.036983 0.019933 -0.032092 
0.013479 0.001517 0.011476 0.007230 
0.005843 0.007067 0.004277 0.008112 
-0.001034 -0.007896 0.000199 -0.007961 
-0.005296 0.001379 -0.005383 0.000988 
-0.008276 -0.021877 0.019385 -0.013090 
-0.013466 0.014867 -0.019835 -0.002990 
0.023674 0.007417 -0.005864 0.024106 
0.003520 -0.039737 -0.029711 0.026621 
-0.032574 0.000354 0.027664 -0.017200 
-0.001123 0.015275 -0.009236 0.012217 
-0.038050 -0.006077 0.030691 0.023299 
-0.022167 0.032539 0.037350 -0.012454 
0.049417 0.003224 0.048351 -0.010708 
-0.014195 -0.013767 0.003071 -0.019534 
-0.019165 0.010803 -0.017232 -0.013676 
-0.015339 -0.009488 -0.003953 -0.017597 
-0.011653 -0.012785 -0.000120 -0.017299 
-0.013702 -0.012018 -0.000694 -0.018212 
0.023107 -0.005199 0.009650 0.021630 
-0.035471 0.019683 0.037702 0.014973 
-0.016622 -0.009032 -0.003712 -0.018550 
0.024541 -0.000755 0.003102 0.024356 
0.014058 0.000835 0.012046 0.007296 
-0.004707 -0.008053 -0.002900 -0.008866 
-0.008692 0.005618 -0.009850 0.003175 
-0.008318 0.041630 0.042215 -0.004486 
0.038822 0.032137 0.040948 0.029380 
0.002349 -0.033347 0.011056 0.031549 
-0.032203 0.015114 0.031481 -0.016565 
-0.023401 0.042738 -0.001284 0.048709 
0.025082 0.024816 -0.027338 -0.022308 
0.037746 -0.018060 -0.032113 -0.026828 
-0.009921 -0.009249 -0.004909 -0.012645 
-0.006709 -0.004602 -0.005879 -0.005624 
-0.010086 -0.013637 0.001136 -0.016923 
0.011973 -0.014982 0.019178 0.000064 
-0.016680 0.005453 -0.015896 -0.007435 
0.002562 -0.008663 0.004230 -0.007983 
0.006218 -0.006144 0.007252 -0.004881 
-0.001408 0.013604 -0.007274 0.011582 
-0.010107 -0.034782 0.007716 0.035389 
-0.000199 -0.011099 0.003106 -0.010657 
0.012290 -0.014984 0.019368 0.000678 
-0.023605 0.032368 0.039575 -0.006220 
0.006686 0.007622 0.004578 0.009046 
-0.026043 0.020123 0.013459 -0.030033 
-0.012366 0.031067 -0.000916 -0.033425 
0.015253 0.041129 0.041060 -0.015439 
0.005842 -0.009915 0.008695 -0.007539 
-0.017789 -0.015527 0.011544 -0.020598 
-0.000439 0.038511 0.018421 -0.033822 
0.022443 -0.035059 -0.041434 -0.004014 
-0.014561 0.018851 -0.021183 -0.010894 
0.014062 0.012308 -0.000049 0.018688 
0.010976 0.024015 -0.025273 0.007646 
-0.004070 -0.051336 0.006459 -0.051090 
-0.021610 0.028194 0.020049 -0.029325 
0.022309 0.016832 -0.023308 0.015418 
0.020478 0.009046 -0.001594 0.022330 
0.000905 0.006088 0.000338 0.006146 
0.010080 0.017746 -0.009830 0.017886 
0.003119 0.012972 -0.002644 0.013077 
-0.015186 -0.025345 0.029537 0.000745 
-0.025844 -0.009537 0.016435 -0.022107 
-0.008091 0.019022 -0.020515 0.002540 
-0.007628 0.038851 0.030701 -0.025000 
0.005847 0.000072 0.005821 0.000560 
-0.024962 -0.002209 0.001351 -0.025024 
0.024960 0.021953 -0.031917 -0.009286 
-0.016594 -0.026500 0.030204 0.008083 
-0.028770 -0.006093 0.020126 -0.021442 
-0.021479 0.035380 0.041377 0.001011 
0.010831 -0.029201 0.012506 0.028524 
-0.020458 0.015898 -0.014396 -0.021541 
0.000199 0.020264 -0.016997 0.011035 
0.017835 -0.009755 0.017736 0.009934 
-0.026522 0.001834 0.002372 -0.026479 
0.006984 0.020412 -0.015611 0.014890 
-0.005779 0.009153 -0.008132 0.007145 
0.000958 -0.015919 0.010057 -0.012377 
-0.028977 0.002604 0.011611 -0.026677 
0.030628 -0.004458 -0.018193 0.025039 
-0.020335 0.001512 -0.011976 -0.016504 
0.006962 -0.012771 0.012370 -0.007653 
-0.010506 0.018876 -0.021536 -0.001702 
0.009131 0.012074 0.001313 0.015081 
-0.005717 0.001049 -0.005784 0.000573 
-0.027374 0.033955 0.035493 0.025349 
0.016690 0.013779 -0.005675 0.020885 
0.002321 -0.017837 0.014321 -0.010884 
-0.025193 0.022192 0.015048 -0.030012 
-0.012047 0.023764 -0.021448 -0.015805 
0.010712 0.019296 -0.013960 0.017093 
0.012405 -0.031060 0.000829 0.033436 
0.014887 -0.026988 0.009500 0.029321 
-0.007810 -0.042672 -0.041580 0.012370 
-0.011939 0.007782 -0.014205 0.001149 
-0.000260 0.008289 -0.001644 0.008128 
-0.016534 -0.014694 0.007645 -0.020757 
0.013710 -0.021836 0.021040 0.014903 
-0.003657 -0.020186 0.015417 -0.013533 
-0.017820 0.012160 -0.018505 -0.011090 
-0.004631 0.005140 -0.005199 0.004564 
-0.025428 -0.007777 0.011708 -0.023875 
-0.007775 0.038554 0.029334 -0.026198 
0.015058 0.033950 -0.006809 -0.036510 
0.007129 0.006910 0.005272 0.008413 
0.003353 -0.019127 0.017272 -0.008875 
-0.019454 -0.003700 -0.008137 -0.018054 
-0.004165 0.017337 -0.015133 0.009429 
0.012323 0.013569 -0.001550 0.018264 
0.016373 -0.021494 0.017498 0.020588 
-0.018360 0.009204 -0.017321 -0.011035 
-0.036680 -0.003744 0.035372 0.010406 
0.008869 0.019848 -0.014594 0.016112 
-0.001415 -0.018707 0.013268 -0.013263 
0.034812 0.004225 -0.035064 0.000430 
0.007360 0.016123 -0.005915 0.016707 
0.026434 -0.003851 -0.000813 0.026701 
-0.021274 -0.014540 0.015662 -0.020462 
0.010350 0.008447 0.005806 0.012032 
-0.012525 -0.014145 0.002796 -0.018685 
-0.002571 -0.022920 0.021410 -0.008577 
-0.006381 0.021428 -0.022320 0.001305 
0.008895 -0.034993 -0.010558 0.034528 
-0.033812 -0.024779 -0.009116 0.040916 
-0.024220 0.003898 -0.006259 -0.023720 
-0.005195 0.000211 -0.005197 -0.000133 
0.014727 -0.024427 0.016308 0.023401 
-0.009533 -0.025768 0.027391 -0.002148 
0.002239 0.031961 -0.020643 -0.024503 
0.008967 -0.020567 0.022378 0.001612 
-0.006625 0.009643 -0.009427 0.006930 
-0.041510 -0.007829 0.006747 0.041699 
0.013252 0.013827 -0.002545 0.018983 
0.006361 -0.024320 0.024470 0.005756 
-0.022429 -0.013895 0.016733 -0.020399 
-0.025771 -0.025681 0.023170 0.028050 
-0.013876 0.009526 -0.016760 -0.001537 
0.024325 -0.030503 -0.037093 0.012094 
-0.007293 -0.034903 0.008371 0.034660 
0.017752 -0.007881 0.016997 0.009399 
0.002538 0.003119 0.002413 0.003217 
0.028469 0.001346 -0.012749 0.025490 
-0.016417 0.030930 0.011883 -0.032939 
0.021225 -0.019454 0.008082 0.027635 
-0.010989 -0.022804 0.022770 -0.011059 
0.013780 0.023417 -0.025985 0.007939 
-0.000594 0.009886 -0.002926 0.009462 
0.014390 -0.000625 0.012880 0.006449 
0.004232 -0.005527 0.004856 -0.004987 
0.019168 0.009717 -0.000608 0.021482 
0.012431 -0.027856 0.013140 0.027529 
0.002869 -0.029206 0.023641 0.017387 
-0.005677 0.016427 -0.015260 0.008318 
0.025858 -0.014945 -0.002607 0.029752 
0.025963 -0.007444 0.001763 0.026951 
0.030893 0.001766 -0.022809 0.020910 
-0.010492 -0.017814 0.010154 -0.018009 
0.017874 0.000727 0.012157 0.013123 
0.000627 -0.024806 0.024795 -0.000970 
-0.032752 -0.011231 0.034368 0.004205 
-0.018968 -0.002108 -0.010283 -0.016077 
0.029615 -0.014521 -0.019563 0.026555 
0.029941 -0.019635 -0.029840 0.019788 
-0.001162 -0.033147 0.015469 0.029339 
-0.029990 0.000774 0.017069 -0.024670 
-0.009990 0.025063 -0.022427 -0.014999 
-0.003685 0.010296 -0.006498 0.008796 
-0.026161 0.003892 -0.000184 -0.026449 
-0.023945 0.000690 -0.004656 -0.023498 
0.015485 0.016351 -0.010451 0.019948 
0.001030 -0.030277 0.023003 0.019713 
-0.009671 -0.002000 -0.008924 -0.004230 
0.017596 0.000864 0.012168 0.012740 
0.016424 -0.013788 0.019521 0.008876 
0.006143 0.005132 0.005267 0.006028 
0.013645 0.030876 -0.023496 -0.024237 
0.002646 0.013827 -0.004104 0.013467 
-0.006706 -0.003350 -0.006183 -0.004237 
-0.006878 -0.011127 -0.001760 -0.012963 
0.018826 -0.027813 -0.007102 0.032826 
-0.018755 0.013915 -0.017921 -0.014974 
0.026651 -0.030345 -0.040387 0.000042 
-0.020933 -0.004045 -0.005642 -0.020560 
-0.024237 0.020353 0.005709 -0.031130 
-0.018891 0.015529 -0.017470 -0.017112 
-0.011519 0.007854 -0.013837 0.001708 
-0.008296 0.039385 0.034495 -0.020739 
0.021134 0.022053 -0.030503 0.001599 
0.008191 0.000772 0.007951 0.002112 
-0.005472 0.012054 -0.009987 0.008688 
0.017137 -0.016051 0.019430 0.013183 
0.019657 -0.009593 0.016494 0.014366 
0.020818 0.010451 -0.005129 0.022722 
-0.005003 -0.006514 -0.003864 -0.007247 
-0.010724 0.026141 -0.020251 -0.019704 
0.012473 0.028442 -0.028891 -0.011393 
0.025454 -0.023073 -0.018842 0.028728 
-0.001871 -0.009770 0.000526 -0.009933 
0.016946 -0.003730 0.015058 0.008622 
-0.003513 0.013474 -0.009279 0.010382 
0.026804 -0.022488 -0.023231 0.026162 
-0.000390 -0.037267 -0.009083 0.036145 
-0.018924 0.010548 -0.017379 -0.012937 
0.012065 -0.003100 0.012354 0.001591 
-0.040736 0.010970 0.024551 0.034308 
0.027112 0.025627 -0.019499 -0.031805 
0.006478 0.019081 -0.012453 0.015843 
-0.014090 0.010709 -0.017578 -0.002055 
0.030599 0.004444 -0.024458 0.018917 
0.007858 0.003792 0.007019 0.005181 
-0.008447 0.009057 -0.011179 0.005331 
0.033363 -0.019270 -0.038506 0.001299 
0.005319 -0.018808 0.018289 -0.006895 
-0.007147 0.025955 -0.023989 -0.012219 
0.004465 0.020789 -0.016585 0.013307 
0.027103 -0.015506 -0.009076 0.029877 
0.020186 -0.017474 0.013735 0.022895 
0.007384 -0.027505 0.022220 0.017813 
-0.029749 0.008872 0.014806 -0.027285 
0.022915 -0.020813 -0.001125 0.030936 
-0.030804 0.014300 0.024748 -0.023258 
-0.010954 0.010556 -0.014907 0.003033 
0.006828 -0.028667 0.020790 0.020885 
-0.013466 -0.019119 0.015495 -0.017514 
-0.019891 0.001164 -0.012184 -0.015765 
0.002454 0.013176 -0.003385 0.012969 
-0.012593 -0.007446 -0.007183 -0.012745 
-0.023747 -0.008810 0.008783 -0.023758 
-0.008207 0.032758 -0.003573 -0.033581 
0.029151 -0.000973 -0.013398 0.025908 
0.010498 -0.012569 0.015986 -0.003554 
0.010386 -0.009358 0.013527 -0.003529 
-0.016090 0.009176 -0.017576 -0.005846 
-0.040138 0.001621 0.028949 0.027850 
0.002088 0.030728 -0.023906 -0.019418 
-0.023184 0.000311 -0.006160 -0.022353 
-0.009932 -0.007445 -0.006494 -0.010579 
-0.015601 0.002289 -0.014111 -0.007036 
0.028667 -0.020717 -0.026897 0.022968 
-0.025812 -0.027644 0.014485 0.034938 
-0.003192 0.014574 -0.010281 0.010812 
-0.037298 -0.004811 0.033914 0.016253 
-0.018233 0.018003 -0.017344 -0.018861 
-0.009795 -0.000318 -0.009452 -0.002590 
0.002675 -0.038889 -0.023423 0.031159 
-0.009290 -0.035015 0.006846 0.035574 
-0.020345 -0.020541 0.027564 -0.008722 
-0.007475 0.014578 -0.014820 0.006983 
-0.021375 -0.014137 0.014896 -0.020853 
-0.018161 -0.021140 0.025880 -0.010342 
-0.007063 -0.041360 -0.035230 0.022791 
0.018586 -0.023833 0.007316 0.029324 
0.029073 -0.018506 -0.023944 0.024787 
-0.006483 -0.020477 0.015735 -0.014620 
-0.001973 0.014314 -0.008719 0.011522 
0.017489 -0.001849 0.013986 0.010662 
-0.023532 0.002131 -0.006874 -0.022607 
0.030021 -0.012941 -0.019441 0.026282 
-0.017971 0.020218 -0.015822 -0.021940 
-0.005118 0.003149 -0.005376 0.002685 
0.017518 -0.012362 0.018710 0.010471 
-0.005473 -0.012710 0.000856 -0.013812 
0.007845 0.013231 -0.000671 0.015367 
0.000604 -0.017172 0.011807 -0.012484 
-0.023741 -0.006446 0.004282 -0.024225 
-0.010661 0.026116 -0.020378 -0.019504 
-0.030807 0.019271 0.032395 -0.016461 
0.002585 0.018865 -0.012992 0.013921 
-0.013371 -0.006662 -0.007967 -0.012637 
0.017528 0.027568 -0.029069 -0.014906 
0.008803 0.024262 -0.024738 0.007358 
-0.006257 0.006513 -0.007424 0.005144 
-0.005867 -0.005019 -0.005075 -0.005819 
0.022547 0.003469 0.003296 0.022573 
-0.004190 -0.025288 0.025425 -0.003259 
0.006605 0.031394 -0.023694 -0.021629 
-0.000625 -0.011942 0.003506 -0.011433 
0.033587 0.002656 -0.032328 0.009489 
0.013867 -0.013526 0.019168 0.002801 
0.004203 0.038277 0.014168 -0.035806 
-0.007094 0.013728 -0.013489 0.007539 
-0.033930 0.018599 0.038685 0.000767 
-0.001588 0.034619 -0.005435 -0.034226 
0.009822 -0.006782 0.011547 -0.003020 
-0.006848 -0.021277 0.017660 -0.013702 
-0.025975 0.016952 0.006309 -0.030369 
-0.014228 0.019198 -0.021369 -0.010692 
0.018020 0.009560 0.001325 0.020356 
0.003041 0.006746 0.002113 0.007092 
-0.000308 0.012448 -0.004896 0.011449 
0.007035 -0.015225 0.015104 -0.007291 
0.001604 -0.010248 0.004216 -0.009478 
0.026204 -0.027665 -0.035072 0.014897 
-0.026389 0.022609 0.021721 -0.027125 
0.004948 0.003340 0.004639 0.003758 
-0.021765 -0.017352 0.023391 -0.015089 
0.001542 0.027621 -0.026832 -0.006733 
-0.023933 0.035112 0.040551 0.012699 
0.014871 0.001192 0.012103 0.008723 
-0.003807 -0.012013 0.001027 -0.012560 
-0.010381 0.013293 -0.016490 0.003545 
-0.014644 -0.020105 0.019234 -0.015770 
0.028506 0.028186 -0.000039 -0.040087 
0.027077 -0.021754 -0.022480 0.026478 
0.007880 -0.015770 0.016578 -0.005996 
-0.013914 -0.021429 0.021788 -0.013345 
-0.011372 0.035730 0.021367 -0.030812 
0.012477 0.002688 0.010456 0.007319 
-0.002893 0.007827 -0.004178 0.007223 
-0.007302 -0.021899 0.019196 -0.012822 
-0.017751 0.007531 -0.016843 -0.009387 
-0.037045 -0.005946 0.033592 0.016711 
-0.016440 -0.008757 -0.004292 -0.018126 
0.007659 -0.010353 0.011124 -0.006489 
0.005654 -0.012097 0.010236 -0.008575 
-0.005815 0.008452 -0.007776 0.006692 
-0.008017 0.016350 -0.017377 0.005444 
-0.031042 -0.010225 0.031964 -0.006815 
-0.013205 0.007573 -0.015206 -0.000704 
0.015708 -0.008242 0.017015 0.005015 
0.010959 -0.002144 0.011096 0.001247 
-0.027804 0.017197 0.015390 -0.028843 
0.041860 -0.007210 -0.019190 -0.037894 
0.010067 0.017227 -0.008591 0.018008 
0.012837 0.010245 0.003861 0.015963 
-0.034027 -0.014211 0.030826 0.020238 
-0.003428 0.020940 -0.020228 0.006411 
-0.002566 0.015742 -0.011263 0.011294 
0.006982 -0.008168 0.008982 -0.005898 
-0.004421 0.030024 -0.020510 -0.022368 
0.018987 0.012009 -0.005078 0.021885 
-0.014003 0.009358 -0.016749 -0.001762 
-0.007252 -0.003295 -0.006655 -0.004376 
-0.009046 -0.018007 0.010153 -0.017408 
-0.003726 -0.033760 0.014133 0.030885 
-0.008881 0.006840 -0.010535 0.003832 
0.002128 0.006756 0.001285 0.006966 
0.001162 -0.008356 0.002592 -0.008028 
0.021541 -0.009714 0.013890 0.019117 
0.023775 -0.002531 0.006567 0.022990 
-0.014840 0.007752 -0.016394 -0.003400 
0.011797 -0.031959 -0.001748 0.034022 
-0.012991 -0.010775 -0.003045 -0.016601 
0.013403 -0.015036 0.019917 0.003006 
-0.010654 -0.018889 0.012899 -0.017433 
-0.004657 -0.005227 -0.003998 -0.005747 
-0.019076 0.007393 -0.016234 -0.012450 
0.034598 -0.018135 -0.038831 -0.004239 
0.002063 -0.022206 0.021544 -0.005763 
-0.008747 0.018831 -0.020695 0.001684 
-0.016738 -0.013580 0.005279 -0.020898 
-0.022198 -0.004156 -0.003105 -0.022369 
-0.012535 0.030468 -0.003146 -0.032796 
-0.011299 0.012167 -0.016423 0.002446 
-0.010585 -0.016569 0.007243 -0.018279 
-0.035926 0.012751 0.038021 0.002778 
-0.008424 -0.005482 -0.006827 -0.007376 
-0.035487 -0.026853 -0.031314 0.031620 
0.000851 0.022588 -0.021167 0.007930 
0.001780 0.006946 0.000895 0.007114 
-0.034100 0.012380 0.034963 -0.009677 
0.024173 0.024427 -0.029503 -0.017624 
0.022785 0.013341 -0.016282 0.020785 
0.021484 0.003507 0.005378 0.021094 
-0.011325 -0.016967 0.008496 -0.018546 
-0.011450 -0.016159 0.006662 -0.018650 
0.004098 0.018133 -0.010852 0.015095 
0.008049 -0.000090 0.007962 0.001182 
-0.015346 0.012124 -0.018864 -0.005163 
0.003250 0.026508 -0.026670 -0.001392 
0.027812 0.019708 -0.032382 -0.010645 
-0.015509 -0.026439 0.030057 0.006011 
-0.019376 0.011207 -0.017100 -0.014444 
0.035648 0.008365 -0.034150 -0.013210 
0.015880 -0.011325 0.018567 0.005973 
0.010825 -0.010406 0.014673 -0.003189 
0.012982 -0.025797 0.017128 0.023251 
-0.006122 -0.020705 0.016264 -0.014200 
0.001809 0.023553 -0.022689 0.006578 
0.038324 -0.007250 -0.036025 -0.014950 
-0.028114 -0.032549 -0.026768 0.033665 
-0.030883 -0.028605 -0.015227 0.039245 
-0.000847 -0.012696 0.004117 -0.012040 
0.036537 -0.020113 -0.034161 -0.023928 
0.019577 -0.038864 -0.040293 -0.016437 
-0.025468 -0.024869 0.026479 0.023791 
-0.002705 -0.014491 0.005014 -0.013862 
0.017257 -0.006094 0.016233 0.008452 
0.023776 -0.011560 0.008148 0.025151 
-0.018416 0.018510 -0.016637 -0.020124 
0.026533 -0.000965 -0.003112 0.026367 
0.016840 -0.023006 0.014191 0.024728 
-0.008971 0.000954 -0.008982 -0.000839 
0.014369 -0.029493 0.001805 0.032757 
-0.018739 0.015029 -0.017808 -0.016122 
0.018556 -0.003390 0.014550 0.012004 
-0.006363 -0.007420 -0.004471 -0.008692 
0.000949 -0.004281 0.001149 -0.004232 
0.004045 0.023205 -0.021822 0.008867 
0.002543 -0.014031 0.008930 -0.011117 
0.019700 -0.007905 0.015947 0.014010 
-0.019778 0.002078 -0.012931 -0.015109 
-0.007014 -0.036847 -0.004208 0.037272 
-0.008659 -0.023983 0.024151 -0.008180 
0.004412 0.018448 -0.011411 0.015152 
-0.002797 -0.038030 -0.012807 0.035917 
0.017732 -0.032961 -0.026305 0.026626 
0.007173 -0.036620 -0.016518 0.033461 
-0.022379 -0.028723 0.019332 0.030857 
-0.033851 0.000285 0.031843 -0.011489 
-0.011096 0.024903 -0.021423 -0.016863 
0.015474 0.008926 0.004710 0.017232 
-0.030583 -0.028763 -0.014583 0.039370 
-0.020043 0.013821 -0.016132 -0.018235 
-0.017250 0.013426 -0.019103 -0.010626 
0.020041 0.013868 -0.011421 0.021530 
0.015769 -0.007426 0.016635 0.005205 
0.035179 -0.011412 -0.036764 0.004021 
-0.041305 -0.003700 0.016739 0.037942 
0.008977 0.003570 0.007936 0.005509 
-0.011795 0.007032 -0.013692 0.001046 
0.008322 0.021757 -0.019112 0.013318 
0.004427 -0.000450 0.004444 -0.000235 
-0.000553 -0.019116 0.014566 -0.012392 
-0.024328 0.029984 0.035812 -0.014436 
0.032607 -0.021631 -0.039122 -0.000728 
0.018304 0.004336 0.008561 0.016750 
-0.020161 0.001220 -0.011951 -0.016282 
-0.016045 0.028562 -0.000130 -0.032760 
0.012578 -0.007641 0.014715 -0.000236 
-0.016627 0.001355 -0.013772 -0.009414 
0.010938 0.014130 -0.002182 0.017735 
-0.020773 0.001311 -0.011299 -0.017481 
0.037116 -0.015517 -0.036701 -0.016474 
0.016560 -0.031925 -0.017287 0.031537 
-0.041058 0.014983 0.016563 0.040447 
0.002270 0.000048 0.002270 0.000077 
-0.031417 -0.012796 0.033860 0.002052 
0.012282 0.015625 -0.005877 0.018986 
-0.004806 -0.017973 0.010282 -0.015505 
-0.009039 0.007060 -0.010808 0.003838 
0.013126 -0.021248 0.021813 0.012164 
0.005918 -0.013976 0.012468 -0.008653 
0.016877 -0.008939 0.017551 0.007530 
0.012131 -0.000008 0.011356 0.004267 
0.000115 -0.017276 0.011609 -0.012794 
0.000762 -0.000763 0.000764 -0.000761 
-0.044290 -0.009869 -0.023498 0.038818 
0.023750 0.030999 -0.002513 -0.038970 
0.017142 0.014605 -0.008261 0.020950 
0.007498 -0.027411 0.022239 0.017692 
0.018086 -0.024009 0.008461 0.028844 
-0.034540 -0.009504 0.034557 0.009442 
0.013863 0.037362 0.015099 -0.036880 
0.020417 -0.000865 0.011394 0.016964 
-0.000451 0.006346 -0.001076 0.006270 
0.036028 0.007937 -0.033907 -0.014536 
-0.003665 -0.009444 -0.001204 -0.010058 
-0.004787 -0.007701 -0.003152 -0.008502 
-0.010577 -0.027673 0.028966 0.006216 
0.024606 0.035362 0.030633 -0.030290 
-0.016980 -0.022749 0.027572 -0.006758 
0.036884 -0.007757 -0.037389 -0.004765 
0.010803 0.004410 0.008767 0.007700 
-0.004956 0.007463 -0.006317 0.006353 
0.005293 0.000210 0.005266 0.000573 
-0.008394 0.019231 -0.020913 0.001719 
0.017574 0.023949 -0.029675 0.001336 
-0.000618 -0.017901 0.012215 -0.013101 
0.000834 0.033035 -0.015701 -0.029078 
-0.019642 0.012150 -0.016882 -0.015762 
-0.013861 0.016257 -0.020690 -0.005324 
0.020011 0.033054 -0.001282 -0.038618 
0.003306 0.021879 -0.019171 0.011049 
0.004508 0.029240 -0.027042 -0.012000 
0.028793 -0.034796 -0.025556 -0.037238 
-0.033536 -0.027755 -0.025120 0.035552 
-0.032583 0.002109 0.026985 -0.018382 
-0.018314 -0.029799 0.022521 0.026762 
-0.021824 -0.008862 0.004040 -0.023206 
-0.020613 0.002476 -0.012328 -0.016704 
-0.007307 0.038462 0.027978 -0.027386 
0.021739 -0.021446 0.002073 0.030467 
-0.000845 0.036521 0.005333 -0.036140 
-0.007343 0.009309 -0.010052 0.006288 
0.017014 -0.012504 0.018948 0.009316 
0.010255 -0.022062 0.023151 0.007478 
-0.023120 -0.026926 0.024694 0.025490 
-0.018114 0.004774 -0.015451 -0.010591 
0.017391 -0.025107 0.007662 0.029565 
-0.034280 -0.004471 0.034437 -0.003038 
-0.013645 0.009208 -0.016422 -0.001141 
-0.002349 -0.019013 0.013405 -0.013687 
0.008286 -0.039971 -0.037085 0.017060 
-0.024543 -0.029769 0.007257 0.037893 
-0.013661 0.004306 -0.014048 -0.002798 
0.026807 -0.017157 -0.010562 0.030024 
-0.016892 -0.017611 0.015577 -0.018784 
0.021497 0.020838 -0.029462 0.005323 
-0.007694 -0.012410 -0.000487 -0.014593 
0.010940 -0.006939 0.012800 -0.001995 
-0.015207 0.009603 -0.017520 -0.004068 
0.012491 0.004425 0.009513 0.009226 
-0.009356 0.005874 -0.010670 0.002862 
0.019822 -0.002404 0.013107 0.015064 
-0.007571 -0.009106 -0.004067 -0.011122 
0.014100 0.026696 -0.029739 -0.005206 
0.003037 0.024728 -0.024536 0.004322 
-0.017843 0.010541 -0.018014 -0.010247 
0.003197 0.014312 -0.004423 0.013982 
0.004412 -0.000074 0.004410 0.000136 
-0.009305 0.012807 -0.014980 0.005120 
-0.008925 0.013956 -0.015670 0.005375 
0.010340 0.008756 0.005513 0.012377 
-0.030298 0.000723 0.018403 -0.024080 
0.022981 -0.020965 -0.001774 0.031057 
-0.028675 0.014638 0.015243 -0.028358 
0.002359 0.036135 0.000054 -0.036212 
0.033921 -0.010434 -0.033233 0.012453 
0.014101 -0.007264 0.015707 0.002211 
0.004612 0.000145 0.004598 0.000385 
-0.002004 -0.000613 -0.001998 -0.000635 
-0.027900 -0.019179 0.032674 0.008866 
0.002504 0.032254 -0.019795 -0.025588 
0.021444 0.002269 0.006941 0.020416 
0.000660 0.018565 -0.013440 0.012825 
0.008157 0.000534 0.007961 0.001855 
-0.015825 0.010876 -0.018345 -0.005674 
-0.004489 -0.008290 -0.002595 -0.009064 
0.002962 -0.006757 0.003833 -0.006303 
0.009743 -0.021392 0.022997 0.004863 
-0.013654 0.003592 -0.013745 -0.003224 
0.022927 -0.003105 0.008919 0.021348 
0.013204 -0.003215 0.013283 0.002874 
-0.013555 0.009745 -0.016666 -0.000977 
0.023397 0.007789 -0.005821 0.023963 
0.012444 -0.025691 0.018323 0.021889 
0.016725 -0.011054 0.018471 0.007794 
-0.016628 -0.036714 -0.015965 0.037007 
-0.031348 -0.011443 0.033297 -0.002233 
-0.014142 0.015543 -0.020372 -0.005155 
-0.009544 -0.003342 -0.008420 -0.005601 
-0.006972 -0.018260 0.010546 -0.016456 
0.013670 0.000416 0.012080 0.006413 
-0.005680 0.020421 -0.020773 0.004217 
0.030555 0.012888 -0.033117 0.001721 
0.030137 0.014209 -0.033315 -0.000502 
0.027779 0.014786 -0.030643 0.007163 
0.035117 -0.008835 -0.035626 0.006484 
-0.034036 -0.005205 0.034294 -0.003072 
0.005573 0.010663 0.001529 0.011934 
0.006573 -0.002984 0.006899 -0.002124 
-0.006193 0.014662 -0.013557 0.008338 
-0.033915 -0.011332 0.034063 0.010881 
-0.027954 0.018881 0.019577 -0.027471 
-0.019958 0.012175 -0.016464 -0.016598 
0.001650 0.021449 -0.018719 0.010602 
0.011993 -0.005330 0.013124 0.000042 
-0.014318 -0.001807 -0.011618 -0.008561 
-0.008253 0.013531 -0.014546 0.006296 
-0.003513 0.006714 -0.004418 0.006156 
-0.027717 -0.005754 0.015854 -0.023452 
0.017502 0.015547 -0.011146 0.020586 
-0.018399 -0.022174 0.028040 -0.006631 
-0.008630 -0.007014 -0.006148 -0.009267 
0.005579 0.004930 0.004862 0.005639 
-0.004642 0.017228 -0.015405 0.009001 
0.029420 0.004772 -0.020605 0.021535 
-0.017818 -0.019100 0.020758 -0.015855 
-0.007354 0.006551 -0.008688 0.004638 
0.005289 -0.010767 0.008678 -0.008283 
0.016087 -0.011096 0.018484 0.006342 
0.014429 0.009785 0.003997 0.016969 
0.039150 0.002045 -0.030710 -0.024368 
-0.021595 -0.031011 0.009571 0.036557 
-0.041892 0.003343 0.019071 0.037449 
-0.005389 0.040160 0.034286 -0.021595 
0.018464 0.022074 -0.027945 0.006873 
0.020731 0.011605 -0.007485 0.022548 
0.011216 0.006414 0.007746 0.010341 
0.012366 -0.003929 0.012904 0.001350 
-0.010535 0.010742 -0.014610 0.003595 
0.011634 -0.032066 -0.001811 0.034063 
-0.026154 -0.029963 -0.000429 0.039770 
-0.029842 0.001436 0.015994 -0.025235 
-0.014530 0.014700 -0.020006 -0.005193 
-0.017563 0.010194 -0.017984 -0.009431 
0.025819 0.011298 -0.019918 0.019938 
0.024467 -0.036214 -0.037148 -0.023023 
-0.015218 0.025684 -0.012343 -0.027183 
0.030381 -0.012144 -0.020266 0.025687 
0.016340 -0.026473 0.006814 0.030354 
-0.007813 -0.016561 0.006785 -0.017008 
-0.004655 -0.026371 0.026778 0.000240 
-0.014980 0.010119 -0.017697 -0.003687 
-0.035998 -0.009002 0.033047 0.016875 
-0.014113 0.039998 0.042398 0.001196 
0.015816 0.007476 0.006497 0.016243 
-0.014257 0.014485 -0.019847 -0.004382 
-0.001484 0.009497 -0.003575 0.008922 
0.001576 -0.015901 0.010578 -0.011976 
-0.033388 -0.006483 0.033769 -0.004058 
-0.001225 0.007682 -0.002345 0.007417 
0.008221 -0.005791 0.009389 -0.003602 
-0.005888 -0.039859 -0.025448 0.031238 
-0.003060 0.051593 -0.015827 0.049200 
0.009607 -0.016300 0.018672 -0.003059 
-0.033964 0.004387 0.031532 -0.013361 
-0.011747 -0.018912 0.013594 -0.017631 
0.011583 -0.018351 0.021475 0.003121 
-0.006361 -0.004305 -0.005675 -0.005175 
0.016554 -0.010031 0.018033 0.007033 
-0.008131 0.022890 -0.023736 -0.005162 
-0.005792 -0.016854 0.007689 -0.016078 
0.026229 0.033626 0.025658 -0.034064 
-0.011095 0.013362 -0.017198 0.002422 
-0.019992 0.005293 -0.014592 -0.014656 
0.024920 -0.005852 0.005045 0.025095 
-0.018411 -0.005396 -0.007208 -0.017780 
0.012860 -0.024646 0.019352 0.019958 
-0.014582 -0.021707 0.023083 -0.012289 
-0.002305 0.035958 0.003556 -0.035856 
-0.003211 0.015230 -0.011170 0.010839 
-0.014086 -0.023138 0.025693 -0.008583 
-0.008990 0.032855 -0.001220 -0.034041 
0.012077 -0.010006 0.015620 -0.001411 
-0.028264 -0.012596 0.028739 -0.011470 
-0.015896 0.022697 -0.016815 -0.022025 
0.008133 -0.013526 0.014411 -0.006436 
-0.016095 0.016785 -0.020219 -0.011488 
0.018447 -0.023505 0.008602 0.028614 
-0.012346 0.000414 -0.011647 -0.004118 
0.004263 -0.040527 -0.034851 0.021119 
-0.020431 -0.010325 0.004080 -0.022525 
0.003161 0.012486 -0.002025 0.012720 
0.003663 -0.021978 0.021876 -0.004231 
-0.001229 -0.025645 0.025674 -0.000154 
-0.012817 -0.000101 -0.011756 -0.005107 
-0.026213 -0.028664 0.007380 0.038135 
-0.009834 -0.013745 0.001314 -0.016850 
0.011056 0.008892 0.005537 0.013063 
-0.026497 0.006083 0.000321 -0.027185 
-0.009650 -0.013173 0.000329 -0.016326 
0.008436 -0.007847 0.010498 -0.004745 
0.017450 -0.038502 -0.042119 -0.003588 
-0.009157 0.034335 0.007353 -0.034766 
0.019206 -0.012504 0.017411 0.014902 
-0.031738 0.000694 0.024323 -0.020400 
0.006001 0.033731 -0.014773 -0.030912 
-0.014126 0.010420 -0.017430 -0.002071 
-0.035084 0.011078 0.036453 -0.004979 
0.026102 0.023944 -0.027759 -0.022001 
0.008719 0.002876 0.007946 0.004601 
0.001823 0.033475 -0.014469 -0.030242 
0.017816 -0.027573 -0.002256 0.032751 
-0.031155 0.021090 0.036223 -0.010168 
-0.012307 0.001960 -0.012156 -0.002744 
0.008899 -0.018847 0.020795 -0.001393 
-0.019036 -0.009413 -0.000174 -0.021236 
-0.009881 -0.012242 -0.001156 -0.015689 
-0.035510 -0.005149 0.035466 0.005441 
-0.016073 -0.009401 -0.003577 -0.018273 
0.008471 -0.011373 0.012838 -0.006022 
-0.007969 -0.005410 -0.006547 -0.007065 
0.020709 -0.003610 0.012926 0.016578 
-0.002915 0.033554 -0.009295 -0.032373 
-0.016585 0.024296 -0.012140 -0.026796 
0.016013 0.014888 -0.007452 0.020555 
0.005840 -0.017101 0.016328 -0.007743 
-0.028697 0.033878 0.030513 0.032252 
0.022240 0.034114 0.013505 -0.038419 
0.015270 0.019861 -0.019310 0.015961 
0.000973 0.003034 0.000897 0.003057 
0.021754 0.014670 -0.017038 0.019953 
-0.016661 -0.004778 -0.009156 -0.014717 
0.024769 -0.004079 0.004797 0.024640 
-0.012886 -0.005050 -0.009216 -0.010326 
0.010208 0.000138 0.009843 0.002709 
0.020633 0.037021 0.028726 -0.031163 
0.013239 0.026871 -0.029540 -0.004975 
0.003259 0.002283 0.003168 0.002407 
-0.031427 -0.007730 0.030534 -0.010727 
0.025155 0.027250 -0.018496 -0.032144 
0.004390 0.021501 -0.018186 0.012282 
-0.035370 0.018630 0.038380 0.011183 
-0.023872 0.000923 -0.005052 -0.023350 
-0.024350 0.006975 -0.007004 -0.024342 
0.023326 0.000416 0.005123 0.022760 
-0.037138 -0.006728 0.032701 0.018846 
-0.035477 0.011408 0.037209 -0.002052 
-0.038681 -0.007990 0.025202 0.030412 
-0.004637 0.008568 -0.006485 0.007271 
0.005453 0.015521 -0.005242 0.015594 
0.000012 0.008172 -0.001318 0.008065 
-0.010056 -0.004316 -0.008381 -0.007037 
0.026079 -0.003492 0.000266 0.026311 
-0.021075 -0.025384 0.030396 0.012828 
-0.021707 -0.000566 -0.008278 -0.020075 
0.011373 0.012439 0.000770 0.016837 
0.027184 0.020079 -0.032395 -0.009627 
-0.019657 -0.028275 0.025822 0.022782 
-0.017259 0.008372 -0.017284 -0.008321 
0.022093 0.013334 -0.014600 0.021278 
0.010300 0.023712 -0.024326 0.008752 
0.033829 0.023437 0.001533 -0.041126 
0.027667 -0.022237 -0.026305 0.023832 
0.016671 -0.026788 0.004693 0.031201 
-0.022159 -0.017451 0.024362 -0.014214 
-0.015001 -0.014011 0.004307 -0.020070 
-0.028766 0.002981 0.010517 -0.026940 
-0.033459 0.000539 0.030583 -0.013583 
-0.002541 0.006837 -0.003407 0.006449 
0.007455 -0.008580 0.009752 -0.005838 
0.024276 -0.001894 0.004790 0.023874 
0.009720 0.008447 0.005597 0.011597 
0.022752 0.012794 -0.014919 0.021419 
0.002870 -0.009111 0.004816 -0.008249 
-0.006142 0.033701 -0.003092 -0.034116 
0.011633 0.008761 0.005758 0.013377 
-0.026102 0.033701 0.039390 0.016295 
0.003412 0.031880 -0.021458 -0.023823 
-0.023670 -0.001802 -0.002751 -0.023579 
-0.019872 0.010855 -0.016499 -0.015509 
0.025166 -0.015726 -0.000748 0.029666 
-0.028360 -0.005169 0.017276 -0.023077 
-0.017668 0.008197 -0.017151 -0.009231 
0.029048 -0.003772 -0.011386 0.026988 
-0.021791 0.005116 -0.012184 -0.018777 
0.019684 -0.014315 0.016595 0.017804 
-0.008549 -0.007124 -0.006034 -0.009350 
0.017318 -0.001781 0.013974 0.010383 
0.003342 -0.033003 0.011330 0.031177 
-0.034698 0.010475 0.035365 -0.007937 
-0.013477 -0.013421 0.001854 -0.018930 
0.004588 -0.005175 0.005160 -0.004604 
0.008608 0.003867 0.007569 0.005636 
-0.032213 -0.000144 0.026619 -0.018143 
-0.009082 0.015961 -0.017887 0.004158 
-0.012311 -0.020161 0.017223 -0.016167 
-0.027249 0.027315 0.037012 -0.010894 
0.000292 0.013183 -0.005174 0.012128 
-0.011502 0.000914 -0.011189 -0.002815 
0.003621 0.005225 0.003088 0.005557 
-0.004215 -0.009100 -0.001872 -0.009853 
0.005825 0.024869 -0.025008 0.005194 
0.001405 -0.025050 0.025082 0.000635 
0.010982 0.015437 -0.004866 0.018310 
-0.018115 0.012483 -0.018393 -0.012069 
-0.011546 -0.007929 -0.006580 -0.012365 
0.023084 0.010347 -0.010229 0.023137 
0.003591 -0.003214 0.003768 -0.003005 
-0.006376 -0.005615 -0.005291 -0.006648 
0.005462 -0.023227 0.023827 0.001267 
-0.022947 -0.005760 0.001056 -0.023636 
-0.027178 0.000278 0.006100 -0.026486 
0.017674 -0.010623 0.018105 0.009871 
-0.007582 0.009408 -0.010393 0.006164 
-0.016212 -0.028733 0.027625 0.018036 
-0.005898 -0.021688 0.018544 -0.012699 
-0.034288 -0.009720 0.034599 0.008547 
0.022731 0.033964 0.014201 -0.038321 
0.032825 0.026116 0.010962 -0.040489 
0.032844 -0.010475 -0.029521 0.017804 
0.032737 -0.009730 -0.028625 0.018627 
0.000304 -0.016969 0.011225 -0.012730 
0.006097 -0.007040 0.007442 -0.005598 
0.010224 -0.003548 0.010810 -0.000514 
-0.007046 0.020520 -0.021611 0.001915 
0.021709 0.000995 0.007850 0.020264 
-0.013697 0.010045 -0.016940 -0.001240 
0.017092 -0.029317 -0.006869 0.033233 
0.013760 -0.026338 0.014241 0.026081 
0.012329 -0.016946 0.020773 0.002772 
-0.028048 -0.016660 0.032623 -0.000060 
-0.010846 0.019805 -0.022225 -0.003990 
-0.015647 0.028062 -0.003442 -0.031944 
0.029227 -0.014240 -0.017322 0.027513 
-0.030136 -0.020247 0.028346 0.022685 
-0.013620 -0.001642 -0.011472 -0.007524 
0.011126 -0.020063 0.022373 0.005078 
0.013383 -0.012989 0.018589 0.001500 
-0.008957 -0.019513 0.013791 -0.016456 
-0.020636 0.019937 -0.009152 -0.027195 
0.024370 0.003978 -0.002039 0.024608 
0.016136 0.000888 0.012423 0.010336 
-0.010729 0.001610 -0.010744 -0.001503 
0.023720 0.000053 0.004526 0.023285 
0.011604 -0.036294 -0.025128 0.028645 
-0.023389 0.033707 0.041024 0.000505 
0.015403 0.027439 -0.029664 -0.010498 
0.028088 0.005737 -0.017155 0.022970 
-0.038405 -0.021200 -0.021037 0.038495 
-0.011400 0.040835 0.042358 -0.001805 
0.027270 0.000901 -0.007635 0.026195 
0.019797 -0.016327 0.015517 0.020437 
0.035424 -0.007299 -0.035792 0.005204 
0.038914 0.007179 -0.025462 -0.030290 
-0.001323 -0.028553 0.026525 0.010652 
-0.008283 0.009194 -0.011073 0.005525 
0.022307 -0.000338 0.008032 0.020813 
-0.025581 -0.006668 0.010146 -0.024411 
-0.002223 0.014688 -0.009458 0.011456 
-0.018746 0.004111 -0.014860 -0.012146 
0.010244 0.018839 -0.012581 0.017365 
-0.003113 -0.020831 0.016972 -0.012473 
-0.001315 0.012714 -0.006159 0.011200 
-0.012234 -0.017755 0.010978 -0.018559 
-0.031483 0.006608 0.022025 -0.023446 
0.045249 0.010461 0.033048 -0.032630 
-0.017149 -0.032141 0.013673 0.033767 
-0.018557 -0.033101 0.004898 0.037630 
-0.037591 -0.026429 -0.040233 0.022201 
-0.031626 0.029055 0.034757 0.025226 
-0.004227 -0.003024 -0.004018 -0.003296 
0.008772 0.011447 0.002083 0.014270 
0.016763 0.004482 0.009406 0.014581 
-0.000087 0.022197 -0.020763 0.007849 
-0.039043 0.006507 0.034225 0.019884 
-0.012920 -0.000208 -0.011775 -0.005323 
0.010388 0.019760 -0.014976 0.016556 
0.015048 -0.028841 0.002329 0.032447 
0.002435 -0.030293 0.021837 0.021137 
-0.011109 -0.001806 -0.010029 -0.005108 
0.017990 0.015491 -0.011774 0.020614 
0.019723 -0.031872 -0.028146 0.024750 
-0.035553 -0.005689 0.035366 0.006757 
-0.023420 0.000227 -0.005530 -0.022759 
-0.015022 0.007080 -0.016153 -0.003855 
0.020118 0.003405 0.007655 0.018914 
-0.006017 0.015239 -0.014070 0.008395 
-0.006964 -0.023200 0.022048 -0.010030 
0.005067 -0.008729 0.007064 -0.007210 
-0.014371 0.008651 -0.016594 -0.002449 
-0.001902 0.036091 0.003852 -0.035936 
0.016666 -0.002275 0.014282 0.008886 
-0.000839 0.029501 -0.024546 -0.016385 
0.024651 0.016171 -0.026743 0.012410 
-0.006779 -0.017262 0.008353 -0.016557 
-0.020723 0.028713 0.018546 -0.030165 
0.016652 -0.001050 0.013598 0.009669 
-0.028303 0.013367 0.011755 -0.029010 
-0.019189 0.014658 -0.017264 -0.016883 
-0.005598 0.008129 -0.007359 0.006577 
-0.014078 0.006261 -0.015205 -0.002490 
0.023762 -0.006603 0.008543 0.023136 
0.029462 0.003987 -0.019745 0.022228 
0.002887 -0.008636 0.004568 -0.007877 
-0.004453 0.007782 -0.005888 0.006762 
-0.011248 0.010351 -0.015060 0.002619 
0.015071 0.002519 0.011316 0.010268 
-0.015259 0.001069 -0.013406 -0.007367 
0.029628 0.003372 -0.019616 0.022458 
0.010943 0.008735 0.005677 0.012799 
0.022760 0.011870 -0.012799 0.022251 
0.008193 0.013132 -0.000439 0.015472 
-0.016413 -0.002228 -0.011467 -0.011953 
-0.004836 0.002867 -0.005043 0.002485 
-0.028696 0.028313 0.040250 0.002242 
0.034529 0.022178 -0.000868 -0.041029 
0.028378 -0.004861 -0.008168 0.027609 
0.034562 -0.001287 -0.033491 0.008634 
-0.002903 -0.005079 -0.002468 -0.005304 
-0.003182 0.025284 -0.025222 -0.003637 
0.040543 0.007401 -0.015147 -0.038328 
-0.011553 -0.024432 0.026341 -0.006044 
0.005098 0.018084 -0.010437 0.015624 
0.008987 -0.018930 0.020925 -0.001116 
0.011205 -0.003898 0.011864 0.000114 
0.014855 0.002905 0.011037 0.010357 
-0.001495 -0.019406 0.014623 -0.012846 
-0.004456 -0.009240 -0.001956 -0.010070 
-0.026867 -0.000299 0.005512 -0.026297 
0.006169 -0.014409 0.013236 -0.008395 
-0.010876 -0.000594 -0.010251 -0.003682 
0.008015 -0.010242 0.011457 -0.006155 
0.005656 -0.019400 0.019376 -0.005740 
-0.009310 0.002127 -0.009549 0.000014 
0.013014 -0.011361 0.017274 0.000216 
0.011821 -0.012322 0.017002 -0.001583 
0.005515 0.029007 -0.027483 -0.010794 
-0.008729 -0.014520 0.002716 -0.016723 
0.035950 0.000643 -0.035928 -0.001412 
-0.009208 -0.008957 -0.004949 -0.011854 
0.007408 0.017939 -0.009811 0.016746 
0.000941 -0.012764 0.005846 -0.011386 
-0.012714 0.022738 -0.021510 -0.014696 
-0.020677 0.010389 -0.015368 -0.017301 
-0.014098 -0.001420 -0.011761 -0.007902 
0.010718 0.015071 -0.004010 0.018053 
-0.007399 0.019785 -0.020968 0.002556 
0.027418 -0.005275 -0.004072 0.027622 
-0.020672 -0.000999 -0.009458 -0.018409 
0.003696 0.009334 0.001306 0.009954 
-0.018501 0.008650 -0.017048 -0.011245 
0.035721 0.008256 -0.034128 -0.013395 
0.028278 -0.016347 -0.016095 0.028422 
0.012921 -0.006253 0.014334 0.000767 
0.015658 0.019439 -0.018692 0.016543 
0.004703 0.022497 -0.020339 0.010704 
0.001621 0.037677 0.010961 -0.036084 
0.026139 -0.023236 -0.022400 0.026859 
0.015114 0.002581 0.011278 0.010387 
-0.017170 0.001297 -0.013707 -0.010421 
-0.002624 -0.017381 0.010013 -0.014447 
0.029037 -0.013265 -0.015138 0.028106 
0.009172 0.000409 0.008894 0.002278 
-0.002451 0.015409 -0.010673 0.011381 
0.029052 -0.003964 -0.011336 0.027041 
-0.014014 -0.020249 0.018953 -0.015723 
-0.024735 -0.024643 0.028323 0.020419 
-0.031705 0.003045 0.023187 -0.021836 
0.007895 -0.012247 0.012932 -0.006713 
0.004173 0.006465 0.003196 0.007000 
0.027231 0.019122 -0.032740 -0.005936 
-0.009628 -0.033018 0.017428 0.029650 
-0.014343 0.025963 -0.013813 -0.026249 
0.022122 -0.002895 0.010364 0.019758 
-0.012840 -0.008131 -0.006490 -0.013742 
0.009483 0.020806 -0.017200 0.015066 
0.005434 -0.030626 0.017536 0.025690 
-0.021409 -0.003476 -0.005553 -0.020967 
-0.010836 0.017810 -0.020831 -0.000814 
0.013605 0.025249 -0.028641 0.001504 
-0.014839 0.015804 -0.020488 -0.007085 
-0.020529 -0.012844 0.009939 -0.022082 
-0.015582 -0.008117 -0.005782 -0.016591 
-0.007367 0.007999 -0.009343 0.005565 
0.005499 -0.019051 0.018773 -0.006385 
0.012504 0.002631 0.010496 0.007287 
0.018128 0.016833 -0.015455 0.019316 
0.017092 -0.018338 0.018898 0.016471 
0.029325 0.003483 -0.018592 0.022944 
0.014040 0.013133 -0.001642 0.019155 
-0.017398 -0.011852 0.002341 -0.020921 
0.035202 0.010398 -0.033179 -0.015701 
-0.011331 -0.006710 -0.007564 -0.010779 
0.012642 0.028145 -0.029128 -0.010175 
0.008665 0.003475 0.007734 0.005230 
-0.004790 0.002073 -0.004918 0.001749 
0.006471 -0.000473 0.006486 0.000195 
0.032776 0.028169 0.023224 -0.036448 
0.026907 -0.029035 -0.039246 0.005176 
0.015156 -0.008286 0.016820 0.003932 
-0.007453 -0.031637 0.023050 0.022915 
-0.003964 0.000240 -0.003970 0.000087 
0.021294 -0.001104 0.010414 0.018606 
0.008747 -0.017317 0.019080 -0.003516 
0.010287 0.002328 0.009283 0.005007 
-0.023977 -0.006612 0.005227 -0.024316 
0.021823 0.033458 0.007323 -0.039269 
0.003394 -0.020948 0.020220 -0.006441 
0.020101 -0.003524 0.013539 0.015270 
0.017292 -0.012898 0.018956 0.010298 
-0.019044 -0.032672 0.006411 0.037270 
-0.026687 0.004088 0.001635 -0.026949 
-0.004630 0.004820 -0.005128 0.004286 
0.004520 -0.007028 0.005650 -0.006157 
0.017117 -0.011627 0.018624 0.009018 
-0.013072 0.022836 -0.021058 -0.015777 
0.018476 -0.021187 0.013257 0.024789 
-0.013494 -0.010324 -0.003565 -0.016612 
0.011367 -0.028375 0.013969 0.027188 
0.005099 -0.015337 0.013240 -0.009269 
-0.001659 0.009684 -0.003879 0.009027 
-0.022851 -0.003326 -0.002803 -0.022921 
0.000392 0.024496 -0.024328 0.002892 
-0.019262 -0.014010 0.010275 -0.021488 
0.006752 -0.004235 0.007327 -0.003139 
0.016122 0.009770 0.002940 0.018620 
0.024439 -0.015253 0.002826 0.028670 
0.014020 -0.009551 0.016869 0.001796 
-0.005380 0.012000 -0.009833 0.008732 
0.009394 -0.000660 0.009316 0.001378 
-0.013542 0.008910 -0.016180 -0.000988 
0.014835 -0.013025 0.019208 0.004557 
0.008109 0.012504 0.000475 0.014896 
-0.017660 0.018711 -0.017828 -0.018551 
-0.031710 0.000996 0.024052 -0.020690 
-0.018453 -0.020799 0.025554 -0.010958 
0.000091 -0.020465 0.017536 -0.010551 
-0.002496 -0.040111 -0.027327 0.029467 
-0.012867 0.016880 -0.020872 -0.003856 
0.036728 0.004021 -0.035217 -0.011172 
0.006196 -0.012713 0.011444 -0.008309 
0.018853 0.011294 -0.003297 0.021728 
0.028887 0.006646 -0.021367 0.020545 
-0.006819 -0.040966 -0.032866 0.025388 
-0.012359 -0.008935 -0.005598 -0.014186 
0.009944 -0.011863 0.014846 -0.004381 
-0.001013 -0.045119 -0.043747 -0.011086 
-0.012447 0.028775 -0.010117 -0.029674 
0.031700 -0.010586 -0.024878 0.022317 
0.020143 -0.025086 -0.002165 0.032100 
-0.009890 -0.003990 -0.008414 -0.006553 
0.009835 0.012301 0.001064 0.015713 
0.024388 0.019458 -0.031082 0.002703 
-0.014511 -0.032368 0.016528 0.031386 
-0.024161 -0.013601 0.020321 -0.018862 
0.002820 0.008374 0.001179 0.008757 
-0.003790 -0.039267 -0.021277 0.033219 
-0.010498 0.014926 -0.018061 0.002604 
0.031463 0.004380 -0.027336 0.016181 
0.028574 -0.035184 -0.024649 -0.038037 
-0.041314 -0.024201 -0.047382 0.006890 
-0.032173 0.031161 0.024312 0.037617 
-0.028377 -0.000736 0.011744 -0.025843 
-0.013875 -0.010142 -0.003699 -0.016784 
-0.003256 -0.002144 -0.003174 -0.002263 
0.014801 -0.002584 0.013956 0.005565 
-0.000988 -0.009863 0.001389 -0.009815 
-0.001306 0.006130 -0.001888 0.005976 
-0.027632 0.015066 0.010891 -0.029528 
-0.022764 0.021956 0.003444 -0.031439 
0.016308 0.028003 -0.028876 -0.014706 
0.009357 0.008997 0.004969 0.011992 
-0.004186 -0.010115 -0.001084 -0.010893 
0.011452 -0.004709 0.012381 -0.000186 
-0.022088 0.009037 -0.012793 -0.020146 
0.011358 0.006999 0.007345 0.011138 
-0.005984 -0.027361 0.027760 0.003718 
-0.000022 0.029296 -0.025280 -0.014804 
0.006124 -0.023641 0.024176 0.003450 
0.007094 0.004445 0.006231 0.005590 
-0.031473 0.001099 0.023042 -0.021467 
0.005918 0.012917 -0.000913 0.014179 
0.014993 -0.003530 0.014473 0.005271 
0.002788 -0.005524 0.003293 -0.005239 
0.008326 0.013245 -0.000588 0.015634 
0.034530 -0.014345 -0.037146 0.004280 
0.018969 -0.011581 0.017553 0.013632 
-0.012417 -0.009201 -0.005281 -0.014524 
0.021743 0.025053 -0.030467 -0.013122 
0.018614 0.011716 -0.003819 0.021660 
0.047619 0.007570 0.043672 -0.020435 
