-0.017726 -0.002627 -0.009400 -0.015256 
0.014319 -0.005229 0.014648 0.004220 
-0.026235 -0.015112 0.030016 -0.003960 
-0.014070 -0.006595 -0.007137 -0.013803 
-0.012534 0.003823 -0.012915 -0.002216 
-0.009235 0.005020 -0.010306 0.002068 
0.013669 0.007620 0.006060 0.014428 
0.016334 -0.007265 0.016106 0.007756 
-0.012174 -0.012690 0.001311 -0.017536 
-0.005486 -0.020530 0.017462 -0.012110 
0.014790 -0.016015 0.019489 0.009767 
0.010358 -0.017316 0.020124 0.001476 
0.005803 -0.002207 0.006002 -0.001589 
-0.002809 0.019830 -0.018872 0.006706 
0.014243 -0.008838 0.016404 0.003447 
-0.005651 0.000669 -0.005688 0.000170 
0.013562 -0.005674 0.014436 0.002781 
0.025726 -0.000551 -0.005231 0.025194 
0.015303 -0.013049 0.018589 0.007676 
0.010359 -0.001897 0.010456 0.001260 
-0.007257 0.007191 -0.008978 0.004876 
-0.006840 -0.006674 -0.004994 -0.008148 
0.006412 -0.008513 0.008693 -0.006166 
-0.001214 -0.024113 0.024125 -0.000943 
-0.002350 0.015243 -0.011048 0.010762 
0.013118 0.007501 0.006322 0.013726 
-0.010509 0.008671 -0.013390 0.002521 
0.005072 0.028337 -0.025247 -0.013831 
0.012746 0.005559 0.008246 0.011197 
-0.009473 -0.012706 0.000650 -0.015835 
0.001137 0.012564 -0.004227 0.011886 
0.003778 -0.020633 0.020576 -0.004077 
-0.024011 0.001435 -0.001449 -0.024010 
-0.006839 0.003264 -0.007263 0.002163 
-0.012311 -0.010395 -0.002646 -0.015894 
0.006371 0.000485 0.006278 0.001186 
-0.002538 -0.008383 -0.000751 -0.008726 
-0.010215 0.011774 -0.015287 0.003048 
0.003039 0.018460 -0.013246 0.013211 
-0.000975 0.021036 -0.019983 0.006644 
-0.004512 -0.018434 0.012761 -0.014047 
-0.015507 0.028677 0.007704 -0.031678 
-0.004279 0.008629 -0.006294 0.007291 
0.017368 -0.005052 0.014879 0.010285 
0.004977 -0.005982 0.005889 -0.005087 
0.016373 -0.007511 0.016216 0.007843 
-0.005509 -0.015938 0.007168 -0.015264 
0.000153 -0.010622 0.003348 -0.010081 
-0.005023 0.002545 -0.005223 0.002104 
0.011057 0.005809 0.007694 0.009839 
-0.000202 -0.012684 0.005182 -0.011579 
0.013166 0.023896 -0.027244 0.001477 
0.011239 -0.003916 0.011887 0.000584 
-0.011791 -0.008022 -0.005834 -0.013013 
0.008871 0.018558 -0.013287 0.015702 
0.010778 -0.003692 0.011390 0.000254 
0.023397 -0.020529 -0.010335 0.029361 
-0.026467 -0.017640 0.031223 0.006063 
0.005754 -0.009745 0.008730 -0.007202 
0.002677 -0.017248 0.014504 -0.009711 
-0.016286 -0.003596 -0.009397 -0.013779 
0.004849 -0.001973 0.004983 -0.001607 
0.012142 -0.007981 0.014530 -0.000123 
0.009001 0.006682 0.006248 0.009307 
0.001097 0.011383 -0.002927 0.011054 
0.018578 0.001175 0.010001 0.015700 
-0.018114 0.000088 -0.011463 -0.014026 
0.011762 0.005883 0.007829 0.010567 
0.008142 -0.013846 0.015149 -0.005341 
0.002681 0.003428 0.002502 0.003561 
0.009116 0.026388 -0.027294 -0.005874 
0.009492 -0.026347 0.017333 0.021996 
0.010893 -0.010430 0.014920 -0.002200 
0.001444 0.003219 0.001335 0.003266 
0.017566 0.009275 0.000279 0.019862 
0.000452 -0.012233 0.005254 -0.011056 
-0.002238 0.012410 -0.007223 0.010336 
0.003549 0.015914 -0.007846 0.014292 
-0.000106 0.010508 -0.003203 0.010009 
0.012643 -0.005629 0.013769 0.001394 
-0.005799 -0.007520 -0.003804 -0.008701 
0.006508 0.005518 0.005298 0.006688 
0.013966 0.009621 0.003153 0.016664 
0.004911 -0.008723 0.007074 -0.007083 
-0.006536 0.006128 -0.007706 0.004571 
0.008261 -0.006225 0.009698 -0.003599 
0.023959 -0.011081 0.002974 0.026229 
-0.026834 -0.015628 0.031053 0.000088 
-0.017085 -0.013629 0.008489 -0.020140 
-0.009268 0.000206 -0.009065 -0.001942 
-0.001727 0.017007 -0.013329 0.010703 
0.009743 0.006022 0.007032 0.009040 
0.007217 0.005376 0.005871 0.006820 
-0.016173 -0.011350 0.001984 -0.019658 
-0.008061 0.001908 -0.008275 0.000383 
0.004189 -0.003033 0.004398 -0.002721 
0.009142 0.001201 0.008625 0.003260 
0.003069 -0.004016 0.003340 -0.003794 
0.010938 0.000072 0.010344 0.003558 
0.009698 -0.010238 0.013581 -0.003799 
-0.012174 -0.012690 0.001310 -0.017536 
-0.015115 0.004014 -0.014379 -0.006150 
-0.002652 0.000032 -0.002652 -0.000018 
0.001775 -0.011865 0.006159 -0.010295 
0.003725 0.006521 0.002687 0.007012 
-0.001769 -0.011931 0.002957 -0.011694 
0.012475 0.017210 -0.011985 0.017556 
0.001963 0.010508 -0.001337 0.010605 
-0.014369 0.003456 -0.013848 -0.005161 
-0.009186 -0.006003 -0.006773 -0.008633 
-0.020515 0.006410 -0.012487 -0.017493 
0.010730 0.003801 0.008764 0.007264 
-0.015534 -0.008988 -0.003074 -0.017682 
-0.022043 -0.006912 0.004166 -0.022722 
-0.001906 0.021380 -0.020892 0.004925 
0.026994 -0.004168 -0.008091 0.026088 
0.011105 0.002139 0.009715 0.005789 
0.008431 0.022539 -0.022545 0.008414 
0.014471 -0.006290 0.015225 0.004142 
0.000160 -0.015050 0.008811 -0.012202 
-0.010680 -0.004382 -0.008439 -0.007877 
-0.006424 0.007675 -0.008249 0.005668 
-0.005824 0.007150 -0.007305 0.005628 
-0.005077 0.017086 -0.016277 0.007263 
0.028556 -0.003798 -0.015038 0.024571 
0.008687 0.000581 0.008385 0.002343 
-0.007720 -0.003384 -0.006928 -0.004801 
-0.006886 -0.014352 0.003789 -0.015461 
-0.007266 0.005942 -0.008467 0.004052 
0.013099 0.005149 0.008614 0.011131 
-0.001411 -0.012351 0.003742 -0.011855 
0.011438 0.007956 0.005887 0.012628 
0.006076 -0.015511 0.015041 -0.007160 
0.002452 -0.007860 0.003849 -0.007279 
-0.006762 0.005868 -0.007869 0.004270 
-0.021381 -0.016736 0.024125 -0.012459 
-0.027089 0.001626 0.009763 -0.025321 
0.010750 0.025853 -0.027629 -0.004536 
0.025946 -0.011340 -0.005438 0.027789 
0.023620 -0.001391 0.002604 0.023517 
-0.001582 -0.012757 0.004105 -0.012181 
-0.007103 0.005383 -0.008090 0.003739 
-0.004778 -0.015806 0.007130 -0.014894 
-0.006748 -0.010563 -0.001776 -0.012408 
-0.005993 0.014515 -0.013705 0.007666 
-0.011012 0.006002 -0.012509 0.000905 
-0.004239 0.015473 -0.013197 0.009123 
0.016203 0.000994 0.011581 0.011375 
-0.005641 0.000930 -0.005701 0.000426 
-0.002923 -0.003614 -0.002706 -0.003779 
-0.006377 0.008321 -0.008541 0.006080 
-0.003918 0.006272 -0.004803 0.005624 
-0.004365 0.014214 -0.011629 0.009266 
0.003585 -0.004840 0.004044 -0.004464 
-0.007660 0.019703 -0.021138 -0.000270 
-0.013344 0.003604 -0.013376 -0.003482 
-0.018061 -0.002450 -0.009283 -0.015686 
0.005997 0.005438 0.004940 0.006413 
-0.028383 -0.008165 0.025999 -0.014010 
-0.015379 0.001819 -0.013337 -0.007870 
0.001427 0.009107 -0.000692 0.009192 
0.009414 -0.033952 -0.016823 0.030957 
-0.021324 -0.014587 0.019252 -0.017230 
-0.027363 0.004995 0.009494 -0.026144 
-0.011710 0.019643 -0.021185 -0.008612 
0.005476 0.010833 0.000826 0.012110 
0.024570 -0.011404 0.000380 0.027085 
-0.002705 -0.011033 0.001245 -0.011291 
0.006456 0.004387 0.005646 0.005390 
0.007606 -0.005685 0.008757 -0.003673 
-0.003788 -0.025017 0.025298 0.000413 
-0.005208 0.004253 -0.005689 0.003584 
0.008015 -0.028528 0.013806 0.026220 
-0.002621 -0.015067 0.006823 -0.013686 
-0.022237 0.004371 -0.008217 -0.021120 
0.002979 0.006591 0.002017 0.006946 
-0.017640 0.024884 0.000000 -0.030502 
-0.003452 0.027762 -0.021807 -0.017524 
-0.001211 0.016442 -0.011955 0.011353 
-0.017788 0.014476 -0.016869 -0.015537 
0.018825 0.025214 -0.027982 -0.014394 
0.006462 -0.032609 -0.001767 0.033196 
-0.000845 -0.013714 0.005987 -0.012367 
0.006112 -0.031990 0.002409 0.032480 
-0.015445 -0.004336 -0.009041 -0.013252 
0.005281 0.004352 0.004687 0.004987 
0.005928 -0.008082 0.007885 -0.006187 
0.016178 -0.021776 0.013134 0.023737 
-0.006582 -0.027726 0.026247 0.011098 
0.001241 -0.005053 0.001609 -0.004949 
-0.003154 0.014967 -0.011417 0.010179 
0.012574 0.003736 0.009546 0.008998 
-0.005028 -0.004290 -0.004485 -0.004855 
-0.003069 0.001787 -0.003128 0.001680 
0.000064 -0.002624 0.000113 -0.002622 
-0.031113 -0.010576 0.032638 0.003830 
-0.005433 0.007820 -0.007174 0.006261 
0.005001 0.006606 0.003691 0.007418 
0.001191 0.025861 -0.025361 -0.005197 
0.023339 0.009037 -0.011968 0.021981 
-0.006029 -0.002074 -0.005764 -0.002725 
0.012779 0.004814 0.008843 0.010405 
-0.004548 -0.026211 0.026182 0.004711 
-0.000969 -0.001415 -0.000957 -0.001423 
-0.003570 -0.008593 -0.001472 -0.009188 
-0.007337 0.006933 -0.008951 0.004666 
0.001323 -0.009482 0.003617 -0.008864 
-0.006229 0.013384 -0.012632 0.007638 
0.005752 0.010519 0.001320 0.011916 
-0.005956 0.005474 -0.006829 0.004336 
0.003095 0.018013 -0.012277 0.013541 
0.001363 -0.009449 0.003635 -0.008828 
-0.006864 0.016707 -0.017279 0.005261 
-0.002043 -0.008656 -0.000152 -0.008893 
-0.015205 -0.017231 0.014984 -0.017424 
-0.013477 -0.000886 -0.011438 -0.007182 
0.017701 0.009922 -0.001169 0.020259 
0.004159 -0.008229 0.005931 -0.007060 
-0.017630 -0.006251 -0.005178 -0.017974 
0.007615 0.028258 -0.025817 -0.013783 
0.014225 -0.003887 0.013982 0.004688 
-0.005743 0.005116 -0.006488 0.004132 
-0.021586 0.018029 -0.003366 -0.027922 
-0.007020 0.013701 -0.013835 0.006753 
-0.013358 -0.004708 -0.008988 -0.010945 
-0.010332 0.004319 -0.011181 0.000623 
-0.006850 -0.006456 -0.005116 -0.007901 
-0.003926 0.004571 -0.004357 0.004162 
-0.008593 0.006944 -0.010384 0.003771 
0.012651 -0.006214 0.014047 0.001162 
-0.010225 -0.009476 -0.004066 -0.013335 
-0.001669 -0.004506 -0.001383 -0.004602 
0.016309 0.007860 0.004165 0.017619 
0.007428 -0.000950 0.007486 0.000187 
-0.014241 -0.004973 -0.008731 -0.012300 
-0.016414 0.005464 -0.015257 -0.008154 
-0.006454 -0.006990 -0.004561 -0.008349 
-0.027019 0.020239 0.026004 -0.021528 
0.004113 0.014617 -0.005227 0.014256 
-0.013876 -0.008393 -0.004995 -0.015428 
-0.012628 -0.008714 -0.004941 -0.014526 
0.014966 0.022299 -0.026296 0.005454 
0.014482 0.006019 0.007647 0.013692 
0.000455 0.010626 -0.002778 0.010267 
0.011427 0.010408 0.002823 0.015196 
0.010665 -0.003567 0.011243 0.000230 
-0.013759 0.006431 -0.014918 -0.002850 
0.005967 0.004364 0.005256 0.005197 
-0.004573 -0.015339 0.006315 -0.014708 
-0.007794 -0.003006 -0.007089 -0.004419 
0.022555 0.008969 -0.009601 0.022293 
0.013279 -0.010607 0.016893 0.001863 
0.001135 -0.014361 0.008628 -0.011537 
-0.029939 0.008131 0.021730 -0.022142 
-0.003366 0.015974 -0.013096 0.009747 
0.019190 0.013411 -0.011767 0.020239 
0.014785 0.006558 0.006938 0.014611 
0.028654 0.011983 -0.030807 0.003949 
0.010113 -0.006179 0.011685 -0.001973 
0.006080 -0.000002 0.006050 0.000607 
-0.006575 -0.029058 0.024324 0.017202 
-0.010091 0.001678 -0.010157 -0.001217 
-0.005256 -0.019162 0.014307 -0.013789 
-0.013807 -0.004198 -0.009412 -0.010939 
-0.002245 -0.011707 0.002324 -0.011692 
0.006351 -0.002253 0.006579 -0.001455 
-0.004671 0.015243 -0.013303 0.008785 
0.017178 0.011378 -0.003413 0.020320 
0.010799 -0.009465 0.014176 -0.002288 
0.004575 -0.013691 0.011199 -0.009108 
-0.023861 -0.015260 0.026137 -0.010911 
-0.023335 0.025973 0.027328 -0.021732 
0.028864 0.004271 -0.022611 0.018441 
0.003076 -0.004862 0.003500 -0.004567 
-0.005429 0.003348 -0.005764 0.002729 
0.004958 0.009945 0.001412 0.011022 
0.002924 0.004682 0.002527 0.004908 
0.008495 -0.010564 0.012513 -0.005214 
-0.014485 -0.011111 -0.000219 -0.018254 
-0.010388 0.007965 -0.012857 0.002460 
0.000304 0.019264 -0.016123 0.010546 
0.025088 -0.019103 -0.014478 0.028013 
-0.009249 -0.019358 0.015441 -0.014894 
-0.005022 -0.030646 0.019687 0.024017 
0.000626 -0.007649 0.001836 -0.007452 
0.016150 -0.018598 0.017322 0.017512 
-0.006976 -0.002072 -0.006607 -0.003050 
0.023379 -0.003258 0.004623 0.023147 
-0.007347 -0.010562 -0.002032 -0.012704 
0.012697 0.003883 0.009484 0.009293 
0.005430 0.018975 -0.013858 0.014053 
0.007278 -0.000933 0.007336 0.000136 
0.003417 -0.008472 0.005232 -0.007488 
0.000986 -0.001650 0.001002 -0.001640 
0.009256 -0.021231 0.022152 0.006760 
-0.015531 0.007276 -0.016050 -0.006045 
0.017256 0.015092 -0.012450 0.019249 
0.003210 -0.004913 0.003654 -0.004592 
-0.016321 0.019487 -0.016197 -0.019589 
0.004778 0.030366 -0.020573 -0.022840 
0.000386 0.008143 -0.001082 0.008080 
-0.012615 0.008518 -0.015212 -0.000530 
0.019046 0.002846 0.007782 0.017615 
-0.000136 -0.024842 0.024722 0.002446 
-0.020335 -0.014525 0.016930 -0.018381 
-0.012854 0.000768 -0.011908 -0.004899 
-0.007788 0.007361 -0.009670 0.004618 
0.003748 0.029044 -0.023691 -0.017216 
0.010515 0.005240 0.007869 0.008724 
0.008212 -0.020481 0.021874 0.002903 
-0.007462 -0.006335 -0.005583 -0.008040 
0.001337 0.011903 -0.003282 0.011520 
0.011209 0.010761 0.002330 0.015363 
0.015279 -0.019409 0.018040 0.016873 
-0.003217 -0.001846 -0.003146 -0.001965 
0.020512 0.001004 0.007566 0.019091 
0.004885 -0.004934 0.005487 -0.004255 
-0.000669 -0.012826 0.004949 -0.011851 
-0.014288 -0.004519 -0.009128 -0.011884 
0.001060 0.007750 -0.000235 0.007818 
0.024523 -0.010245 0.001317 0.026544 
0.003180 0.005926 0.002430 0.006271 
-0.006576 0.000761 -0.006620 -0.000025 
0.005373 0.007035 0.003767 0.008010 
0.005333 0.003873 0.004840 0.004474 
0.026173 -0.016890 -0.014645 0.027492 
-0.011846 -0.011393 -0.001179 -0.016393 
-0.012182 0.005399 -0.013297 -0.000861 
-0.023029 -0.000127 -0.002894 -0.022846 
-0.007130 0.003881 -0.007707 0.002550 
-0.003529 -0.007836 -0.001898 -0.008381 
0.018203 -0.011846 0.016566 0.014045 
0.013330 -0.013185 0.018466 0.003248 
0.012286 -0.004734 0.013097 0.001350 
-0.000733 -0.001315 -0.000725 -0.001319 
0.009227 0.007981 0.005348 0.010965 
0.008085 0.011620 0.000906 0.014127 
0.000215 -0.008880 0.002097 -0.008632 
0.001768 0.003651 0.001604 0.003726 
0.004477 0.011537 -0.000563 0.012363 
-0.012570 0.018389 -0.020724 -0.008167 
0.008614 0.004192 0.007315 0.006186 
-0.006949 -0.024456 0.025314 -0.002370 
-0.014513 0.012280 -0.018278 -0.005230 
0.012845 0.017059 -0.011918 0.017719 
0.025716 -0.009328 -0.003061 0.027184 
-0.023121 -0.015468 0.025026 -0.012146 
-0.023325 0.010570 -0.005501 -0.025011 
0.009157 0.022709 -0.023189 0.007863 
0.023466 -0.020537 -0.010675 0.029300 
-0.018201 -0.020642 0.026745 -0.006487 
-0.013479 0.007606 -0.015334 -0.002104 
0.022743 -0.007968 0.007847 0.022785 
-0.003135 -0.007448 -0.001773 -0.007884 
-0.001513 -0.008614 0.000295 -0.008741 
-0.020927 0.013152 -0.011281 -0.021992 
-0.021937 0.011742 -0.009275 -0.023088 
0.025047 0.020491 -0.029977 -0.012192 
0.008072 -0.004315 0.008837 -0.002385 
0.011574 0.021703 -0.022470 0.010004 
0.013517 0.008943 0.004376 0.015605 
0.005438 -0.032080 0.003265 0.032373 
0.002447 -0.002124 0.002507 -0.002054 
0.015803 -0.024916 0.006258 0.028834 
0.013866 -0.027253 0.004066 0.030306 
-0.011701 -0.010629 -0.002444 -0.015618 
0.002226 0.007280 0.001058 0.007539 
0.005867 0.001839 0.005648 0.002430 
-0.001263 0.016592 -0.012250 0.011262 
0.013672 -0.005676 0.014504 0.002959 
-0.001636 -0.006880 -0.000690 -0.007038 
-0.015812 -0.007475 -0.005152 -0.016714 
-0.006516 0.014381 -0.014085 0.007134 
0.011582 -0.002988 0.011851 0.001619 
0.012321 0.005819 0.007980 0.011045 
-0.000620 -0.005973 -0.000033 -0.006005 
0.005136 0.014469 -0.004517 0.014674 
0.010032 -0.008545 0.012818 -0.003059 
-0.016596 -0.006559 -0.005785 -0.016882 
-0.005323 -0.001247 -0.005205 -0.001674 
0.018036 -0.007362 0.015598 0.011670 
-0.005618 0.000791 -0.005665 0.000298 
0.021492 0.006056 -0.001272 0.022293 
0.028583 -0.000237 -0.017031 0.022956 
0.005778 0.003572 0.005287 0.004265 
0.029680 0.005874 -0.027086 0.013481 
0.016887 -0.001087 0.012801 0.011067 
0.018904 0.011053 -0.005624 0.021164 
0.010955 0.004049 0.008748 0.007738 
0.003689 0.010481 0.000038 0.011111 
0.005954 -0.000261 0.005952 0.000313 
0.004422 -0.003787 0.004751 -0.003365 
0.007486 0.000749 0.007283 0.001885 
-0.004579 0.003874 -0.004935 0.003409 
-0.000715 -0.018117 0.013654 -0.011929 
-0.009350 0.001535 -0.009444 -0.000766 
-0.005104 -0.003024 -0.004793 -0.003497 
0.011792 0.005525 0.008111 0.010188 
-0.009210 0.013489 -0.015835 0.004005 
0.001377 0.003392 0.001252 0.003440 
0.002178 -0.002051 0.002227 -0.001998 
0.000557 -0.018113 0.014439 -0.010950 
0.006254 0.025679 -0.026332 -0.002270 
0.024472 -0.012850 -0.000530 0.027636 
0.023516 -0.002142 0.003489 0.023354 
-0.011965 -0.024994 0.027649 0.001846 
-0.010344 0.015084 -0.018255 0.001130 
0.016262 0.014468 -0.009311 0.019674 
0.005525 0.008685 0.002835 0.009895 
0.001163 0.010865 -0.002357 0.010670 
0.014819 0.003698 0.009759 0.011750 
0.004808 -0.020133 0.020389 -0.003573 
-0.001725 -0.005231 -0.001289 -0.005355 
0.017816 0.015091 -0.013405 0.019117 
0.004323 0.004414 0.003843 0.004838 
0.025636 0.008507 -0.018003 0.020135 
0.019683 -0.012250 0.014375 0.018189 
0.007256 -0.006400 0.008631 -0.004371 
-0.005009 -0.000892 -0.004934 -0.001241 
-0.007020 0.005076 -0.007901 0.003551 
-0.003490 0.009457 -0.005933 0.008149 
0.001143 0.016257 -0.009871 0.012968 
0.014729 -0.017453 0.019522 0.011852 
0.008216 -0.015091 0.016555 -0.004600 
0.007436 -0.000439 0.007418 0.000681 
0.012803 -0.004195 0.013264 0.002358 
-0.020618 -0.010559 0.008135 -0.021689 
0.008259 0.004841 0.006813 0.006725 
-0.010832 -0.023092 0.024751 -0.006158 
-0.003136 -0.001487 -0.003086 -0.001589 
0.024672 -0.010378 0.000659 0.026758 
-0.009849 -0.007708 -0.005800 -0.011080 
0.002879 0.007905 0.001317 0.008309 
0.013957 0.008853 0.004315 0.015955 
0.014826 -0.004097 0.014327 0.005598 
0.032906 0.004998 -0.033280 -0.000521 
-0.005505 -0.009102 -0.002496 -0.010340 
-0.002799 -0.003752 -0.002571 -0.003912 
0.008764 0.009275 0.003956 0.012132 
0.031072 -0.002969 -0.025889 0.017437 
0.016056 -0.024231 0.007566 0.028066 
0.011660 -0.000281 0.010976 0.003945 
-0.010001 0.007805 -0.012364 0.002841 
-0.004156 -0.007047 -0.002814 -0.007682 
0.009962 0.000974 0.009334 0.003614 
0.001100 -0.010022 0.003788 -0.009343 
-0.008760 0.000307 -0.008633 -0.001513 
0.014223 -0.003487 0.013798 0.004905 
-0.019574 -0.000302 -0.009647 -0.017034 
-0.012528 0.002678 -0.012459 -0.002980 
-0.003354 0.001573 -0.003410 0.001447 
0.012342 0.005574 0.008184 0.010789 
0.012581 -0.018978 0.020775 0.009317 
-0.009297 -0.005132 -0.007319 -0.007695 
-0.003739 -0.013350 0.003410 -0.013438 
-0.014942 0.002204 -0.013448 -0.006877 
-0.002412 0.004351 -0.002698 0.004179 
0.012748 -0.006851 0.014431 0.001089 
0.005320 -0.008988 0.007710 -0.007045 
-0.002934 -0.019840 0.016253 -0.011751 
-0.003693 0.010239 -0.006740 0.008547 
-0.000491 -0.019043 0.015595 -0.010940 
-0.000054 -0.008490 0.001598 -0.008338 
-0.003497 -0.005818 -0.002744 -0.006209 
0.001778 -0.004480 0.002057 -0.004359 
0.026234 -0.006523 -0.004542 0.026649 
-0.020332 -0.017656 0.024148 -0.011919 
0.001410 0.013531 -0.005278 0.012538 
0.002672 -0.002526 0.002763 -0.002426 
-0.000383 0.022194 -0.021680 0.004764 
0.022421 -0.021313 -0.008138 0.029845 
-0.017704 -0.021542 0.027575 -0.004132 
-0.003030 -0.015720 0.007748 -0.014010 
-0.002177 -0.012005 0.002718 -0.011895 
-0.015932 -0.006573 -0.006287 -0.016047 
-0.005995 0.015393 -0.014811 0.007316 
0.021676 0.000811 0.005503 0.020981 
0.008634 -0.023983 0.021887 0.013065 
-0.014982 -0.014642 0.008044 -0.019343 
0.001408 -0.007040 0.002375 -0.006775 
0.004446 0.003801 0.004075 0.004197 
0.004011 -0.014787 0.012020 -0.009501 
-0.011559 -0.017907 0.013062 -0.016842 
-0.002920 0.007003 -0.003974 0.006463 
0.013644 -0.023002 0.016504 0.021044 
-0.008121 -0.028134 0.026037 0.013398 
-0.006571 0.001746 -0.006738 0.000910 
0.000018 -0.003376 0.000122 -0.003374 
-0.012929 -0.000259 -0.011506 -0.005900 
0.002852 -0.004938 0.003276 -0.004667 
0.002786 0.016164 -0.008706 0.013901 
-0.005919 0.006564 -0.007168 0.005171 
-0.001073 0.012303 -0.005931 0.010833 
-0.001698 -0.005527 -0.001190 -0.005658 
0.015709 0.027807 -0.024769 -0.020162 
0.023195 -0.010882 0.005789 0.024958 
0.022902 0.004242 -0.001971 0.023208 
0.026395 -0.003497 -0.005849 0.025975 
0.017908 -0.003490 0.013825 0.011906 
0.017014 0.014564 -0.010707 0.019671 
0.015295 0.008486 0.004055 0.017015 
0.016489 0.006229 0.006315 0.016456 
0.006681 -0.013853 0.013645 -0.007095 
0.006686 -0.004041 0.007261 -0.002883 
0.000792 -0.007735 0.002045 -0.007502 
0.026191 -0.000419 -0.007122 0.025208 
-0.011254 -0.024900 0.027312 0.000851 
-0.007256 0.002329 -0.007532 0.001161 
0.006851 -0.008520 0.009209 -0.005892 
0.008109 -0.018587 0.020259 -0.000880 
-0.018002 -0.005549 -0.005723 -0.017947 
-0.010790 0.004570 -0.011713 0.000328 
-0.024830 0.008366 -0.000853 -0.026188 
0.017832 -0.002391 0.013223 0.012201 
0.000146 -0.009372 0.002355 -0.009072 
0.011707 -0.014361 0.018509 0.000829 
-0.032341 -0.006878 0.033044 0.001157 
-0.015717 0.023497 -0.010572 -0.026217 
-0.002670 0.012897 -0.008230 0.010283 
-0.003025 0.002562 -0.003132 0.002430 
0.009227 -0.001810 0.009393 0.000435 
-0.025923 -0.016158 0.030505 -0.001584 
-0.016883 -0.013262 0.007281 -0.020197 
-0.001129 -0.001088 -0.001122 -0.001096 
-0.006847 0.000545 -0.006861 -0.000334 
-0.002383 0.016221 -0.012589 0.010504 
-0.005165 -0.007582 -0.003314 -0.008555 
-0.006181 0.002318 -0.006411 0.001573 
0.016937 -0.019026 0.015481 0.020229 
-0.001608 -0.005780 -0.001037 -0.005909 
0.008223 0.003308 0.007337 0.004973 
-0.007611 -0.012449 0.000425 -0.014585 
-0.010250 0.000839 -0.010068 -0.002097 
0.002716 0.001236 0.002686 0.001301 
-0.017121 -0.008250 -0.002679 -0.018816 
-0.011504 -0.008045 -0.005797 -0.012786 
-0.025113 0.012271 0.002650 -0.027825 
-0.006347 -0.005840 -0.005047 -0.006994 
0.015268 -0.002795 0.013819 0.007069 
0.007441 0.004534 0.006356 0.005960 
0.012143 0.006114 0.007707 0.011201 
0.015712 -0.015979 0.018877 0.012076 
0.000034 -0.007597 0.001218 -0.007498 
0.001251 0.009282 -0.000974 0.009316 
-0.010377 0.007920 -0.012820 0.002459 
0.007358 0.004386 0.006345 0.005755 
-0.014906 -0.005393 -0.008173 -0.013582 
-0.007961 0.008780 -0.010656 0.005188 
0.016146 -0.005327 0.015190 0.007636 
-0.016413 -0.017055 0.016209 -0.017249 
-0.010650 -0.006215 -0.007264 -0.009964 
0.005245 -0.016488 0.015577 -0.007532 
-0.003272 0.005929 -0.003982 0.005477 
0.014899 -0.006497 0.015500 0.004894 
-0.007733 -0.013616 0.002323 -0.015485 
-0.012884 0.012992 -0.018168 -0.002172 
0.003489 0.015310 -0.006762 0.014172 
0.012314 -0.008273 0.014835 0.000085 
0.018095 0.008604 0.000750 0.020022 
0.001870 0.009860 -0.000861 0.009998 
-0.003285 -0.002717 -0.003147 -0.002876 
-0.003745 -0.015400 0.006797 -0.014318 
0.001921 -0.012329 0.006808 -0.010457 
-0.007037 0.005716 -0.008127 0.004018 
0.014336 -0.003749 0.013969 0.004943 
0.012602 0.012841 -0.001842 0.017898 
0.007023 -0.028902 0.014320 0.026069 
-0.000838 -0.007718 0.000429 -0.007751 
-0.007340 -0.006613 -0.005353 -0.008304 
-0.009445 -0.004754 -0.007593 -0.007359 
0.002162 -0.013753 0.008775 -0.010808 
-0.013224 -0.005866 -0.007992 -0.012059 
-0.014539 0.017856 -0.019612 -0.012065 
-0.008406 0.016166 -0.017893 0.003445 
-0.007143 -0.001308 -0.006884 -0.002314 
0.004051 -0.006928 0.005194 -0.006118 
-0.003635 0.006181 -0.004459 0.005615 
0.011696 -0.004618 0.012557 0.000667 
-0.005309 0.012794 -0.010970 0.008457 
0.008469 -0.003600 0.009066 -0.001576 
-0.007811 -0.003113 -0.007074 -0.004545 
0.024426 0.011970 -0.021189 0.017058 
0.010620 -0.029642 0.003359 0.031307 
-0.005110 -0.011630 0.000304 -0.012699 
0.011613 0.007130 0.006726 0.011851 
0.012676 0.008930 0.004650 0.014792 
-0.011414 -0.007571 -0.006276 -0.012174 
0.000124 0.023371 -0.023269 0.002185 
-0.005464 0.002544 -0.005688 0.001994 
-0.005877 0.001172 -0.005963 0.000594 
0.011668 0.001288 0.010391 0.005461 
-0.022829 -0.005781 0.004270 -0.023159 
0.030004 0.008767 -0.030600 0.006380 
0.011704 0.003972 0.009113 0.008349 
-0.005359 0.022376 -0.022892 -0.002321 
-0.003484 0.014834 -0.011556 0.009932 
-0.001828 -0.010866 0.001787 -0.010873 
-0.009213 0.031247 0.000822 -0.032566 
0.016178 0.017398 -0.016754 0.016844 
0.024002 0.004487 -0.005619 0.023763 
-0.015105 -0.025539 0.028479 0.008325 
-0.005479 0.000196 -0.005476 -0.000251 
-0.005644 -0.028137 0.025634 0.012901 
-0.030804 -0.002617 0.027660 -0.013808 
-0.008648 -0.006482 -0.006196 -0.008855 
-0.007510 -0.019302 0.014758 -0.014531 
-0.014503 -0.008640 -0.004341 -0.016314 
-0.017349 -0.016036 0.015039 -0.018220 
-0.008411 -0.004314 -0.007129 -0.006207 
0.002420 -0.004282 0.002696 -0.004114 
0.009040 0.004188 0.007599 0.006442 
-0.014924 -0.019010 0.019224 -0.014647 
-0.017315 -0.015445 0.013456 -0.018902 
-0.020179 -0.005656 -0.002208 -0.020840 
-0.013976 -0.007145 -0.006537 -0.014271 
-0.003227 -0.001965 -0.003148 -0.002088 
-0.022659 -0.007169 0.006304 -0.022914 
0.007560 0.018323 -0.012386 0.015475 
-0.005179 0.031001 -0.009141 -0.030071 
0.023568 0.014789 -0.024678 0.012852 
0.018336 0.014386 -0.012547 0.019640 
0.019435 -0.002567 0.012006 0.015498 
0.010736 -0.009753 0.014304 -0.002404 
-0.010991 -0.004950 -0.008246 -0.008792 
0.006605 0.005121 0.005522 0.006274 
-0.014891 0.017327 -0.019409 -0.012051 
-0.012204 -0.006028 -0.007788 -0.011164 
0.004062 -0.007536 0.005471 -0.006584 
0.000572 0.009830 -0.002004 0.009640 
-0.009135 -0.021667 0.020973 -0.010632 
-0.002472 0.031734 -0.009835 -0.030273 
0.004961 -0.006745 0.006146 -0.005685 
0.002073 -0.004409 0.002353 -0.004267 
-0.008282 0.018808 -0.020550 0.000201 
0.015987 -0.003204 0.014119 0.008155 
-0.001389 -0.018596 0.014244 -0.012036 
0.003422 0.009138 0.000974 0.009709 
0.018482 -0.024983 -0.003603 0.030866 
0.016749 -0.001376 0.013019 0.010627 
0.025656 -0.011546 -0.004328 0.027799 
-0.004186 -0.013958 0.004095 -0.013985 
0.004364 0.005534 0.003580 0.006071 
0.003209 0.001200 0.003170 0.001302 
-0.009483 -0.011392 -0.001450 -0.014751 
0.014023 0.015575 -0.009285 0.018789 
0.015747 -0.009002 0.016887 0.006620 
0.000890 -0.031524 0.012691 0.028871 
-0.004307 0.002632 -0.004478 0.002328 
0.000233 0.019362 -0.016352 0.010371 
0.003594 0.008273 0.001695 0.008860 
-0.009585 0.000578 -0.009430 -0.001814 
0.012116 0.009243 0.004341 0.014608 
0.006423 -0.013435 0.012901 -0.007438 
-0.014252 -0.024596 0.028293 0.002757 
0.003387 0.013880 -0.004422 0.013586 
0.017915 -0.002801 0.013424 0.012189 
0.022693 -0.013422 0.005713 0.025739 
-0.005885 -0.012190 0.000642 -0.013520 
0.009693 0.005232 0.007481 0.008086 
0.015155 0.021194 -0.024483 0.008913 
-0.002538 -0.013794 0.004835 -0.013166 
-0.007039 -0.000679 -0.006883 -0.001626 
0.015762 0.008748 0.003266 0.017729 
0.018179 -0.003536 0.013692 0.012471 
0.023125 -0.012921 0.004637 0.026080 
-0.021283 -0.016055 0.022494 -0.014308 
-0.018305 0.006620 -0.015120 -0.012258 
0.000196 0.004962 -0.000136 0.004964 
0.009945 -0.015851 0.018679 -0.001124 
-0.017736 -0.000658 -0.011144 -0.013814 
-0.008429 0.014466 -0.016079 0.004666 
-0.010787 0.006976 -0.012744 0.001617 
0.010680 0.010429 0.002856 0.014652 
-0.007564 -0.000736 -0.007357 -0.001908 
0.001278 0.015068 -0.007722 0.013002 
-0.004144 -0.005547 -0.003389 -0.006038 
-0.000234 -0.000863 -0.000232 -0.000864 
-0.005185 0.003968 -0.005608 0.003343 
0.005376 -0.010439 0.008820 -0.007752 
-0.012535 -0.004069 -0.009321 -0.009318 
0.028264 0.014719 -0.031725 -0.003009 
0.017648 -0.017520 0.015524 0.019428 
0.012793 -0.003754 0.013075 0.002610 
0.024124 -0.000951 0.000684 0.024133 
-0.005999 -0.021603 0.019912 -0.010303 
-0.016528 -0.006080 -0.006476 -0.016378 
0.007640 -0.007143 0.009395 -0.004596 
0.007682 -0.014945 0.015898 -0.005441 
-0.008487 -0.027373 0.026846 0.010028 
-0.022770 0.011331 -0.006954 -0.024465 
-0.026045 0.003083 0.004648 -0.025812 
-0.017272 0.002496 -0.013537 -0.011015 
-0.012419 -0.018860 0.016223 -0.015707 
-0.016855 0.012481 -0.017810 -0.011076 
0.000992 0.007282 -0.000082 0.007349 
-0.017726 0.026172 0.005206 -0.031178 
-0.010534 -0.002870 -0.009075 -0.006070 
0.005566 -0.003294 0.005903 -0.002643 
0.000826 0.014763 -0.007570 0.012701 
0.002666 0.003477 0.002482 0.003611 
-0.010568 -0.005737 -0.007571 -0.009343 
0.013888 0.006694 0.007072 0.013699 
-0.006748 -0.014078 0.003323 -0.015254 
-0.001069 -0.008853 0.000851 -0.008876 
-0.013013 0.006957 -0.014682 -0.001473 
-0.009228 -0.006213 -0.006664 -0.008907 
-0.005790 -0.006743 -0.004223 -0.007820 
-0.026067 0.002940 0.004812 -0.025788 
-0.022758 0.013863 -0.005050 -0.026165 
-0.017091 -0.009355 -0.000773 -0.019469 
-0.003108 -0.014079 0.004901 -0.013559 
-0.011621 -0.010867 -0.002093 -0.015772 
0.010128 0.021722 -0.021600 0.010385 
-0.006138 -0.024565 0.025248 -0.001915 
-0.007167 0.009700 -0.010347 0.006197 
0.017987 -0.003533 0.013806 0.012059 
-0.005414 -0.001663 -0.005248 -0.002128 
0.013295 0.017431 -0.013316 0.017416 
0.015110 0.014684 -0.008303 0.019365 
0.004750 0.009783 0.001421 0.010782 
0.000758 0.007044 -0.000206 0.007082 
0.011328 0.017420 -0.011652 0.017205 
0.035560 0.007483 -0.028938 -0.021980 
-0.007153 -0.012876 0.001203 -0.014680 
-0.015869 0.018402 -0.017890 -0.016444 
-0.000977 -0.000524 -0.000976 -0.000527 
0.004104 -0.013638 0.010632 -0.009477 
-0.015343 -0.012378 0.003194 -0.019453 
0.006072 -0.015474 0.014989 -0.007185 
0.012739 0.003657 0.009641 0.009094 
0.015242 -0.002833 0.013833 0.007001 
0.008896 -0.001094 0.008922 0.000856 
-0.011477 -0.015716 0.007525 -0.017947 
0.008380 0.008252 0.004771 0.010750 
0.000889 -0.008836 0.002746 -0.008445 
0.001484 0.019198 -0.015424 0.011526 
0.025067 -0.020072 -0.016859 0.027331 
-0.004736 -0.018499 0.012861 -0.014115 
0.007745 -0.023016 0.022776 0.008425 
-0.028107 -0.007849 0.024755 -0.015453 
-0.016683 0.000427 -0.012433 -0.011133 
-0.004558 0.002606 -0.004740 0.002258 
0.001040 -0.006767 0.001890 -0.006581 
0.001563 0.014066 -0.005938 0.012847 
0.003194 -0.006878 0.004224 -0.006298 
-0.007977 0.005435 -0.009084 0.003266 
-0.001394 0.005690 -0.001917 0.005536 
-0.024332 0.022017 0.018959 -0.026783 
0.026391 0.004286 -0.013524 0.023064 
0.002898 0.005585 0.002283 0.005864 
-0.014206 0.006615 -0.015256 -0.003583 
0.004276 0.005574 0.003494 0.006095 
-0.014180 0.004624 -0.014299 -0.004244 
-0.022018 -0.006935 0.004147 -0.022709 
-0.016058 0.008826 -0.016815 -0.007282 
0.006144 -0.002850 0.006451 -0.002065 
-0.009471 0.007230 -0.011494 0.003140 
0.004706 0.002138 0.004538 0.002473 
0.005301 0.011742 -0.000340 0.012879 
-0.017496 0.001873 -0.013069 -0.011781 
0.000053 0.002821 -0.000008 0.002821 
-0.002057 -0.029363 0.022309 0.019202 
-0.001433 -0.016647 0.010400 -0.013078 
-0.007113 -0.015081 0.005148 -0.015860 
-0.005335 0.007614 -0.006959 0.006166 
0.009161 -0.007303 0.011191 -0.003468 
0.005150 -0.009266 0.007695 -0.007292 
-0.013718 0.007353 -0.015352 -0.002563 
-0.009194 0.000666 -0.009103 -0.001453 
0.012469 0.007544 0.006343 0.013122 
0.001681 0.002615 0.001612 0.002658 
0.002392 0.003621 0.002204 0.003739 
-0.008481 -0.006023 -0.006374 -0.008220 
0.013324 -0.010260 0.016712 0.001867 
-0.027775 0.004755 0.011352 -0.025791 
-0.011556 -0.007854 -0.006002 -0.012618 
0.006380 -0.009454 0.009255 -0.006665 
0.006990 -0.020961 0.022032 0.001681 
-0.012551 -0.003574 -0.009641 -0.008796 
-0.000673 0.009219 -0.002774 0.008818 
0.002549 0.005142 0.002080 0.005349 
0.013440 -0.009437 0.016305 0.001963 
-0.016496 -0.022673 0.027977 -0.001854 
0.003533 0.018584 -0.013349 0.013404 
0.020795 -0.003405 0.010616 0.018203 
0.002220 -0.002479 0.002294 -0.002411 
-0.027862 0.002808 0.012355 -0.025130 
0.019086 0.025158 -0.027913 -0.014767 
0.004960 -0.032706 0.000702 0.033073 
-0.014004 -0.005069 -0.008672 -0.012108 
0.006649 -0.005701 0.007684 -0.004203 
0.001247 -0.004937 0.001591 -0.004837 
0.027965 -0.005162 -0.012147 0.025712 
0.016608 -0.026533 -0.002405 0.031210 
0.001842 -0.026641 0.024233 0.011222 
-0.006705 -0.005425 -0.005481 -0.006660 
0.003833 -0.000672 0.003857 -0.000514 
0.004675 -0.012363 0.009803 -0.008865 
0.018144 0.000501 0.010971 0.014460 
-0.015618 -0.013178 0.005319 -0.019730 
0.017608 0.025285 -0.028410 -0.011926 
0.015020 0.004585 0.008935 0.012915 
-0.002271 0.008809 -0.004176 0.008082 
0.010621 0.000718 0.009905 0.003899 
-0.005448 -0.007992 -0.003266 -0.009105 
0.002972 0.011872 -0.001964 0.012079 
-0.005425 0.001189 -0.005505 0.000731 
0.012744 -0.009095 0.015640 0.000711 
0.004689 -0.001266 0.004761 -0.000963 
-0.007242 -0.004562 -0.006199 -0.005902 
-0.010277 -0.003482 -0.008663 -0.006534 
-0.003333 0.016187 -0.013387 0.009690 
0.023926 -0.003693 0.003219 0.023994 
-0.003958 -0.025147 0.025443 0.000809 
0.005977 -0.009533 0.008839 -0.006962 
0.000695 0.008424 -0.000941 0.008400 
0.012067 0.013225 -0.002324 0.017751 
0.025498 0.017926 -0.030988 -0.003351 
-0.000875 0.007638 -0.002084 0.007401 
-0.010051 -0.009803 -0.003649 -0.013557 
-0.001176 0.008055 -0.002597 0.007715 
0.017949 -0.013022 0.016862 0.014402 
0.003399 -0.020185 0.019745 -0.005397 
-0.020056 -0.004981 -0.003463 -0.020373 
-0.003886 -0.003329 -0.003640 -0.003596 
-0.003712 -0.007098 -0.002426 -0.007634 
0.017345 -0.024153 0.003533 0.029525 
0.022494 0.002254 0.001894 0.022528 
-0.004592 0.006880 -0.005784 0.005914 
-0.003320 0.002386 -0.003425 0.002233 
0.011746 0.011159 0.001596 0.016123 
0.018003 -0.022124 0.007071 0.027633 
-0.015367 -0.000428 -0.012057 -0.009536 
0.018831 0.021606 -0.028612 0.001670 
0.018840 0.006325 0.003461 0.019570 
0.004459 -0.001677 0.004554 -0.001399 
0.008235 -0.001393 0.008350 0.000181 
-0.023018 0.001281 -0.004219 -0.022664 
-0.008206 0.004635 -0.009076 0.002542 
-0.005873 -0.002700 -0.005530 -0.003347 
0.005102 0.005363 0.004251 0.006060 
-0.003213 -0.004891 -0.002745 -0.005168 
-0.005915 -0.000657 -0.005824 -0.001222 
0.022114 -0.008913 0.009529 0.021856 
-0.003252 0.003293 -0.003438 0.003098 
0.011709 -0.015185 0.019107 0.001607 
-0.016730 -0.004402 -0.008314 -0.015171 
-0.003893 0.005171 -0.004454 0.004696 
0.014113 0.002778 0.010467 0.009866 
-0.000037 -0.008335 0.001526 -0.008194 
0.006218 -0.002145 0.006427 -0.001401 
-0.004914 0.016881 -0.015843 0.007625 
0.006242 -0.014128 0.013500 -0.007504 
-0.022997 0.004908 -0.006507 -0.022596 
0.011710 0.024765 -0.027386 -0.000660 
0.019506 -0.018891 0.009030 0.025609 
0.008458 -0.003141 0.008941 -0.001211 
0.001016 0.005675 0.000501 0.005743 
-0.011924 -0.007415 -0.006476 -0.012459 
-0.019280 0.003947 -0.013001 -0.014774 
-0.002430 -0.004261 -0.002147 -0.004410 
-0.013757 -0.016300 0.010849 -0.018363 
-0.006666 -0.004624 -0.005738 -0.005735 
0.012589 0.006585 0.007317 0.012178 
0.003191 -0.009303 0.005496 -0.008156 
-0.016720 0.019378 -0.015528 -0.020345 
-0.007398 0.016633 -0.017625 0.004555 
-0.008950 0.021914 -0.022335 -0.007841 
0.017256 0.014270 -0.010360 0.019852 
0.015361 0.007569 0.005340 0.016271 
0.010589 0.016846 -0.009772 0.017333 
0.013489 0.016939 -0.012227 0.017871 
0.004359 0.012808 -0.002272 0.013337 
-0.007515 0.002899 -0.007906 0.001538 
-0.001396 0.011705 -0.005608 0.010368 
-0.021181 0.003696 -0.010099 -0.018981 
0.002548 0.012126 -0.002578 0.012119 
-0.007560 -0.005237 -0.006170 -0.006819 
0.007907 0.025147 -0.026359 -0.000276 
-0.004967 0.003738 -0.005331 0.003198 
0.007482 -0.000198 0.007426 0.000937 
-0.006815 -0.017223 0.009748 -0.015749 
-0.000277 0.017263 -0.012683 0.011715 
-0.002049 -0.004154 -0.001804 -0.004266 
0.011664 0.021802 -0.022746 0.009693 
-0.001107 0.002190 -0.001143 0.002172 
-0.005775 -0.016078 0.007388 -0.015403 
-0.002240 -0.027248 0.025432 0.010034 
-0.030174 -0.003656 0.026470 -0.014938 
-0.014131 0.027026 -0.004124 -0.030217 
-0.008770 0.005529 -0.009990 0.002773 
-0.003347 -0.004302 -0.002990 -0.004558 
-0.010379 0.008194 -0.012976 0.002546 
0.000926 0.018717 -0.014723 0.011595 
0.029013 -0.004024 -0.017013 0.023843 
-0.011663 -0.015457 0.007025 -0.018045 
-0.006960 0.029242 -0.013232 -0.026989 
0.000487 0.016262 -0.010337 0.012564 
-0.006912 -0.001109 -0.006704 -0.002016 
-0.016125 -0.014662 0.009601 -0.019565 
-0.012174 -0.006124 -0.007703 -0.011241 
-0.003462 0.010768 -0.006920 0.008948 
-0.017861 0.000009 -0.011582 -0.013596 
-0.008943 0.000557 -0.008852 -0.001389 
-0.007794 0.004823 -0.008682 0.002937 
-0.000312 0.007704 -0.001545 0.007553 
-0.027766 0.004902 0.011291 -0.025836 
-0.007034 0.011220 -0.011393 0.006750 
0.001371 0.011756 -0.003090 0.011426 
0.004094 -0.001864 0.004190 -0.001636 
-0.024109 -0.004995 0.006772 -0.023671 
-0.013149 -0.003161 -0.010057 -0.009041 
0.004833 -0.010484 0.008230 -0.008096 
-0.005027 -0.018655 0.013167 -0.014139 
-0.014883 0.026496 -0.003740 -0.030159 
-0.008690 0.000065 -0.008521 -0.001704 
-0.025939 -0.017128 0.031020 0.001995 
-0.028166 -0.001543 0.016925 -0.022567 
-0.001861 -0.006865 -0.000903 -0.007055 
0.005002 0.002951 0.004711 0.003396 
-0.004764 -0.000053 -0.004752 -0.000346 
0.010696 0.004544 0.008357 0.008075 
-0.004378 -0.008867 -0.001900 -0.009705 
0.015615 -0.026969 -0.000587 0.031158 
0.016505 -0.016499 0.017956 0.014907 
0.012603 -0.002228 0.012337 0.003409 
0.017497 -0.013728 0.017335 0.013932 
-0.016779 -0.013798 0.008423 -0.020024 
0.004963 -0.004301 0.005432 -0.003692 
-0.000718 0.007557 -0.001886 0.007353 
0.003405 0.003109 0.003220 0.003300 
-0.004508 0.016576 -0.015039 0.008301 
0.015784 -0.007601 0.016242 0.006566 
-0.006324 0.006385 -0.007561 0.004858 
0.011430 -0.001769 0.011313 0.002405 
0.003807 -0.006759 0.004855 -0.006050 
0.000568 -0.012211 0.005339 -0.010996 
-0.023424 0.006477 -0.005720 -0.023621 
0.011918 0.009994 0.003340 0.015191 
-0.001055 -0.021394 0.019933 -0.007843 
-0.006418 -0.001624 -0.006180 -0.002374 
0.010293 0.001556 0.009400 0.004473 
-0.026411 -0.012037 0.026411 -0.012037 
-0.021950 0.012310 -0.008939 -0.023525 
-0.015705 -0.008272 -0.004062 -0.017279 
0.001678 -0.007069 0.002670 -0.006757 
0.001762 -0.010278 0.004676 -0.009321 
0.001441 0.014276 -0.006346 0.012869 
0.004050 -0.009668 0.006712 -0.008052 
-0.000237 -0.012711 0.005184 -0.011608 
-0.019415 0.018202 -0.010408 -0.024493 
-0.001038 0.006311 -0.001731 0.006157 
0.014625 0.006504 0.007063 0.014363 
0.011646 -0.024158 0.018093 0.019796 
-0.030504 -0.008780 0.031488 -0.004013 
-0.011167 -0.001810 -0.009884 -0.005503 
0.009201 -0.007085 0.011127 -0.003323 
0.002863 0.003743 0.002633 0.003908 
0.000238 0.004106 0.000049 0.004113 
0.006686 -0.008281 0.008879 -0.005869 
0.024112 -0.009307 0.003254 0.025640 
-0.018025 -0.014062 0.011162 -0.019951 
-0.012782 0.019275 -0.020657 -0.010402 
0.009999 0.008201 0.005391 0.011754 
-0.010606 -0.007922 -0.005802 -0.011899 
0.009842 0.007250 0.006183 0.010545 
-0.003952 -0.029799 0.022002 0.020482 
-0.020476 -0.012683 0.012757 -0.020430 
-0.002668 0.001876 -0.002721 0.001798 
0.015537 -0.018556 0.018261 0.015883 
0.007769 -0.013073 0.013966 -0.006019 
0.008631 -0.032421 -0.005790 0.033047 
-0.023427 -0.002000 0.000346 -0.023510 
-0.001624 0.033804 0.000500 -0.033839 
0.030590 0.003427 -0.027602 0.013625 
0.012484 -0.002677 0.012428 0.002925 
0.003802 0.010305 0.000286 0.010980 
0.002046 0.004757 0.001695 0.004893 
0.001737 0.014288 -0.006147 0.013015 
0.006977 -0.001202 0.007076 -0.000244 
-0.010107 0.008849 -0.013082 0.003054 
0.009233 0.004358 0.007650 0.006762 
-0.008752 -0.004141 -0.007428 -0.006211 
0.000593 -0.002462 0.000635 -0.002452 
-0.004977 -0.005881 -0.003969 -0.006604 
0.004967 -0.021879 0.022432 0.000417 
-0.024343 0.017111 0.006476 -0.029042 
0.017563 0.013647 -0.009322 0.020195 
0.010194 -0.002102 0.010365 0.000942 
0.007588 -0.007249 0.009387 -0.004693 
-0.000616 -0.022448 0.021867 -0.005111 
-0.015211 -0.006273 -0.007082 -0.014852 
-0.010654 -0.011165 -0.001781 -0.015329 
-0.016518 -0.008930 -0.002217 -0.018646 
-0.008416 0.030868 -0.003106 -0.031844 
0.009450 0.020981 -0.019533 0.012164 
-0.006560 0.005707 -0.007585 0.004251 
-0.025712 0.002017 0.004012 -0.025477 
0.003164 0.003754 0.002912 0.003953 
-0.004438 -0.012190 0.001393 -0.012898 
-0.008648 0.001677 -0.008807 -0.000168 
0.001065 0.011354 -0.002926 0.011023 
0.011487 0.010360 0.002884 0.015198 
0.012567 -0.012499 0.017681 0.001238 
-0.002753 -0.006926 -0.001682 -0.007261 
-0.013653 -0.015658 0.009114 -0.018668 
0.007361 0.024784 -0.025827 0.001174 
0.024095 -0.009347 0.003303 0.025632 
0.001267 0.001395 0.001253 0.001407 
0.000280 -0.005819 0.000814 -0.005768 
-0.036919 -0.006845 0.024271 0.028648 
0.008506 0.013085 -0.001319 0.015551 
0.004961 -0.005162 0.005628 -0.004424 
0.001397 -0.003506 0.001532 -0.003450 
-0.008320 -0.007194 -0.005556 -0.009493 
-0.003179 0.002638 -0.003298 0.002488 
-0.006502 -0.013528 0.002441 -0.014809 
-0.006048 0.009055 -0.008601 0.006678 
0.019008 0.001567 0.009166 0.016726 
-0.004195 -0.025125 0.025465 0.000631 
-0.022022 0.004028 -0.008542 -0.020694 
-0.002745 0.005851 -0.003389 0.005503 
-0.027758 0.002683 0.011964 -0.025190 
-0.005924 0.026095 -0.022149 -0.015016 
0.025599 -0.013772 -0.006596 0.028311 
-0.015091 -0.001718 -0.011222 -0.010234 
-0.008731 0.015913 -0.017874 0.003157 
-0.009501 -0.007532 -0.005829 -0.010631 
-0.008505 -0.007641 -0.005322 -0.010120 
-0.013059 -0.002232 -0.010581 -0.007972 
0.006156 -0.008009 0.008112 -0.006021 
-0.017420 0.028507 0.014110 -0.030283 
-0.008793 -0.001041 -0.008374 -0.002875 
0.017200 -0.003384 0.014064 0.010464 
0.010965 0.000074 0.010363 0.003585 
-0.001875 -0.003865 -0.001679 -0.003954 
-0.007421 0.005836 -0.008603 0.003888 
0.001650 0.025424 -0.025275 -0.003201 
0.033204 0.005689 -0.033491 -0.003631 
-0.010286 -0.013724 0.002649 -0.016945 
-0.018939 0.019748 -0.009261 -0.025747 
-0.002676 0.033173 -0.001831 -0.033231 
0.021678 0.010464 -0.010501 0.021660 
0.016515 -0.021923 0.011974 0.024698 
-0.006478 -0.009553 -0.002679 -0.011227 
-0.001693 -0.002318 -0.001641 -0.002356 
-0.004171 -0.007832 -0.002415 -0.008538 
0.006520 -0.013196 0.012744 -0.007364 
-0.012072 0.004361 -0.012771 -0.001288 
0.000978 -0.007039 0.001930 -0.006840 
0.004079 -0.004036 0.004423 -0.003656 
0.005837 0.004887 0.005000 0.005741 
-0.010616 -0.022057 0.022612 -0.009377 
-0.002558 -0.000630 -0.002545 -0.000678 
-0.003726 -0.008374 -0.001737 -0.008999 
-0.005129 0.035236 0.015295 -0.032156 
-0.001313 0.008976 -0.003269 0.008462 
-0.013353 0.019082 -0.020305 -0.011408 
-0.003374 0.021110 -0.021062 0.003659 
0.020901 0.020135 -0.028907 0.002579 
0.009406 -0.006351 0.011012 -0.002746 
-0.013142 -0.007229 -0.006623 -0.013458 
0.007322 0.025866 -0.026706 -0.003074 
-0.001090 -0.019253 0.015715 -0.011176 
-0.001478 0.014145 -0.008642 0.011295 
0.013371 0.006705 0.007155 0.013136 
0.013053 0.013265 -0.003014 0.018365 
-0.012530 -0.028026 0.025903 0.016476 
-0.008308 0.029317 -0.010323 -0.028669 
0.013241 0.010442 0.002208 0.016717 
0.013413 0.003878 0.009622 0.010117 
-0.000440 0.005994 -0.001025 0.005922 
0.012737 0.015406 -0.007667 0.018461 
0.004548 0.007718 0.002773 0.008519 
-0.014783 -0.016786 0.013281 -0.017997 
-0.019792 -0.001102 -0.008600 -0.017860 
-0.009221 0.011516 -0.014071 0.004430 
0.008395 0.021388 -0.020030 0.011258 
0.008059 0.000366 0.007870 0.001776 
-0.019141 -0.000288 -0.010188 -0.016207 
0.017644 0.002792 0.009303 0.015250 
-0.020386 -0.016648 0.022062 -0.014353 
-0.013855 -0.003829 -0.009697 -0.010610 
0.001404 0.024274 -0.024307 0.000587 
-0.002177 -0.018687 0.014067 -0.012492 
-0.015272 0.018196 -0.018781 -0.014546 
0.002836 0.008333 0.001034 0.008742 
0.011812 -0.008371 0.014461 -0.000690 
-0.018348 0.003987 -0.013830 -0.012700 
0.006432 0.014911 -0.004929 0.015473 
-0.004767 0.004649 -0.005291 0.004043 
-0.000900 -0.010571 0.002321 -0.010352 
-0.018996 0.005722 -0.014165 -0.013890 
0.005206 -0.004393 0.005716 -0.003704 
-0.008743 0.004141 -0.009503 0.001812 
0.002251 -0.009316 0.004480 -0.008472 
-0.004832 0.015024 -0.013169 0.008697 
0.005313 0.008284 0.002978 0.009380 
-0.005149 -0.002386 -0.004921 -0.002826 
-0.008449 0.031634 0.000948 -0.032729 
0.014686 0.008427 0.004545 0.016310 
-0.001393 -0.008905 0.000588 -0.008994 
-0.014723 0.021765 -0.016378 -0.020548 
-0.006392 0.013535 -0.012979 0.007457 
0.010249 0.011959 0.000557 0.015740 
0.005181 -0.020185 0.020632 -0.002928 
0.006200 -0.020385 0.021287 -0.000924 
-0.016192 -0.023272 0.028350 0.000075 
-0.010414 0.006314 -0.012055 0.001730 
0.004386 -0.002574 0.004555 -0.002260 
-0.010362 -0.007362 -0.006256 -0.011065 
0.008323 -0.016519 0.018213 -0.003230 
-0.005579 -0.013871 0.003324 -0.014577 
-0.011131 0.009189 -0.014322 0.001795 
-0.002461 0.002252 -0.002528 0.002177 
-0.018764 -0.002587 -0.008411 -0.016972 
0.003639 0.027918 -0.025341 -0.012266 
0.015228 0.018956 -0.019459 0.014580 
0.003704 0.002720 0.003542 0.002927 
0.000425 -0.014723 0.008530 -0.012008 
-0.011303 -0.002152 -0.009824 -0.005989 
0.000048 0.011148 -0.003644 0.010535 
0.011587 0.006614 0.007189 0.011239 
0.006028 -0.015603 0.015114 -0.007166 
-0.013959 0.007012 -0.015319 -0.003053 
-0.023494 0.005054 -0.005136 -0.023476 
0.011854 0.009605 0.003894 0.014751 
0.002191 -0.008286 0.003789 -0.007688 
0.021208 -0.003047 0.009659 0.019125 
0.007328 0.010703 0.001857 0.012838 
0.017085 -0.007603 0.016131 0.009459 
-0.015923 -0.004230 -0.008952 -0.013831 
0.007415 0.004200 0.006449 0.005571 
-0.009611 -0.010383 -0.002860 -0.013857 
-0.007282 -0.017317 0.009974 -0.015919 
-0.000021 0.011134 -0.003695 0.010503 
0.001772 -0.026447 0.024384 0.010391 
-0.029128 -0.007807 0.027637 -0.012066 
-0.017615 0.002223 -0.013230 -0.011840 
-0.000885 0.000547 -0.000887 0.000544 
0.006897 -0.017592 0.018405 -0.004275 
-0.011113 -0.011912 -0.000495 -0.016284 
0.006901 0.019685 -0.015585 0.013865 
-0.000258 -0.012931 0.005439 -0.011735 
-0.004401 0.002236 -0.004539 0.001941 
-0.023094 0.010434 -0.006325 -0.024540 
0.019479 0.011259 -0.007229 0.021306 
0.001396 -0.017840 0.014526 -0.010451 
-0.014429 -0.008136 -0.005096 -0.015761 
-0.022273 -0.016929 0.026109 -0.010051 
-0.002591 0.004759 -0.002962 0.004538 
0.008775 -0.027243 0.016319 0.023514 
-0.008532 -0.023288 0.024016 -0.006196 
0.010185 -0.009047 0.013286 -0.003008 
0.001671 0.003918 0.001476 0.003996 
0.010591 -0.005381 0.011834 -0.001033 
0.004327 0.021487 -0.019584 0.009843 
0.008446 -0.030923 0.002760 0.031937 
-0.001272 -0.013963 0.006005 -0.012669 
0.015426 0.014057 -0.007162 0.019603 
0.001895 0.007159 0.000812 0.007360 
0.009295 0.001560 0.008653 0.003734 
0.002560 -0.004823 0.002942 -0.004600 
0.015219 0.001777 0.011176 0.010483 
0.005362 -0.022163 0.022734 0.001771 
-0.009420 -0.017395 0.010604 -0.016700 
-0.001703 0.009736 -0.004194 0.008949 
0.018053 -0.013455 0.016697 0.015104 
0.013726 -0.004394 0.013950 0.003619 
0.025708 -0.011143 -0.004212 0.027701 
-0.007751 -0.014706 0.004352 -0.016044 
0.012160 -0.002205 0.012019 0.002879 
-0.002482 -0.016307 0.009141 -0.013730 
-0.020072 -0.004417 -0.004241 -0.020110 
-0.005137 0.001361 -0.005226 0.000964 
0.017202 -0.013006 0.017617 0.012438 
0.016601 -0.016149 0.017948 0.014637 
-0.006985 -0.022130 0.021236 -0.009357 
-0.020390 0.004614 -0.011929 -0.017168 
-0.006058 0.014415 -0.013652 0.007625 
-0.004104 0.005039 -0.004653 0.004536 
-0.016731 0.006247 -0.015602 -0.008691 
-0.014885 0.004334 -0.014460 -0.005591 
0.011039 0.008610 0.005147 0.013020 
-0.006775 -0.020707 0.017997 -0.012280 
-0.010207 -0.001441 -0.009376 -0.004284 
0.013352 0.000218 0.011717 0.006405 
0.007856 -0.009197 0.010802 -0.005443 
0.004263 0.002516 0.004086 0.002793 
0.013961 0.018253 -0.016166 0.016333 
0.001234 0.010187 -0.001688 0.010122 
-0.000408 -0.002284 -0.000375 -0.002290 
-0.003754 -0.007654 -0.002182 -0.008241 
0.008342 -0.024022 0.022089 0.012599 
0.001434 0.010600 -0.001873 0.010531 
0.005621 -0.030614 0.010108 0.029438 
-0.010077 -0.004382 -0.008130 -0.007392 
-0.015586 0.014025 -0.018784 -0.009316 
-0.008859 0.011437 -0.013621 0.004876 
-0.008409 0.007168 -0.010284 0.004043 
0.003500 0.028328 -0.024807 -0.014119 
0.017707 0.013853 -0.010077 0.020097 
0.001881 -0.000115 0.001882 -0.000097 
-0.001884 0.009334 -0.004101 0.008594 
0.014588 -0.010682 0.017496 0.004565 
0.005540 -0.004697 0.006153 -0.003858 
0.010233 -0.000492 0.009959 0.002404 
-0.010162 -0.005949 -0.007265 -0.009267 
-0.006662 0.021416 -0.022325 -0.002148 
0.011710 0.013903 -0.003553 0.017827 
0.013499 -0.016617 0.020072 0.007448 
0.004514 -0.006657 0.005608 -0.005766 
0.006747 -0.003586 0.007228 -0.002476 
0.000404 0.010006 -0.002301 0.009746 
0.016762 -0.020175 0.014400 0.021923 
-0.005744 -0.021809 0.020328 -0.009767 
-0.007298 0.007630 -0.009240 0.005109 
0.003729 0.000163 0.003720 0.000304 
-0.023057 0.013620 -0.004216 -0.026446 
0.027210 0.017630 -0.031104 -0.009150 
0.000455 0.005058 0.000100 0.005077 
-0.000639 0.012804 -0.006100 0.011276 
0.021131 -0.003502 0.010079 0.018899 
0.007298 -0.000633 0.007312 0.000433 
0.000663 0.011543 -0.003477 0.011027 
0.019395 -0.020350 0.006559 0.027336 
-0.002665 -0.003197 -0.002512 -0.003319 
-0.000349 0.021337 -0.020267 0.006682 
0.004894 0.015105 -0.005755 0.014798 
0.015453 -0.012458 0.018353 0.007561 
0.012194 -0.009607 0.015523 -0.000206 
0.000412 -0.021502 0.020568 -0.006281 
-0.013728 0.011920 -0.017880 -0.003292 
0.003866 -0.016468 0.014299 -0.009037 
-0.022850 0.019660 0.005534 -0.029631 
-0.002319 0.003611 -0.002497 0.003490 
0.001355 -0.023737 0.023771 0.000484 
-0.009855 -0.010929 -0.002142 -0.014559 
-0.015470 0.006052 -0.015451 -0.006100 
0.001300 0.009871 -0.001371 0.009862 
-0.008627 -0.006468 -0.006194 -0.008826 
-0.017561 -0.002286 -0.009856 -0.014713 
0.003225 0.022617 -0.021853 0.006662 
0.019074 -0.001724 0.011825 0.015065 
0.008104 -0.007903 0.010312 -0.004668 
0.003136 -0.009320 0.005447 -0.008188 
-0.012732 0.007259 -0.014625 -0.000948 
-0.026227 0.016737 0.014594 -0.027477 
0.004677 0.022455 -0.021559 0.007829 
-0.014177 0.002521 -0.013336 -0.005430 
-0.005963 -0.007592 -0.003874 -0.008843 
-0.008226 0.004511 -0.009060 0.002437 
0.016083 -0.020121 0.015924 0.020247 
-0.019768 -0.000719 -0.009003 -0.017613 
0.001510 0.009135 -0.000637 0.009237 
-0.022476 0.004146 -0.007526 -0.021580 
-0.015084 0.013155 -0.018660 -0.007236 
-0.004243 -0.000074 -0.004234 -0.000282 
-0.004870 -0.026855 0.026294 0.007320 
-0.010025 -0.019813 0.016968 -0.014323 
-0.012580 0.002877 -0.012574 -0.002906 
0.000220 0.009053 -0.001783 0.008878 
-0.017036 -0.009091 -0.001324 -0.019265 
-0.013009 -0.013244 0.002937 -0.018331 
-0.011086 -0.024867 0.027220 0.000587 
0.008657 -0.014007 0.015819 -0.004572 
0.016325 -0.018733 0.016922 0.018195 
-0.006529 -0.007999 -0.003975 -0.009530 
-0.001437 0.009087 -0.003468 0.008521 
0.010755 -0.001345 0.010635 0.002094 
-0.004252 0.010943 -0.007957 0.008632 
0.017162 -0.009485 0.016832 0.010057 
-0.007603 0.016576 -0.017722 0.004302 
-0.003082 0.003471 -0.003280 0.003285 
0.012481 -0.010333 0.016200 0.000340 
-0.005408 -0.007038 -0.003792 -0.008025 
0.005040 0.007426 0.003310 0.008343 
0.001209 -0.011317 0.005033 -0.010209 
-0.015733 -0.004216 -0.009048 -0.013545 
-0.006403 0.017121 -0.017429 0.005509 
-0.015958 0.016895 -0.018474 -0.014099 
0.003664 0.004448 0.003249 0.004760 
-0.011576 -0.001336 -0.010318 -0.005417 
0.012565 0.017751 -0.013466 0.017078 
0.005620 0.014112 -0.003717 0.014728 
-0.004268 0.004853 -0.004789 0.004339 
-0.003265 -0.002133 -0.003174 -0.002266 
0.012784 -0.000840 0.011898 0.004750 
-0.004625 -0.018028 0.011832 -0.014366 
0.006580 0.005124 0.005502 0.006268 
-0.000942 -0.009338 0.001296 -0.009295 
0.027938 -0.003374 -0.012447 0.025238 
0.007939 -0.000184 0.007854 0.001171 
0.009060 0.020900 -0.019158 0.012323 
-0.007740 0.006228 -0.009112 0.003957 
-0.019158 0.020800 -0.006365 -0.027552 
0.011096 0.019192 -0.016051 0.015292 
0.010720 -0.006121 0.012276 -0.001297 
-0.006355 -0.014236 0.003703 -0.015145 
-0.016342 0.017135 -0.017918 -0.015479 
-0.007005 0.014602 -0.014843 0.006480 
0.010797 0.008499 0.005243 0.012701 
0.003211 0.002733 0.003075 0.002884 
-0.000483 0.006136 -0.001110 0.006054 
0.004916 -0.010249 0.008137 -0.007937 
0.001593 -0.004470 0.001863 -0.004365 
0.007290 -0.021436 0.022393 0.003345 
-0.007417 0.027948 -0.016636 -0.023651 
-0.004356 0.001404 -0.004429 0.001155 
-0.020983 0.001115 -0.008676 -0.019138 
0.004886 0.017685 -0.011017 0.014672 
-0.006533 0.030503 -0.008911 -0.029894 
0.004778 0.000741 0.004721 0.001042 
-0.000780 -0.006793 0.000086 -0.006837 
0.000029 0.011772 -0.004297 0.010960 
-0.009880 -0.001464 -0.009128 -0.004052 
0.030320 0.009098 -0.031386 0.004121 
0.016057 -0.016260 0.018525 0.013381 
-0.000360 -0.008920 0.001563 -0.008789 
-0.017231 -0.008266 -0.002521 -0.018944 
0.003406 0.019342 -0.015043 0.012626 
0.007222 -0.002715 0.007565 -0.001518 
0.000975 0.002451 0.000929 0.002469 
-0.008343 -0.012594 0.000517 -0.015098 
-0.011106 0.005616 -0.012431 0.000596 
-0.026765 0.004705 0.006972 -0.026266 
-0.012269 -0.006851 -0.007051 -0.012156 
0.008142 -0.006506 0.009681 -0.003860 
0.000748 -0.005331 0.001164 -0.005256 
-0.007017 0.004180 -0.007655 0.002849 
-0.003064 0.010556 -0.006301 0.009007 
-0.024241 -0.001353 0.002055 -0.024192 
-0.004677 0.005144 -0.005310 0.004488 
0.010943 -0.006662 0.012746 -0.001297 
0.006865 -0.002585 0.007168 -0.001559 
-0.011909 0.019027 -0.021040 -0.007819 
0.026589 -0.014995 -0.013129 0.027558 
0.006972 0.009329 0.003147 0.011213 
0.009655 0.000860 0.009126 0.003268 
-0.024349 0.001494 -0.000415 -0.024391 
-0.000331 0.021207 -0.020035 0.006959 
-0.000598 0.010099 -0.003345 0.009548 
0.001610 -0.005803 0.002172 -0.005617 
0.000255 0.022741 -0.022382 0.004033 
0.009342 0.005341 0.007233 0.007967 
-0.008531 0.008064 -0.010887 0.004390 
-0.001007 -0.003169 -0.000911 -0.003197 
-0.008205 -0.012656 0.000637 -0.015070 
-0.013432 -0.021580 0.023661 -0.009287 
-0.011248 0.002894 -0.011539 -0.001325 
0.000737 0.004182 0.000532 0.004213 
0.000524 -0.004061 0.000709 -0.004033 
0.015112 -0.007150 0.015887 0.005205 
0.012122 -0.006995 0.013995 0.000115 
-0.004685 0.004026 -0.005076 0.003520 
-0.005769 -0.021329 0.019285 -0.010785 
-0.014092 -0.004229 -0.009385 -0.011331 
0.007363 -0.014861 0.015497 -0.005909 
-0.008843 -0.010935 -0.002009 -0.013919 
0.000564 -0.004450 0.000806 -0.004413 
-0.004960 0.007925 -0.006683 0.006537 
0.018661 -0.020652 0.008338 0.026555 
-0.005031 -0.000931 -0.004952 -0.001286 
-0.000899 0.013597 -0.007353 0.011473 
-0.013205 -0.005764 -0.008085 -0.011926 
-0.015120 -0.002306 -0.010806 -0.010824 
-0.003767 0.021779 -0.022042 0.001629 
-0.009873 0.006756 -0.011696 0.002514 
-0.015372 -0.008517 -0.003950 -0.017125 
-0.019927 0.011274 -0.014093 -0.018044 
-0.005427 -0.008427 -0.002958 -0.009577 
-0.034786 -0.000080 0.034422 0.005018 
0.006565 0.007402 0.004392 0.008866 
0.001853 0.001637 0.001826 0.001668 
-0.021220 0.012966 -0.010615 -0.022488 
0.019988 0.015454 -0.018469 0.017240 
0.014723 0.008166 0.004897 0.016108 
0.014801 -0.003717 0.014138 0.005746 
-0.014331 -0.014484 0.006923 -0.019164 
-0.010931 -0.006276 -0.007308 -0.010270 
0.007033 0.009335 0.003173 0.011250 
0.004043 -0.001096 0.004090 -0.000902 
-0.009238 0.013201 -0.015589 0.004074 
0.003513 0.019963 -0.016380 0.011940 
0.019337 0.001999 0.008318 0.017571 
-0.022288 -0.017610 0.027276 -0.007933 
-0.005708 0.012777 -0.011396 0.008122 
0.027445 -0.005787 -0.009787 0.026285 
0.009487 -0.007672 0.011739 -0.003325 
0.006953 -0.006233 0.008220 -0.004429 
0.006529 -0.019303 0.020236 -0.002393 
-0.006392 -0.010343 -0.001845 -0.012018 
0.001501 0.012466 -0.003807 0.011965 
0.023164 -0.013707 0.003731 0.026655 
-0.025396 -0.017658 0.030871 0.001931 
-0.022822 -0.015456 0.024392 -0.012836 
0.003418 -0.008728 0.005383 -0.007673 
0.017363 -0.025332 -0.000585 0.030706 
0.001580 -0.030205 0.017239 0.024853 
-0.015178 -0.015626 0.010769 -0.018936 
-0.002327 -0.006131 -0.001598 -0.006360 
0.011964 -0.003504 0.012350 0.001701 
0.011298 -0.012553 0.016854 -0.001079 
-0.004003 0.013398 -0.010233 0.009530 
0.018587 -0.005675 0.014499 0.012940 
0.001142 -0.016657 0.012264 -0.011329 
-0.005847 0.004586 -0.006466 0.003661 
-0.000036 -0.019683 0.017069 -0.009801 
-0.012705 0.018587 -0.020697 -0.008862 
0.003226 -0.001158 0.003262 -0.001055 
-0.007422 -0.000504 -0.007263 -0.001609 
-0.000475 -0.003034 -0.000397 -0.003046 
0.007516 0.012921 -0.001189 0.014901 
0.005649 -0.007107 0.007085 -0.005677 
0.010724 -0.008660 0.013600 -0.002245 
-0.008666 -0.003471 -0.007611 -0.005405 
-0.010237 -0.024040 0.025940 -0.003140 
-0.012991 -0.014341 0.005349 -0.018596 
0.007979 0.000427 0.007786 0.001797 
-0.010636 -0.022706 0.023934 -0.007474 
0.004988 -0.023447 0.023502 0.004723 
-0.002382 -0.024357 0.024451 -0.001047 
-0.018473 -0.015421 0.015434 -0.018462 
-0.022065 0.004497 -0.008679 -0.020779 
-0.005705 0.013678 -0.012400 0.008116 
0.010238 0.001473 0.009388 0.004343 
-0.027360 -0.008951 0.024136 -0.015689 
-0.011510 0.008266 -0.014128 0.001101 
-0.008014 0.014933 -0.016197 0.004988 
0.015261 0.008014 0.004779 0.016561 
0.012978 -0.001146 0.012135 0.004743 
0.015370 -0.014161 0.018901 0.008919 
-0.027209 0.013958 0.014477 -0.026936 
0.002812 0.009712 0.000044 0.010111 
-0.003473 0.008893 -0.005545 0.007772 
0.013849 0.012082 -0.001162 0.018342 
0.001100 0.000375 0.001099 0.000379 
-0.001766 -0.012376 0.003484 -0.012006 
-0.006995 0.020954 -0.022027 -0.001673 
0.018486 -0.029541 -0.022805 0.026350 
0.007170 0.001443 0.006886 0.002465 
-0.013327 0.001239 -0.012362 -0.005132 
-0.002343 0.020923 -0.020366 0.005337 
0.009462 -0.009916 0.013098 -0.004037 
-0.009009 0.000204 -0.008836 -0.001770 
0.011614 0.000346 0.010719 0.004483 
-0.007058 0.005255 -0.007999 0.003667 
0.021534 -0.018261 0.003115 0.028062 
-0.000654 -0.023464 0.023348 -0.002421 
-0.020615 0.019694 -0.003621 -0.028280 
0.000647 0.004268 0.000431 0.004295 
-0.020100 0.003622 -0.011817 -0.016658 
0.014792 0.007489 0.005780 0.015540 
-0.006033 -0.011242 -0.000648 -0.012742 
-0.003992 0.008679 -0.005998 0.007436 
0.006206 -0.014500 0.013907 -0.007440 
0.004267 -0.007813 0.005836 -0.006723 
0.010506 -0.008262 0.013146 -0.002414 
0.008038 0.001442 0.007647 0.002866 
0.001900 -0.010970 0.005415 -0.009728 
-0.000270 -0.003133 -0.000186 -0.003139 
-0.026546 0.010147 0.007195 -0.027493 
0.026811 0.017000 -0.031347 -0.005015 
0.013064 -0.003071 0.012976 0.003422 
-0.002211 -0.022867 0.022343 -0.005345 
0.007005 -0.021928 0.022662 0.004044 
-0.021770 0.000874 -0.006907 -0.020664 
0.017944 0.022728 -0.028938 -0.001061 
0.017466 -0.000020 0.011829 0.012850 
-0.000279 0.006104 -0.000895 0.006044 
0.023733 -0.002791 0.003290 0.023669 
-0.002663 -0.012110 0.002474 -0.012150 
-0.001450 -0.004628 -0.001152 -0.004711 
-0.012608 -0.014625 0.005715 -0.018444 
0.021872 0.004041 0.001010 0.022220 
-0.008553 -0.010543 -0.002449 -0.013353 
0.025075 -0.010351 -0.000948 0.027111 
0.004753 0.001400 0.004649 0.001713 
-0.001408 0.009405 -0.003652 0.008781 
0.008454 0.001366 0.008017 0.003011 
-0.003736 0.013883 -0.010550 0.009768 
0.011485 0.012728 -0.001088 0.017109 
-0.007306 -0.003775 -0.006495 -0.005045 
0.005842 0.022989 -0.022710 0.006845 
-0.008493 0.010974 -0.012836 0.005270 
-0.009392 0.012383 -0.014993 0.004091 
0.016877 0.020680 -0.025323 0.008439 
0.002901 0.014967 -0.006484 0.013798 
0.009094 0.014373 -0.003729 0.016595 
0.013106 -0.024833 0.013860 0.024419 
-0.028971 -0.009079 0.028658 -0.010022 
-0.018948 0.002673 -0.012577 -0.014422 
-0.019192 -0.015050 0.015871 -0.018519 
-0.015369 -0.006443 -0.006798 -0.015215 
-0.009977 0.000906 -0.009853 -0.001812 
0.005818 0.027519 -0.026245 -0.010117 
0.011717 -0.008979 0.014733 -0.000922 
0.003605 0.023164 -0.022806 0.005428 
-0.002782 0.005020 -0.003219 0.004752 
0.010697 -0.008254 0.013334 -0.002176 
0.006159 -0.013947 0.013200 -0.007630 
-0.018529 -0.016530 0.018339 -0.016740 
-0.004547 0.002893 -0.004761 0.002526 
0.004778 -0.019604 0.019662 -0.004536 
-0.021722 0.001263 -0.007338 -0.020484 
-0.007276 0.003384 -0.007753 0.002067 
-0.003981 -0.013079 0.002875 -0.013366 
-0.002658 -0.028817 0.023719 0.016579 
-0.019805 -0.017642 0.023216 -0.012825 
0.001154 0.006063 0.000522 0.006150 
0.013727 -0.022152 0.017643 0.019179 
-0.014633 -0.005540 -0.008104 -0.013384 
0.019915 -0.000330 0.009736 0.017376 
-0.003820 -0.012702 0.002444 -0.013037 
0.006074 -0.010341 0.009552 -0.007252 
-0.009777 0.006572 -0.011509 0.002515 
0.009008 0.001681 0.008395 0.003673 
-0.001733 0.005907 -0.002330 0.005698 
0.014014 -0.005440 0.014591 0.003618 
-0.008583 -0.002566 -0.007825 -0.004360 
0.012796 0.015381 -0.007653 0.018486 
0.002881 0.012734 -0.003105 0.012682 
-0.009586 0.012630 -0.015404 0.003758 
0.008182 0.012212 0.000058 0.014699 
0.003939 -0.000299 0.003948 -0.000132 
-0.004185 0.007410 -0.005552 0.006450 
-0.005929 0.007853 -0.007765 0.006043 
0.004941 0.001254 0.004840 0.001599 
-0.015048 0.008391 -0.016475 -0.005041 
0.001901 -0.014399 0.009399 -0.011073 
-0.016575 0.022697 -0.010086 -0.026233 
0.008692 0.021910 -0.021320 0.010053 
0.020816 -0.016726 0.008210 0.025409 
0.008542 -0.012540 0.014264 -0.005174 
0.002389 -0.004004 0.002621 -0.003856 
-0.002047 -0.001999 -0.002002 -0.002044 
-0.021868 -0.008130 0.006051 -0.022532 
0.004352 0.020180 -0.016722 0.012105 
0.011065 0.002315 0.009619 0.005939 
0.004673 0.012237 -0.001320 0.013032 
0.001154 -0.002162 0.001189 -0.002143 
-0.010762 0.007559 -0.013017 0.001874 
-0.003049 -0.005498 -0.002443 -0.005793 
0.002927 -0.007564 0.004223 -0.006924 
0.003964 -0.013644 0.010491 -0.009582 
-0.007388 0.006334 -0.008756 0.004248 
0.013272 -0.002211 0.012745 0.004312 
0.004092 -0.005875 0.004868 -0.005251 
-0.008730 0.007998 -0.011075 0.004185 
0.013670 0.000309 0.011798 0.006913 
0.005716 -0.015898 0.015206 -0.007364 
0.011150 -0.011568 0.015981 -0.001656 
-0.022694 -0.018937 0.029473 -0.002222 
-0.020440 0.009229 -0.013212 -0.018122 
-0.007066 0.015100 -0.015489 0.006166 
-0.002876 -0.002415 -0.002781 -0.002523 
-0.006503 -0.010418 -0.001819 -0.012146 
0.008261 -0.001844 0.008461 -0.000214 
-0.000679 0.015572 -0.010075 0.011892 
0.020456 0.004316 0.003674 0.020581 
0.020862 0.006703 -0.000946 0.021892 
0.020805 0.006396 -0.000288 0.021764 
0.018692 -0.015518 0.014932 0.019163 
-0.021237 0.007986 -0.011536 -0.019537 
0.004274 0.010941 -0.000024 0.011746 
-0.001471 -0.004180 -0.001246 -0.004252 
-0.003334 0.009859 -0.006047 0.008470 
-0.025010 -0.001119 0.004357 -0.024653 
-0.015612 0.013980 -0.018763 -0.009333 
-0.011715 0.009486 -0.015043 0.000963 
0.002650 0.014568 -0.005972 0.013550 
0.009736 -0.002088 0.009940 0.000575 
-0.008388 -0.000975 -0.008044 -0.002570 
-0.005911 0.008860 -0.008317 0.006652 
-0.002366 0.004617 -0.002697 0.004432 
-0.018335 0.000059 -0.011266 -0.014466 
0.014865 0.006002 0.007539 0.014147 
-0.016518 -0.015852 0.013238 -0.018679 
-0.003491 -0.004178 -0.003144 -0.004444 
0.001953 0.004428 0.001668 0.004543 
-0.002776 0.010098 -0.005616 0.008840 
0.016571 -0.002737 0.013844 0.009509 
-0.013956 -0.010338 -0.001986 -0.017254 
-0.005401 0.006142 -0.006422 0.005065 
0.004741 -0.005706 0.005537 -0.004937 
0.007725 -0.007658 0.009748 -0.004828 
0.007153 0.006518 0.005285 0.008107 
0.024548 -0.007108 0.002045 0.025474 
-0.022443 -0.018530 0.028766 -0.004424 
-0.022237 0.010897 -0.008773 -0.023157 
0.007262 0.027763 -0.026337 -0.011398 
0.015618 0.012553 -0.003899 0.019654 
0.015015 0.005936 0.007554 0.014270 
0.006714 0.004271 0.005885 0.005356 
0.009405 -0.001786 0.009555 0.000585 
-0.006102 0.002557 -0.006362 0.001816 
0.003149 -0.024724 0.024199 0.005968 
-0.017547 -0.014716 0.011979 -0.019519 
-0.019733 0.005718 -0.013350 -0.015615 
-0.010336 0.008708 -0.013234 0.002743 
-0.010902 0.008905 -0.013925 0.002063 
0.013839 0.009593 0.003265 0.016519 
-0.001046 -0.023649 0.023568 -0.002225 
0.000607 0.018746 -0.014949 0.011327 
0.020811 -0.018771 0.004824 0.027608 
0.005204 -0.019842 0.020209 -0.003518 
-0.003870 -0.013413 0.003426 -0.013533 
-0.009622 -0.015264 0.005695 -0.017121 
-0.011262 0.004754 -0.012224 -0.000075 
-0.024354 0.001909 -0.000718 -0.024418 
0.007476 0.024836 -0.025918 0.000973 
0.016379 0.002443 0.010393 0.012892 
-0.008967 0.013065 -0.015194 0.004499 
0.002418 0.004489 0.002095 0.004648 
-0.000189 -0.013128 0.005751 -0.011803 
-0.021892 0.005315 -0.009424 -0.020462 
-0.004000 0.009589 -0.006599 0.008025 
0.005584 -0.006243 0.006665 -0.005073 
-0.014677 -0.019203 0.019415 -0.014395 
0.015006 0.027512 -0.025950 -0.017569 
-0.000437 -0.014113 0.006894 -0.012322 
-0.023607 0.010649 -0.004494 -0.025504 
-0.006734 -0.009600 -0.002771 -0.011395 
0.008333 -0.014739 0.016281 -0.004649 
-0.005318 0.002112 -0.005484 0.001631 
0.007417 -0.005376 0.008439 -0.003563 
0.002846 0.015873 -0.008130 0.013927 
-0.005001 -0.001928 -0.004836 -0.002312 
0.026472 0.018435 -0.030903 -0.009252 
-0.007495 0.009209 -0.010392 0.005745 
-0.013823 0.011281 -0.017555 -0.003185 
0.005515 -0.008697 0.007757 -0.006774 
-0.011363 0.000177 -0.010733 -0.003735 
0.005046 -0.023128 0.023351 0.003885 
-0.013156 -0.008103 -0.005599 -0.014401 
0.004801 0.027974 -0.025612 -0.012233 
-0.002795 0.006890 -0.003794 0.006395 
-0.019035 -0.007360 -0.001458 -0.020356 
0.005514 0.017809 -0.011179 0.014920 
0.010668 -0.014496 0.017969 -0.001028 
-0.017164 -0.004732 -0.007607 -0.016098 
-0.007350 0.010982 -0.011552 0.006417 
-0.000493 -0.008747 0.001327 -0.008660 
-0.007562 0.015650 -0.016601 0.005150 
-0.004148 -0.015850 0.007457 -0.014589 
-0.007988 -0.000075 -0.007856 -0.001451 
-0.007998 -0.030849 0.019003 0.025584 
-0.018193 -0.004034 -0.007430 -0.017090 
0.001826 -0.001249 0.001842 -0.001225 
-0.001443 -0.019217 0.015481 -0.011476 
-0.002411 -0.017768 0.012060 -0.013269 
-0.003743 -0.002301 -0.003618 -0.002494 
-0.023999 -0.016522 0.028338 -0.006774 
-0.001859 -0.010052 0.001028 -0.010170 
0.006586 0.000024 0.006538 0.000798 
-0.015655 0.004642 -0.014805 -0.006887 
-0.006704 -0.007484 -0.004429 -0.009018 
0.008110 -0.006076 0.009469 -0.003610 
-0.002253 -0.025065 0.025123 0.001468 
0.003403 0.018735 -0.013718 0.013207 
0.009231 -0.020640 0.021977 0.005312 
-0.019650 0.010743 -0.014598 -0.016982 
0.012374 0.024321 -0.027282 0.000562 
-0.009489 0.005009 -0.010569 0.001850 
-0.024137 0.013044 -0.000643 -0.027428 
0.018989 0.015467 -0.016524 0.018076 
0.004571 0.001846 0.004439 0.002143 
0.009405 0.023210 -0.024241 0.006287 
-0.002524 -0.019729 0.016138 -0.011627 
-0.017144 0.027558 0.008772 -0.031248 
-0.004368 0.000387 -0.004382 0.000159 
0.003568 -0.014036 0.010570 -0.009900 
-0.013316 -0.005639 -0.008198 -0.011912 
-0.008031 -0.005326 -0.006449 -0.007161 
-0.026493 0.004457 0.005897 -0.026210 
-0.013341 -0.007167 -0.006661 -0.013601 
0.005647 -0.008048 0.007540 -0.006308 
-0.005940 -0.000721 -0.005842 -0.001294 
0.007873 0.000511 0.007675 0.001828 
0.006544 0.022432 -0.021762 0.008510 
-0.007907 0.015776 -0.017049 0.004555 
0.006670 0.008381 0.003782 0.010021 
0.001023 -0.010740 0.004309 -0.009891 
-0.009523 0.030686 -0.001253 -0.032105 
0.016240 0.018534 -0.019733 0.014761 
0.010593 0.009354 0.004249 0.013478 
-0.000958 0.003015 -0.001039 0.002988 
0.014451 0.003442 0.009995 0.010989 
-0.008502 -0.001695 -0.007982 -0.003382 
0.014364 -0.007846 0.015947 0.003685 
-0.004668 0.000738 -0.004704 0.000454 
0.009770 0.003005 0.008539 0.005618 
0.018792 0.021957 -0.028898 0.000344 
0.013114 0.015957 -0.009352 0.018416 
0.000770 0.000169 0.000770 0.000170 
-0.020723 0.003956 -0.011055 -0.017969 
0.024422 0.016608 -0.029073 0.005202 
0.002130 0.009887 -0.000661 0.010092 
-0.019936 0.016941 -0.010612 -0.023913 
-0.013378 0.002847 -0.013075 -0.004016 
-0.015995 0.007565 -0.016242 -0.007019 
0.010592 -0.003982 0.011315 -0.000136 
-0.026623 0.001928 0.007649 -0.025573 
-0.020363 0.010110 -0.013373 -0.018385 
-0.028725 0.006864 0.015735 -0.024993 
-0.002692 0.004333 -0.002991 0.004132 
0.004840 0.009727 0.001531 0.010756 
0.002072 0.001217 0.002053 0.001249 
-0.008935 -0.004775 -0.007278 -0.007047 
0.018220 -0.005613 0.014733 0.012101 
-0.019288 -0.016735 0.020215 -0.015602 
-0.011632 0.005316 -0.012787 -0.000194 
0.006364 0.007336 0.004299 0.008708 
0.020867 0.002203 0.005611 0.020219 
-0.019415 -0.017058 0.021211 -0.014765 
-0.004485 0.009298 -0.006950 0.007633 
0.013391 0.008155 0.005474 0.014692 
0.009592 0.013855 -0.002770 0.016622 
0.030448 0.004520 -0.028070 0.012630 
0.017327 -0.015523 0.017207 0.015656 
0.003900 -0.020906 0.020999 -0.003365 
-0.011797 -0.008283 -0.005543 -0.013306 
-0.012209 -0.009813 -0.003540 -0.015258 
-0.021007 0.005887 -0.011447 -0.018572 
-0.019704 0.009289 -0.014421 -0.016327 
-0.000737 0.009072 -0.002741 0.008679 
0.005475 -0.003456 0.005832 -0.002812 
0.015851 -0.002298 0.013636 0.008403 
0.007474 0.006361 0.005576 0.008077 
0.014784 0.005009 0.008591 0.013033 
0.000757 -0.003997 0.000936 -0.003959 
0.000480 0.024330 -0.024332 -0.000405 
0.003199 0.004549 0.002806 0.004801 
-0.010826 0.029914 -0.001515 -0.031777 
0.001200 0.019957 -0.017086 0.010382 
-0.015200 0.003471 -0.014138 -0.006573 
-0.012240 0.012663 -0.017598 -0.000693 
0.007636 -0.013683 0.014461 -0.006036 
-0.021431 0.003152 -0.009293 -0.019567 
-0.009559 0.011358 -0.014295 0.004004 
0.013660 -0.011289 0.017490 0.002851 
-0.011924 0.009812 -0.015429 0.000638 
0.007258 -0.008891 0.009910 -0.005789 
-0.007058 -0.004344 -0.006131 -0.005576 
0.007650 -0.001551 0.007801 -0.000270 
-0.007331 -0.024794 0.025830 -0.001139 
-0.023155 0.011583 -0.005533 -0.025293 
-0.007190 -0.009131 -0.003439 -0.011102 
0.001792 -0.003959 0.001993 -0.003862 
0.003390 -0.001606 0.003449 -0.001475 
-0.022383 0.004411 -0.007883 -0.021409 
-0.007405 0.005911 -0.008612 0.003950 
-0.016255 -0.011260 0.001899 -0.019682 
-0.007780 0.034002 0.013110 -0.032323 
-0.002129 0.009528 -0.004495 0.008666 
-0.008997 0.003885 -0.009694 0.001435 
0.002945 0.005421 0.002370 0.005696 
-0.002932 -0.007175 -0.001729 -0.007556 
0.007403 0.015830 -0.006666 0.016154 
-0.003092 -0.009620 -0.000342 -0.010099 
0.004434 0.006761 0.003171 0.007437 
-0.005747 0.003414 -0.006118 0.002693 
-0.004542 -0.001664 -0.004427 -0.001949 
0.016151 0.001030 0.011568 0.011318 
0.002996 0.000500 0.002982 0.000575 
-0.002360 -0.002453 -0.002281 -0.002526 
0.003899 -0.017441 0.015818 -0.008317 
-0.014887 -0.003585 -0.009843 -0.011730 
-0.001868 0.009497 -0.004196 0.008722 
0.012238 -0.004897 0.013127 0.001197 
-0.002287 0.008183 -0.003836 0.007581 
-0.014917 -0.016692 0.013202 -0.018079 
-0.001919 -0.011916 0.002819 -0.011736 
-0.022773 0.002210 -0.005591 -0.022186 
0.025434 0.016977 -0.030576 0.000465 
0.029158 0.006153 -0.025810 0.014897 
0.019193 -0.009445 0.015139 0.015113 
0.019326 -0.016123 0.013089 0.021497 
-0.002585 -0.017063 0.010553 -0.013655 
0.004416 -0.002671 0.004598 -0.002345 
0.008041 -0.001662 0.008210 -0.000171 
-0.004714 0.017003 -0.015846 0.007761 
0.010884 -0.000524 0.010490 0.002950 
-0.005500 0.008678 -0.007728 0.006770 
0.006417 -0.022047 0.022727 0.003282 
0.006909 -0.015723 0.016096 -0.005991 
0.006754 -0.015068 0.015148 -0.006573 
-0.020255 -0.007973 0.001960 -0.021679 
-0.007149 0.014005 -0.014307 0.006524 
-0.003620 0.020345 -0.020093 0.004827 
0.016124 -0.013671 0.018454 0.010313 
-0.031504 -0.007910 0.032465 -0.001046 
-0.008230 -0.002246 -0.007630 -0.003817 
0.004788 -0.014412 0.012323 -0.008875 
0.007705 -0.012517 0.013344 -0.006163 
-0.009063 -0.014609 0.004202 -0.016671 
-0.006152 0.018064 -0.018469 0.004800 
0.021551 0.000292 0.006299 0.020612 
0.009634 -0.000431 0.009436 0.001989 
-0.003177 0.004314 -0.003503 0.004054 
0.017000 -0.005275 0.015090 0.009439 
-0.001555 -0.021038 0.019114 -0.008926 
-0.007512 0.032577 0.003949 -0.033198 
0.006425 0.017804 -0.011090 0.015339 
0.014933 -0.009529 0.017006 0.004957 
-0.036259 -0.002378 0.031760 0.017655 
0.001392 0.028424 -0.023832 -0.015552 
0.014548 0.000403 0.011991 0.008248 
0.014019 -0.011280 0.017631 0.003595 
0.019999 -0.010048 0.014019 0.017447 
0.030169 -0.007432 -0.022453 0.021476 
-0.009559 -0.013179 0.001493 -0.016212 
-0.007220 0.015653 -0.016295 0.005621 
0.008247 -0.005260 0.009321 -0.002966 
-0.018961 -0.002998 -0.007720 -0.017576 
-0.003110 0.010347 -0.006178 0.008863 
-0.012019 0.006955 -0.013886 0.000018 
0.010791 0.008581 0.005153 0.012788 
-0.008144 -0.014478 0.003891 -0.016149 
-0.002772 0.008055 -0.004294 0.007357 
-0.009097 -0.012423 0.000175 -0.015396 
-0.016903 0.008788 -0.016668 -0.009227 
0.026050 -0.004735 -0.004008 0.026172 
-0.020959 -0.019716 0.028494 -0.004006 
-0.014168 -0.014708 0.007292 -0.019075 
-0.030857 -0.007935 0.031571 -0.004287 
-0.014404 0.026920 -0.003666 -0.030311 
-0.002173 -0.002003 -0.002124 -0.002054 
0.005827 0.007099 0.004064 0.008236 
0.004569 -0.000884 0.004613 -0.000614 
-0.001030 0.010883 -0.004444 0.009987 
-0.025106 0.011649 0.002036 -0.027602 
-0.008972 0.000902 -0.008952 -0.001084 
0.008053 0.010594 0.002243 0.013117 
0.006581 -0.019772 0.020786 -0.001477 
-0.003773 -0.021504 0.019651 -0.009513 
-0.006565 0.000087 -0.006531 -0.000680 
0.014046 0.007060 0.006615 0.014261 
0.006824 -0.022048 0.022727 0.004018 
-0.026967 0.004961 0.007781 -0.026293 
-0.017715 0.001808 -0.012921 -0.012254 
-0.009506 0.009379 -0.012778 0.003879 
0.009932 0.000208 0.009523 0.002829 
0.001031 0.009590 -0.001397 0.009543 
-0.006542 -0.016428 0.008003 -0.015768 
0.002774 -0.005403 0.003300 -0.005099 
-0.009174 0.005033 -0.010246 0.002126 
0.004571 0.022641 -0.021910 0.007311 
0.008464 0.002617 0.007719 0.004347 
0.001759 0.019150 -0.015207 0.011771 
0.016454 0.000423 0.011920 0.011351 
-0.009110 -0.013461 0.001978 -0.016133 
0.000079 0.021377 -0.020194 0.007013 
0.009242 -0.007065 0.011163 -0.003275 
-0.017647 0.015850 -0.016608 -0.016936 
-0.012783 0.008202 -0.015165 -0.000844 
-0.002843 0.002972 -0.002976 0.002839 
-0.007817 0.006396 -0.009267 0.004016 
0.017273 -0.004837 0.014803 0.010130 
0.020190 -0.004854 0.012342 0.016699 
0.001591 -0.007585 0.002801 -0.007226 
-0.005195 0.003033 -0.005467 0.002509 
-0.006922 0.004782 -0.007707 0.003373 
0.010232 -0.001344 0.010191 0.001628 
-0.005933 0.003069 -0.006260 0.002330 
0.020173 -0.003438 0.011607 0.016853 
0.006172 0.005231 0.005151 0.006239 
0.014872 0.009847 0.002180 0.017703 
0.007600 0.003700 0.006745 0.005095 
-0.013029 -0.001008 -0.011204 -0.006726 
-0.006622 0.001082 -0.006705 0.000267 
-0.012982 0.023941 -0.016085 -0.021977 
0.027105 0.009538 -0.024307 0.015324 
0.016371 -0.002781 0.013889 0.009102 
0.020806 -0.009872 0.012514 0.019332 
-0.001702 -0.006097 -0.001030 -0.006246 
0.002300 0.016987 -0.010550 0.013511 
0.026013 -0.000619 -0.006257 0.025256 
-0.007055 -0.001594 -0.006758 -0.002576 
0.012143 0.004945 0.008621 0.009878 
0.001577 -0.019031 0.016773 -0.009129 
0.005154 -0.002496 0.005356 -0.002028 
0.009153 0.000224 0.008866 0.002282 
0.001042 -0.012915 0.006619 -0.011139 
-0.010917 -0.008301 -0.005470 -0.012577 
-0.015599 0.001695 -0.013295 -0.008335 
-0.003669 -0.011180 0.000690 -0.011747 
-0.007419 -0.001957 -0.007013 -0.003112 
0.004485 -0.007084 0.005746 -0.006105 
0.001470 -0.014682 0.009400 -0.011374 
-0.005080 0.003082 -0.005352 0.002582 
0.009110 -0.009193 0.012221 -0.004259 
0.002230 -0.010532 0.005379 -0.009325 
0.003955 0.005013 0.003377 0.005419 
-0.005660 -0.003924 -0.005109 -0.004618 
0.021898 -0.010629 0.009807 0.022278 
-0.013644 -0.006519 -0.007309 -0.013238 
0.007461 0.012429 -0.000431 0.014491 
-0.001954 -0.008704 -0.000043 -0.008920 
-0.005725 0.016488 -0.016008 0.006955 
-0.015687 0.005004 -0.014987 -0.006819 
-0.011317 0.003703 -0.011879 -0.000815 
0.008798 0.010835 0.002131 0.013794 
-0.002672 0.017523 -0.014954 0.009517 
0.013071 -0.006719 0.014606 0.001634 
-0.016221 -0.000386 -0.012001 -0.010920 
-0.000175 0.006293 -0.000850 0.006238 
-0.010839 0.007062 -0.012838 0.001591 
0.022623 0.003779 -0.000514 0.022930 
0.016959 -0.012073 0.017666 0.011013 
0.003156 -0.002923 0.003299 -0.002761 
0.010372 0.015224 -0.005847 0.017469 
0.002916 0.014619 -0.005891 0.013694 
0.015576 0.020976 -0.024480 0.009129 
0.016962 -0.028266 -0.011245 0.030988 
0.004611 -0.001351 0.004687 -0.001059 
-0.009612 0.001226 -0.009610 -0.001236 
-0.004474 -0.009618 -0.001375 -0.010518 
0.018307 -0.014194 0.016191 0.016568 
0.007565 0.000698 0.007363 0.001870 
0.000352 0.010480 -0.002745 0.010120 
0.017833 -0.007286 0.015687 0.011181 
-0.010423 -0.012374 0.000168 -0.016178 
-0.025719 -0.007382 0.016232 -0.021272 
-0.019561 0.001812 -0.011347 -0.016036 
0.001948 -0.008959 0.003924 -0.008287 
0.001932 0.004802 0.001578 0.004930 
0.020457 0.007922 -0.002294 0.021817 
-0.008720 -0.019002 0.014343 -0.015211 
-0.007535 0.017640 -0.018911 0.003217 
0.014659 -0.006444 0.015382 0.004452 
-0.005736 -0.006033 -0.004507 -0.006999 
0.009915 0.012954 -0.001124 0.016274 
0.000513 -0.020974 0.019695 -0.007229 
-0.012800 -0.001063 -0.011078 -0.006499 
-0.006010 0.011838 -0.010784 0.007743 
0.008727 0.013456 -0.001963 0.015918 
-0.007650 0.011149 -0.012034 0.006163 
-0.014109 -0.006550 -0.007175 -0.013801 
-0.009714 -0.005376 -0.007410 -0.008267 
-0.002786 0.005950 -0.003462 0.005583 
0.002519 -0.007449 0.003727 -0.006924 
0.008025 0.003792 0.007037 0.005408 
0.017071 0.008355 0.002564 0.018832 
0.013905 -0.012733 0.018386 0.004175 
0.020690 -0.002322 0.010094 0.018209 
0.010744 0.008765 0.004945 0.012954 
-0.011295 0.004892 -0.012309 -0.000030 
0.019742 -0.008414 0.014211 0.016081 
-0.011344 -0.000382 -0.010527 -0.004244 
0.019793 0.019397 -0.026619 0.007711 
0.004187 0.001080 0.004126 0.001291 
-0.004043 0.004289 -0.004428 0.003889 
0.004531 0.004211 0.004070 0.004658 
0.031559 0.007255 -0.032303 0.002260 
0.014768 -0.024663 0.010109 0.026911 
0.005570 -0.006567 0.006771 -0.005321 
-0.012491 -0.018675 0.015808 -0.015965 
-0.006600 -0.000760 -0.006461 -0.001543 
0.014398 0.001339 0.011421 0.008869 
0.006769 -0.008244 0.008955 -0.005796 
0.007018 0.001574 0.006729 0.002541 
-0.018720 0.000545 -0.011304 -0.014931 
0.018301 0.005578 0.005315 0.018380 
0.001261 -0.014625 0.009125 -0.011499 
0.012139 -0.003430 0.012460 0.001967 
0.009752 -0.012396 0.015360 -0.003582 
-0.019076 -0.017610 0.021899 -0.013943 
-0.018271 0.005782 -0.014777 -0.012203 
-0.004915 0.001764 -0.005032 0.001396 
0.001765 -0.001956 0.001802 -0.001922 
0.004544 -0.009080 0.006875 -0.007472 
-0.004589 0.014810 -0.012637 0.008983 
0.009079 -0.017878 0.020050 -0.000196 
-0.008609 -0.005568 -0.006694 -0.007766 
0.005304 -0.021331 0.021978 -0.000348 
-0.000041 -0.006274 0.000629 -0.006242 
-0.000417 0.007104 -0.001386 0.006980 
-0.016344 -0.000671 -0.011775 -0.011355 
-0.000397 0.012761 -0.005822 0.011363 
-0.016182 -0.009642 -0.001325 -0.018790 
0.003517 -0.003185 0.003704 -0.002964 
0.011099 0.006428 0.007236 0.010590 
0.017229 -0.011181 0.017300 0.011070 
0.005434 -0.006834 0.006722 -0.005572 
-0.002581 0.010585 -0.005800 0.009223 
0.004155 -0.000258 0.004163 -0.000062 
-0.006884 0.008320 -0.009132 0.005764 
0.009615 -0.006877 0.011478 -0.002828 
0.003116 0.007842 0.001552 0.008294 
-0.012632 0.014203 -0.018830 -0.002590 
-0.018037 0.004234 -0.014158 -0.011951 
-0.011912 -0.012721 0.001248 -0.017383 
-0.001963 -0.013968 0.005497 -0.012990 
-0.014899 -0.021796 0.025382 -0.007264 
-0.009192 0.020260 -0.021811 -0.004384 
0.021490 -0.013462 0.009530 0.023499 
0.002640 -0.011368 0.006568 -0.009646 
0.013517 0.006642 0.007200 0.013228 
0.018454 0.001181 0.010116 0.015480 
-0.015340 -0.025197 0.028625 0.007128 
-0.012966 -0.010340 -0.002497 -0.016395 
0.005170 -0.008010 0.006969 -0.006505 
-0.015169 -0.026447 0.027698 0.012741 
0.002629 0.018244 -0.012949 0.013117 
0.020984 -0.017720 0.006124 0.026774 
0.007074 -0.020718 0.021854 0.001289 
-0.003838 0.000318 -0.003848 0.000163 
0.008252 0.009974 0.003032 0.012586 
0.021628 0.004132 0.001455 0.021971 
-0.018802 -0.021486 0.028466 -0.002206 
-0.016867 -0.001671 -0.010820 -0.013047 
0.001416 0.003574 0.001272 0.003628 
-0.012421 -0.022984 0.025531 -0.005543 
-0.007670 0.012991 -0.013775 0.006149 
0.023994 -0.001186 0.001294 0.023989 
0.007011 -0.027563 0.018263 0.021802 
-0.032962 -0.007783 0.033171 0.006840 
-0.015432 0.024462 -0.008780 -0.027559 
-0.016454 0.002966 -0.013982 -0.009167 
-0.016244 -0.007283 -0.005078 -0.017062 
-0.007342 -0.002064 -0.006926 -0.003192 
0.008261 0.000706 0.007987 0.002226 
-0.001559 -0.006441 -0.000782 -0.006581 
-0.001519 0.002500 -0.001577 0.002464 
-0.020707 0.012999 -0.011917 -0.021348 
-0.009117 0.018700 -0.020770 -0.001195 
0.012279 0.017449 -0.012438 0.017336 
0.006975 0.004414 0.006045 0.005621 
-0.003270 -0.006525 -0.002296 -0.006928 
0.003101 -0.003110 0.003260 -0.002944 
-0.013185 0.012444 -0.017964 -0.002451 
0.004958 0.002871 0.004682 0.003301 
-0.009464 -0.018036 0.012207 -0.016305 
0.006753 0.005983 0.005278 0.007317 
0.001169 -0.015153 0.009836 -0.011586 
0.003092 0.002856 0.002951 0.003001 
-0.021213 0.009052 -0.011670 -0.019893 
0.002916 0.011516 -0.001599 0.011772 
0.009474 -0.002307 0.009749 0.000187 
0.000429 -0.003881 0.000590 -0.003860 
0.008551 0.009799 0.003324 0.012573 
0.022656 -0.017568 -0.000007 0.028669 
0.008893 -0.010425 0.012849 -0.004762 
-0.008232 -0.003372 -0.007324 -0.005049 
0.015993 0.016931 -0.015272 0.017583 
0.013451 0.008241 0.005346 0.014841 
0.024767 -0.010649 0.000119 0.026959 
