-0.014698 0.005079 -0.013148 -0.008304 
0.006485 -0.027310 -0.000305 0.028067 
-0.037818 0.002974 -0.019548 0.032510 
-0.011582 -0.000368 -0.010002 -0.005851 
-0.011641 0.006842 -0.013363 -0.001941 
-0.003960 0.008127 -0.006204 0.006576 
0.012746 0.004267 0.007347 0.011256 
0.017503 -0.018785 -0.001313 0.025642 
-0.017466 -0.004205 -0.002482 -0.017793 
-0.013389 -0.023837 0.021136 0.017341 
0.010128 -0.019714 0.016605 0.014679 
0.004253 -0.021465 0.020163 0.008501 
0.005652 0.002433 0.005256 0.003200 
0.002721 0.022991 -0.022135 -0.006785 
0.009681 -0.018317 0.018123 0.010040 
-0.005738 0.001826 -0.005931 0.001041 
0.014352 -0.007654 0.014349 0.007661 
0.028908 -0.012196 -0.031197 -0.003342 
0.011404 -0.019095 0.015487 0.015963 
0.014361 -0.005337 0.013342 0.007531 
-0.005878 0.008917 -0.009018 0.005722 
-0.007911 -0.008917 -0.002359 -0.011685 
0.005955 -0.005567 0.007132 -0.003947 
-0.018379 -0.033630 -0.037318 -0.008726 
0.004222 0.015616 -0.010490 0.012314 
0.020811 0.010007 -0.017399 0.015183 
-0.011081 0.009644 -0.014639 -0.001224 
0.022373 0.029713 0.036199 -0.008546 
0.011389 -0.000233 0.010206 0.005060 
-0.014153 -0.008521 -0.000292 -0.016517 
0.012223 0.008918 0.001393 0.015066 
-0.004608 -0.020595 0.020896 -0.002957 
-0.021015 0.010351 0.000118 -0.023426 
-0.005954 0.004998 -0.006915 0.003551 
-0.014491 -0.006071 -0.004029 -0.015186 
0.011150 -0.004582 0.011922 0.001784 
0.000339 -0.004601 0.000701 -0.004560 
-0.011438 0.020777 -0.012479 -0.020168 
0.010735 0.017171 -0.016599 0.011600 
0.008813 0.018162 -0.017594 0.009899 
-0.026771 -0.011415 0.026807 0.011329 
0.002870 0.041786 -0.006202 0.041423 
-0.004798 0.009248 -0.008035 0.006632 
0.012381 -0.009213 0.014980 0.003710 
0.002467 -0.004866 0.002988 -0.004565 
0.011300 -0.012829 0.016629 0.003970 
-0.010772 -0.015555 0.012486 -0.014215 
-0.000729 -0.006981 0.000550 -0.006997 
-0.004039 0.004178 -0.004529 0.003641 
0.016331 0.009367 -0.004901 0.018178 
-0.012277 -0.014980 0.012527 -0.014771 
0.027760 0.017461 -0.005416 -0.032344 
0.009018 0.000515 0.008456 0.003177 
-0.017044 -0.005846 -0.000674 -0.018006 
0.016996 0.014813 -0.019322 0.011616 
0.007331 -0.001157 0.007414 0.000353 
0.012996 -0.035609 -0.021682 -0.031093 
-0.035248 0.002607 0.005540 0.034908 
0.007501 -0.015903 0.017582 0.000274 
-0.009457 -0.022108 0.023710 0.004009 
-0.020638 -0.006276 0.009356 -0.019437 
0.003470 -0.001012 0.003515 -0.000843 
0.007550 -0.014191 0.015950 -0.001995 
0.009094 0.003824 0.007160 0.006787 
0.002611 0.006341 0.001472 0.006698 
0.023472 -0.003326 -0.008589 0.022095 
-0.022013 0.020131 0.024866 -0.016477 
0.013896 -0.000726 0.010948 0.008588 
0.013784 -0.022701 -0.000468 0.026554 
0.004215 0.003432 0.003815 0.003872 
0.027150 0.032056 0.018160 0.037880 
-0.008495 -0.028161 0.006666 0.028649 
0.017610 -0.013817 0.008293 0.020791 
0.002979 0.002500 0.002835 0.002663 
0.030268 -0.001015 -0.029532 -0.006712 
0.002459 -0.014667 0.012398 -0.008214 
0.000779 0.014654 -0.009947 0.010789 
0.005216 0.017471 -0.014741 0.010729 
0.001203 0.013192 -0.007028 0.011228 
0.017074 -0.012470 0.010964 0.018078 
-0.004290 -0.005501 -0.003234 -0.006181 
0.006923 0.004954 0.005361 0.006614 
0.018184 0.005253 -0.000717 0.018914 
0.004962 -0.014433 0.014193 -0.005612 
-0.002431 0.007884 -0.004321 0.007028 
0.009241 -0.005090 0.010506 -0.000959 
0.025326 -0.027532 -0.012975 -0.035086 
-0.035294 0.002445 0.005066 0.035014 
-0.021331 -0.007313 0.013532 -0.018038 
-0.007613 0.003751 -0.008333 0.001610 
0.002883 0.019354 -0.018695 0.005780 
0.008756 0.007750 0.003896 0.011025 
0.016375 0.002728 0.006228 0.015389 
-0.019190 -0.006052 0.004685 -0.019569 
-0.009610 -0.004185 -0.007167 -0.007648 
0.006077 0.000536 0.005946 0.001367 
0.008781 -0.002147 0.009022 0.000570 
0.003889 -0.003516 0.004227 -0.003103 
0.016508 0.000537 0.008314 0.014272 
0.008866 -0.016853 0.018416 0.004844 
-0.014709 -0.008898 0.001173 -0.017151 
-0.012013 0.011596 -0.016113 -0.004377 
0.002353 -0.002426 0.002453 -0.002324 
-0.001470 -0.014297 0.008845 -0.011328 
0.014811 -0.004693 0.012931 0.008612 
-0.004461 -0.014598 0.008196 -0.012878 
0.021118 0.012970 -0.023564 0.007678 
0.004398 0.012351 -0.003809 0.012545 
-0.018131 0.001138 -0.007251 -0.016657 
-0.012737 -0.005726 -0.005767 -0.012718 
-0.021463 0.012490 0.004620 -0.024399 
0.014378 -0.006312 0.013780 0.007529 
-0.019615 -0.003146 0.001005 -0.019841 
-0.027081 0.002069 0.024032 -0.012653 
0.012765 0.023380 -0.022588 -0.014118 
0.028014 -0.021909 -0.022627 -0.027437 
0.014683 0.006141 0.003723 0.015474 
0.021387 0.022444 -0.010382 -0.029212 
0.011073 -0.006837 0.012978 0.000968 
-0.005843 -0.020339 0.020776 -0.004022 
-0.007959 -0.001047 -0.007485 -0.002899 
-0.009369 0.012977 -0.016005 -0.000059 
-0.006018 0.010809 -0.010883 0.005884 
0.000580 0.024493 -0.019802 -0.014427 
0.031693 -0.018064 -0.010759 -0.034857 
0.014517 -0.001027 0.010997 0.009533 
-0.014983 -0.007323 -0.001426 -0.016616 
-0.013224 -0.016923 0.018586 -0.010763 
-0.001267 0.008433 -0.003466 0.007791 
0.016122 0.007065 0.000170 0.017602 
-0.011076 -0.014175 0.009184 -0.015468 
0.016156 -0.002112 0.010708 0.012281 
0.007360 -0.022625 0.015859 0.017735 
-0.000580 -0.009618 0.002698 -0.009250 
-0.004437 0.003035 -0.004736 0.002544 
-0.031153 -0.007256 0.020419 0.024621 
-0.029078 0.014821 0.030835 0.010695 
0.032000 0.024396 0.037548 0.014468 
0.022786 -0.022334 -0.031573 0.004603 
0.027135 -0.010725 -0.027270 0.010376 
-0.010030 -0.010040 -0.000548 -0.014181 
-0.005221 0.004154 -0.005832 0.003240 
-0.007960 -0.015886 0.011521 -0.013528 
-0.011048 -0.003023 -0.008356 -0.007835 
-0.002213 0.017856 -0.017442 0.004415 
-0.009747 0.007439 -0.012206 0.001161 
0.009493 0.020921 -0.022954 0.000945 
0.020819 -0.003668 0.001884 0.021056 
-0.012079 -0.006391 -0.005223 -0.012628 
-0.003293 -0.000723 -0.003259 -0.000861 
-0.003539 0.010505 -0.007798 0.007878 
-0.003689 0.007171 -0.005294 0.006083 
0.001178 0.015286 -0.010934 0.010747 
0.003683 -0.009304 0.006806 -0.007336 
-0.001010 0.023842 -0.019939 -0.013112 
-0.016523 0.005544 -0.012121 -0.012523 
-0.022979 0.002727 0.006732 -0.022139 
0.012304 -0.002989 0.011869 0.004410 
-0.035053 0.006344 0.006708 0.034985 
-0.011717 0.000684 -0.010558 -0.005128 
0.004785 0.011177 -0.001735 0.012033 
-0.008900 -0.045644 0.046478 -0.001549 
-0.028313 -0.000508 0.027990 -0.004296 
-0.028685 0.022074 0.017793 0.031520 
-0.002770 0.025188 -0.015392 -0.020129 
0.010353 0.007786 0.003881 0.012359 
0.027512 -0.025211 -0.010830 -0.035710 
-0.003983 -0.008909 -0.000658 -0.009737 
0.004666 0.001114 0.004555 0.001507 
0.008876 -0.007616 0.011458 -0.002349 
-0.015239 -0.027731 -0.002083 0.031574 
0.004804 0.011404 -0.002078 0.012199 
-0.006440 -0.035606 -0.036155 0.001449 
-0.007173 -0.011338 0.001377 -0.013345 
-0.024760 0.016321 0.026495 -0.013320 
-0.002490 0.007436 -0.004105 0.006681 
-0.003067 0.036312 0.034894 0.010505 
0.010437 0.026310 -0.014811 -0.024120 
0.004511 0.019683 -0.019378 0.005680 
-0.014889 0.021514 0.000006 -0.026163 
0.038201 0.010923 0.039255 -0.006141 
-0.012786 -0.036954 -0.031819 -0.022729 
-0.004532 -0.010536 0.000930 -0.011431 
-0.012649 -0.038782 -0.017101 -0.037035 
-0.009037 0.008340 -0.012088 0.002261 
0.006677 -0.004364 0.007511 -0.002684 
0.010868 -0.009796 0.014605 0.000872 
0.008039 -0.029465 -0.016768 0.025527 
-0.024973 -0.029692 -0.038265 -0.006403 
0.007205 -0.003616 0.007860 -0.001793 
-0.001755 0.017905 -0.017320 0.004865 
0.011699 -0.005656 0.012796 0.002268 
-0.001225 -0.001399 -0.001207 -0.001414 
-0.003319 0.001313 -0.003377 0.001155 
0.003747 -0.003724 0.004112 -0.003317 
-0.038743 0.007864 -0.030425 0.025242 
-0.005396 0.004594 -0.006153 0.003516 
0.001647 0.007907 -0.000293 0.008071 
0.012593 0.028392 0.000480 -0.031056 
0.027021 -0.004200 -0.023662 0.013707 
-0.011660 0.011867 -0.016193 -0.003816 
0.012066 -0.000464 0.010586 0.005808 
-0.019618 -0.023713 0.009772 0.029184 
0.004411 0.004777 0.003612 0.005406 
-0.013229 -0.013668 0.010291 -0.015998 
-0.006618 0.009188 -0.010089 0.005143 
-0.002780 -0.007913 -0.000647 -0.008362 
-0.002169 0.012195 -0.008393 0.009109 
0.004794 0.011591 -0.002379 0.012315 
-0.005776 0.009238 -0.009159 0.005900 
0.008232 0.022047 -0.023353 -0.002910 
-0.005729 -0.006649 -0.003625 -0.007994 
-0.007664 0.022772 -0.015069 -0.018714 
-0.003546 -0.010472 0.001394 -0.010968 
-0.022411 -0.014162 0.026501 0.000691 
-0.011364 0.005512 -0.012508 -0.001756 
0.022313 0.004906 -0.012512 0.019115 
-0.004601 -0.008299 -0.001629 -0.009349 
-0.025228 -0.003137 0.020646 -0.014834 
0.027797 0.030022 0.030119 0.027692 
0.016518 -0.006771 0.012541 0.012705 
-0.007867 0.002282 -0.008186 0.000276 
-0.014597 0.027407 0.024719 -0.018795 
-0.012689 0.018683 -0.013757 -0.017911 
-0.015682 -0.000911 -0.008849 -0.012979 
-0.008418 0.005687 -0.009932 0.002134 
-0.007067 -0.003235 -0.006172 -0.004723 
-0.005126 0.002704 -0.005422 0.002046 
-0.006829 0.007071 -0.008874 0.004229 
0.015819 -0.012574 0.013466 0.015067 
-0.010201 -0.011815 0.002958 -0.015327 
-0.004298 -0.004688 -0.003549 -0.005277 
0.017032 0.004802 0.002394 0.017533 
0.006071 -0.003022 0.006495 -0.001949 
-0.015801 -0.004492 -0.004759 -0.015723 
-0.013431 0.008382 -0.014756 -0.005736 
-0.005739 -0.008848 -0.001714 -0.010407 
-0.019852 0.037265 -0.030649 0.029043 
0.012042 0.009804 -0.000092 0.015528 
-0.020762 -0.008930 0.015040 -0.016870 
-0.018519 -0.005294 0.001582 -0.019196 
0.031449 0.015623 0.010977 -0.033356 
0.015477 0.013243 -0.012719 0.015910 
0.004028 0.011090 -0.001967 0.011634 
0.018575 0.012157 -0.016453 0.014903 
0.013370 -0.005110 0.013217 0.005496 
-0.011790 0.005285 -0.012670 -0.002531 
0.009191 0.000051 0.008728 0.002879 
-0.005850 -0.017517 0.014930 -0.010870 
-0.011994 0.000521 -0.010589 -0.005657 
0.028874 -0.000385 -0.028815 0.001882 
0.011327 -0.020707 0.012873 0.019783 
-0.006104 -0.014343 0.007445 -0.013695 
-0.026710 0.024628 0.019493 0.030659 
0.001713 0.014428 -0.008954 0.011442 
0.026389 0.002610 -0.024021 0.011233 
0.016540 0.003799 0.004656 0.016319 
0.038127 -0.005362 0.023017 -0.030865 
0.004380 -0.003024 0.004672 -0.002549 
0.008385 -0.000445 0.008215 0.001736 
-0.027460 -0.029663 -0.033473 -0.022660 
-0.012347 0.001190 -0.011036 -0.005662 
-0.012290 -0.016224 0.015774 -0.012862 
-0.016324 0.000535 -0.009425 -0.013339 
-0.004478 -0.011632 0.002576 -0.012195 
0.007507 0.002103 0.006848 0.003726 
-0.004810 0.019741 -0.019922 -0.003995 
0.025906 0.005422 -0.024957 0.008815 
0.005758 -0.013710 0.013949 -0.005152 
0.002475 -0.020071 0.020177 0.001359 
-0.028928 -0.004300 0.028798 0.005099 
-0.011244 0.047253 -0.021099 -0.043750 
0.024789 -0.016707 -0.027254 0.012282 
0.003086 0.002081 0.002976 0.002237 
-0.000993 0.002134 -0.001036 0.002113 
0.001427 0.013165 -0.006829 0.011346 
0.003904 0.003204 0.003584 0.003558 
0.009458 -0.016107 0.018084 0.004673 
-0.014992 -0.008664 0.001111 -0.017280 
-0.003593 0.007991 -0.005691 0.006662 
0.004560 0.025871 -0.018078 -0.019060 
0.015192 -0.038609 0.018796 -0.036988 
-0.016862 -0.018386 0.024947 -0.000170 
-0.021292 -0.028777 -0.029522 0.020245 
-0.000846 -0.013976 0.008649 -0.011010 
0.007466 -0.026021 0.003960 0.026779 
-0.011152 0.004799 -0.012023 -0.001692 
0.021514 -0.020466 -0.023904 0.017615 
-0.011868 -0.003620 -0.008034 -0.009455 
0.018961 -0.000268 0.004738 0.018361 
0.007378 0.017396 -0.015054 0.011420 
0.001327 -0.006445 0.002339 -0.006151 
0.003476 -0.011741 0.009147 -0.008142 
0.002364 0.000016 0.002363 0.000065 
0.005702 -0.030451 -0.017489 0.025572 
-0.010286 0.017284 -0.017978 -0.009017 
0.024398 0.008314 -0.024202 0.008870 
-0.005856 -0.006933 -0.003502 -0.008372 
-0.011548 0.029813 0.027167 -0.016856 
0.020927 0.031669 0.037924 0.001614 
0.002864 0.008609 0.000146 0.009071 
-0.008542 0.012264 -0.014810 0.002008 
0.020778 -0.006185 0.002566 0.021527 
-0.013469 -0.024158 0.020136 0.018962 
-0.029252 -0.006662 0.027424 0.012166 
-0.013061 0.009272 -0.015136 -0.005241 
-0.012302 0.011457 -0.016073 -0.004924 
0.018942 0.031456 0.035499 -0.009387 
0.011912 0.000807 0.009882 0.006700 
0.001511 -0.023044 0.020581 0.010477 
-0.011226 -0.001279 -0.009411 -0.006254 
0.006054 0.005375 0.004584 0.006673 
0.021992 0.010044 -0.020646 0.012581 
0.005605 -0.027002 0.003273 0.027382 
-0.002741 0.002921 -0.002910 0.002753 
0.019374 -0.009412 0.006447 0.020551 
0.012560 -0.006763 0.013785 0.003668 
-0.009104 -0.014158 0.007749 -0.014943 
-0.020595 -0.006554 0.009751 -0.019288 
0.005715 0.010946 -0.001033 0.012305 
0.021348 -0.023307 -0.030466 0.008411 
-0.000725 0.010113 -0.004433 0.009119 
-0.003349 0.000910 -0.003386 0.000760 
0.006412 0.007584 0.003278 0.009374 
0.005112 0.007769 0.002404 0.008984 
0.021141 -0.035188 0.019751 -0.035987 
-0.009411 -0.007191 -0.004596 -0.010916 
-0.011049 0.009989 -0.014838 -0.001294 
-0.023089 0.010794 0.009902 -0.023486 
-0.004840 0.003485 -0.005256 0.002818 
0.000317 -0.009406 0.003332 -0.008802 
0.017940 -0.022866 -0.017670 0.023075 
0.010961 -0.021832 0.010954 0.021836 
0.009925 -0.003754 0.010595 0.000590 
-0.001597 -0.001574 -0.001567 -0.001603 
0.007364 0.010338 0.000279 0.012690 
0.013954 0.008011 0.001451 0.016024 
-0.002645 -0.007403 -0.000896 -0.007810 
-0.002971 0.004249 -0.003379 0.003932 
0.006135 0.014361 -0.007486 0.013706 
-0.007557 0.021957 -0.016854 -0.015973 
0.008937 0.000850 0.008292 0.003442 
-0.016746 -0.020705 0.024762 0.009797 
-0.004973 0.023021 -0.018054 -0.015124 
0.018782 0.014445 -0.021772 0.009350 
0.022012 -0.030313 -0.016461 -0.033652 
-0.027143 -0.007293 0.028074 0.001346 
-0.018363 0.021870 0.015616 -0.023909 
0.023460 0.017643 -0.022528 -0.018817 
0.011395 -0.042057 0.037054 -0.022928 
-0.026574 -0.009497 0.027893 0.004289 
-0.009574 0.015949 -0.018014 -0.004638 
0.013855 -0.022967 -0.001794 0.026762 
0.004237 -0.003992 0.004703 -0.003430 
-0.006657 -0.012844 0.004237 -0.013832 
-0.016073 0.025969 0.023317 -0.019724 
-0.016894 0.021342 0.007349 -0.026209 
0.037862 0.000714 0.022004 -0.030820 
0.006835 -0.002923 0.007287 -0.001472 
0.023383 0.021203 -0.008843 -0.030301 
0.014733 -0.001419 0.011169 0.009712 
-0.012632 -0.034246 -0.036198 0.004696 
0.012451 -0.011258 0.015991 0.005105 
0.000166 -0.037924 -0.030836 -0.022077 
-0.002183 -0.037841 -0.032246 -0.019921 
-0.018542 0.002028 -0.007102 -0.017247 
-0.000730 0.001994 -0.000763 0.001981 
0.011875 0.009391 0.000792 0.015119 
0.010515 0.018625 -0.019785 0.008125 
0.009479 -0.004152 0.010347 -0.000166 
-0.003605 -0.008155 -0.001081 -0.008851 
-0.020296 -0.005508 0.006873 -0.019875 
-0.000712 0.017000 -0.015275 0.007496 
0.014162 -0.001773 0.011530 0.008411 
0.015932 0.005649 0.002881 0.016656 
-0.006812 -0.001607 -0.006410 -0.002810 
0.006754 0.012828 -0.004202 0.013875 
0.009355 -0.014126 0.016892 0.001316 
-0.018348 -0.001597 -0.004146 -0.017945 
-0.004897 0.004442 -0.005549 0.003594 
0.014492 -0.013057 0.015210 0.012213 
0.000917 0.007361 -0.000593 0.007395 
0.028238 0.001811 -0.028123 0.003127 
0.028028 -0.017569 -0.031039 -0.011437 
0.012975 0.004075 0.007466 0.011367 
0.034524 -0.008530 -0.009439 -0.034286 
0.015619 -0.006087 0.013143 0.010406 
0.024200 0.003822 -0.017746 0.016892 
0.013628 0.004200 0.007065 0.012388 
0.001003 0.008175 -0.001062 0.008167 
0.007371 -0.002825 0.007822 -0.001063 
0.004825 -0.003950 0.005342 -0.003216 
0.008413 -0.002386 0.008744 0.000061 
-0.002013 0.008501 -0.004305 0.007602 
-0.004768 -0.020544 0.020851 -0.003165 
-0.009048 -0.001820 -0.008037 -0.004538 
-0.008744 -0.000140 -0.008356 -0.002580 
0.015283 0.002599 0.007593 0.013516 
-0.006936 0.012966 -0.014139 0.004041 
0.002528 0.004643 0.002034 0.004880 
0.002085 -0.000203 0.002088 -0.000169 
-0.010972 -0.020114 0.022733 -0.002858 
0.023931 0.021639 -0.003868 -0.032031 
0.023275 -0.023576 -0.032835 -0.004412 
0.028823 -0.012881 -0.031299 -0.004134 
-0.030421 -0.020302 -0.027047 0.024619 
-0.007271 0.013865 -0.015404 0.002797 
0.023813 0.005646 -0.018884 0.015568 
0.005360 0.010193 -0.000085 0.011516 
0.003261 0.010399 -0.001481 0.010798 
0.020136 -0.000998 0.002297 0.020030 
-0.002304 -0.022055 0.021935 0.003251 
-0.005514 -0.002811 -0.005061 -0.003563 
0.025980 0.006814 -0.026257 0.005653 
0.004938 0.013081 -0.004970 0.013069 
0.033078 -0.005722 -0.021831 -0.025502 
0.010433 -0.021257 0.013520 0.019440 
0.004393 -0.010288 0.008530 -0.007237 
-0.006028 0.002059 -0.006269 0.001132 
-0.007611 0.006606 -0.009506 0.003346 
-0.006426 0.007250 -0.008512 0.004626 
0.009427 0.013758 -0.006951 0.015160 
0.014562 -0.023164 -0.005262 0.026850 
0.000953 -0.021627 0.021174 0.004507 
0.005889 0.002346 0.005475 0.003193 
0.008803 -0.013171 0.015821 -0.000819 
-0.023757 -0.003705 0.015963 -0.017980 
0.017509 -0.006451 0.011048 0.015037 
-0.023151 -0.018259 0.021623 0.020045 
0.000136 0.005046 -0.000341 0.005036 
0.016423 -0.025772 -0.023675 0.019324 
-0.007652 -0.007017 -0.004321 -0.009440 
0.004557 0.001929 0.004363 0.002334 
0.019639 0.007426 -0.008642 0.019135 
0.012088 -0.010114 0.015368 0.003498 
0.038340 -0.012520 0.033930 -0.021806 
-0.010160 0.005800 -0.011698 0.000136 
-0.007219 -0.012284 0.003123 -0.013902 
0.013928 0.008836 -0.000043 0.016494 
0.032093 -0.018877 -0.003990 -0.037019 
-0.001629 -0.033655 -0.028656 0.017725 
0.016510 -0.006306 0.012408 0.012585 
-0.012954 0.012527 -0.016345 -0.007588 
0.000705 -0.009005 0.003354 -0.008386 
0.010436 -0.001722 0.010246 0.002628 
-0.002518 -0.010707 0.002370 -0.010740 
-0.009097 0.003442 -0.009726 0.000109 
0.017741 -0.011260 0.010080 0.018437 
-0.022410 0.005160 0.003720 -0.022694 
-0.013815 0.006553 -0.013940 -0.006282 
-0.003542 0.003224 -0.003803 0.002912 
0.018036 0.003979 0.001653 0.018396 
0.006778 -0.029372 -0.013166 0.027116 
-0.004362 -0.002856 -0.004052 -0.003280 
-0.007679 -0.011221 0.001153 -0.013548 
-0.015980 0.003462 -0.011655 -0.011467 
-0.001067 0.006964 -0.002323 0.006651 
0.008009 -0.010581 0.012788 -0.003545 
0.005029 -0.013257 0.012683 -0.006337 
-0.008776 -0.027566 0.009884 0.027189 
0.004357 0.010152 -0.000517 0.011035 
-0.000110 -0.024448 0.019617 0.014592 
-0.002093 -0.009002 0.000813 -0.009206 
-0.006477 -0.006464 -0.004194 -0.008132 
-0.000993 -0.006807 0.000209 -0.006876 
0.030792 -0.019973 -0.010725 -0.035100 
-0.026794 -0.005651 0.027053 -0.004236 
0.019497 0.015290 -0.024275 0.004966 
0.001448 -0.000200 0.001449 -0.000189 
0.010542 0.021453 -0.023807 -0.002137 
0.008522 -0.037475 -0.021280 -0.032002 
-0.026471 -0.011507 0.027059 0.010048 
-0.009374 -0.017401 0.016118 -0.011441 
-0.007345 -0.008911 -0.002240 -0.011329 
-0.023582 -0.004112 0.015878 -0.017915 
0.001240 0.019453 -0.018995 0.004378 
0.022476 -0.010368 -0.006536 0.023874 
-0.008893 -0.030625 -0.010758 0.030021 
-0.022827 -0.011140 0.024289 -0.007432 
0.001584 -0.006619 0.002691 -0.006251 
-0.001414 0.000815 -0.001422 0.000801 
-0.000174 -0.019387 0.019050 -0.003604 
-0.023063 -0.011432 0.025084 -0.005776 
0.008470 0.010860 -0.000558 0.013761 
0.005004 -0.029964 -0.013037 0.027439 
-0.028317 -0.030377 -0.024904 -0.033233 
-0.002492 0.001847 -0.002557 0.001757 
-0.010489 -0.005283 -0.006564 -0.009739 
-0.016382 0.003299 -0.011204 -0.012399 
0.005574 -0.002036 0.005791 -0.001293 
0.003277 0.017882 -0.015709 0.009150 
-0.009004 0.010258 -0.013474 0.002176 
0.003533 0.010945 -0.002035 0.011320 
-0.008426 -0.009955 -0.000941 -0.013008 
0.033832 0.022886 0.035972 0.019349 
0.018300 -0.022968 -0.019515 0.021946 
0.029007 -0.001719 -0.028983 0.002092 
0.028463 -0.019494 -0.027087 -0.021365 
0.021751 -0.011798 -0.004942 0.024247 
0.024373 0.008485 -0.024342 0.008574 
0.019955 0.002695 -0.001327 0.020093 
0.018087 -0.000277 0.006603 0.016841 
0.002686 -0.014379 0.012128 -0.008178 
0.007824 -0.005545 0.009227 -0.002612 
-0.002408 -0.003623 -0.002148 -0.003783 
0.026692 -0.011722 -0.026780 0.011521 
-0.031500 -0.021802 -0.037212 0.009102 
-0.010844 -0.000688 -0.009531 -0.005218 
0.009039 -0.011769 0.014766 -0.001479 
0.002560 -0.019981 0.020108 0.001213 
-0.019482 0.007134 -0.006663 -0.019648 
-0.011368 0.006077 -0.012790 -0.001603 
-0.021821 0.019626 0.022774 -0.018512 
0.022185 -0.021916 -0.029627 0.009733 
-0.002430 -0.010920 0.002711 -0.010853 
0.000003 -0.020504 0.020502 -0.000263 
-0.036837 0.016755 -0.032420 0.024221 
0.004464 0.034636 0.033132 -0.011039 
0.001872 0.007944 -0.000126 0.008161 
-0.010420 0.001508 -0.010155 -0.002778 
0.011820 -0.011251 0.015904 0.003656 
-0.037163 0.000022 -0.014622 0.034165 
-0.023227 -0.006996 0.019033 -0.015039 
0.001707 -0.003809 0.001949 -0.003691 
-0.013186 0.005092 -0.013169 -0.005135 
-0.004395 0.020365 -0.020186 -0.005156 
-0.006972 -0.010118 -0.000540 -0.012275 
-0.000865 0.006355 -0.001820 0.006150 
0.009583 -0.024974 0.003306 0.026544 
-0.005873 -0.001561 -0.005606 -0.002348 
0.006606 -0.000793 0.006647 0.000296 
-0.007725 -0.009273 -0.001861 -0.011925 
-0.013429 0.005269 -0.013302 -0.005579 
0.007074 -0.001002 0.007136 0.000346 
-0.020676 -0.005522 0.008081 -0.019816 
-0.016469 -0.006556 -0.000490 -0.017720 
-0.021725 0.026382 0.032605 0.010242 
-0.006423 -0.008058 -0.002843 -0.009905 
0.017108 -0.003658 0.010551 0.013955 
0.011033 0.006072 0.005816 0.011171 
0.017842 0.006137 -0.001500 0.018808 
0.009735 -0.022442 0.012048 0.021290 
-0.004631 -0.008130 -0.001799 -0.009182 
0.000214 0.010563 -0.004049 0.009758 
-0.013045 0.013289 -0.016428 -0.008769 
0.004334 0.004123 0.003751 0.004659 
-0.017545 -0.005603 -0.000086 -0.018418 
-0.002125 0.013175 -0.009756 0.009106 
0.018562 -0.012817 0.006444 0.021617 
-0.025521 -0.012364 0.027180 0.008089 
-0.011866 -0.004493 -0.007293 -0.010383 
0.001552 -0.018139 0.017605 -0.004634 
0.002044 0.012993 -0.006132 0.011636 
0.012833 -0.006172 0.013591 0.004250 
-0.015167 -0.017218 0.021616 -0.007698 
-0.010108 0.013786 -0.016916 -0.002463 
0.011416 0.020751 -0.023684 -0.000111 
0.009550 -0.010562 0.014189 -0.001200 
0.023710 0.003264 -0.015206 0.018482 
0.000218 0.009387 -0.002806 0.008961 
-0.005248 -0.004106 -0.004505 -0.004910 
-0.005606 -0.015765 0.010724 -0.012843 
-0.001243 -0.012328 0.005594 -0.011056 
-0.005887 0.010749 -0.010678 0.006017 
0.015523 -0.005936 0.013148 0.010166 
0.024491 0.014651 -0.026111 -0.011519 
-0.008290 -0.030339 -0.007993 0.030419 
0.001563 -0.003732 0.001787 -0.003630 
-0.009897 -0.003645 -0.007608 -0.007305 
-0.008663 -0.004670 -0.006471 -0.007415 
-0.003023 -0.010981 0.002396 -0.011134 
-0.019444 -0.003908 0.001683 -0.019761 
-0.010408 0.029000 0.020332 -0.023151 
-0.003887 0.022472 -0.019704 -0.011481 
-0.010517 -0.006635 -0.005240 -0.011277 
0.004827 -0.011300 0.010089 -0.007015 
-0.000296 0.019509 -0.019306 0.002820 
0.011136 -0.008873 0.014195 0.001115 
-0.000768 0.013313 -0.008758 0.010056 
0.002541 -0.008395 0.004800 -0.007341 
-0.015367 0.001457 -0.010883 -0.010947 
0.032852 0.003459 -0.017663 -0.027915 
-0.008825 -0.037149 -0.034270 -0.016837 
-0.008951 -0.007536 -0.004162 -0.010936 
0.019931 0.011406 -0.018031 0.014221 
0.017697 0.005774 -0.000533 0.018608 
-0.017890 0.001544 -0.008005 -0.016074 
0.004134 0.026584 -0.015498 -0.021991 
-0.008503 0.004073 -0.009363 0.001104 
-0.006165 0.002117 -0.006421 0.001124 
0.014410 -0.000964 0.010990 0.009371 
-0.034333 0.003690 0.013490 0.031786 
0.035760 -0.006423 0.000041 -0.036332 
0.011933 0.003950 0.007763 0.009886 
0.002036 0.028300 -0.006483 -0.027622 
0.001769 0.013954 -0.008022 0.011553 
-0.013504 -0.014005 0.011544 -0.015659 
0.012298 0.041428 -0.014736 0.040624 
0.024314 0.005055 -0.019747 0.015058 
0.029209 -0.007999 -0.030282 0.000321 
-0.037477 -0.017409 -0.036676 -0.019038 
-0.005572 -0.006992 -0.003289 -0.008314 
-0.022391 -0.027206 -0.024532 0.025292 
-0.031714 0.016537 0.015652 0.032160 
-0.010667 -0.009923 -0.000510 -0.014560 
-0.014060 -0.016015 0.017488 -0.012180 
-0.019926 -0.003020 0.001705 -0.020082 
-0.027722 -0.009663 0.027182 0.011092 
-0.009101 -0.003877 -0.007134 -0.006854 
0.002659 0.002042 0.002572 0.002151 
0.013932 -0.000781 0.010976 0.008616 
-0.021521 -0.016418 0.026386 0.006038 
-0.027176 -0.010770 0.026901 0.011439 
-0.026554 0.001424 0.022316 -0.014462 
-0.016894 -0.003605 -0.004355 -0.016716 
-0.001277 -0.003837 -0.001042 -0.003907 
-0.031517 0.000783 0.027415 0.015567 
0.011732 0.015808 -0.014086 0.013751 
0.011679 0.036588 0.034678 0.016508 
0.034552 -0.002543 -0.011494 -0.032684 
0.022561 0.007166 -0.017194 0.016270 
0.019670 -0.009988 0.005188 0.021441 
0.007221 -0.012780 0.014193 -0.003747 
-0.018145 -0.000391 -0.005858 -0.017178 
0.006701 0.002793 0.006031 0.004041 
-0.008486 0.026362 0.000327 -0.027693 
-0.018809 -0.011572 0.015654 -0.015577 
0.007053 -0.010967 0.012161 -0.004706 
0.015309 0.013799 -0.013848 0.015265 
-0.024205 -0.010294 0.025897 -0.004603 
0.015341 0.033486 0.036589 -0.004232 
-0.007043 -0.009619 -0.001254 -0.011855 
0.012555 -0.009019 0.014929 0.004012 
-0.000276 0.031037 0.013137 -0.028121 
0.008398 -0.017680 0.018744 0.005638 
-0.006091 -0.025930 0.018029 0.019606 
0.012408 0.006147 0.005396 0.012753 
-0.000039 -0.034417 -0.032623 0.010968 
0.017927 -0.006390 0.010288 0.016011 
0.018231 -0.021575 -0.013945 0.024564 
-0.007992 -0.016310 0.012600 -0.013081 
0.008647 0.016898 -0.014411 0.012354 
0.006888 -0.000466 0.006863 0.000751 
-0.019456 -0.001667 -0.001413 -0.019476 
0.022293 0.001931 -0.008111 0.020855 
0.014367 -0.015876 0.013914 0.016274 
-0.017642 -0.033398 -0.037625 -0.003316 
0.003624 0.001207 0.003553 0.001401 
-0.000098 0.024279 -0.019796 -0.014056 
0.004747 0.005733 0.003478 0.006580 
-0.013806 0.007369 -0.014307 -0.006341 
0.014852 0.006281 0.003317 0.015781 
0.004186 -0.015502 0.015075 -0.005530 
-0.035597 -0.014362 -0.034725 0.016358 
0.010598 0.007391 0.004348 0.012167 
0.020289 -0.002851 0.003162 0.020243 
0.023546 -0.023205 -0.032780 -0.004281 
-0.010356 -0.009905 -0.000669 -0.014315 
0.016125 0.009599 -0.005022 0.018081 
0.031478 0.018361 0.024472 -0.027002 
-0.014509 -0.006028 -0.004075 -0.015174 
-0.009402 -0.005635 -0.006059 -0.009135 
0.024084 0.004449 -0.018148 0.016447 
0.015263 -0.010213 0.014509 0.011258 
0.023403 -0.028726 -0.018171 -0.032291 
-0.028412 -0.004401 0.028670 0.002152 
-0.016738 0.017036 -0.005943 -0.023132 
0.004539 -0.004813 0.005256 -0.004017 
0.008024 -0.026565 -0.000142 0.027750 
-0.017416 0.006050 -0.011093 -0.014727 
-0.006256 0.024630 -0.012185 -0.022300 
-0.011403 0.011933 -0.016172 -0.003301 
0.013788 0.007103 0.003138 0.015189 
-0.018636 0.002687 -0.007338 -0.017341 
0.008259 0.018498 -0.018061 0.009176 
-0.000588 -0.008895 0.002019 -0.008683 
-0.002856 -0.002852 -0.002679 -0.003019 
-0.005432 0.002025 -0.005641 0.001335 
0.005916 -0.010466 0.010429 -0.005982 
-0.019017 -0.001525 -0.002703 -0.018885 
0.039457 0.000445 0.034580 -0.019006 
0.008116 -0.028842 -0.013279 0.026859 
0.013555 -0.010544 0.015598 0.007185 
0.024808 -0.009789 -0.016953 0.020588 
-0.025550 -0.018758 0.011058 0.029705 
-0.022924 -0.010212 0.023223 -0.009514 
0.006845 -0.013531 0.014691 -0.003759 
0.006920 -0.017823 0.018893 0.002934 
-0.026432 -0.025955 -0.033794 0.015174 
-0.017661 0.024360 0.022412 -0.020076 
-0.028132 0.019477 0.028412 0.019067 
-0.021188 0.009599 0.000201 -0.023260 
-0.022839 -0.018564 0.021522 0.020076 
-0.003990 0.023744 -0.017720 -0.016300 
0.002813 0.013704 -0.006985 0.012122 
0.001228 0.037392 0.033831 0.015972 
-0.018386 0.002094 -0.007468 -0.016931 
0.009173 -0.005758 0.010745 -0.001360 
0.000730 0.016566 -0.013723 0.009308 
0.004015 0.003758 0.003570 0.004183 
-0.018019 -0.003839 -0.001897 -0.018326 
0.018380 -0.000441 0.006171 0.017319 
-0.010122 -0.015488 0.011771 -0.014275 
-0.002673 -0.009454 0.000806 -0.009792 
-0.016646 0.005903 -0.012113 -0.012854 
-0.011969 -0.006515 -0.005108 -0.012634 
-0.010566 -0.008382 -0.003024 -0.013144 
-0.027693 0.014433 0.031228 -0.000263 
-0.021464 0.026740 0.032543 0.010802 
-0.028045 -0.003948 0.028309 -0.000840 
-0.001890 -0.015444 0.010890 -0.011113 
-0.021507 -0.009250 0.017838 -0.015162 
0.025734 0.017003 -0.017501 -0.025398 
-0.021849 -0.020664 0.017075 0.024755 
-0.006308 0.009962 -0.010398 0.005561 
0.012584 -0.012077 0.016309 0.006182 
-0.007009 0.008076 -0.009709 0.004481 
0.022563 0.014446 -0.026689 -0.002343 
0.025518 0.010793 -0.027560 -0.002847 
0.005449 0.006876 0.003294 0.008132 
0.005470 0.011605 -0.002163 0.012646 
0.019735 0.017482 -0.026032 -0.004170 
0.047428 -0.014093 -0.039599 0.029663 
-0.018196 -0.005216 0.000680 -0.018916 
-0.013723 0.023046 0.001645 -0.026772 
-0.000905 -0.002766 -0.000818 -0.002793 
0.001030 -0.020130 0.020154 -0.000288 
-0.021082 -0.006599 0.011372 -0.018939 
0.007365 -0.022524 0.016060 0.017426 
0.013615 0.002256 0.008900 0.010548 
0.015912 -0.004488 0.012233 0.011121 
0.009828 -0.001570 0.009737 0.002062 
-0.022276 -0.019855 0.018878 0.023110 
0.016179 -0.000795 0.009773 0.012918 
0.002775 -0.010845 0.007338 -0.008454 
0.007822 0.021792 -0.023095 -0.001641 
0.014876 -0.041803 0.043330 -0.009554 
-0.009338 -0.017141 0.015446 -0.011935 
-0.000006 -0.027727 0.008014 0.026543 
-0.034788 0.010046 0.004887 0.035878 
-0.017888 0.001589 -0.008044 -0.016056 
-0.002584 0.002961 -0.002749 0.002808 
-0.003636 -0.009017 -0.000321 -0.009717 
0.006339 0.013635 -0.005891 0.013834 
0.003986 -0.001870 0.004110 -0.001579 
-0.007458 0.006493 -0.009275 0.003428 
-0.000026 -0.001679 -0.000009 -0.001680 
-0.013734 0.038401 -0.009030 0.039771 
0.020910 -0.011156 -0.000484 0.023695 
0.001835 0.014657 -0.009334 0.011449 
-0.013524 0.012402 -0.016055 -0.008886 
0.006852 0.002268 0.006290 0.003541 
-0.012851 0.010919 -0.015844 -0.005772 
-0.030861 -0.000590 0.028335 0.012244 
-0.012579 0.017297 -0.015607 -0.014623 
-0.000129 -0.009026 0.002562 -0.008656 
0.000645 0.012559 -0.006408 0.010821 
-0.000318 0.002925 -0.000411 0.002914 
0.012989 0.010932 -0.003319 0.016649 
-0.022558 0.001153 0.005994 -0.021778 
0.004934 0.001354 0.004780 0.001826 
-0.018717 -0.033386 -0.037474 -0.007786 
-0.003896 -0.018730 0.017470 -0.007796 
-0.014381 -0.018957 0.023618 -0.002892 
-0.000447 0.005312 -0.001003 0.005235 
0.007355 -0.006714 0.009276 -0.003623 
0.002543 -0.013604 0.010794 -0.008662 
-0.012109 0.009053 -0.014802 -0.003079 
-0.008440 0.000595 -0.008301 -0.001638 
0.014657 0.009105 -0.001521 0.017187 
0.003394 0.005718 0.002416 0.006195 
0.009297 0.000749 0.008581 0.003656 
-0.008079 -0.004165 -0.006448 -0.006406 
0.013533 -0.021140 0.005910 0.024395 
-0.028971 0.023774 0.007273 0.036764 
-0.016860 -0.011160 0.010200 -0.017458 
0.006901 -0.010963 0.011995 -0.004891 
-0.000532 -0.022361 0.021620 0.005733 
-0.015665 0.012036 -0.013892 -0.014046 
-0.005021 0.008310 -0.007562 0.006090 
0.008939 0.009316 0.001893 0.012771 
0.009799 -0.010994 0.014716 -0.000577 
-0.034767 -0.019809 -0.039454 -0.006668 
0.016666 0.015139 -0.019474 0.011300 
0.025829 -0.013297 -0.025634 0.013669 
-0.002791 -0.003737 -0.002481 -0.003949 
-0.026081 0.017540 0.031346 -0.002300 
0.042460 0.015063 -0.000354 0.045051 
-0.012344 -0.032569 -0.029138 0.019080 
-0.004670 0.005175 -0.005521 0.004255 
0.006568 -0.016310 0.017567 -0.000746 
0.008607 -0.003360 0.009225 -0.000516 
0.023948 -0.022432 -0.032664 -0.003119 
-0.000586 -0.037590 -0.032827 -0.018325 
-0.012209 -0.027681 0.004984 0.029841 
0.000704 0.002008 0.000670 0.002019 
0.007668 -0.004820 0.008760 -0.002304 
0.007351 -0.016412 0.017962 0.000874 
0.022783 -0.005627 -0.005298 0.022862 
-0.028697 -0.006097 0.028374 0.007457 
0.033233 0.021320 0.039404 0.002518 
0.018641 0.004151 0.000005 0.019098 
-0.001474 0.004505 -0.001843 0.004367 
0.011703 -0.002926 0.011545 0.003497 
-0.011015 -0.007164 -0.004560 -0.012322 
0.004388 0.013462 -0.005874 0.012884 
-0.007177 0.004149 -0.007990 0.002207 
0.015838 -0.010060 0.013873 0.012633 
0.004425 0.000172 0.004401 0.000493 
-0.008554 -0.003868 -0.006861 -0.006407 
-0.011288 -0.001920 -0.009085 -0.006968 
-0.003098 0.025725 -0.013188 -0.022304 
0.028259 -0.016407 -0.031324 -0.009303 
-0.021544 -0.024552 -0.002986 0.032527 
0.009645 -0.012330 0.015654 0.000016 
0.004494 0.011120 -0.001780 0.011861 
0.018128 0.012493 -0.016226 0.014880 
0.037374 0.001837 0.018753 -0.032381 
0.000172 0.013450 -0.008222 0.010646 
-0.007458 -0.007966 -0.003342 -0.010389 
0.001124 0.011786 -0.004874 0.010789 
0.019399 -0.020698 -0.015858 0.023521 
-0.007804 -0.023291 0.023144 0.008228 
-0.025424 0.005421 0.017201 -0.019491 
-0.000307 -0.005869 0.000444 -0.005860 
-0.002720 -0.011672 0.003579 -0.011438 
-0.000601 -0.034173 -0.031461 0.013356 
0.029962 -0.010181 -0.030727 -0.007563 
-0.011469 0.010366 -0.015284 -0.002321 
-0.001150 0.002006 -0.001189 0.001983 
0.020150 0.011009 -0.017739 0.014580 
0.009029 -0.030257 -0.023569 0.021012 
-0.019114 0.013215 -0.004045 -0.022882 
0.032453 0.014699 0.014396 -0.032589 
0.020908 -0.003116 0.001332 0.021096 
-0.000384 0.000976 -0.000388 0.000974 
0.006579 -0.006851 0.008462 -0.004313 
-0.024813 0.008252 0.015654 -0.020946 
-0.005354 0.008297 -0.007941 0.005868 
-0.003392 -0.004130 -0.002937 -0.004466 
-0.000045 0.006229 -0.000938 0.006158 
-0.004015 -0.006277 -0.002648 -0.006965 
-0.011069 0.003202 -0.011269 -0.002407 
0.020369 -0.018153 -0.012106 0.024452 
0.005621 0.009322 0.001125 0.010827 
0.009090 -0.018120 0.018536 0.008209 
-0.014635 0.003035 -0.012136 -0.008725 
0.001003 0.002598 0.000928 0.002626 
0.018131 -0.003224 0.008670 0.016247 
-0.006171 -0.004342 -0.005125 -0.005538 
0.011530 -0.010506 0.015393 0.002526 
0.008226 0.022872 -0.023406 -0.006555 
0.000408 -0.017637 0.016287 -0.006780 
-0.024214 0.012952 0.018356 -0.020424 
0.032774 0.016060 0.022921 -0.028402 
0.012093 -0.028079 -0.020353 0.022813 
0.008567 -0.004158 0.009458 -0.001101 
-0.005304 0.003976 -0.005878 0.003064 
-0.021391 -0.008074 0.015198 -0.017081 
-0.021744 0.009204 0.002229 -0.023506 
-0.004127 -0.006081 -0.002836 -0.006780 
-0.021896 -0.015007 0.026480 0.001863 
-0.005089 -0.002198 -0.004806 -0.002761 
0.014538 0.005862 0.004288 0.015077 
0.000832 -0.015883 0.013293 -0.008732 
-0.012242 0.025953 0.009849 -0.026953 
-0.003755 0.019086 -0.019446 -0.000496 
-0.000305 0.027550 -0.008607 -0.026173 
0.025794 0.006591 -0.025693 0.006975 
0.019436 0.005745 -0.004790 0.019693 
0.020502 0.017256 -0.026158 -0.005817 
0.022503 0.017369 -0.024809 -0.013877 
0.005932 0.014877 -0.008657 0.013475 
-0.009258 0.005661 -0.010783 0.001218 
0.000936 0.008832 -0.001649 0.008727 
-0.023569 0.012067 0.013928 -0.022519 
0.009461 0.008283 0.003303 0.012133 
-0.011990 -0.001886 -0.009269 -0.007836 
0.018320 0.024949 -0.006905 -0.030172 
-0.002221 -0.003063 -0.002056 -0.003177 
0.007035 -0.005502 0.008332 -0.003215 
-0.015077 -0.020461 0.024970 0.004743 
0.008011 0.020765 -0.022137 0.002301 
-0.008857 0.004056 -0.009712 0.000757 
0.027905 0.015281 -0.014145 -0.028498 
-0.003453 0.001268 -0.003512 0.001093 
-0.008817 -0.017262 0.015420 -0.011745 
-0.016650 -0.029835 -0.021347 0.026677 
-0.039819 0.015513 -0.042466 -0.004777 
0.005088 0.037685 0.033160 0.018612 
-0.005912 0.005443 -0.007034 0.003887 
-0.011848 -0.005027 -0.006790 -0.010933 
-0.006506 0.005128 -0.007587 0.003327 
0.010198 0.021206 -0.023519 -0.000768 
0.031221 -0.022357 0.004979 -0.038076 
-0.027301 -0.002891 0.026644 -0.006617 
0.007083 0.033324 0.027707 -0.019824 
0.004964 0.016366 -0.012140 0.012046 
-0.011978 -0.002653 -0.008759 -0.008591 
-0.025178 -0.009651 0.026874 -0.002197 
-0.010544 -0.003029 -0.008207 -0.007280 
-0.001513 0.010908 -0.006102 0.009168 
-0.019157 0.002122 -0.005779 -0.018388 
-0.009255 0.002412 -0.009530 -0.000803 
-0.008426 0.007892 -0.011161 0.002954 
0.005454 0.003155 0.004933 0.003921 
-0.028401 0.017588 0.030239 0.014196 
-0.002125 0.010182 -0.005930 0.008546 
0.000825 0.012735 -0.006547 0.010954 
0.002943 -0.006095 0.003931 -0.005510 
-0.025670 0.005778 0.018376 -0.018832 
-0.013372 0.000933 -0.011092 -0.007526 
0.010013 -0.015391 0.017767 0.004634 
-0.016606 -0.014903 0.018840 -0.011955 
0.004751 0.035596 0.035832 -0.002387 
-0.013381 0.001785 -0.011560 -0.006971 
-0.037525 -0.002189 -0.020643 0.031414 
-0.027060 0.010837 0.027132 -0.010654 
-0.008710 -0.014922 0.009438 -0.014473 
0.009726 0.011328 -0.001736 0.014829 
-0.006718 0.000211 -0.006659 -0.000911 
0.019901 -0.007520 0.005367 0.020586 
-0.006611 -0.009054 -0.001842 -0.011058 
-0.000767 -0.037220 -0.034255 -0.014578 
0.010257 -0.023517 0.007368 0.024575 
0.017426 -0.005870 0.011024 0.014717 
0.007335 -0.019971 0.019079 0.009415 
-0.024080 -0.007299 0.022066 -0.012093 
0.014722 -0.007778 0.014271 0.008577 
-0.000364 0.009705 -0.003666 0.008994 
0.003575 0.002509 0.003389 0.002755 
-0.002262 0.025743 -0.014148 -0.021626 
0.015541 -0.019040 0.005334 0.023992 
0.002005 0.008473 -0.000423 0.008697 
0.007883 0.001427 0.007325 0.003244 
0.004139 -0.010361 0.008318 -0.007436 
-0.001728 -0.014683 0.009442 -0.011376 
-0.030411 0.021318 0.007851 0.036299 
0.010849 0.007869 0.003674 0.012889 
-0.009007 -0.020763 0.022556 -0.001857 
-0.003609 0.004279 -0.004081 0.003832 
0.015168 -0.006324 0.013511 0.009356 
-0.039950 0.000705 -0.037027 0.015016 
-0.014533 0.024280 0.010096 -0.026435 
-0.022775 -0.006205 0.016260 -0.017112 
0.007796 -0.009084 0.011323 -0.003885 
-0.004700 -0.013758 0.006377 -0.013066 
0.007814 0.009278 0.001870 0.011985 
0.009760 -0.009690 0.013708 -0.001111 
-0.006775 -0.011070 0.000972 -0.012943 
-0.014030 0.024041 0.007091 -0.026917 
0.001325 0.001226 0.001310 0.001242 
0.019886 0.004526 -0.003935 0.020011 
-0.000645 -0.037057 -0.034686 -0.013058 
-0.037543 0.010468 -0.023412 0.031160 
-0.013997 0.003240 -0.012342 -0.007355 
0.010138 -0.010458 0.014564 -0.000216 
-0.001052 0.004928 -0.001510 0.004807 
0.001941 0.005248 0.001320 0.005438 
0.004707 -0.008550 0.007372 -0.006396 
0.028977 -0.023358 -0.009489 -0.035990 
-0.022573 -0.007965 0.018624 -0.015037 
-0.003602 0.026436 -0.009612 -0.024889 
0.016626 0.003255 0.005232 0.016114 
-0.017480 0.001651 -0.008766 -0.015213 
0.017298 -0.000695 0.008306 0.015189 
-0.018686 -0.031115 -0.033810 0.013197 
-0.024700 -0.001131 0.016676 -0.018255 
0.000068 0.000304 0.000068 0.000304 
0.008947 -0.023785 0.009640 0.023512 
0.005386 -0.014952 0.015233 -0.004531 
-0.006388 -0.042883 0.022079 -0.037314 
-0.019183 0.013093 -0.003950 -0.022887 
0.022226 0.036984 -0.003208 0.043029 
0.026481 -0.018821 -0.032116 -0.004901 
0.015447 -0.006155 0.013284 0.010001 
0.000431 0.010078 -0.003310 0.009529 
0.003854 0.006470 0.002420 0.007131 
0.006195 0.016011 -0.011358 0.012874 
0.013951 -0.007713 0.014446 0.006741 
0.000233 0.015895 -0.012664 0.009609 
0.010438 0.010446 -0.000339 0.014763 
-0.009825 -0.002777 -0.008055 -0.006275 
0.003157 -0.000756 0.003184 -0.000633 
-0.004118 -0.001278 -0.004020 -0.001559 
-0.003597 -0.029442 0.000100 0.029660 
-0.010760 0.033834 0.034253 0.009339 
0.017730 0.005876 -0.000782 0.018662 
0.006008 -0.007495 0.008173 -0.005047 
0.008445 -0.008823 0.011820 -0.003075 
-0.012825 -0.026680 0.009946 0.027881 
-0.018611 -0.001653 -0.003505 -0.018352 
-0.013934 -0.007654 -0.002093 -0.015759 
-0.028695 -0.007827 0.027364 0.011657 
0.012848 0.036553 0.033774 0.018989 
0.020552 0.012087 -0.020883 0.011505 
-0.007040 0.007695 -0.009493 0.004317 
-0.022986 0.013368 0.013267 -0.023044 
0.005863 -0.003868 0.006468 -0.002737 
-0.000415 -0.010063 0.003308 -0.009513 
-0.012679 0.003924 -0.012456 -0.004583 
0.003408 0.013263 -0.005873 0.012370 
0.017314 0.010603 -0.009839 0.017759 
0.012780 -0.017651 0.014938 0.015866 
-0.000608 -0.009054 0.002140 -0.008818 
-0.022843 -0.009825 0.022452 -0.010688 
0.022767 0.016803 -0.025341 -0.012590 
0.022907 -0.019201 -0.025809 0.015077 
-0.004497 0.004981 -0.005261 0.004165 
-0.001666 -0.011934 0.004684 -0.011101 
-0.045010 0.015489 0.009936 -0.046552 
0.024370 0.001300 -0.015524 0.018831 
0.009230 -0.006337 0.011091 -0.001532 
-0.002554 -0.012769 0.005439 -0.011832 
-0.005402 -0.008726 -0.001676 -0.010125 
-0.008784 -0.005602 -0.005890 -0.008594 
-0.014252 -0.016492 0.018883 -0.010887 
0.000123 0.009828 -0.003329 0.009248 
0.025209 -0.003582 -0.016215 0.019632 
-0.017422 -0.027469 -0.006899 0.031788 
-0.018997 0.015347 -0.000984 -0.024402 
-0.003537 0.004073 -0.003955 0.003669 
-0.029085 0.015375 0.030520 0.012283 
0.006183 0.029503 0.000567 -0.030139 
0.014694 -0.037044 -0.000829 -0.039843 
-0.013024 0.004486 -0.012836 -0.004998 
-0.010078 0.024733 -0.002976 -0.026541 
-0.012651 -0.005665 -0.005877 -0.012554 
-0.007047 -0.008120 -0.003038 -0.010314 
-0.013749 0.005071 -0.013244 -0.006273 
-0.006817 -0.015556 0.010357 -0.013461 
0.002620 0.041791 -0.006298 0.041397 
-0.018289 0.001592 -0.007297 -0.016846 
0.022358 -0.011066 -0.006788 0.024005 
0.004688 -0.004278 0.005272 -0.003533 
-0.004426 -0.003586 -0.003964 -0.004091 
-0.007799 0.008944 -0.011219 0.003867 
0.013294 0.027975 -0.000944 -0.030959 
0.044338 -0.017636 -0.009679 0.046725 
-0.022823 -0.000361 0.008375 -0.021235 
-0.011143 0.029381 0.024214 -0.020028 
0.017122 0.038246 0.008232 0.041087 
0.025610 -0.002699 -0.018138 0.018281 
0.007187 -0.032357 -0.030226 0.013603 
-0.001080 -0.005474 -0.000443 -0.005562 
-0.003999 -0.002671 -0.003755 -0.003003 
-0.006258 -0.005378 -0.004718 -0.006770 
0.005978 -0.017507 0.018493 0.000487 
-0.013675 0.005633 -0.013506 -0.006028 
0.007124 -0.009830 0.011193 -0.004701 
0.000761 -0.005000 0.001231 -0.004905 
0.013674 0.003631 0.007629 0.011915 
-0.024852 -0.019384 0.011377 0.029392 
0.000768 0.001875 0.000740 0.001886 
-0.021322 -0.004718 0.008784 -0.019993 
0.015998 0.035039 0.036092 0.013455 
-0.001381 0.013182 -0.009087 0.009650 
-0.006885 0.025189 -0.008909 -0.024546 
0.003688 0.026805 -0.014499 -0.022845 
0.035030 0.008960 0.013491 -0.033547 
0.005160 0.000250 0.005110 0.000758 
-0.020024 -0.003780 0.003135 -0.020135 
0.017390 0.025753 -0.004875 -0.030690 
-0.022661 -0.019695 0.018330 0.023779 
0.005367 0.015905 -0.011052 0.012635 
0.021808 0.011072 -0.021967 0.010754 
0.023183 0.009172 -0.022321 0.011105 
-0.037327 -0.022110 -0.014682 -0.040824 
0.007673 0.032323 0.021772 -0.025092 
0.013727 0.002016 0.009062 0.010506 
0.012791 0.000739 0.010074 0.007916 
0.002486 0.006986 0.001020 0.007345 
0.018964 0.013342 -0.019932 0.011848 
0.005944 0.005975 0.004185 0.007316 
-0.021041 -0.013164 0.023711 -0.007335 
-0.022127 0.008190 0.003233 -0.023372 
-0.007266 0.013731 -0.015257 0.002930 
0.026212 0.018698 -0.008014 -0.031184 
0.010797 0.006870 0.004952 0.011800 
-0.021885 0.008185 0.002200 -0.023262 
0.022791 -0.016041 -0.017826 0.021424 
-0.027360 -0.010009 0.027326 0.010102 
-0.018139 0.000342 -0.006562 -0.016913 
0.018359 0.031489 0.034632 -0.011368 
-0.014636 -0.014197 0.013749 -0.015058 
-0.010955 0.021597 -0.011593 -0.021262 
0.007855 0.003487 0.006620 0.005481 
0.010703 -0.015271 0.017648 0.006025 
-0.016844 0.012138 -0.011689 -0.017158 
0.011487 0.014296 -0.009886 0.015446 
-0.008075 0.003419 -0.008710 0.001011 
-0.002301 -0.011479 0.003571 -0.011149 
-0.022555 0.012459 0.009671 -0.023884 
-0.003969 -0.013695 0.006474 -0.012705 
-0.011180 0.005654 -0.012448 -0.001417 
-0.001339 -0.008811 0.001274 -0.008820 
0.001482 0.013804 -0.007923 0.011401 
0.004346 0.009733 -0.000011 0.010659 
-0.009825 -0.004757 -0.006850 -0.008499 
0.007543 0.043054 -0.025495 0.035505 
0.012694 0.004769 0.006856 0.011700 
-0.009845 -0.007419 -0.004364 -0.011529 
-0.008522 0.027620 0.007246 -0.027981 
-0.003645 0.015136 -0.014110 0.006580 
0.017407 0.010183 -0.009052 0.018021 
-0.002944 -0.023197 0.022129 0.007553 
0.000226 -0.025859 0.015753 0.020508 
-0.031189 -0.017286 -0.017260 0.031203 
-0.008988 0.002208 -0.009228 -0.000707 
0.009345 -0.003464 0.009965 0.000130 
-0.014144 -0.005313 -0.005402 -0.014111 
0.007413 -0.020741 0.018542 0.011888 
-0.011217 -0.018570 0.020224 -0.007850 
-0.008245 0.012767 -0.015046 0.002144 
-0.002023 0.001356 -0.002052 0.001311 
-0.027336 0.000620 0.025248 -0.010497 
0.020123 0.030923 0.035786 -0.008973 
0.024136 0.011659 -0.026793 0.000788 
0.003101 0.003754 0.002760 0.004012 
-0.002582 -0.019547 0.019046 -0.005100 
-0.008360 0.002822 -0.008817 0.000327 
0.005384 0.014272 -0.007331 0.013376 
0.016115 0.008889 -0.003443 0.018078 
-0.001054 -0.019804 0.019558 -0.003288 
-0.013300 0.007226 -0.014212 -0.005208 
-0.023717 0.014153 0.018160 -0.020808 
0.016602 -0.000033 0.008699 0.014141 
0.002027 -0.006550 0.003132 -0.006099 
0.025864 -0.012159 -0.024297 0.015048 
0.006110 0.005694 0.004452 0.007066 
0.020350 -0.016080 -0.006496 0.025110 
-0.020110 0.004886 -0.004559 -0.020187 
0.006880 0.003041 0.006096 0.004406 
-0.012104 -0.012152 0.005177 -0.016352 
-0.014026 -0.019212 0.023657 -0.002489 
0.010119 0.007093 0.004739 0.011412 
-0.008886 -0.031079 -0.014107 0.029084 
-0.037162 0.007746 -0.015532 0.034638 
-0.017394 0.004363 -0.010492 -0.014542 
0.000625 -0.002038 0.000659 -0.002027 
0.003751 -0.017945 0.018202 -0.002184 
-0.019681 -0.014255 0.023017 -0.007795 
0.018406 0.019018 -0.025606 -0.006694 
-0.008010 -0.013012 0.004709 -0.014536 
-0.001359 -0.004618 -0.000958 -0.004718 
-0.019956 0.023175 0.026298 -0.015612 
0.016647 0.006802 -0.000278 0.017981 
-0.009761 -0.017028 0.015457 -0.012095 
-0.015727 -0.005669 -0.003144 -0.016420 
-0.030026 -0.008237 0.023446 0.020487 
0.006343 0.008907 0.001913 0.010766 
-0.001717 -0.035600 -0.035590 0.001909 
-0.021086 -0.021255 0.016943 0.024685 
0.012836 -0.007029 0.014013 0.004222 
-0.001185 0.004966 -0.001658 0.004829 
0.008886 -0.015979 0.018003 0.003190 
0.027099 0.019969 0.004069 -0.033415 
-0.006754 -0.035427 -0.035946 0.002930 
-0.010237 -0.014505 0.009331 -0.015104 
0.027616 0.019346 0.003744 -0.033509 
0.002984 0.004545 0.002469 0.004844 
0.011278 0.001324 0.009406 0.006361 
0.001845 -0.005989 0.002694 -0.005658 
0.022735 0.002734 -0.010814 0.020185 
-0.001517 -0.026563 0.014484 0.022318 
-0.017027 -0.016534 0.022785 -0.006643 
0.003925 0.006093 0.002672 0.006737 
0.014182 -0.020654 0.005323 0.024482 
0.012396 -0.009243 0.015000 0.003754 
0.032216 -0.021439 0.009549 -0.037501 
-0.012825 -0.012185 0.006043 -0.016626 
0.012902 -0.001992 0.011590 0.006009 
-0.005386 -0.019746 0.019643 -0.005751 
-0.023864 0.002890 0.010453 -0.021647 
-0.002717 0.003095 -0.002906 0.002918 
0.018031 -0.019913 -0.007117 0.025903 
0.012525 -0.025246 -0.007296 0.027221 
-0.017955 -0.022681 0.018868 0.021927 
-0.020874 0.015546 0.007670 -0.024871 
-0.000038 0.015419 -0.011917 0.009784 
-0.002886 0.003931 -0.003221 0.003662 
-0.018569 0.011071 -0.007951 -0.020104 
-0.020081 0.008939 -0.004352 -0.021546 
0.013679 0.004030 0.007219 0.012298 
-0.019443 -0.026442 -0.007028 0.032059 
-0.011517 -0.004866 -0.006975 -0.010376 
0.017004 -0.002711 0.010149 0.013909 
0.007504 -0.009827 0.011606 -0.004264 
0.001898 0.003607 0.001672 0.003717 
0.022316 0.015062 -0.026667 -0.003702 
0.000804 0.009453 -0.002334 0.009195 
0.000360 -0.000501 0.000360 -0.000500 
-0.002890 -0.005126 -0.002211 -0.005454 
-0.001636 -0.027616 0.009876 0.025841 
0.019153 0.015721 -0.024382 0.004418 
-0.011860 -0.034315 -0.035838 0.005813 
-0.002941 0.000686 -0.002962 0.000587 
-0.010555 0.021576 -0.012533 -0.020490 
-0.005801 0.015219 -0.015881 0.003614 
-0.011849 0.009598 -0.015001 -0.002742 
0.017698 0.031048 0.031397 -0.017071 
0.022205 0.007816 -0.017228 0.016042 
-0.002792 -0.000084 -0.002788 -0.000165 
0.003424 0.010023 -0.000914 0.010552 
0.010008 -0.015631 0.017862 0.005042 
0.002001 -0.008074 0.003983 -0.007302 
0.006170 -0.012553 0.012942 -0.005305 
-0.012463 -0.004433 -0.007257 -0.011060 
0.001436 0.024758 -0.019740 -0.015012 
0.019454 0.006320 -0.005921 0.019579 
0.007732 -0.025379 0.006250 0.025784 
0.005824 -0.007527 0.007978 -0.005189 
0.002875 -0.004882 0.003434 -0.004506 
0.006562 0.009492 0.001284 0.011468 
0.009428 -0.026440 -0.003378 0.027867 
-0.016663 -0.021159 0.024253 0.011712 
0.000789 0.011942 -0.005364 0.010699 
-0.002124 -0.002034 -0.002058 -0.002101 
-0.020586 0.032283 0.010710 0.036760 
0.038850 -0.005744 0.029652 -0.025751 
0.003170 0.003998 0.002771 0.004285 
0.008512 0.010861 -0.000564 0.013788 
0.026303 -0.012967 -0.026859 0.011772 
0.002270 -0.005589 0.003001 -0.005233 
0.009448 0.014346 -0.008399 0.014984 
0.009961 -0.030383 -0.026253 0.018252 
-0.004267 0.001055 -0.004331 0.000747 
0.004293 0.024869 -0.020566 -0.014626 
0.011667 0.016092 -0.014754 0.013318 
0.011874 -0.020675 0.011722 0.020762 
0.008175 -0.013995 0.016170 -0.001113 
-0.007271 -0.027251 0.012389 0.025338 
-0.006154 0.025697 -0.008297 -0.025087 
-0.015351 -0.019952 0.024988 0.003055 
-0.014743 0.031357 0.034116 0.006061 
0.000021 0.003913 -0.000201 0.003908 
-0.007949 -0.025867 0.017974 0.020229 
-0.012222 -0.007523 -0.003631 -0.013885 
-0.018513 0.012413 -0.007023 -0.021154 
-0.001470 0.008184 -0.003496 0.007544 
-0.011952 -0.010233 0.000857 -0.015710 
-0.022480 -0.000911 0.007616 -0.021171 
0.011671 0.026226 -0.013939 -0.025094 
0.017153 -0.011981 0.011085 0.017746 
0.009568 -0.007160 0.011874 -0.001351 
-0.000419 -0.015439 0.011672 -0.010115 
-0.012377 0.006842 -0.013750 -0.003307 
-0.017787 0.029251 0.033702 0.006014 
0.012929 0.025275 -0.016677 -0.022976 
-0.017869 0.004175 -0.009632 -0.015620 
-0.007291 -0.008277 -0.002956 -0.010627 
0.000348 0.010371 -0.003708 0.009691 
0.011196 -0.027334 -0.013643 0.026199 
-0.027782 0.018048 0.031130 0.011335 
0.002493 0.008448 -0.000004 0.008808 
-0.021476 0.016554 0.012929 -0.023835 
-0.011671 0.022460 -0.007202 -0.024265 
-0.004528 -0.005163 -0.003561 -0.005872 
-0.021319 -0.025350 -0.007373 0.032292 
-0.018312 -0.015443 0.022778 -0.007416 
-0.011987 0.017793 -0.016022 -0.014268 
-0.001669 0.014482 -0.011439 0.009037 
-0.023990 -0.004204 0.017483 -0.016957 
-0.021212 -0.009310 0.017113 -0.015613 
-0.026523 -0.022281 -0.014520 0.031450 
0.008799 -0.020296 0.017591 0.013413 
0.008603 -0.024980 0.005855 0.025763 
-0.009706 -0.003645 -0.007532 -0.007124 
0.003703 0.004225 0.003185 0.004628 
0.010640 -0.007934 0.013271 0.000159 
-0.005061 0.022079 -0.019242 -0.011952 
0.011607 -0.022986 0.005546 0.025146 
-0.009237 0.026072 0.000936 -0.027644 
-0.000924 0.004439 -0.001260 0.004356 
0.009802 -0.011288 0.014945 -0.000412 
-0.011943 -0.004142 -0.007598 -0.010102 
0.005320 0.005172 0.004162 0.006142 
-0.001537 -0.014433 0.009065 -0.011336 
-0.020101 -0.001556 0.000255 -0.020160 
-0.000698 0.019983 -0.019966 0.001087 
-0.008485 0.024363 -0.008611 -0.024319 
0.007603 -0.001623 0.007773 0.000106 
-0.008899 0.005465 -0.010331 0.001526 
0.021343 0.010567 -0.019916 0.013058 
0.011073 0.015606 -0.012898 0.014135 
-0.008462 0.001868 -0.008650 -0.000528 
-0.004953 0.001549 -0.005083 0.001048 
0.011288 -0.004523 0.011992 0.002020 
-0.014079 -0.019632 0.024148 -0.000732 
0.014499 -0.004806 0.013066 0.007912 
0.002109 -0.008792 0.004636 -0.007763 
0.024675 -0.018434 -0.029701 0.008156 
0.008454 -0.000833 0.008373 0.001430 
0.023099 0.020476 -0.013608 -0.027707 
-0.010188 0.010174 -0.014396 0.000239 
-0.010290 0.031308 0.030718 -0.011935 
0.022692 0.013687 -0.026500 -0.000087 
0.007336 -0.002204 0.007639 -0.000570 
-0.015577 -0.016999 0.021715 -0.007749 
-0.013464 0.023622 0.003139 -0.027008 
-0.002156 0.016944 -0.015966 0.006068 
0.013879 0.005256 0.005680 0.013711 
0.003886 0.005648 0.002849 0.006236 
0.000458 0.007044 -0.000843 0.007008 
0.003925 -0.011982 0.009921 -0.007782 
-0.003290 -0.003209 -0.003029 -0.003456 
-0.004113 -0.033519 -0.027706 0.019309 
0.009388 0.030772 0.012453 -0.029664 
-0.013377 0.001192 -0.011238 -0.007353 
-0.027627 0.013485 0.030608 -0.002875 
0.009128 0.015218 -0.010405 0.014375 
0.011558 0.035435 0.037005 0.004455 
-0.004508 -0.001929 -0.004319 -0.002322 
-0.001835 0.001370 -0.001861 0.001335 
0.004033 0.016357 -0.012201 0.011617 
-0.015281 0.012929 -0.014195 -0.014113 
0.035420 -0.010754 0.002591 -0.036926 
0.004813 -0.023902 0.016445 0.018001 
-0.005872 -0.004132 -0.004981 -0.005172 
-0.030037 -0.003847 0.028081 0.011334 
0.023157 0.014557 -0.026851 -0.005213 
0.012556 -0.006332 0.013569 0.003691 
0.001611 -0.002943 0.001733 -0.002873 
-0.013821 -0.008646 -0.000440 -0.016297 
-0.005933 0.004739 -0.006803 0.003373 
-0.028232 0.019786 0.027426 0.020888 
-0.015807 -0.009658 0.004568 -0.017952 
0.008563 -0.008516 0.011725 -0.002896 
-0.001472 -0.000949 -0.001461 -0.000965 
-0.006851 0.004235 -0.007662 0.002482 
0.001047 0.011159 -0.004073 0.010442 
-0.028289 0.006596 0.028186 -0.007023 
-0.002055 0.003999 -0.002349 0.003834 
0.012257 -0.008928 0.014790 0.003347 
0.004706 -0.005814 0.005801 -0.004721 
-0.002410 0.034866 0.034707 -0.004101 
0.025263 -0.029933 0.004013 -0.038963 
0.007764 0.010686 -0.000240 0.013207 
0.014998 -0.003880 0.012462 0.009203 
-0.026441 0.016674 0.031151 -0.002605 
0.003180 0.023822 -0.021778 -0.010165 
0.004096 0.011581 -0.002671 0.011990 
-0.004241 -0.010876 0.001550 -0.011571 
0.006639 0.023950 -0.022405 -0.010757 
0.010280 0.002374 0.008466 0.006296 
-0.011107 0.008120 -0.013725 -0.000965 
-0.000199 -0.004517 0.000144 -0.004520 
-0.009699 -0.010826 0.000760 -0.014516 
-0.024709 -0.017948 0.017951 0.024707 
-0.010302 -0.001583 -0.008858 -0.005492 
0.002830 0.001480 0.002772 0.001586 
-0.000468 -0.001490 -0.000454 -0.001494 
0.012311 -0.012644 0.016546 0.006137 
0.008817 -0.012566 0.015294 -0.001316 
0.003032 0.008337 0.000507 0.008857 
-0.019906 -0.020588 0.021913 0.018438 
-0.020771 -0.007000 0.011166 -0.018862 
0.002796 -0.022275 0.020485 0.009186 
-0.009838 -0.003356 -0.007752 -0.006925 
0.001946 -0.004219 0.002277 -0.004050 
0.008538 0.010370 0.000272 0.013430 
0.007558 -0.033028 -0.032959 0.007850 
-0.009005 0.003188 -0.009552 0.000021 
0.001285 0.018722 -0.017726 0.006160 
-0.013342 -0.004896 -0.006445 -0.012666 
-0.022605 0.001678 0.005805 -0.021912 
0.003623 0.025408 -0.019154 -0.017083 
-0.010760 0.006192 -0.012399 -0.000607 
-0.023805 -0.007922 0.022161 -0.011762 
-0.016497 0.024357 0.018045 -0.023233 
-0.010280 -0.014192 0.008571 -0.015285 
-0.034029 0.019708 -0.018597 0.034649 
0.011377 -0.005147 0.012341 0.001902 
0.009156 0.011081 -0.001078 0.014334 
-0.018278 0.026120 0.030097 -0.010512 
0.025967 0.002652 -0.022713 0.012863 
0.019205 0.004148 -0.001421 0.019597 
0.011448 -0.013088 0.016767 0.004609 
-0.020077 -0.010670 0.016826 -0.015291 
-0.010704 -0.004777 -0.007018 -0.009389 
0.007864 0.002330 0.007046 0.004198 
0.002455 0.004914 0.001891 0.005157 
-0.009623 0.022436 -0.012302 -0.021086 
0.005874 0.018600 -0.017418 0.008780 
0.029678 -0.010460 -0.030909 -0.005903 
-0.029846 -0.009346 0.022098 0.022132 
0.004017 0.019136 -0.018293 0.006907 
0.029646 -0.020199 -0.018505 -0.030733 
0.003486 -0.005457 0.004288 -0.004852 
0.006145 -0.013395 0.013913 -0.004859 
-0.000532 -0.026638 0.013499 0.022970 
-0.011125 -0.004535 -0.007260 -0.009572 
0.003650 0.008379 0.000924 0.009093 
0.021905 -0.025848 -0.032877 -0.008188 
-0.039699 0.001473 -0.035373 0.018081 
-0.032730 0.005251 0.023775 0.023099 
0.003638 -0.019289 0.019611 0.000850 
0.003012 -0.034278 -0.033445 0.008091 
-0.012462 -0.027743 0.004137 0.030130 
-0.022136 -0.003830 0.010186 -0.020023 
-0.003244 -0.008235 -0.000752 -0.008819 
0.014665 -0.003537 0.012394 0.008600 
0.003763 -0.021137 0.020424 0.006616 
0.009102 0.016795 -0.014421 0.012528 
0.018865 -0.009680 0.007845 0.019699 
-0.006434 -0.024765 0.021104 0.014469 
-0.006004 -0.001386 -0.005750 -0.002214 
-0.014630 -0.026700 0.006298 0.029786 
-0.007907 0.019105 -0.018998 -0.008163 
-0.005450 -0.004572 -0.004502 -0.005508 
-0.009498 -0.007511 -0.004247 -0.011340 
-0.005850 -0.002103 -0.005490 -0.002916 
0.012115 0.009721 0.000010 0.015533 
0.005693 -0.003856 0.006278 -0.002805 
0.003828 -0.012360 0.010300 -0.007831 
-0.007177 0.000638 -0.007167 -0.000746 
-0.021889 -0.022623 0.007444 0.030586 
-0.013941 -0.009044 0.000464 -0.016611 
0.011333 -0.011865 0.016115 0.003087 
-0.021969 -0.020785 0.016209 0.025532 
-0.001003 -0.027992 0.007478 0.026994 
-0.012726 -0.026672 0.010154 0.027753 
-0.030088 -0.009637 0.020446 0.024086 
-0.021167 0.016587 0.011555 -0.024283 
-0.000180 0.015194 -0.011589 0.009828 
0.016235 -0.005040 0.012207 0.011830 
-0.036708 0.005860 -0.009178 0.036022 
-0.001471 0.006175 -0.002373 0.005887 
-0.005581 0.022534 -0.018213 -0.014395 
0.019855 0.000554 0.001608 0.019797 
0.011246 -0.005423 0.012382 0.001597 
0.007530 -0.025856 0.004579 0.026538 
-0.020409 0.033215 0.003923 0.038787 
0.002451 0.015097 -0.009922 0.011640 
-0.005730 0.009108 -0.008999 0.005899 
0.025699 0.016855 -0.018156 -0.024798 
-0.000172 -0.001655 -0.000155 -0.001657 
-0.005799 -0.015868 0.010976 -0.012843 
0.003925 0.031725 0.015934 -0.027713 
-0.000876 -0.041381 0.001797 -0.041351 
0.014210 -0.003805 0.012616 0.007566 
-0.014464 0.003369 -0.012354 -0.008243 
0.009191 0.026072 -0.016703 -0.022028 
0.005733 -0.009873 0.009663 -0.006081 
-0.003906 0.003388 -0.004222 0.002985 
0.014534 -0.001999 0.011582 0.009005 
0.002796 0.011702 -0.003577 0.011488 
0.013695 -0.028861 -0.028216 0.014979 
-0.011940 -0.024336 0.020806 0.017376 
-0.006302 0.033987 0.034387 -0.003513 
-0.006404 0.000505 -0.006406 -0.000476 
-0.023249 0.016081 0.019983 -0.019995 
0.017504 0.003223 0.003797 0.017388 
-0.008915 -0.009063 -0.002255 -0.012511 
-0.001403 0.004741 -0.001826 0.004594 
0.007699 -0.016451 0.018091 0.001620 
0.003232 -0.009649 0.006609 -0.007737 
0.012824 -0.008528 0.014749 0.004432 
0.009487 0.000899 0.008658 0.003981 
-0.002814 -0.014187 0.007919 -0.012103 
0.001621 -0.006429 0.002643 -0.006081 
-0.019624 0.028551 0.032694 0.011461 
0.037373 0.000208 0.016889 -0.033340 
0.014514 -0.010370 0.015126 0.009454 
-0.009750 -0.027448 0.009687 0.027471 
-0.001431 -0.025787 0.017136 0.019322 
-0.021806 0.016284 0.013812 -0.023450 
0.033727 0.011221 0.010171 -0.034058 
0.018953 -0.002185 0.006306 0.018006 
0.000837 0.010080 -0.002953 0.009674 
0.022290 -0.019097 -0.023231 0.017941 
0.000655 -0.010578 0.004875 -0.009410 
-0.001248 -0.007319 0.000263 -0.007420 
-0.021054 -0.013775 0.024572 -0.005408 
0.029643 -0.013580 -0.030422 -0.011730 
-0.016391 -0.005233 -0.002822 -0.016973 
0.021231 -0.024174 -0.031782 0.005005 
0.003147 0.004016 0.002745 0.004301 
0.001793 0.004073 0.001490 0.004194 
0.006648 0.006922 0.003947 0.008748 
-0.001824 0.020543 -0.020533 -0.001933 
0.016326 0.009096 -0.004292 0.018189 
-0.015586 -0.002226 -0.007692 -0.013738 
0.017218 0.022964 -0.019194 -0.021340 
-0.005922 0.011709 -0.011731 0.005879 
-0.009260 0.023919 -0.008421 -0.024227 
0.027433 0.011016 -0.026242 -0.013611 
0.006878 0.015663 -0.010631 0.013402 
0.018555 0.017113 -0.025225 0.000904 
0.000136 -0.035708 -0.035704 -0.000573 
-0.038165 0.006472 -0.024098 0.030294 
-0.019861 0.010927 -0.003828 -0.022343 
-0.026236 -0.009656 0.027796 0.002986 
-0.015585 -0.004801 -0.004609 -0.015642 
-0.012139 0.004255 -0.012376 -0.003504 
0.018143 0.035451 0.030687 0.025381 
0.001490 -0.016393 0.014630 -0.007545 
0.016095 0.026868 -0.001462 -0.031285 
-0.004622 0.002158 -0.004808 0.001704 
0.004793 -0.010062 0.008763 -0.006886 
0.005628 -0.019433 0.019709 0.004569 
-0.027746 -0.009159 0.027540 0.009760 
-0.000874 0.006882 -0.002080 0.006618 
-0.000988 -0.024207 0.020484 0.012937 
-0.021404 0.009779 0.001235 -0.023500 
-0.004545 0.008467 -0.007122 0.006451 
-0.005912 -0.016443 0.012366 -0.012346 
-0.021408 -0.030558 -0.036802 0.006141 
-0.026803 -0.005844 0.027170 -0.003785 
0.009831 0.005458 0.006307 0.009309 
0.003819 -0.023921 0.017527 0.016721 
-0.020211 0.004226 -0.004046 -0.020248 
0.022497 -0.020382 -0.027161 0.013559 
-0.008327 -0.012568 0.003834 -0.014581 
0.006135 -0.008865 0.009276 -0.005494 
-0.001335 0.008509 -0.003594 0.007828 
0.003837 -0.005511 0.004701 -0.004796 
0.001784 0.011383 -0.003804 0.010876 
0.014872 -0.005674 0.013364 0.008647 
-0.011173 -0.000091 -0.009958 -0.005068 
0.022885 0.014830 -0.026785 -0.005122 
0.006072 0.014225 -0.007183 0.013698 
-0.008689 0.022241 -0.014575 -0.018913 
0.004962 0.009960 0.000038 0.011127 
0.008201 0.004556 0.006309 0.006943 
-0.006233 0.008468 -0.009090 0.005285 
-0.005559 0.010929 -0.010497 0.006337 
0.008024 -0.001722 0.008201 0.000313 
-0.007844 0.021313 -0.017472 -0.014509 
-0.016242 -0.016196 0.021052 -0.009105 
-0.008356 0.030894 0.025420 -0.019444 
0.020100 0.021879 -0.017116 -0.024284 
0.009696 -0.031400 -0.030123 0.013136 
0.015466 -0.017206 0.009563 0.021066 
0.001047 -0.004801 0.001472 -0.004688 
0.001734 -0.004146 0.002039 -0.004005 
-0.029677 0.000773 0.029545 0.002905 
0.014883 0.018091 -0.022831 0.005245 
0.013361 0.001136 0.009802 0.009150 
0.002595 0.012983 -0.005786 0.011909 
-0.000116 -0.003037 -0.000012 -0.003039 
-0.013729 0.007866 -0.014528 -0.006269 
-0.005951 -0.006512 -0.003854 -0.007936 
0.002906 -0.006572 0.004103 -0.005900 
0.001638 -0.013982 0.010585 -0.009281 
-0.007776 0.010708 -0.012667 0.003832 
0.015894 -0.004938 0.012456 0.011038 
0.002818 -0.011117 0.007695 -0.008503 
-0.005633 0.005737 -0.006833 0.004236 
0.021421 -0.004452 0.000044 0.021879 
0.001783 -0.017850 0.017246 -0.004938 
0.013602 -0.022468 0.001079 0.026243 
-0.033266 -0.009483 0.000037 0.034591 
-0.017648 0.019313 0.003516 -0.025924 
-0.011613 0.021806 -0.009408 -0.022844 
-0.002165 -0.004698 -0.001689 -0.004890 
-0.008110 -0.008982 -0.002307 -0.011879 
0.007827 0.002794 0.006865 0.004685 
0.003058 0.021079 -0.021288 0.000719 
0.024790 -0.004025 -0.014291 0.020652 
0.028403 0.002020 -0.028412 0.001884 
0.027755 -0.000268 -0.026544 0.008113 
0.015002 -0.027138 -0.024787 0.018631 
-0.017048 0.022856 0.013964 -0.024860 
0.001150 0.009719 -0.002299 0.009513 
-0.004432 -0.006005 -0.003107 -0.006786 
-0.000025 0.008772 -0.002491 0.008411 
-0.027467 0.009044 0.027054 -0.010215 
-0.011321 0.021475 -0.011052 -0.021615 
-0.009060 0.010602 -0.013804 0.001987 
0.008088 0.015725 -0.011169 0.013710 
0.005675 -0.002581 0.005987 -0.001740 
-0.012009 -0.000937 -0.009835 -0.006955 
-0.006317 0.012341 -0.012846 0.005213 
0.000108 0.004513 -0.000233 0.004508 
-0.028348 0.006305 0.028240 -0.006773 
0.017156 0.000484 0.007483 0.015445 
-0.024151 -0.009492 0.024994 -0.006974 
0.000525 -0.003206 0.000650 -0.003183 
0.001947 0.004006 0.001648 0.004138 
0.001044 0.012890 -0.006637 0.011100 
0.025586 -0.009316 -0.020045 0.018430 
-0.015755 -0.007133 -0.000647 -0.017282 
-0.007093 -0.000065 -0.006958 -0.001379 
0.004509 -0.009917 0.008302 -0.007054 
0.008264 -0.009388 0.012056 -0.003329 
0.010095 0.005697 0.006149 0.009826 
0.030464 -0.020101 -0.012850 -0.034161 
-0.030462 -0.007446 0.023117 0.021189 
-0.021236 0.024550 0.032314 -0.003077 
0.022795 0.025427 0.014810 -0.030770 
0.019788 0.003761 -0.002417 0.019996 
0.017445 0.001985 0.005443 0.016693 
0.009399 0.006187 0.005586 0.009768 
0.011438 -0.005658 0.012629 0.001831 
-0.000853 0.012063 -0.006953 0.009895 
-0.004618 -0.027867 0.009668 0.026541 
-0.027440 -0.012330 0.024235 0.017824 
-0.018188 0.014731 -0.005149 -0.022832 
-0.010362 0.007963 -0.013065 0.000292 
-0.011529 0.016003 -0.017356 -0.009369 
0.016316 0.006042 0.001641 0.017321 
-0.016828 -0.029666 -0.020716 0.027095 
0.011388 0.015620 -0.013242 0.014083 
0.015910 -0.028129 -0.030596 0.010404 
-0.003583 -0.020694 0.020879 -0.002262 
-0.003696 -0.013534 0.006262 -0.012554 
-0.019388 -0.008686 0.010609 -0.018407 
-0.007944 0.004802 -0.009050 0.002066 
-0.026591 0.013541 0.028388 -0.009194 
0.026194 0.024073 0.023467 -0.026737 
0.022339 0.002978 -0.009676 0.020354 
-0.006478 0.013780 -0.014666 0.004094 
0.002213 0.002335 0.002122 0.002418 
-0.003441 -0.013817 0.006917 -0.012446 
-0.027656 0.016187 0.031758 0.004273 
-0.007555 0.011677 -0.013367 0.003841 
0.007334 -0.006448 0.009113 -0.003511 
-0.027791 -0.012845 0.022098 0.021189 
0.038038 0.015763 0.038058 0.015714 
-0.006185 -0.012858 0.004299 -0.013605 
-0.017206 0.025685 0.025846 -0.016962 
-0.014577 -0.011161 0.005976 -0.017359 
0.007465 -0.014259 0.015962 -0.002065 
-0.007255 0.004720 -0.008271 0.002551 
0.000904 -0.009303 0.003816 -0.008532 
0.009411 0.012828 -0.004778 0.015176 
-0.006161 0.011239 -0.011481 0.005698 
0.037091 -0.000302 0.013669 -0.034482 
-0.011781 0.015227 -0.017241 -0.008566 
-0.009944 0.014579 -0.017357 -0.003190 
-0.008046 -0.018224 0.017327 -0.009830 
-0.014577 0.003548 -0.012422 -0.008413 
-0.002792 -0.026030 0.017044 0.019871 
-0.017855 0.002515 -0.008739 -0.015772 
0.020701 0.028806 0.027742 -0.022108 
-0.007070 0.009475 -0.010834 0.004733 
-0.030897 -0.003829 0.026156 0.016887 
0.017144 0.009196 -0.006194 0.018443 
0.011097 -0.015954 0.017613 0.008215 
-0.017127 0.006106 -0.011548 -0.014045 
0.000862 0.012434 -0.006045 0.010899 
-0.008058 -0.013266 0.005276 -0.014597 
-0.001966 0.019874 -0.019970 -0.000112 
-0.022140 -0.015603 0.026595 0.005134 
-0.007244 0.000524 -0.007208 -0.000893 
-0.021585 -0.026464 -0.016236 0.030043 
-0.010999 0.004848 -0.011933 -0.001441 
0.002310 -0.008535 0.004651 -0.007519 
-0.002207 -0.018152 0.016444 -0.007999 
-0.012376 -0.014838 0.012271 -0.014925 
-0.003130 -0.007357 -0.001317 -0.007886 
-0.031477 0.005885 0.028503 0.014596 
-0.005008 -0.012741 0.004305 -0.012995 
0.019105 0.000496 0.003636 0.018763 
-0.016874 0.012854 -0.011169 -0.018034 
-0.007320 -0.009576 -0.001375 -0.011974 
0.011141 -0.003483 0.011436 0.002341 
-0.021259 -0.030102 -0.035258 0.010720 
0.016955 0.012848 -0.014571 0.015500 
0.005522 -0.023843 0.015665 0.018804 
-0.010061 0.024153 -0.005460 -0.025589 
0.024401 0.018093 -0.018509 -0.024087 
-0.013346 0.005111 -0.013212 -0.005447 
-0.023631 0.030329 0.005504 0.038053 
0.026805 0.005317 -0.026893 0.004855 
0.003594 0.003913 0.003166 0.004267 
0.017297 0.020408 -0.024863 -0.009875 
-0.024762 -0.017955 0.017737 0.024918 
0.001539 0.040611 0.008123 0.039820 
-0.006227 0.001888 -0.006445 0.000892 
0.000906 -0.009376 0.003884 -0.008581 
-0.012071 0.000803 -0.010754 -0.005541 
-0.007372 -0.006505 -0.004624 -0.008676 
-0.029548 0.018543 0.024123 0.025199 
-0.016509 -0.012137 0.011887 -0.016690 
0.004588 -0.009901 0.008377 -0.006993 
-0.006839 0.003412 -0.007412 0.001863 
0.002818 -0.003364 0.003051 -0.003154 
0.015010 0.024458 -0.017152 -0.023007 
-0.002496 0.016373 -0.015235 0.006497 
0.009120 0.003930 0.007114 0.006930 
-0.008325 -0.015752 0.011341 -0.013741 
0.004236 0.041318 -0.000279 0.041533 
0.025875 0.009406 -0.027529 -0.000434 
0.013346 0.006931 0.003776 0.014557 
-0.003062 0.005562 -0.003855 0.005044 
0.020450 -0.005575 0.003633 0.020882 
-0.008599 0.007702 -0.011223 0.002706 
0.013049 -0.013584 0.016447 0.009182 
0.000052 0.005767 -0.000658 0.005730 
0.010395 0.003889 0.007616 0.008073 
0.033002 0.014727 0.018784 -0.030873 
0.024733 0.014037 -0.026500 -0.010319 
-0.007867 -0.000321 -0.007587 -0.002103 
-0.018766 0.021055 0.014352 -0.024279 
0.035261 -0.003521 -0.005609 -0.034990 
0.009828 0.015677 -0.012041 0.014049 
-0.014683 0.028179 0.028023 -0.014979 
-0.017781 0.003736 -0.009569 -0.015445 
-0.017890 0.015208 -0.005408 -0.022849 
0.003796 -0.015994 0.015516 -0.005428 
-0.029869 0.017740 0.024345 0.024783 
-0.016447 0.019672 -0.000230 -0.025641 
-0.027708 0.024003 0.015833 0.033064 
-0.001445 -0.002540 -0.001364 -0.002584 
0.003043 0.014765 -0.008990 0.012102 
0.004564 -0.004724 0.005257 -0.003938 
-0.006384 -0.001279 -0.006105 -0.002262 
0.019546 -0.011301 0.004623 0.022099 
-0.027666 -0.012788 0.022641 0.020405 
-0.008601 0.011449 -0.014121 0.002377 
0.006058 0.009540 0.001044 0.011253 
0.028345 -0.010622 -0.030103 0.003174 
-0.029765 -0.007082 0.025912 0.016268 
0.001763 0.012748 -0.005899 0.011437 
0.016684 0.007601 -0.001869 0.018238 
0.016478 0.016029 -0.021065 0.009204 
0.036049 -0.015291 0.021069 -0.033007 
0.008587 -0.025481 0.003686 0.026635 
-0.004979 -0.023671 0.022373 0.009197 
-0.014752 -0.003304 -0.007296 -0.013240 
-0.023085 -0.009114 0.021980 -0.011528 
-0.020550 0.012668 0.000874 -0.024125 
-0.023184 0.025880 0.030634 0.016396 
-0.008007 0.009642 -0.011988 0.003653 
0.004806 -0.004930 0.005593 -0.004015 
0.017378 -0.005241 0.010882 0.014527 
0.010008 0.008777 0.002569 0.013062 
0.016767 0.002786 0.005599 0.016048 
-0.002683 -0.007730 -0.000703 -0.008152 
0.009106 0.025231 -0.019646 -0.018264 
0.000018 -0.001586 0.000033 -0.001585 
0.004396 0.036765 0.035888 0.009111 
0.008859 0.020692 -0.022400 0.002203 
-0.019356 0.005312 -0.006804 -0.018884 
-0.010995 0.021670 -0.011309 -0.021508 
-0.002097 -0.018885 0.017891 -0.006400 
-0.023269 0.007869 0.008162 -0.023167 
-0.011115 0.017952 -0.016992 -0.012533 
0.006497 -0.018619 0.019303 0.004031 
-0.007854 0.016446 -0.018124 -0.001920 
-0.005221 -0.013632 0.006003 -0.013306 
-0.007722 -0.010571 0.000053 -0.013091 
0.008006 -0.005109 0.009239 -0.002200 
-0.019761 -0.028477 -0.022423 0.026432 
-0.018799 0.028234 0.033596 0.004678 
-0.011822 -0.008292 -0.002678 -0.014190 
0.005592 0.001397 0.005378 0.002072 
0.003241 -0.006402 0.004397 -0.005671 
-0.019957 0.015742 0.003935 -0.025112 
-0.006027 0.005566 -0.007214 0.003907 
-0.028067 -0.007568 0.028145 0.007271 
0.009603 0.039039 0.020515 0.034575 
-0.002838 0.010174 -0.006686 0.008177 
-0.006466 0.003095 -0.006935 0.001815 
-0.003333 -0.000973 -0.003287 -0.001121 
-0.004678 -0.005112 -0.003699 -0.005859 
0.014227 0.018501 -0.022836 0.004819 
-0.008420 -0.008668 -0.002752 -0.011767 
0.008967 0.004368 0.006791 0.007307 
-0.004574 0.003954 -0.005066 0.003301 
-0.001117 0.000779 -0.001122 0.000771 
0.019893 0.002254 -0.000546 0.020013 
0.004616 -0.001102 0.004691 -0.000714 
-0.000494 -0.003422 -0.000342 -0.003441 
-0.000598 -0.021690 0.021467 0.003161 
-0.016161 0.001324 -0.010175 -0.012625 
0.002850 0.016537 -0.012857 0.010785 
0.008981 -0.007401 0.011433 -0.002169 
-0.004681 0.015323 -0.015193 0.005087 
-0.024075 -0.014877 0.026286 0.010487 
-0.003785 -0.014928 0.009078 -0.012440 
-0.024326 0.017066 0.026337 -0.013761 
0.038721 -0.000091 0.028853 -0.025822 
0.034539 -0.009250 -0.008382 -0.034760 
0.013039 -0.019884 0.010686 0.021242 
0.012182 -0.024650 -0.003261 0.027302 
-0.000131 -0.018992 0.018443 -0.004534 
0.005772 -0.003376 0.006250 -0.002378 
0.005107 -0.001614 0.005249 -0.001063 
0.000194 0.024195 -0.020099 -0.013471 
0.010048 -0.009658 0.013922 -0.000640 
-0.004033 0.009639 -0.007501 0.007274 
0.000915 -0.025759 0.015482 0.020608 
0.003727 -0.017507 0.017630 -0.003096 
0.004586 -0.023151 0.018222 0.014999 
-0.025796 0.001595 0.019289 -0.017202 
-0.004505 0.017334 -0.017764 0.002285 
0.005422 0.023691 -0.022452 -0.009302 
0.007739 -0.025247 0.006799 0.025516 
-0.037283 0.009958 -0.019987 0.033010 
-0.010286 -0.003306 -0.007953 -0.007313 
0.001694 -0.014936 0.012228 -0.008742 
0.007759 -0.021935 0.016622 0.016280 
-0.012798 -0.010287 0.001727 -0.016329 
0.002500 0.025148 -0.019384 -0.016215 
0.024947 -0.007373 -0.015727 0.020721 
0.009281 -0.003352 0.009867 0.000140 
0.001680 0.012289 -0.005218 0.011253 
0.018623 -0.009482 0.008589 0.019051 
-0.015596 -0.027097 0.001312 0.031237 
0.014274 0.038370 0.017034 0.037227 
0.018905 0.012276 -0.017485 0.014226 
0.003533 -0.024753 0.015785 0.019392 
-0.035362 0.019858 -0.031014 0.026134 
0.022541 0.021177 -0.012436 -0.028318 
0.006336 -0.012563 0.013117 -0.005090 
0.009785 -0.020934 0.015337 0.017284 
0.019308 -0.022098 -0.020370 0.021123 
0.034498 -0.022605 0.034946 -0.021907 
-0.017909 -0.000946 -0.005748 -0.016988 
-0.009301 0.014637 -0.017238 -0.001898 
0.001506 -0.017782 0.017015 -0.005381 
-0.017203 0.005190 -0.011122 -0.014113 
-0.001341 0.008516 -0.003607 0.007830 
-0.010212 0.006390 -0.012044 0.000258 
0.019989 0.007145 -0.009084 0.019186 
-0.016166 -0.012909 0.013150 -0.015970 
-0.000673 0.006923 -0.001896 0.006693 
-0.010001 -0.009968 -0.000682 -0.014104 
-0.016549 0.017866 -0.004764 -0.023883 
0.027444 -0.026510 -0.003256 -0.038018 
-0.030468 -0.013550 0.005773 0.032841 
-0.022131 -0.011903 0.023945 -0.007623 
-0.039679 0.009633 -0.038445 0.013755 
0.006335 0.036935 0.035556 0.011837 
-0.001930 -0.010506 0.002551 -0.010373 
0.008261 0.008051 0.003467 0.011002 
0.000699 0.000774 0.000696 0.000777 
0.001736 0.012672 -0.005793 0.011403 
-0.022548 0.026836 0.030086 0.017984 
-0.005060 0.000613 -0.005095 0.000124 
0.012945 0.009309 0.000085 0.015944 
-0.000781 -0.025646 0.017163 0.019072 
-0.011073 -0.019807 0.022355 -0.003897 
0.000941 -0.000903 0.000947 -0.000897 
0.020218 0.006416 -0.008331 0.019507 
-0.007127 -0.029982 -0.004428 0.030498 
-0.028303 0.021215 0.023312 0.026603 
-0.016413 0.003380 -0.011217 -0.012450 
-0.009117 0.012956 -0.015837 0.000437 
0.007104 -0.002708 0.007518 -0.001136 
0.003523 0.010041 -0.000873 0.010605 
-0.011789 -0.015171 0.012483 -0.014605 
0.003278 -0.002236 0.003403 -0.002041 
-0.011435 0.006731 -0.013173 -0.001593 
0.018998 0.022481 -0.017417 -0.023727 
0.009588 -0.001136 0.009406 0.002177 
0.007197 0.023117 -0.023134 -0.007143 
0.023400 -0.010629 -0.011186 0.023139 
-0.008072 -0.007530 -0.003977 -0.010297 
0.014095 0.030327 0.017969 -0.028204 
0.011013 -0.010491 0.015140 0.001459 
-0.014693 0.023397 0.006771 -0.026786 
-0.007204 0.011399 -0.012742 0.004413 
-0.002459 0.002459 -0.002567 0.002347 
-0.007882 0.011700 -0.013701 0.003361 
0.015599 -0.009646 0.014115 0.011711 
0.025533 -0.016301 -0.028854 0.009226 
0.006808 -0.007647 0.009196 -0.004499 
-0.006735 0.002428 -0.007072 0.001113 
-0.001344 0.005557 -0.002005 0.005354 
0.012513 -0.004119 0.012484 0.004208 
-0.004709 0.010090 -0.008695 0.006955 
0.026128 -0.008560 -0.021769 0.016795 
0.008203 0.004915 0.006103 0.007362 
0.017782 0.005078 0.000471 0.018487 
0.008197 -0.001165 0.008227 0.000932 
-0.008622 0.002884 -0.009091 0.000150 
-0.005146 -0.001263 -0.004987 -0.001791 
-0.004376 0.031554 0.021863 -0.023169 
0.036651 -0.006366 0.008957 -0.036105 
0.015922 -0.005728 0.012771 0.011100 
0.020793 -0.023027 -0.028440 0.012401 
0.004717 -0.003722 0.005171 -0.003059 
0.008580 0.022428 -0.023532 -0.004780 
0.028427 -0.014302 -0.031490 -0.004580 
-0.010535 0.010502 -0.014866 -0.000536 
0.012709 0.001321 0.009702 0.008315 
0.002712 -0.025274 0.015192 0.020380 
0.009414 -0.004785 0.010543 -0.000602 
0.013214 -0.001807 0.011553 0.006664 
-0.003736 -0.017537 0.014904 -0.009968 
-0.015176 -0.012694 0.010779 -0.016590 
-0.017819 0.007627 -0.010673 -0.016180 
-0.003787 -0.010045 0.000713 -0.010711 
-0.007676 -0.004297 -0.006147 -0.006292 
0.008116 -0.009020 0.011618 -0.003499 
-0.000490 -0.013979 0.008903 -0.010788 
-0.004826 0.006787 -0.006392 0.005338 
0.009782 -0.012386 0.015779 0.000327 
-0.002368 -0.015194 0.010157 -0.011545 
0.012149 -0.004999 0.012732 0.003239 
-0.007843 0.000859 -0.007832 -0.000956 
0.010603 -0.024494 0.002492 0.026574 
-0.009217 -0.005148 -0.006376 -0.008414 
0.012015 0.006672 0.004893 0.012842 
-0.008655 -0.003847 -0.006926 -0.006460 
0.000388 0.019839 -0.019671 0.002601 
-0.017401 0.011005 -0.011006 -0.017400 
-0.008600 0.005862 -0.010206 0.002036 
0.009705 0.012464 -0.004108 0.015254 
0.001608 0.025674 -0.017574 -0.018786 
0.009246 -0.015870 0.017976 0.003769 
-0.016468 0.003483 -0.011217 -0.012550 
-0.001687 0.004109 -0.001983 0.003975 
-0.012094 0.014461 -0.017036 -0.008073 
0.025891 -0.005560 -0.019290 0.018142 
0.011665 -0.020423 0.012749 0.019765 
0.002413 -0.001210 0.002445 -0.001144 
0.015786 0.013326 -0.013491 0.015644 
0.005212 0.016651 -0.012813 0.011843 
0.029627 0.005384 -0.027758 -0.011673 
0.001526 -0.037461 -0.032218 -0.019174 
0.009187 -0.003424 0.009804 -0.000006 
-0.012462 0.002632 -0.011766 -0.004877 
-0.006021 -0.011615 0.002032 -0.012924 
0.017087 -0.022171 -0.011370 0.025578 
0.007575 0.007039 0.004272 0.009417 
0.001031 0.010108 -0.002817 0.009763 
0.018718 -0.016912 -0.001322 0.025192 
-0.018018 -0.012301 0.015526 -0.015327 
-0.028348 0.005920 0.028130 -0.006883 
-0.021559 0.012948 0.005777 -0.024476 
0.007170 -0.009676 0.011113 -0.004642 
-0.003052 0.006117 -0.004060 0.005500 
0.027643 -0.001305 -0.025985 0.009519 
-0.019343 -0.015866 0.024788 -0.003381 
0.000545 0.019475 -0.019123 0.003724 
0.012039 -0.011621 0.016128 0.004460 
-0.004712 -0.002245 -0.004462 -0.002708 
0.018665 0.014790 -0.022202 0.008613 
-0.007203 -0.025599 0.018993 0.018614 
-0.010316 0.004458 -0.011218 -0.000674 
-0.001417 0.015274 -0.012604 0.008743 
0.017505 0.011330 -0.012028 0.017034 
-0.007585 0.015093 -0.016872 0.000808 
-0.015210 -0.004652 -0.005253 -0.015013 
-0.012142 -0.005985 -0.005690 -0.012283 
-0.002987 0.011238 -0.008018 0.008422 
-0.001758 -0.008239 0.000444 -0.008413 
0.010406 0.007430 0.004324 0.012033 
0.017055 0.003829 0.003778 0.017066 
0.005641 -0.022264 0.018532 0.013566 
0.025699 -0.011009 -0.022256 0.016920 
0.009206 0.006053 0.005659 0.009453 
-0.014089 0.018736 -0.010419 -0.021000 
0.008915 -0.026486 -0.002149 0.027864 
-0.009930 0.001478 -0.009785 -0.002247 
0.028251 0.014355 -0.015781 -0.027481 
-0.001821 -0.002144 -0.001758 -0.002196 
0.000996 0.003526 0.000819 0.003571 
0.004332 0.008022 0.001696 0.008957 
0.037265 -0.013197 0.026600 -0.029245 
-0.009611 -0.033992 -0.033008 0.012583 
0.005787 -0.002109 0.006025 -0.001278 
-0.023883 -0.019351 0.015549 0.026516 
-0.004639 -0.006375 -0.003061 -0.007266 
0.018167 -0.002641 0.008255 0.016398 
0.001078 -0.009654 0.004320 -0.008701 
0.004783 0.000427 0.004729 0.000833 
-0.025245 0.003747 0.016352 -0.019595 
0.026080 -0.009413 -0.022250 0.016544 
-0.003195 -0.017240 0.014323 -0.010114 
0.006517 -0.006599 0.008256 -0.004225 
0.008896 -0.021640 0.015481 0.017544 
-0.029410 -0.006982 0.026852 0.013880 
-0.016552 0.013670 -0.011285 -0.018262 
-0.005384 -0.003047 -0.004899 -0.003778 
0.001709 -0.000928 0.001722 -0.000904 
0.003473 -0.018858 0.019169 -0.000502 
0.000555 0.020537 -0.020532 0.000697 
0.005316 -0.018998 0.019523 0.002834 
-0.007967 -0.001944 -0.007241 -0.003849 
-0.001362 -0.025754 0.017196 0.019221 
-0.003001 -0.003296 -0.002751 -0.003507 
-0.004155 0.004681 -0.004788 0.004031 
-0.019840 0.004672 -0.005292 -0.019684 
0.005698 0.009446 0.001012 0.010985 
-0.020874 -0.010286 0.018136 -0.014581 
0.005489 -0.002754 0.005819 -0.001963 
0.016956 0.006677 -0.000634 0.018212 
0.013406 -0.018824 0.011958 0.019775 
0.001952 -0.007965 0.003856 -0.007238 
-0.002084 0.008431 -0.004330 0.007529 
0.002641 -0.000273 0.002648 -0.000204 
-0.007294 0.013921 -0.015482 0.002705 
0.003720 -0.008764 0.006400 -0.007048 
-0.000508 0.007321 -0.001949 0.007075 
-0.007091 0.019245 -0.019329 -0.006858 
-0.021478 0.008732 0.000808 -0.023171 
-0.016952 -0.007278 0.001766 -0.018364 
-0.003528 -0.017513 0.014874 -0.009895 
-0.029241 -0.011133 0.020660 0.023497 
-0.001416 0.016099 -0.014062 0.007965 
0.014214 -0.028949 -0.029678 0.012621 
0.000843 -0.015991 0.013499 -0.008614 
0.016842 0.005366 0.001845 0.017580 
0.024739 -0.004564 -0.014030 0.020881 
-0.032640 -0.018272 -0.031122 0.020752 
-0.019088 -0.013249 0.019996 -0.011833 
0.005560 -0.012024 0.011706 -0.006204 
-0.032489 -0.024310 -0.036358 -0.018016 
0.016108 0.014412 -0.016797 0.013602 
0.016528 -0.029180 -0.033520 0.001002 
-0.001214 -0.025739 0.017153 0.019229 
-0.000440 0.003195 -0.000562 0.003176 
0.006884 0.011955 -0.002506 0.013565 
0.029616 -0.009682 -0.030854 -0.004340 
-0.028991 -0.014685 0.010535 0.030744 
-0.017036 0.003499 -0.010561 -0.013818 
0.001176 -0.002340 0.001235 -0.002310 
-0.027380 -0.022886 -0.023054 0.027239 
0.000224 0.014896 -0.010763 0.010301 
0.024055 -0.009991 -0.013604 0.022213 
-0.007975 -0.033025 -0.026576 0.021164 
-0.042382 0.016109 -0.025597 -0.037424 
0.004324 0.037369 0.034409 0.015205 
-0.016787 0.006859 -0.012229 -0.013390 
-0.021633 -0.002554 0.006540 -0.020778 
-0.004736 -0.010239 0.000432 -0.011272 
0.010332 -0.002853 0.010588 0.001668 
-0.005426 -0.005861 -0.003902 -0.006969 
-0.001910 0.001119 -0.001930 0.001085 
-0.016222 0.021820 0.006384 -0.026430 
-0.002852 0.023867 -0.018554 -0.015281 
0.019564 0.010951 -0.016117 0.015586 
0.004802 0.001384 0.004654 0.001821 
-0.009013 -0.003952 -0.007051 -0.006866 
-0.000005 -0.012183 0.006363 -0.010389 
-0.012459 0.015118 -0.016798 -0.010080 
0.003636 -0.003587 0.003965 -0.003219 
-0.014960 -0.016416 0.019680 -0.010295 
0.019359 -0.005953 0.006929 0.019031 
-0.005824 -0.016514 0.012527 -0.012236 
-0.001016 0.004890 -0.001463 0.004775 
-0.021121 0.020424 0.022251 -0.019187 
-0.001336 0.005650 -0.002029 0.005440 
0.010800 -0.004435 0.011598 0.001345 
0.001519 -0.002704 0.001615 -0.002648 
0.016521 0.011814 -0.011106 0.017005 
0.014017 -0.028877 -0.029005 0.013750 
0.007066 -0.011810 0.013020 -0.004457 
-0.012957 -0.001339 -0.009692 -0.008704 
0.028657 0.012915 -0.018470 -0.025433 
0.013155 0.001920 0.009264 0.009535 
0.016507 -0.031335 -0.032333 -0.014456 
