-0.007442 0.003455 -0.008028 0.001697 
0.002810 -0.006374 0.003807 -0.005833 
-0.013032 -0.002634 -0.009325 -0.009477 
-0.012152 0.002539 -0.011815 -0.003810 
-0.005132 0.003351 -0.005514 0.002678 
-0.005198 0.004014 -0.005724 0.003221 
0.007905 0.001953 0.007278 0.003652 
0.006325 -0.004703 0.007163 -0.003290 
-0.008312 -0.006607 -0.005279 -0.009213 
-0.002855 -0.007314 -0.001289 -0.007744 
0.006124 -0.009603 0.009606 -0.006119 
0.001656 -0.009331 0.004355 -0.008417 
0.003953 -0.001861 0.004064 -0.001604 
0.001893 0.007468 0.000376 0.007695 
0.003628 -0.004888 0.004208 -0.004400 
-0.001485 0.001636 -0.001512 0.001611 
0.004985 -0.002880 0.005274 -0.002308 
0.010794 -0.002638 0.010941 0.001937 
0.006675 -0.007685 0.008896 -0.004947 
0.002810 -0.001079 0.002842 -0.000993 
-0.000431 0.001765 -0.000450 0.001760 
-0.004834 -0.000971 -0.004739 -0.001362 
0.003598 -0.005083 0.004228 -0.004572 
-0.002305 -0.009673 0.000976 -0.009896 
0.005030 0.003182 0.004616 0.003757 
0.005272 -0.001248 0.005369 -0.000722 
-0.003649 0.005615 -0.004451 0.005004 
0.005832 0.011676 -0.001422 0.012974 
0.008568 -0.000212 0.008360 0.001888 
-0.005383 -0.006334 -0.003781 -0.007403 
0.001902 0.006559 0.000855 0.006775 
-0.000326 -0.011192 0.004280 -0.010347 
-0.011287 0.004163 -0.011924 -0.001596 
-0.002388 0.002839 -0.002517 0.002726 
-0.006133 -0.005217 -0.004860 -0.006419 
0.002422 -0.001356 0.002456 -0.001293 
-0.002277 -0.003633 -0.002048 -0.003767 
-0.003377 0.008296 -0.005464 0.007097 
0.003655 0.007223 0.001989 0.007847 
0.001754 0.009378 -0.001151 0.009471 
-0.005643 -0.005976 -0.004153 -0.007093 
-0.002196 0.013206 -0.009291 0.009639 
0.001692 0.007218 0.000338 0.007406 
0.009617 -0.005909 0.011202 -0.001383 
0.002112 -0.004643 0.002509 -0.004440 
0.006868 -0.006442 0.008457 -0.004142 
-0.004080 -0.005362 -0.003218 -0.005919 
0.000182 -0.007950 0.001854 -0.007733 
-0.004109 0.000496 -0.004130 0.000259 
0.005860 0.000822 0.005723 0.001504 
-0.002366 -0.004009 -0.002068 -0.004171 
0.011617 0.007037 0.005367 0.012476 
0.006049 -0.007273 0.007932 -0.005154 
-0.005187 -0.005020 -0.004233 -0.005847 
0.004502 0.007076 0.002720 0.007933 
0.004536 -0.003466 0.004887 -0.002949 
0.003945 -0.014081 0.012240 -0.008002 
-0.013163 -0.002678 -0.009290 -0.009702 
-0.001028 -0.005212 -0.000530 -0.005285 
-0.002740 -0.008922 -0.000050 -0.009333 
-0.006811 0.000462 -0.006800 -0.000606 
0.002168 -0.001929 0.002222 -0.001867 
0.005294 -0.004730 0.006016 -0.003770 
0.003630 0.001160 0.003569 0.001335 
-0.000365 0.007112 -0.001565 0.006947 
0.007557 -0.000185 0.007453 0.001260 
-0.006165 0.003720 -0.006717 0.002595 
0.004314 -0.004933 0.004979 -0.004261 
-0.000762 -0.006941 0.000380 -0.006972 
0.002397 0.002502 0.002294 0.002597 
0.007249 0.008304 0.003356 0.010499 
-0.003534 -0.013810 0.005972 -0.012943 
-0.001107 -0.006050 -0.000331 -0.006142 
0.001420 0.001410 0.001400 0.001429 
0.008388 0.001273 0.007839 0.003245 
-0.002701 -0.004708 -0.002223 -0.004952 
-0.000813 0.007732 -0.002357 0.007409 
0.003873 0.008260 0.001442 0.009009 
-0.000491 0.005048 -0.000925 0.004987 
0.005121 -0.003509 0.005531 -0.002818 
-0.004895 -0.002772 -0.004573 -0.003276 
0.003301 0.001824 0.003210 0.001980 
0.008109 0.002475 0.007282 0.004343 
0.000666 -0.003953 0.000878 -0.003911 
-0.001750 0.003946 -0.001994 0.003829 
0.003720 -0.004253 0.004154 -0.003830 
0.008084 -0.009535 0.011775 -0.004198 
-0.013638 -0.001851 -0.009867 -0.009596 
-0.013594 -0.003366 -0.008686 -0.010985 
-0.008108 0.000662 -0.008054 -0.001142 
-0.000011 0.008400 -0.001984 0.008162 
0.006118 0.004020 0.005299 0.005051 
0.003302 0.001269 0.003245 0.001407 
-0.009858 -0.001224 -0.008922 -0.004367 
-0.002556 0.005075 -0.003091 0.004768 
0.001774 -0.002494 0.001851 -0.002437 
0.004408 0.002419 0.004187 0.002784 
0.002250 -0.003214 0.002413 -0.003093 
0.004693 0.000608 0.004634 0.000959 
0.002720 -0.007214 0.004098 -0.006531 
-0.011157 -0.001363 -0.009605 -0.005837 
-0.005381 0.004309 -0.005998 0.003399 
-0.004412 -0.000719 -0.004353 -0.001013 
0.000697 -0.004405 0.000990 -0.004349 
0.002139 -0.001494 0.002173 -0.001444 
-0.002178 -0.000005 -0.002178 -0.000040 
0.007121 0.006816 0.004559 0.008740 
0.003171 0.003560 0.002891 0.003791 
-0.007140 0.003705 -0.007771 0.002078 
-0.005321 -0.002386 -0.005014 -0.002977 
-0.006626 0.003093 -0.007072 0.001859 
0.003990 -0.000923 0.004036 -0.000697 
-0.008650 -0.001667 -0.007927 -0.003841 
-0.011387 -0.001285 -0.009747 -0.006026 
0.001556 0.010528 -0.002466 0.010353 
0.011650 -0.006324 0.013199 0.001234 
0.007036 -0.001560 0.007200 -0.000315 
0.006886 0.009380 0.002064 0.011451 
0.006378 -0.007341 0.008353 -0.004980 
-0.001085 -0.007410 0.000322 -0.007482 
-0.007337 -0.001645 -0.006895 -0.003001 
-0.003210 0.004596 -0.003676 0.004232 
-0.003257 0.004250 -0.003651 0.003917 
-0.000213 0.008149 -0.002013 0.007900 
0.012804 -0.006386 0.013946 0.003196 
0.000718 -0.004202 0.000973 -0.004150 
-0.004295 0.003028 -0.004557 0.002617 
-0.003970 -0.006764 -0.002497 -0.007435 
-0.004937 0.005367 -0.005813 0.004404 
0.006235 0.001400 0.005985 0.002240 
-0.001166 -0.003677 -0.000981 -0.003730 
0.004890 -0.002472 0.005114 -0.001967 
-0.000852 -0.006488 0.000087 -0.006543 
0.000916 -0.003540 0.001074 -0.003495 
-0.002404 0.003280 -0.002583 0.003142 
-0.012641 -0.004272 -0.008039 -0.010650 
-0.012473 0.003509 -0.012416 -0.003705 
0.009892 0.006785 0.005604 0.010606 
0.007003 -0.007441 0.009135 -0.004581 
0.012114 -0.004090 0.012467 0.002837 
-0.002215 -0.006720 -0.001059 -0.006996 
-0.002764 0.003035 -0.002932 0.002874 
-0.003833 -0.005235 -0.003057 -0.005723 
-0.006352 -0.003452 -0.005651 -0.004509 
-0.001619 0.008475 -0.003667 0.007810 
-0.004908 0.003093 -0.005226 0.002519 
0.003454 0.005924 0.002479 0.006393 
0.001302 -0.001549 0.001323 -0.001531 
-0.001347 0.004417 -0.001660 0.004310 
-0.000868 -0.003725 -0.000683 -0.003763 
-0.002534 0.003250 -0.002716 0.003101 
-0.001596 0.003772 -0.001807 0.003676 
-0.000815 0.007681 -0.002328 0.007365 
0.000328 -0.001489 0.000339 -0.001487 
-0.002346 0.008354 -0.004362 0.007501 
-0.006896 0.003715 -0.007510 0.002225 
-0.008139 -0.000391 -0.007851 -0.002182 
0.001858 0.000407 0.001853 0.000430 
-0.014664 0.002614 -0.012547 -0.008028 
-0.007813 0.005220 -0.008998 0.002708 
-0.000075 0.003758 -0.000253 0.003750 
-0.001074 -0.015750 0.010983 -0.011340 
-0.014021 -0.002459 -0.009346 -0.010738 
-0.011847 0.005768 -0.013065 -0.001713 
-0.005584 0.014174 -0.013938 0.006150 
0.001722 0.005870 0.000973 0.006039 
0.008859 -0.008164 0.011652 -0.003060 
-0.003735 -0.002368 -0.003572 -0.002608 
0.005549 0.002133 0.005257 0.002775 
0.001676 -0.005300 0.002216 -0.005098 
-0.005002 -0.011611 0.001644 -0.012536 
-0.001173 0.001859 -0.001203 0.001840 
-0.001372 -0.014347 0.008170 -0.011873 
-0.005560 -0.009071 -0.001795 -0.010487 
-0.007731 0.004892 -0.008785 0.002554 
-0.000643 0.006086 -0.001402 0.005958 
-0.003135 0.013543 -0.010686 0.008891 
0.006942 0.013702 -0.004888 0.014561 
0.003113 0.007104 0.001623 0.007585 
-0.006045 0.008166 -0.008462 0.005624 
0.010669 0.006930 0.005544 0.011450 
-0.005733 -0.015010 0.007741 -0.014080 
-0.002056 -0.006691 -0.000932 -0.006938 
-0.003104 -0.014371 0.007225 -0.012805 
-0.012009 -0.000013 -0.010620 -0.005606 
0.001746 0.002008 0.001698 0.002049 
0.002255 -0.004514 0.002632 -0.004305 
0.002338 -0.012537 0.008514 -0.009495 
-0.007011 -0.011568 0.000947 -0.013494 
-0.003818 -0.004768 -0.003192 -0.005208 
-0.001321 0.006932 -0.002457 0.006615 
0.008334 -0.000536 0.008230 0.001414 
-0.005315 -0.004573 -0.004490 -0.005384 
-0.001706 0.001277 -0.001726 0.001251 
0.000088 -0.002567 0.000145 -0.002565 
-0.015390 0.001360 -0.011676 -0.010118 
0.000884 0.009243 -0.001793 0.009110 
0.002704 0.002149 0.002616 0.002256 
0.003649 0.011631 -0.002366 0.011958 
0.012406 0.001098 0.010212 0.007130 
-0.001907 0.001324 -0.001930 0.001289 
0.006611 -0.002560 0.006948 -0.001412 
-0.006445 -0.011670 0.001234 -0.013274 
-0.004957 -0.002724 -0.004636 -0.003240 
-0.003296 -0.003408 -0.003029 -0.003647 
-0.001529 0.004179 -0.001804 0.004068 
-0.003252 -0.006434 -0.002084 -0.006901 
-0.000933 0.010441 -0.004638 0.009400 
0.005784 0.003809 0.005098 0.004688 
-0.002574 0.004040 -0.002878 0.003830 
0.002243 0.006912 0.000988 0.007199 
-0.000567 -0.000220 -0.000567 -0.000220 
-0.000166 0.005906 -0.000856 0.005846 
-0.002623 -0.003426 -0.002404 -0.003583 
-0.008308 -0.006670 -0.005228 -0.009284 
-0.006274 0.001560 -0.006431 0.000666 
0.010773 0.003466 0.008345 0.007644 
0.004137 -0.006117 0.005182 -0.005261 
-0.008392 -0.001404 -0.007807 -0.003384 
0.007394 0.008490 0.003225 0.010786 
0.002873 -0.001769 0.002939 -0.001657 
-0.001789 0.003036 -0.001914 0.002959 
-0.006565 0.012443 -0.012845 0.005739 
0.001376 0.006450 0.000422 0.006582 
-0.006723 -0.000602 -0.006553 -0.001620 
-0.003578 0.003460 -0.003853 0.003151 
-0.005693 -0.003331 -0.005147 -0.004125 
-0.001892 0.002404 -0.001967 0.002344 
-0.003635 0.004730 -0.004173 0.004262 
0.005180 -0.003067 0.005514 -0.002415 
-0.005457 -0.003723 -0.004854 -0.004480 
-0.001678 -0.002128 -0.001625 -0.002169 
0.008859 0.003892 0.007220 0.006443 
0.003553 -0.000009 0.003550 0.000141 
-0.007231 -0.000977 -0.006941 -0.002249 
-0.008224 0.002191 -0.008510 0.000144 
-0.003501 -0.001879 -0.003396 -0.002062 
-0.006182 0.012388 -0.012382 0.006194 
-0.000114 0.005504 -0.000673 0.005464 
-0.006468 0.001777 -0.006662 0.000782 
-0.005140 -0.002699 -0.004802 -0.003262 
0.010779 0.007417 0.005008 0.012088 
0.007279 -0.001030 0.007345 0.000302 
0.000879 0.004574 0.000543 0.004626 
0.006565 0.002430 0.006078 0.003473 
0.002740 -0.002431 0.002847 -0.002305 
-0.005660 0.006600 -0.007137 0.004965 
0.004060 0.001470 0.003960 0.001721 
-0.003613 -0.006346 -0.002424 -0.006888 
-0.002986 -0.000970 -0.002953 -0.001068 
0.011243 0.001447 0.009605 0.006020 
0.005631 -0.006968 0.007285 -0.005216 
-0.002681 -0.008322 -0.000479 -0.008730 
-0.012277 0.007439 -0.014198 -0.002112 
-0.001079 0.011906 -0.006458 0.010061 
0.011977 0.005622 0.006844 0.011323 
0.007480 0.002035 0.006920 0.003494 
0.015488 0.000210 0.010570 0.011322 
0.006864 -0.006615 0.008536 -0.004245 
0.002922 -0.000373 0.002931 -0.000288 
-0.008230 -0.008398 -0.003595 -0.011195 
-0.000233 0.000703 -0.000235 0.000702 
-0.006999 -0.009020 -0.002513 -0.011137 
-0.007436 -0.000374 -0.007238 -0.001744 
-0.002689 -0.002773 -0.002546 -0.002904 
0.003258 -0.002377 0.003383 -0.002195 
-0.001649 0.007529 -0.003109 0.007053 
0.008966 0.004876 0.006750 0.007655 
0.006105 -0.004970 0.007000 -0.003600 
0.001254 -0.007583 0.002724 -0.007187 
-0.012283 -0.003506 -0.008655 -0.009395 
-0.004193 0.014884 -0.013624 0.007314 
0.013540 -0.006994 0.014543 0.004557 
-0.002552 -0.008169 -0.000484 -0.008545 
-0.003986 0.005135 -0.004673 0.004519 
0.005621 0.004282 0.004827 0.005160 
0.000083 0.002291 0.000042 0.002292 
0.002582 -0.006216 0.003495 -0.005753 
-0.012231 -0.001784 -0.009778 -0.007561 
-0.006080 0.005728 -0.007244 0.004159 
0.001040 0.008537 -0.001092 0.008530 
0.007038 -0.011995 0.012862 -0.005291 
-0.007027 -0.008133 -0.003426 -0.010187 
-0.008161 -0.012628 0.002780 -0.014777 
0.000512 -0.006114 0.001280 -0.006001 
0.004233 -0.011825 0.009631 -0.008062 
-0.003268 -0.001334 -0.003209 -0.001469 
0.004330 -0.005687 0.005238 -0.004863 
0.000861 -0.004804 0.001242 -0.004720 
0.001401 -0.000304 0.001403 -0.000295 
0.005555 0.009615 0.001214 0.011038 
0.007618 0.000686 0.007337 0.002160 
0.002452 -0.005201 0.003013 -0.004897 
0.000753 -0.003537 0.000907 -0.003501 
0.001186 -0.010582 0.005036 -0.009382 
-0.007089 0.007932 -0.009527 0.004733 
0.009686 0.005200 0.006844 0.008603 
0.001278 -0.002038 0.001318 -0.002012 
-0.004223 0.010902 -0.008619 0.007900 
0.007076 0.013842 -0.005178 0.014658 
0.001628 0.002654 0.001541 0.002706 
-0.005552 0.006768 -0.007092 0.005131 
0.010594 -0.000702 0.010102 0.003265 
-0.004135 -0.013099 0.004429 -0.013003 
-0.011062 -0.004647 -0.007632 -0.009259 
-0.007150 -0.000457 -0.006965 -0.001677 
-0.002536 0.004207 -0.002869 0.003988 
0.005936 0.012187 -0.002217 0.013374 
0.008722 -0.002053 0.008954 0.000346 
0.000144 -0.010161 0.003591 -0.009506 
-0.004579 -0.004935 -0.003778 -0.005572 
0.000606 0.006880 -0.000500 0.006889 
0.008246 0.002634 0.007329 0.004605 
0.004405 -0.012671 0.010827 -0.007919 
-0.001657 -0.001797 -0.001621 -0.001830 
0.009343 -0.002432 0.009638 0.000565 
0.002889 -0.003817 0.003174 -0.003583 
-0.005511 -0.005093 -0.004454 -0.006039 
-0.004577 0.000011 -0.004566 -0.000311 
0.003142 0.003816 0.002819 0.004061 
0.007979 -0.007414 0.010232 -0.003735 
0.004047 0.001410 0.003953 0.001657 
-0.003136 -0.000196 -0.003127 -0.000300 
0.003560 0.002873 0.003349 0.003115 
0.004352 0.001832 0.004202 0.002153 
0.008027 -0.012522 0.014384 -0.003785 
-0.011522 0.000253 -0.010502 -0.004745 
-0.005179 0.003394 -0.005572 0.002700 
-0.011798 0.003287 -0.011918 -0.002820 
-0.002791 0.003048 -0.002962 0.002883 
-0.002007 -0.002943 -0.001879 -0.003026 
0.007204 -0.008049 0.009733 -0.004685 
0.006908 -0.007002 0.008782 -0.004429 
0.006015 -0.007793 0.008192 -0.005459 
-0.000621 -0.000931 -0.000617 -0.000934 
0.006274 0.004102 0.005392 0.005207 
0.004423 0.003481 0.004028 0.003932 
0.001387 -0.004588 0.001737 -0.004467 
0.004418 0.003744 0.003969 0.004217 
-0.000234 0.005125 -0.000686 0.005084 
-0.002106 0.014032 -0.010427 0.009622 
0.006077 0.002797 0.005590 0.003676 
-0.005480 -0.010851 0.000351 -0.012151 
-0.007073 0.006761 -0.008848 0.004178 
0.008091 0.006245 0.005450 0.008647 
0.008130 -0.009219 0.011586 -0.004104 
-0.012983 -0.003474 -0.008683 -0.010259 
-0.010144 0.005831 -0.011678 0.000721 
0.006347 0.009638 0.001551 0.011435 
0.006175 -0.012644 0.012664 -0.006135 
-0.011760 -0.005749 -0.006734 -0.011226 
-0.005188 0.004607 -0.005862 0.003712 
0.009428 -0.007531 0.011861 -0.002217 
-0.003565 -0.003125 -0.003319 -0.003385 
-0.004355 -0.002961 -0.004060 -0.003353 
-0.008038 0.007665 -0.010444 0.003779 
-0.009146 0.006012 -0.010770 0.001948 
0.014349 0.005061 0.006670 0.013675 
0.003930 0.000853 0.003877 0.001065 
0.008342 0.005202 0.006246 0.007593 
0.007424 0.004313 0.006140 0.006001 
-0.002257 -0.015155 0.009164 -0.012280 
0.001442 -0.006059 0.002217 -0.005820 
0.002452 -0.015491 0.013056 -0.008690 
0.002291 -0.013912 0.010416 -0.009502 
-0.009043 -0.001367 -0.008309 -0.003822 
0.007257 0.002905 0.006513 0.004324 
0.001537 -0.003136 0.001664 -0.003070 
0.001272 0.008319 -0.000725 0.008384 
0.006962 -0.005262 0.008067 -0.003329 
0.000025 -0.004490 0.000328 -0.004478 
-0.006535 -0.000986 -0.006321 -0.001931 
-0.000349 0.006723 -0.001365 0.006593 
0.006105 -0.002439 0.006394 -0.001530 
0.007467 0.002636 0.006750 0.004140 
-0.001510 -0.000162 -0.001508 -0.000174 
0.005887 0.006080 0.004268 0.007308 
0.004496 -0.005390 0.005323 -0.004575 
-0.007891 -0.000576 -0.007597 -0.002211 
-0.004358 0.000609 -0.004388 0.000324 
0.005992 -0.007606 0.008054 -0.005375 
-0.003685 0.002091 -0.003805 0.001865 
0.010160 0.000813 0.009269 0.004239 
0.012897 -0.006160 0.013880 0.003409 
0.006712 0.001611 0.006369 0.002661 
0.013904 -0.005655 0.013990 0.005439 
0.007021 -0.003852 0.007682 -0.002262 
0.010784 0.004364 0.007771 0.008658 
0.005450 0.003406 0.004926 0.004127 
0.005215 0.004849 0.004317 0.005663 
0.004145 -0.000667 0.004177 -0.000421 
0.002529 -0.002799 0.002660 -0.002675 
0.003274 0.000884 0.003238 0.001010 
-0.001171 0.001543 -0.001191 0.001528 
-0.004051 -0.007324 -0.002231 -0.008067 
-0.003583 0.002279 -0.003714 0.002058 
-0.002268 -0.000592 -0.002257 -0.000634 
0.004441 0.001032 0.004358 0.001339 
-0.004092 0.008920 -0.006716 0.007155 
0.000079 0.001935 0.000054 0.001936 
0.000063 -0.002041 0.000092 -0.002040 
-0.001562 -0.006602 -0.000526 -0.006764 
0.009840 0.007879 0.004460 0.011791 
0.007176 -0.007389 0.009304 -0.004420 
0.011505 -0.004147 0.012080 0.001907 
-0.008869 -0.009460 -0.002424 -0.012739 
-0.000308 0.010545 -0.004139 0.009704 
0.010524 0.005134 0.007144 0.009278 
0.005952 0.004130 0.005135 0.005110 
-0.000670 0.004909 -0.001072 0.004837 
0.007043 -0.000434 0.007017 0.000745 
0.001023 -0.011017 0.005342 -0.009689 
-0.001787 -0.002169 -0.001728 -0.002216 
0.010815 0.005924 0.006536 0.010457 
0.003630 0.004636 0.003067 0.005026 
0.014103 -0.004561 0.013501 0.006119 
0.006433 -0.011412 0.011616 -0.006058 
0.007153 -0.005925 0.008549 -0.003633 
-0.000574 -0.002582 -0.000513 -0.002595 
-0.003713 0.003917 -0.004079 0.003535 
-0.002167 0.004947 -0.002641 0.004711 
0.007752 0.003988 0.006493 0.005817 
0.003793 -0.011657 0.008959 -0.008367 
0.002154 -0.008091 0.003983 -0.007365 
0.001875 -0.002086 0.001929 -0.002036 
0.006309 -0.002595 0.006636 -0.001580 
-0.011997 -0.001378 -0.009937 -0.006862 
0.000859 -0.003035 0.000960 -0.003005 
-0.007076 -0.008720 -0.002865 -0.010858 
-0.001241 0.000909 -0.001248 0.000899 
0.008711 -0.009985 0.012793 -0.003450 
-0.007971 -0.001200 -0.007522 -0.002899 
0.002118 0.006016 0.001278 0.006249 
0.008125 0.002698 0.007222 0.004597 
0.006289 -0.004019 0.006927 -0.002778 
0.014692 -0.002387 0.012422 0.008200 
-0.006116 -0.004132 -0.005261 -0.005177 
-0.001979 0.002505 -0.002064 0.002435 
0.004539 0.004186 0.003967 0.004731 
0.012207 -0.005792 0.013316 0.002292 
0.003584 -0.012255 0.009443 -0.008595 
0.002853 0.000198 0.002847 0.000276 
-0.000880 0.002854 -0.000966 0.002827 
-0.005247 -0.001858 -0.005025 -0.002393 
0.004352 0.000812 0.004289 0.001096 
0.000520 -0.004851 0.000906 -0.004794 
-0.002778 -0.001803 -0.002710 -0.001904 
0.005150 -0.004181 0.005710 -0.003377 
-0.011348 0.002489 -0.011291 -0.002735 
-0.008131 0.004680 -0.009142 0.002107 
-0.002657 0.000790 -0.002677 0.000721 
0.006248 0.000622 0.006111 0.001442 
0.001113 -0.010288 0.004664 -0.009237 
-0.002962 -0.000345 -0.002951 -0.000433 
-0.006238 -0.006748 -0.004099 -0.008225 
-0.007365 0.004232 -0.008165 0.002340 
-0.002199 0.002136 -0.002265 0.002065 
0.006318 -0.004271 0.007027 -0.002963 
0.002775 -0.005050 0.003320 -0.004709 
-0.004636 -0.007416 -0.002599 -0.008351 
-0.000188 0.001044 -0.000192 0.001044 
-0.004993 -0.007775 -0.002589 -0.008870 
0.000517 -0.004764 0.000882 -0.004710 
-0.002797 -0.002637 -0.002663 -0.002772 
0.002825 -0.002062 0.002907 -0.001944 
0.009499 -0.006891 0.011577 -0.001925 
-0.012194 -0.002806 -0.009135 -0.008550 
0.004302 0.005527 0.003337 0.006158 
-0.001043 -0.002870 -0.000953 -0.002901 
0.001871 0.009624 -0.001281 0.009720 
0.005838 -0.014682 0.014823 -0.005469 
-0.012846 -0.006531 -0.005646 -0.013259 
-0.003344 -0.005896 -0.002398 -0.006340 
0.000393 -0.007276 0.001678 -0.007091 
-0.008219 -0.001367 -0.007680 -0.003230 
0.000292 0.007382 -0.001059 0.007312 
0.011747 -0.003899 0.012144 0.002391 
0.001003 -0.012128 0.006671 -0.010178 
-0.008099 -0.004447 -0.006510 -0.006557 
-0.003642 -0.001016 -0.003589 -0.001189 
0.004542 0.001995 0.004361 0.002363 
0.001070 -0.007164 0.002310 -0.006865 
-0.008972 -0.006978 -0.005205 -0.010105 
0.001884 0.001709 0.001846 0.001750 
0.002056 -0.012642 0.008373 -0.009693 
-0.006658 -0.011826 0.001438 -0.013495 
-0.001981 0.001913 -0.002029 0.001862 
-0.003207 -0.001532 -0.003139 -0.001667 
-0.002201 0.001017 -0.002220 0.000974 
-0.002595 -0.001710 -0.002538 -0.001794 
0.002861 0.007340 0.001279 0.007774 
-0.002458 0.003725 -0.002702 0.003552 
-0.000086 0.006929 -0.001198 0.006825 
-0.000683 -0.001067 -0.000678 -0.001071 
0.013522 0.007055 0.004627 0.014533 
0.008376 -0.008091 0.011082 -0.003579 
0.011344 0.001078 0.009825 0.005771 
0.011984 -0.006165 0.013354 0.001817 
0.007469 -0.003724 0.008129 -0.001890 
0.010548 0.005487 0.006871 0.009704 
0.007463 0.002306 0.006837 0.003777 
0.009578 0.002207 0.008374 0.005147 
0.002001 -0.008059 0.003799 -0.007384 
0.002808 -0.003690 0.003067 -0.003478 
0.000841 -0.003778 0.001030 -0.003731 
0.012064 -0.002266 0.011649 0.003869 
-0.007855 -0.008783 -0.003065 -0.011377 
-0.000970 0.000075 -0.000970 0.000072 
0.002857 -0.004405 0.003252 -0.004122 
0.000035 -0.012136 0.005795 -0.010663 
-0.013090 -0.000928 -0.010451 -0.007937 
-0.004824 0.003643 -0.005234 0.003024 
-0.010364 0.006864 -0.012404 0.000816 
0.006391 -0.003914 0.007012 -0.002645 
-0.000578 -0.003114 -0.000472 -0.003131 
0.004168 -0.008131 0.006257 -0.006659 
-0.016140 0.003201 -0.012435 -0.010777 
-0.004060 0.013307 -0.011289 0.008132 
-0.000232 0.011123 -0.004706 0.010081 
0.001368 0.003755 0.001164 0.003823 
0.002182 -0.002993 0.002318 -0.002889 
-0.013897 -0.002334 -0.009472 -0.010434 
-0.012697 -0.003600 -0.008595 -0.010015 
-0.003897 -0.000751 -0.003852 -0.000956 
-0.001931 0.000720 -0.001941 0.000693 
0.001428 0.007695 -0.000175 0.007825 
-0.003998 -0.003490 -0.003650 -0.003852 
-0.003188 0.001435 -0.003244 0.001303 
0.004625 -0.009995 0.008209 -0.007343 
-0.002202 -0.002470 -0.002110 -0.002549 
0.006307 -0.000493 0.006316 0.000357 
-0.005944 -0.006715 -0.003936 -0.008058 
-0.005500 -0.000494 -0.005420 -0.001054 
0.000920 0.001775 0.000896 0.001787 
-0.008769 -0.002356 -0.007790 -0.004665 
-0.009026 -0.002192 -0.008022 -0.004681 
-0.008699 0.007836 -0.011275 0.003153 
-0.002282 0.000692 -0.002295 0.000648 
0.006924 -0.002822 0.007329 -0.001479 
0.004249 0.003156 0.003933 0.003541 
0.006958 0.002536 0.006375 0.003768 
0.005164 -0.010111 0.008931 -0.007010 
-0.001508 -0.003636 -0.001317 -0.003709 
0.003143 0.004468 0.002679 0.004760 
-0.005658 0.004255 -0.006291 0.003247 
0.005376 0.001206 0.005225 0.001747 
-0.006749 -0.000914 -0.006526 -0.001951 
-0.003901 0.005811 -0.004801 0.005093 
0.007971 -0.003845 0.008697 -0.001639 
-0.010312 -0.006236 -0.006184 -0.010344 
-0.004946 -0.001877 -0.004748 -0.002333 
0.002721 -0.009115 0.005326 -0.007882 
0.000485 0.002828 0.000406 0.002841 
0.006003 -0.006747 0.007605 -0.004870 
-0.003726 -0.006734 -0.002321 -0.007338 
-0.006414 0.006735 -0.008075 0.004614 
0.002814 0.006836 0.001518 0.007235 
0.005380 -0.003905 0.005899 -0.003066 
0.008095 0.001287 0.007601 0.003067 
0.002604 0.004198 0.002251 0.004397 
-0.002429 -0.002562 -0.002320 -0.002662 
-0.003488 -0.007718 -0.001545 -0.008327 
-0.000110 -0.004635 0.000225 -0.004631 
-0.003415 0.001864 -0.003505 0.001688 
0.007879 -0.004307 0.008744 -0.002041 
0.009306 0.003319 0.007741 0.006140 
-0.003597 -0.015521 0.009326 -0.012918 
-0.005867 -0.004775 -0.004847 -0.005809 
-0.004079 -0.002330 -0.003895 -0.002625 
-0.005047 -0.000206 -0.005010 -0.000637 
0.000627 -0.007392 0.001976 -0.007151 
-0.006279 -0.000521 -0.006154 -0.001352 
-0.004738 0.010800 -0.009096 0.007507 
-0.002035 0.009062 -0.004540 0.008102 
-0.004749 0.002349 -0.004949 0.001892 
0.002311 -0.003889 0.002573 -0.003721 
-0.000359 0.001995 -0.000387 0.001990 
-0.000511 -0.004092 -0.000277 -0.004115 
-0.000061 0.008671 -0.002227 0.008380 
0.007371 -0.001599 0.007541 -0.000169 
-0.004017 -0.000970 -0.003955 -0.001199 
0.012062 0.002745 0.009152 0.008323 
-0.002723 -0.015339 0.009303 -0.012497 
-0.001104 -0.005551 -0.000502 -0.005637 
0.005658 -0.001267 0.005765 -0.000621 
0.005825 0.002431 0.005449 0.003187 
-0.005559 0.001225 -0.005659 0.000614 
0.004191 0.009377 0.000675 0.010249 
-0.001770 0.001211 -0.001789 0.001183 
-0.003318 -0.000226 -0.003308 -0.000349 
0.004991 0.000629 0.004919 0.001050 
-0.008521 0.001761 -0.008689 -0.000440 
0.013866 -0.004039 0.013202 0.005856 
0.002641 0.001863 0.002574 0.001954 
-0.000616 0.010790 -0.004696 0.009734 
-0.000913 0.008702 -0.003097 0.008183 
-0.003165 -0.002224 -0.003049 -0.002380 
0.005277 0.015360 -0.008566 0.013799 
0.012447 0.005554 0.006853 0.011782 
0.012106 0.000398 0.010476 0.006080 
-0.008338 -0.009321 -0.002537 -0.012246 
-0.000898 -0.000126 -0.000898 -0.000128 
-0.007279 -0.011851 0.001377 -0.013839 
-0.016117 0.005224 -0.013476 -0.010269 
-0.001507 -0.001091 -0.001494 -0.001108 
-0.007829 -0.009196 -0.002578 -0.011799 
-0.009282 -0.002113 -0.008221 -0.004799 
-0.011755 -0.003670 -0.008471 -0.008939 
-0.004592 -0.000001 -0.004581 -0.000326 
-0.000416 -0.003944 -0.000207 -0.003961 
0.003605 0.001377 0.003532 0.001555 
-0.008531 -0.006291 -0.005610 -0.008993 
-0.010700 -0.004800 -0.007437 -0.009067 
-0.010800 -0.000248 -0.009886 -0.004357 
-0.009000 -0.002188 -0.008007 -0.004657 
-0.002202 -0.000689 -0.002189 -0.000728 
-0.008054 0.000093 -0.007883 -0.001652 
0.003209 0.006607 0.001965 0.007077 
0.004143 0.015496 -0.009100 0.013208 
0.013249 0.003260 0.008831 0.010401 
0.012841 0.003636 0.008560 0.010240 
0.010883 -0.001257 0.010503 0.003115 
0.005960 -0.006472 0.007424 -0.004722 
-0.003494 -0.001692 -0.003404 -0.001867 
0.002365 0.002501 0.002263 0.002594 
-0.004446 0.008765 -0.007009 0.006890 
-0.007363 0.001082 -0.007436 -0.000299 
0.002762 -0.005308 0.003379 -0.004938 
0.000937 0.003124 0.000825 0.003156 
-0.007709 -0.001227 -0.007298 -0.002769 
0.006639 0.012639 -0.002853 0.013988 
0.003229 -0.006809 0.004461 -0.006073 
-0.002853 -0.001327 -0.002807 -0.001421 
-0.002088 0.010154 -0.005542 0.008761 
0.005926 -0.005503 0.006984 -0.004079 
-0.004047 -0.008473 -0.001397 -0.009285 
0.003928 0.002643 0.003718 0.002931 
0.002215 -0.014291 0.010927 -0.009473 
0.007602 -0.002442 0.007947 -0.000770 
0.007385 -0.009527 0.010992 -0.004949 
-0.000394 -0.004270 -0.000129 -0.004287 
0.003018 -0.003342 0.003238 -0.003129 
0.000936 0.002116 0.000898 0.002133 
-0.006179 -0.005055 -0.004963 -0.006253 
0.007918 0.005494 0.005849 0.007660 
0.006907 -0.007755 0.009207 -0.004803 
-0.005661 -0.014561 0.006786 -0.014072 
-0.002823 0.006156 -0.003735 0.005650 
0.004810 0.008070 0.002242 0.009124 
0.001048 0.004970 0.000614 0.005042 
-0.004764 0.001903 -0.004914 0.001475 
0.007131 0.000315 0.006973 0.001525 
0.001561 -0.007392 0.002942 -0.006958 
-0.010683 -0.008097 -0.004196 -0.012731 
0.006896 0.001608 0.006529 0.002742 
0.007444 -0.004057 0.008198 -0.002159 
0.007820 -0.008490 0.010724 -0.004268 
-0.001068 -0.004411 -0.000760 -0.004474 
0.004905 0.000264 0.004868 0.000660 
0.008216 0.007926 0.004079 0.010662 
-0.004778 -0.004758 -0.003998 -0.005429 
-0.002640 0.002817 -0.002778 0.002681 
0.007480 0.002029 0.006922 0.003487 
0.008874 -0.004785 0.009964 -0.001536 
0.008699 -0.008200 0.011504 -0.003253 
-0.012336 -0.003089 -0.008961 -0.009023 
-0.010158 0.006048 -0.011795 0.000795 
0.000472 0.004288 0.000203 0.004309 
0.001827 -0.008116 0.003649 -0.007477 
-0.004764 0.005200 -0.005563 0.004335 
0.001633 0.005477 0.001023 0.005623 
-0.006207 0.003610 -0.006737 0.002485 
0.005629 0.006454 0.003884 0.007633 
-0.003024 0.001973 -0.003107 0.001839 
0.002994 0.003979 0.002652 0.004215 
-0.004171 -0.000969 -0.004103 -0.001224 
0.000036 -0.000586 0.000036 -0.000586 
-0.002429 0.004982 -0.002929 0.004705 
0.002995 -0.004539 0.003431 -0.004219 
-0.003635 -0.000695 -0.003599 -0.000862 
0.015333 -0.000770 0.011318 0.010373 
0.004932 -0.012854 0.011611 -0.007400 
0.005762 -0.003708 0.006273 -0.002757 
0.011666 -0.003715 0.012010 0.002377 
-0.005704 -0.008574 -0.002355 -0.010025 
-0.006405 0.000512 -0.006414 -0.000379 
0.003198 -0.004465 0.003633 -0.004118 
0.003133 -0.007297 0.004598 -0.006475 
-0.008465 -0.008497 -0.003546 -0.011457 
-0.006877 0.008552 -0.009689 0.005153 
-0.012640 0.006275 -0.013807 -0.002920 
-0.007904 0.003453 -0.008512 0.001390 
-0.007300 -0.006814 -0.004653 -0.008835 
-0.001008 0.008842 -0.003298 0.008265 
-0.002636 0.006238 -0.003562 0.005759 
-0.003533 0.013805 -0.011448 0.008486 
-0.003123 0.000570 -0.003141 0.000464 
-0.001877 -0.002279 -0.001809 -0.002333 
0.003354 0.006871 0.001948 0.007394 
-0.000861 0.002723 -0.000935 0.002699 
-0.003803 -0.002890 -0.003571 -0.003173 
0.006730 -0.001119 0.006822 -0.000056 
-0.004656 -0.004656 -0.003930 -0.005283 
-0.005496 -0.004996 -0.004481 -0.005924 
-0.003716 0.005205 -0.004394 0.004647 
-0.005268 -0.002851 -0.004887 -0.003464 
-0.003673 -0.002535 -0.003495 -0.002775 
-0.012162 0.005541 -0.013166 -0.002297 
-0.007636 0.008386 -0.010447 0.004416 
-0.009229 -0.002376 -0.008089 -0.005040 
-0.004354 -0.006911 -0.002709 -0.007707 
-0.005311 -0.004484 -0.004516 -0.005284 
0.008058 0.006783 0.005034 0.009252 
-0.008441 -0.008459 -0.003582 -0.011401 
0.000754 0.008848 -0.001590 0.008737 
0.010851 -0.006252 0.012524 0.000055 
-0.002373 -0.001522 -0.002332 -0.001585 
0.008783 0.006836 0.005269 0.009804 
0.007388 0.005429 0.005582 0.007273 
0.006554 0.005997 0.004753 0.007505 
0.003006 0.002667 0.002857 0.002826 
0.006929 0.007774 0.003703 0.009733 
0.014944 -0.001856 0.012092 0.008975 
-0.006804 -0.003066 -0.006115 -0.004278 
-0.003134 0.013682 -0.010883 0.008865 
-0.001534 0.002718 -0.001622 0.002667 
0.000134 -0.008402 0.002105 -0.008135 
-0.006816 -0.005392 -0.005244 -0.006931 
-0.001238 -0.007406 0.000179 -0.007507 
0.006722 0.002690 0.006147 0.003827 
0.007657 -0.002676 0.008057 -0.000932 
0.004474 0.001081 0.004385 0.001397 
-0.005117 -0.005501 -0.003988 -0.006367 
0.005206 -0.002166 0.005407 -0.001599 
-0.003810 -0.002757 -0.003595 -0.003032 
0.001173 0.009398 -0.001670 0.009323 
0.007590 -0.011744 0.013183 -0.004663 
-0.003057 -0.007858 -0.001111 -0.008358 
0.000685 -0.011795 0.005943 -0.010211 
-0.014359 0.001634 -0.012020 -0.008023 
-0.010252 0.004530 -0.011208 -0.000068 
-0.001821 0.001116 -0.001837 0.001088 
0.000572 -0.002522 0.000629 -0.002509 
0.003325 0.005763 0.002434 0.006192 
0.000643 -0.005124 0.001100 -0.005046 
-0.003840 0.003534 -0.004147 0.003169 
-0.000017 0.002900 -0.000099 0.002898 
-0.004638 0.014300 -0.013209 0.007178 
0.015257 -0.004487 0.013441 0.008499 
0.004066 -0.003424 0.004372 -0.003023 
-0.007406 0.003775 -0.008076 0.001970 
0.003100 0.002894 0.002920 0.003076 
-0.006431 0.003934 -0.007061 0.002642 
-0.010828 0.000125 -0.010047 -0.004042 
-0.008305 0.006868 -0.010294 0.003191 
0.005011 -0.000791 0.005060 -0.000356 
-0.003306 0.004476 -0.003753 0.004109 
0.004067 0.002572 0.003854 0.002880 
0.000611 0.004827 0.000226 0.004860 
-0.008117 0.004657 -0.009119 0.002103 
0.000240 0.001510 0.000228 0.001512 
-0.005185 -0.012428 0.002861 -0.013159 
-0.004923 -0.007864 -0.002475 -0.008942 
-0.004293 -0.006881 -0.002680 -0.007654 
-0.000885 0.004972 -0.001308 0.004878 
0.002668 -0.005353 0.003291 -0.004994 
0.000264 -0.004207 0.000515 -0.004184 
-0.004375 0.003319 -0.004689 0.002859 
-0.004423 0.003960 -0.004860 0.003410 
0.007612 0.003006 0.006749 0.004629 
0.001643 0.002862 0.001538 0.002920 
0.000946 0.001702 0.000924 0.001714 
-0.005190 -0.002065 -0.004945 -0.002596 
0.003602 -0.005272 0.004288 -0.004730 
-0.011569 0.005894 -0.012925 -0.001235 
-0.006321 0.000932 -0.006389 0.000059 
0.003595 -0.004126 0.003991 -0.003744 
0.000395 -0.010255 0.003925 -0.009482 
-0.005164 0.003452 -0.005567 0.002756 
0.002237 0.002248 0.002160 0.002323 
0.002228 0.002383 0.002141 0.002461 
0.005448 -0.006843 0.007009 -0.005233 
-0.008092 -0.008123 -0.003842 -0.010803 
0.005923 0.002898 0.005438 0.003730 
0.006791 -0.004780 0.007708 -0.003092 
0.002925 -0.002895 0.003085 -0.002724 
-0.011852 0.003520 -0.012052 -0.002759 
0.009733 0.006403 0.005918 0.010035 
-0.006065 -0.014141 0.005856 -0.014229 
-0.011934 0.002143 -0.011524 -0.003772 
0.000931 -0.004413 0.001230 -0.004339 
0.000954 -0.000899 0.000959 -0.000894 
0.012521 -0.008252 0.014772 0.002580 
0.003516 -0.013378 0.010835 -0.008598 
-0.004737 -0.014559 0.006977 -0.013628 
-0.006976 -0.004680 -0.005681 -0.006188 
0.002112 -0.002107 0.002174 -0.002043 
-0.001778 -0.007744 -0.000107 -0.007944 
0.007881 -0.000529 0.007819 0.001123 
-0.006753 -0.003869 -0.005832 -0.005154 
0.013188 0.006476 0.005571 0.013595 
0.002513 -0.002732 0.002637 -0.002613 
-0.000297 0.006947 -0.001417 0.006808 
0.004388 0.000345 0.004357 0.000629 
-0.001967 -0.002638 -0.001870 -0.002708 
0.002832 0.004194 0.002461 0.004422 
-0.002396 0.001451 -0.002433 0.001387 
0.005389 -0.005465 0.006359 -0.004299 
0.003139 0.000303 0.003127 0.000408 
-0.005127 -0.002403 -0.004839 -0.002941 
-0.004002 -0.002016 -0.003857 -0.002281 
0.000749 0.007291 -0.000572 0.007307 
0.011787 -0.005193 0.012750 0.001829 
-0.006288 -0.011242 0.000612 -0.012866 
-0.000081 -0.007068 0.001101 -0.006982 
0.001867 0.003916 0.001615 0.004026 
0.007963 0.005924 0.005605 0.008190 
0.013932 0.002597 0.009255 0.010734 
0.004002 -0.000245 0.004009 -0.000028 
-0.007638 -0.004194 -0.006332 -0.005986 
-0.001041 0.004038 -0.001275 0.003970 
0.006672 -0.007093 0.008558 -0.004646 
-0.001149 -0.010666 0.002959 -0.010312 
-0.011252 -0.000775 -0.009918 -0.005370 
-0.004507 -0.003943 -0.004001 -0.004456 
0.000531 -0.006582 0.001486 -0.006434 
0.003633 -0.013357 0.010924 -0.008502 
0.008606 -0.003618 0.009284 -0.000979 
0.001845 0.004462 0.001490 0.004593 
-0.002726 0.000176 -0.002730 0.000107 
0.006751 0.002364 0.006247 0.003484 
0.003849 -0.012680 0.010253 -0.008394 
-0.004350 0.004771 -0.004974 0.004117 
0.012811 0.007059 0.004991 0.013749 
0.010708 0.001923 0.009127 0.005921 
0.001888 -0.003272 0.002043 -0.003177 
0.002751 -0.002073 0.002832 -0.001962 
-0.011724 0.003280 -0.011867 -0.002720 
-0.003463 0.002947 -0.003660 0.002699 
-0.003449 0.000554 -0.003469 0.000412 
0.005173 0.003033 0.004770 0.003635 
-0.002381 -0.002263 -0.002298 -0.002348 
-0.002594 -0.000989 -0.002567 -0.001056 
0.007028 -0.007876 0.009422 -0.004760 
0.001263 0.001740 0.001236 0.001760 
-0.000229 -0.010485 0.003575 -0.009860 
-0.012105 -0.001962 -0.009642 -0.007577 
-0.004135 0.004775 -0.004737 0.004179 
0.007186 -0.000214 0.007115 0.001031 
0.000965 -0.005654 0.001583 -0.005513 
0.002174 0.000111 0.002171 0.000145 
0.004772 0.006651 0.003166 0.007549 
-0.002580 -0.007082 -0.001189 -0.007443 
-0.010876 0.005332 -0.012105 -0.000451 
0.011340 0.008401 0.003681 0.013624 
0.006502 -0.011196 0.011475 -0.005994 
0.002000 -0.002759 0.002106 -0.002679 
0.001049 0.002508 0.000987 0.002534 
-0.007493 -0.001424 -0.007074 -0.002852 
-0.009927 0.005260 -0.011212 0.000709 
-0.001657 -0.002493 -0.001581 -0.002541 
-0.008179 -0.006053 -0.005625 -0.008480 
-0.004216 -0.000167 -0.004198 -0.000418 
0.009328 0.002901 0.007938 0.005693 
0.001060 -0.002793 0.001144 -0.002760 
-0.006355 0.010605 -0.010746 0.006114 
-0.002961 0.007892 -0.004744 0.006967 
-0.002017 0.012580 -0.008251 0.009708 
0.010542 0.006016 0.006418 0.010302 
0.008772 0.002113 0.007875 0.004405 
0.007723 0.007066 0.004663 0.009372 
0.007698 0.007481 0.004303 0.009834 
0.003695 0.007410 0.001905 0.008058 
-0.002856 0.003703 -0.003120 0.003483 
-0.000339 0.003872 -0.000535 0.003849 
-0.011082 0.004146 -0.011757 -0.001328 
0.001508 0.006380 0.000574 0.006531 
-0.001761 0.002126 -0.001815 0.002080 
0.005390 0.008158 0.002538 0.009442 
-0.003990 0.003397 -0.004286 0.003015 
0.005130 0.001653 0.004945 0.002145 
-0.002414 -0.006839 -0.001174 -0.007157 
0.000262 0.006344 -0.000597 0.006321 
-0.001043 0.002834 -0.001129 0.002800 
0.008502 0.006774 0.005221 0.009535 
0.001973 -0.000959 0.001989 -0.000927 
-0.004105 -0.006621 -0.002679 -0.007316 
-0.004800 -0.012692 0.003452 -0.013123 
-0.015714 0.003510 -0.012804 -0.009763 
-0.002216 0.014607 -0.011425 0.009367 
-0.004968 0.006275 -0.006194 0.005069 
-0.002567 -0.002452 -0.002461 -0.002559 
-0.006733 0.005355 -0.007844 0.003533 
0.001145 0.007887 -0.000551 0.007951 
0.010867 -0.005583 0.012213 0.000330 
-0.007210 -0.001248 -0.006870 -0.002518 
0.005392 0.015472 -0.008798 0.013822 
0.002972 0.006546 0.001796 0.006961 
-0.002115 0.000368 -0.002121 0.000335 
-0.007896 -0.004780 -0.006225 -0.006815 
-0.008313 0.002894 -0.008778 0.000656 
-0.002750 0.004783 -0.003224 0.004477 
-0.008666 0.005219 -0.009918 0.001992 
-0.005293 -0.001070 -0.005163 -0.001582 
-0.002213 0.004870 -0.002671 0.004635 
-0.002212 0.002710 -0.002321 0.002616 
-0.011238 0.006868 -0.013162 -0.000452 
-0.001385 0.010918 -0.005594 0.009478 
0.002120 0.006703 0.000982 0.006961 
0.001455 -0.000297 0.001457 -0.000287 
-0.010607 0.000207 -0.009934 -0.003724 
-0.005756 -0.000814 -0.005627 -0.001461 
-0.001503 -0.005728 -0.000819 -0.005865 
-0.005268 -0.006916 -0.003361 -0.008018 
-0.003319 0.013140 -0.010311 0.008795 
-0.007715 -0.001404 -0.007263 -0.002957 
-0.014204 -0.003355 -0.008517 -0.011852 
-0.015117 0.006595 -0.014452 -0.007947 
-0.000471 0.003496 -0.000616 0.003474 
0.002756 -0.001807 0.002820 -0.001705 
-0.002116 0.000846 -0.002130 0.000809 
0.000638 -0.001968 0.000666 -0.001959 
0.000377 -0.005545 0.000949 -0.005476 
0.002612 -0.015379 0.013007 -0.008612 
0.006279 -0.012894 0.013057 -0.005932 
0.007145 -0.002596 0.007512 -0.001168 
0.007031 -0.007758 0.009353 -0.004706 
-0.008100 -0.004951 -0.006254 -0.007141 
-0.002989 -0.003769 -0.002687 -0.003990 
-0.001727 0.003722 -0.001934 0.003618 
0.003276 0.002173 0.003159 0.002340 
0.000538 0.006834 -0.000543 0.006833 
0.004453 -0.005272 0.005237 -0.004495 
0.000636 0.006798 -0.000433 0.006814 
0.005894 -0.004835 0.006721 -0.003599 
0.001517 -0.004501 0.001854 -0.004373 
0.000076 -0.003099 0.000176 -0.003094 
-0.007780 0.007663 -0.010153 0.004021 
0.008527 0.000160 0.008235 0.002219 
-0.003521 -0.011740 0.002597 -0.011979 
-0.004141 -0.003181 -0.003832 -0.003547 
0.003914 0.000800 0.003866 0.001008 
-0.015411 0.000831 -0.011329 -0.010481 
-0.008680 0.007471 -0.011038 0.003054 
-0.007200 -0.002985 -0.006445 -0.004383 
-0.002295 -0.004820 -0.001824 -0.005017 
0.001985 -0.003284 0.002145 -0.003182 
0.000962 0.003575 0.000796 0.003615 
0.003227 -0.003792 0.003531 -0.003511 
-0.007077 -0.002803 -0.006401 -0.004119 
-0.005138 0.011275 -0.010031 0.007273 
-0.002163 0.005673 -0.002848 0.005363 
0.006592 0.001250 0.006328 0.002229 
0.002544 -0.011430 0.007361 -0.009107 
-0.014310 0.001420 -0.011901 -0.008072 
-0.002828 0.001308 -0.002869 0.001215 
0.001822 -0.003183 0.001964 -0.003098 
0.004952 0.000214 0.004918 0.000622 
-0.000965 0.001173 -0.000974 0.001165 
0.002583 -0.005354 0.003199 -0.005010 
0.008874 -0.007512 0.011270 -0.002857 
-0.012024 -0.001335 -0.009968 -0.006855 
-0.004119 0.012963 -0.010898 0.008139 
0.005768 0.004618 0.004829 0.005593 
-0.005596 -0.003069 -0.005125 -0.003804 
0.006795 0.001576 0.006448 0.002661 
-0.005715 -0.012738 0.003227 -0.013583 
-0.013582 -0.002325 -0.009525 -0.009958 
-0.000857 -0.000105 -0.000856 -0.000107 
0.005206 -0.010585 0.009417 -0.007102 
0.002761 -0.007826 0.004482 -0.006984 
0.000420 -0.014881 0.010395 -0.010657 
-0.012272 0.002024 -0.011656 -0.004339 
0.004876 0.015557 -0.009064 0.013552 
0.015350 -0.006101 0.014180 0.008473 
0.006068 0.000528 0.005955 0.001278 
0.006436 0.004682 0.005302 0.005937 
0.001276 0.002110 0.001233 0.002136 
0.003695 0.007889 0.001585 0.008566 
0.000682 0.001150 0.000675 0.001154 
0.000789 0.006773 -0.000275 0.006814 
0.004017 -0.001806 0.004126 -0.001540 
-0.005372 -0.002133 -0.005099 -0.002722 
-0.000473 -0.001717 -0.000454 -0.001722 
-0.002648 -0.003421 -0.002428 -0.003581 
-0.000028 -0.010624 0.003908 -0.009879 
-0.004775 0.013402 -0.012140 0.007417 
0.012275 0.004879 0.007525 0.010856 
0.006820 -0.000977 0.006889 0.000119 
0.002075 -0.003789 0.002308 -0.003652 
-0.004363 -0.011615 0.001952 -0.012253 
-0.009286 -0.002051 -0.008247 -0.004735 
-0.006507 -0.005394 -0.005038 -0.006786 
-0.009347 -0.001665 -0.008425 -0.004377 
0.003618 0.016079 -0.010508 0.012696 
0.007767 0.007654 0.004177 0.010073 
-0.001646 0.003410 -0.001808 0.003327 
-0.012123 0.004099 -0.012477 -0.002847 
0.001267 -0.000551 0.001270 -0.000543 
-0.005275 -0.006506 -0.003610 -0.007558 
-0.005356 -0.000047 -0.005326 -0.000562 
-0.000452 0.004202 -0.000703 0.004167 
0.006330 0.002649 0.005833 0.003613 
-0.000701 -0.009094 0.001836 -0.008935 
-0.002663 -0.002165 -0.002576 -0.002269 
-0.007344 -0.004781 -0.005881 -0.006497 
0.009688 0.007283 0.005081 0.011004 
0.008318 -0.006650 0.010194 -0.003079 
0.002796 -0.000155 0.002799 -0.000081 
-0.001531 -0.003418 -0.001368 -0.003486 
-0.015223 0.002360 -0.012323 -0.009244 
0.006590 0.002325 0.006121 0.003370 
-0.000889 -0.001004 -0.000883 -0.001009 
0.001346 -0.003146 0.001469 -0.003090 
-0.008128 -0.000111 -0.007904 -0.001898 
-0.000437 0.004427 -0.000730 0.004388 
-0.003247 -0.006120 -0.002222 -0.006562 
-0.004978 0.004357 -0.005563 0.003581 
0.007507 -0.001062 0.007571 0.000399 
-0.005083 -0.011019 0.000760 -0.012111 
-0.010629 0.004606 -0.011574 -0.000486 
-0.000957 0.002265 -0.001003 0.002245 
-0.010837 0.004908 -0.011882 -0.000599 
-0.001451 0.011811 -0.006700 0.009834 
0.008559 -0.009192 0.012031 -0.003603 
-0.004614 0.006504 -0.005889 0.005377 
0.000993 0.005595 0.000381 0.005670 
-0.004637 -0.002799 -0.004339 -0.003242 
-0.006725 -0.003620 -0.005892 -0.004860 
-0.003594 -0.000801 -0.003554 -0.000964 
-0.002652 -0.001644 -0.002597 -0.001730 
-0.002960 0.014321 -0.011656 0.008830 
-0.000295 0.002523 -0.000350 0.002516 
0.005430 -0.002907 0.005756 -0.002193 
0.007264 0.000797 0.007005 0.002081 
0.000273 -0.002755 0.000344 -0.002747 
-0.002069 0.004190 -0.002371 0.004027 
0.003379 0.012765 -0.004243 0.012504 
0.014085 -0.003087 0.012770 0.006696 
-0.007992 -0.002153 -0.007290 -0.003920 
-0.003720 0.011731 -0.008964 0.008431 
0.002980 0.015223 -0.008954 0.012667 
0.013857 0.002726 0.009166 0.010744 
0.007699 -0.011608 0.013163 -0.004556 
-0.007362 -0.005041 -0.005768 -0.006808 
-0.001304 -0.002787 -0.001214 -0.002827 
-0.002921 -0.002712 -0.002772 -0.002864 
-0.002585 -0.006704 -0.001388 -0.007050 
-0.003927 0.001828 -0.004035 0.001577 
-0.002177 -0.004604 -0.001768 -0.004776 
0.003151 -0.001429 0.003206 -0.001302 
0.001167 -0.000666 0.001171 -0.000659 
-0.007678 -0.007596 -0.004194 -0.009953 
0.000056 -0.000002 0.000056 -0.000002 
-0.003908 -0.001562 -0.003808 -0.001792 
0.006759 0.013838 -0.005175 0.014505 
-0.000455 0.007726 -0.001990 0.007479 
-0.002515 0.013416 -0.009900 0.009397 
-0.000168 0.011740 -0.005396 0.010428 
0.012661 0.008319 0.003280 0.014790 
0.005086 -0.006152 0.006277 -0.004931 
-0.004341 -0.003988 -0.003847 -0.004467 
0.005010 0.011794 -0.001916 0.012670 
-0.005419 -0.005179 -0.004350 -0.006104 
0.005813 0.003693 0.005154 0.004568 
0.006488 -0.001865 0.006697 -0.000853 
0.004303 0.006223 0.003034 0.006930 
-0.008505 -0.006723 -0.005263 -0.009478 
0.004367 0.014614 -0.007196 0.013448 
0.014097 0.004463 0.007468 0.012762 
0.008476 0.000894 0.008009 0.002916 
0.001802 0.001953 0.001755 0.001995 
0.007361 0.006677 0.004784 0.008711 
0.003291 -0.001476 0.003352 -0.001331 
-0.008312 -0.005257 -0.006198 -0.007636 
-0.011231 0.001712 -0.010911 -0.003166 
-0.000851 0.006883 -0.001947 0.006657 
0.008084 0.009164 0.002679 0.011923 
0.003568 -0.003538 0.003855 -0.003223 
-0.007813 0.002519 -0.008179 0.000701 
0.005610 -0.003523 0.006067 -0.002661 
-0.011678 -0.004448 -0.007878 -0.009700 
-0.009118 -0.002251 -0.008063 -0.004816 
0.002450 0.009037 -0.000280 0.009360 
-0.007625 -0.002427 -0.006931 -0.003999 
-0.002762 0.012734 -0.009202 0.009225 
0.000905 0.006253 0.000061 0.006318 
0.005630 -0.003579 0.006100 -0.002700 
-0.008298 0.005426 -0.009609 0.002441 
0.004792 0.005985 0.003524 0.006809 
-0.001111 0.004785 -0.001495 0.004679 
0.000209 -0.005391 0.000734 -0.005345 
-0.007585 0.003145 -0.008098 0.001361 
-0.000763 -0.002358 -0.000715 -0.002373 
0.000846 0.002616 0.000780 0.002636 
-0.001855 -0.005431 -0.001244 -0.005603 
-0.001012 0.010738 -0.005028 0.009542 
0.005073 0.003801 0.004515 0.004449 
-0.002162 0.001210 -0.002187 0.001166 
0.001330 0.015289 -0.009942 0.011691 
0.010757 0.000069 0.009928 0.004143 
-0.002720 -0.004921 -0.002183 -0.005182 
-0.004421 0.011157 -0.009105 0.007818 
-0.002601 0.008591 -0.004805 0.007582 
0.005176 0.005072 0.004205 0.005902 
-0.000847 -0.010258 0.002782 -0.009910 
0.001493 -0.010462 0.005223 -0.009187 
-0.013456 -0.007874 -0.003472 -0.015199 
-0.004491 0.006740 -0.005856 0.005595 
0.001312 0.000126 0.001311 0.000134 
-0.005238 -0.000334 -0.005185 -0.000816 
0.002950 -0.008608 0.005201 -0.007467 
-0.002937 -0.005558 -0.002175 -0.005898 
-0.006466 0.006673 -0.008105 0.004544 
-0.002342 0.002190 -0.002416 0.002107 
-0.007734 0.001253 -0.007827 -0.000358 
0.007278 0.013586 -0.004650 0.014695 
0.011098 0.007442 0.004957 0.012409 
0.004698 0.002007 0.004504 0.002411 
-0.000068 -0.008443 0.001937 -0.008218 
-0.007924 -0.000691 -0.007600 -0.002348 
-0.000852 0.004322 -0.001132 0.004257 
0.006076 0.002095 0.005727 0.002916 
-0.001476 -0.007335 -0.000079 -0.007482 
-0.004971 0.003469 -0.005360 0.002831 
-0.010324 0.005522 -0.011702 0.000358 
0.005450 0.003107 0.004993 0.003798 
0.003073 -0.004587 0.003526 -0.004249 
0.007361 -0.004209 0.008154 -0.002325 
0.005544 0.003984 0.004855 0.004800 
0.007692 -0.004297 0.008540 -0.002168 
-0.007715 0.001093 -0.007777 -0.000493 
0.004339 -0.000729 0.004378 -0.000445 
-0.006384 -0.004249 -0.005426 -0.005420 
-0.003680 -0.007014 -0.002131 -0.007628 
0.000740 0.003988 0.000519 0.004022 
-0.003888 -0.011850 0.002547 -0.012209 
-0.015862 0.001308 -0.011437 -0.011068 
-0.009007 0.005657 -0.010463 0.001911 
-0.000668 0.001660 -0.000686 0.001653 
0.003464 -0.010304 0.007179 -0.008162 
-0.006536 -0.004979 -0.005249 -0.006321 
0.005639 0.007089 0.003496 0.008357 
-0.001969 -0.005886 -0.001193 -0.006091 
-0.002003 0.001522 -0.002035 0.001479 
-0.008518 0.008220 -0.011320 0.003461 
0.011779 -0.000187 0.010605 0.005129 
-0.001055 -0.011412 0.003921 -0.010769 
-0.007584 -0.002080 -0.006992 -0.003600 
-0.011353 -0.004176 -0.008036 -0.009042 
-0.000187 0.001657 -0.000203 0.001655 
0.000159 -0.015252 0.010858 -0.010712 
-0.007507 -0.008765 -0.002975 -0.011151 
0.003513 -0.004537 0.003992 -0.004121 
0.000735 0.001461 0.000722 0.001467 
0.003913 -0.002358 0.004069 -0.002078 
0.006443 0.004934 0.005203 0.006228 
-0.006722 -0.013259 0.004014 -0.014314 
0.001199 -0.004265 0.001477 -0.004177 
0.007586 -0.001856 0.007805 -0.000274 
-0.000305 0.003707 -0.000476 0.003689 
0.003666 0.002179 0.003526 0.002399 
0.001694 -0.002257 0.001754 -0.002211 
0.006785 -0.000083 0.006717 0.000963 
-0.000035 -0.010872 0.004173 -0.010039 
-0.006856 -0.006847 -0.004393 -0.008637 
0.001873 0.006698 0.000764 0.006913 
0.006182 -0.008922 0.009145 -0.005847 
0.007736 -0.003546 0.008363 -0.001577 
0.007612 -0.009586 0.011293 -0.004723 
-0.000836 -0.004920 -0.000422 -0.004973 
0.004459 -0.006244 0.005599 -0.005246 
-0.000600 -0.008643 0.001576 -0.008519 
-0.010898 0.000255 -0.010140 -0.004003 
-0.001932 0.000738 -0.001942 0.000710 
0.007088 -0.008188 0.009689 -0.004838 
0.006393 -0.010021 0.010266 -0.005990 
-0.006045 -0.010200 -0.000741 -0.011834 
-0.011185 0.004970 -0.012195 -0.001042 
-0.001630 0.009541 -0.004504 0.008568 
-0.001991 0.003304 -0.002154 0.003201 
-0.007835 0.004259 -0.008682 0.002039 
-0.005832 0.002506 -0.006117 0.001696 
0.005320 0.004172 0.004619 0.004937 
-0.006692 -0.009129 -0.002272 -0.011089 
-0.005333 0.002975 -0.005663 0.002285 
0.007393 -0.001068 0.007463 0.000329 
0.004519 -0.005990 0.005565 -0.005034 
0.002468 0.002348 0.002375 0.002442 
0.008637 0.007518 0.004606 0.010483 
0.002242 0.005360 0.001621 0.005579 
-0.001585 -0.001234 -0.001568 -0.001256 
-0.002650 -0.002475 -0.002538 -0.002590 
-0.000897 -0.011721 0.004447 -0.010881 
0.003628 0.001507 0.003545 0.001693 
-0.005688 -0.013224 0.004119 -0.013794 
-0.011184 0.001409 -0.010763 -0.003349 
-0.006031 0.009742 -0.009612 0.006234 
-0.005795 0.006374 -0.007189 0.004746 
-0.002594 0.004604 -0.003014 0.004341 
0.007619 0.012043 -0.001684 0.014151 
0.012968 0.004441 0.007846 0.011239 
0.002626 -0.000467 0.002636 -0.000404 
-0.001701 0.003355 -0.001859 0.003271 
0.006158 -0.007536 0.008207 -0.005231 
0.000497 -0.000544 0.000498 -0.000543 
0.004339 -0.004183 0.004816 -0.003624 
-0.008419 0.002592 -0.008803 0.000334 
0.000026 0.010708 -0.004001 0.009933 
0.006494 0.006411 0.004471 0.007956 
0.006657 -0.010898 0.011360 -0.005834 
0.001722 -0.003734 0.001932 -0.003630 
-0.000111 -0.002611 -0.000051 -0.002613 
0.002071 0.006348 0.001101 0.006586 
0.004772 -0.010276 0.008631 -0.007339 
-0.004487 -0.011431 0.001625 -0.012172 
-0.005266 0.005268 -0.006151 0.004200 
0.004331 -0.000257 0.004338 0.000017 
-0.007923 0.010249 -0.012174 0.004427 
0.013522 0.002772 0.009188 0.010301 
-0.000574 0.001000 -0.000579 0.000998 
0.005910 0.003872 0.005181 0.004805 
0.006607 -0.004855 0.007526 -0.003252 
0.005434 0.002232 0.005140 0.002845 
0.003392 0.003115 0.003162 0.003349 
0.005516 -0.011918 0.011142 -0.006951 
-0.001238 0.002547 -0.001306 0.002512 
0.004731 0.008472 0.001860 0.009524 
0.002819 0.007121 0.001370 0.007535 
0.005888 -0.008278 0.008350 -0.005784 
0.006501 -0.005575 0.007664 -0.003821 
-0.000224 -0.008204 0.001622 -0.008045 
-0.003258 0.005775 -0.004073 0.005233 
-0.003615 -0.005560 -0.002757 -0.006031 
-0.005656 0.012861 -0.012376 0.006651 
0.000003 0.002796 -0.000070 0.002795 
-0.003232 -0.010912 0.001671 -0.011258 
-0.006749 -0.006959 -0.004254 -0.008711 
-0.007808 0.003100 -0.008318 0.001179 
0.001454 0.005373 0.000888 0.005495 
-0.004148 -0.004279 -0.003609 -0.004743 
-0.007952 0.000097 -0.007794 -0.001582 
0.005018 0.010623 -0.000265 0.011746 
0.010215 -0.004824 0.011296 -0.000140 
0.003089 -0.006260 0.004068 -0.005673 
0.000987 -0.003425 0.001133 -0.003380 
-0.005866 0.003929 -0.006439 0.002896 
-0.006744 0.013899 -0.014679 0.004816 
0.004777 0.006440 0.003286 0.007314 
-0.007219 0.002901 -0.007656 0.001383 
-0.003746 -0.002586 -0.003557 -0.002840 
-0.001442 0.000529 -0.001447 0.000518 
0.005245 -0.011235 0.010110 -0.007178 
-0.006858 0.004150 -0.007588 0.002584 
0.001127 0.000763 0.001123 0.000770 
-0.011341 0.005238 -0.012439 -0.001144 
-0.005700 0.009317 -0.008884 0.006354 
-0.000960 -0.001000 -0.000953 -0.001007 
-0.005847 -0.012128 0.002145 -0.013292 
-0.007786 -0.007923 -0.003934 -0.010388 
-0.005053 0.004178 -0.005601 0.003407 
-0.000802 0.002486 -0.000859 0.002467 
-0.008152 -0.002511 -0.007302 -0.004410 
-0.008356 -0.004824 -0.006466 -0.007161 
-0.008580 -0.008320 -0.003769 -0.011341 
0.002450 -0.007163 0.003776 -0.006562 
0.005766 -0.010418 0.009901 -0.006614 
-0.004560 -0.004102 -0.004006 -0.004644 
-0.000140 0.005349 -0.000653 0.005311 
0.004847 0.000500 0.004792 0.000885 
0.002155 0.003731 0.001918 0.003858 
0.006371 -0.000558 0.006388 0.000320 
0.000582 0.006103 -0.000191 0.006128 
-0.001049 0.003626 -0.001221 0.003571 
0.006903 -0.005780 0.008203 -0.003710 
-0.002815 -0.003112 -0.002626 -0.003273 
0.003824 0.003501 0.003493 0.003832 
0.000571 -0.005073 0.001013 -0.005004 
-0.007574 0.000850 -0.007595 -0.000636 
-0.000811 0.007763 -0.002372 0.007436 
-0.005510 0.010561 -0.009743 0.006854 
0.001932 0.002549 0.001843 0.002614 
-0.007145 0.001896 -0.007371 0.000560 
0.009028 0.007434 0.004794 0.010667 
0.003975 0.005344 0.003137 0.005875 
-0.000372 0.003627 -0.000534 0.003607 
-0.000760 -0.000103 -0.000759 -0.000105 
0.008066 -0.000716 0.008028 0.001065 
-0.004164 -0.005987 -0.003033 -0.006632 
0.000964 -0.001431 0.000979 -0.001421 
0.001717 -0.002478 0.001792 -0.002425 
0.012589 -0.006677 0.013981 0.002758 
0.004704 0.000195 0.004677 0.000545 
0.007590 0.007649 0.004110 0.009961 
-0.003046 0.005256 -0.003673 0.004839 
-0.005815 0.013575 -0.013404 0.006199 
0.008978 0.008681 0.003429 0.012009 
0.004085 -0.006479 0.005275 -0.005554 
-0.004843 -0.006266 -0.003425 -0.007141 
-0.005639 0.009295 -0.008795 0.006390 
-0.000991 0.009850 -0.004124 0.009000 
0.007813 0.003123 0.006857 0.004876 
0.002618 0.002342 0.002518 0.002448 
-0.001454 0.002587 -0.001530 0.002543 
0.001523 -0.004307 0.001821 -0.004189 
0.001318 -0.003043 0.001429 -0.002992 
-0.001382 -0.007837 0.000304 -0.007952 
0.004086 0.014174 -0.006423 0.013279 
0.002843 0.002114 0.002752 0.002232 
-0.007868 0.002867 -0.008320 0.000951 
0.002349 0.006617 0.001225 0.006914 
0.002200 0.014681 -0.008281 0.012320 
0.008736 -0.000267 0.008517 0.001959 
-0.000249 -0.006951 0.000880 -0.006900 
-0.000353 0.002931 -0.000438 0.002919 
-0.000754 0.002428 -0.000806 0.002411 
0.015075 -0.005547 0.013983 0.007905 
0.005355 -0.012842 0.012039 -0.006976 
0.001839 -0.005646 0.002494 -0.005389 
-0.009026 -0.001715 -0.008185 -0.004173 
0.007329 0.005595 0.005455 0.007433 
-0.001825 -0.002507 -0.001744 -0.002565 
0.001897 0.001793 0.001856 0.001836 
-0.006069 -0.006587 -0.004095 -0.007965 
-0.005296 0.003668 -0.005755 0.002896 
-0.013231 0.006041 -0.013968 -0.004056 
-0.007590 0.002559 -0.007962 0.000876 
0.001540 -0.003636 0.001728 -0.003550 
0.001033 -0.003680 0.001212 -0.003625 
-0.003004 0.003991 -0.003328 0.003725 
-0.001222 0.003356 -0.001365 0.003300 
-0.012297 0.003250 -0.012206 -0.003580 
-0.001616 0.003947 -0.001854 0.003841 
0.003898 -0.005716 0.004763 -0.005018 
0.002214 -0.000101 0.002215 -0.000065 
0.000480 0.007449 -0.000915 0.007408 
0.008141 -0.008149 0.010860 -0.003841 
0.004522 0.004300 0.003922 0.004853 
0.003395 -0.000404 0.003408 -0.000270 
-0.009227 0.006798 -0.011247 0.002205 
0.005292 0.008902 0.001813 0.010196 
-0.001327 0.003550 -0.001496 0.003482 
0.000319 -0.002118 0.000352 -0.002113 
0.005783 0.009969 0.000913 0.011489 
0.003378 0.001272 0.003319 0.001419 
-0.002876 0.004881 -0.003385 0.004543 
-0.000882 -0.002397 -0.000830 -0.002416 
-0.004883 -0.005481 -0.003816 -0.006270 
-0.012464 -0.007280 -0.004841 -0.013598 
-0.004967 0.006708 -0.006388 0.005373 
-0.000111 0.002692 -0.000177 0.002689 
0.001565 -0.002759 0.001657 -0.002705 
0.006540 -0.004883 0.007460 -0.003310 
0.002865 -0.005685 0.003611 -0.005243 
-0.001286 0.001648 -0.001310 0.001629 
-0.006824 -0.008370 -0.003109 -0.010342 
-0.005835 0.000018 -0.005799 -0.000648 
0.002585 -0.007678 0.004202 -0.006926 
-0.005987 -0.005592 -0.004585 -0.006789 
-0.001449 -0.002111 -0.001402 -0.002143 
0.001641 0.000963 0.001630 0.000983 
0.004656 -0.012794 0.011246 -0.007674 
-0.001700 0.002819 -0.001802 0.002755 
0.002923 0.001644 0.002858 0.001753 
-0.008955 -0.001622 -0.008165 -0.004020 
-0.008717 -0.000276 -0.008364 -0.002471 
0.000083 0.011180 -0.004483 0.010242 
-0.003638 0.005224 -0.004314 0.004682 
-0.008612 -0.002118 -0.007760 -0.004294 
-0.007688 0.007740 -0.010094 0.004136 
-0.005784 -0.004385 -0.004921 -0.005335 
-0.014085 0.007054 -0.014689 -0.005691 
0.007889 0.002887 0.006990 0.004660 
0.000299 -0.002184 0.000335 -0.002179 
-0.007509 0.008248 -0.010212 0.004489 
0.012848 0.004267 0.008022 0.010905 
0.008098 0.002546 0.007251 0.004414 
0.006415 -0.004178 0.007108 -0.002842 
-0.005851 -0.004188 -0.005037 -0.005138 
-0.007707 0.000901 -0.007731 -0.000665 
0.005506 0.006630 0.003697 0.007785 
0.003186 -0.001500 0.003246 -0.001366 
-0.001711 0.008969 -0.004124 0.008146 
0.004197 0.009077 0.000969 0.009953 
0.008822 -0.002833 0.009263 -0.000206 
-0.011240 -0.003215 -0.008650 -0.007865 
-0.002174 0.006103 -0.003010 0.005737 
0.011602 -0.005792 0.012900 0.001321 
0.004473 -0.006784 0.005856 -0.005633 
0.002571 -0.005098 0.003113 -0.004787 
0.000001 -0.009929 0.003230 -0.009389 
-0.004089 -0.005205 -0.003282 -0.005748 
0.000404 0.007519 -0.001027 0.007459 
0.008135 -0.009569 0.011856 -0.004143 
-0.013496 -0.002673 -0.009269 -0.010167 
-0.014158 -0.002428 -0.009337 -0.010917 
0.001810 -0.007879 0.003483 -0.007295 
0.003456 -0.013042 0.010319 -0.008692 
-0.007184 -0.015144 0.008053 -0.014700 
-0.012905 -0.004619 -0.007691 -0.011345 
-0.002315 -0.002540 -0.002213 -0.002629 
0.004867 -0.003603 0.005273 -0.002978 
0.003047 -0.005036 0.003612 -0.004648 
0.003382 0.005226 0.002675 0.005621 
0.007990 -0.004600 0.008962 -0.002162 
-0.001851 -0.007817 -0.000125 -0.008033 
-0.004099 0.003472 -0.004416 0.003058 
-0.002151 -0.008492 0.000085 -0.008760 
-0.000240 0.011212 -0.004818 0.010127 
-0.002614 -0.000747 -0.002595 -0.000811 
-0.002119 0.003219 -0.002277 0.003109 
0.000600 -0.001165 0.000607 -0.001161 
0.004776 0.004727 0.004007 0.005394 
0.002507 -0.003479 0.002718 -0.003318 
0.002437 -0.005796 0.003183 -0.005422 
-0.005777 -0.002443 -0.005405 -0.003183 
-0.008357 -0.007707 -0.004338 -0.010508 
-0.008501 -0.004783 -0.006567 -0.007213 
0.001938 -0.002737 0.002040 -0.002662 
-0.006235 -0.007221 -0.003772 -0.008763 
-0.000049 -0.011157 0.004487 -0.010214 
-0.002257 -0.012551 0.004595 -0.011896 
-0.012742 -0.004986 -0.007369 -0.011529 
-0.010634 0.004096 -0.011369 -0.000783 
-0.002352 0.008768 -0.004659 0.007791 
0.003199 0.000531 0.003178 0.000644 
-0.014804 -0.000756 -0.010440 -0.010524 
-0.005470 0.006959 -0.007093 0.005295 
-0.002648 0.009188 -0.005302 0.007957 
0.011074 0.001144 0.009664 0.005527 
0.005878 -0.002687 0.006196 -0.001838 
0.006559 -0.007858 0.008867 -0.005114 
-0.007365 0.009672 -0.011083 0.004994 
-0.002940 0.005723 -0.003705 0.005260 
0.005363 0.003850 0.004744 0.004591 
0.006147 -0.000210 0.006124 0.000571 
-0.000974 0.002265 -0.001020 0.002244 
0.000440 -0.006106 0.001203 -0.006002 
0.001116 0.007929 -0.000605 0.007984 
0.003560 -0.013099 0.010501 -0.008601 
0.000627 -0.002392 0.000676 -0.002379 
-0.004908 0.003165 -0.005237 0.002583 
0.000446 0.009512 -0.002429 0.009208 
0.000583 -0.007988 0.002278 -0.007678 
-0.006563 0.000128 -0.006513 -0.000820 
0.002729 -0.000422 0.002739 -0.000351 
0.000702 0.001194 0.000695 0.001199 
0.005776 -0.011170 0.010640 -0.006703 
-0.001690 -0.010682 0.002530 -0.010515 
-0.006907 0.012680 -0.013455 0.005240 
0.003778 0.002933 0.003542 0.003214 
-0.008387 0.001444 -0.008488 -0.000619 
0.007705 -0.000314 0.007614 0.001221 
-0.006273 -0.005460 -0.004846 -0.006758 
-0.000009 0.005068 -0.000445 0.005048 
0.001632 -0.007970 0.003349 -0.007414 
0.001820 -0.004461 0.002162 -0.004306 
0.003764 -0.005328 0.004485 -0.004737 
0.004381 0.000967 0.004305 0.001261 
0.000279 -0.004937 0.000684 -0.004897 
-0.001527 -0.001482 -0.001504 -0.001505 
-0.006332 0.008936 -0.009329 0.005736 
0.012852 0.002456 0.009447 0.009054 
0.000702 -0.007505 0.002114 -0.007235 
-0.002879 -0.006281 -0.001839 -0.006660 
0.000712 -0.012042 0.006285 -0.010296 
-0.010365 0.002993 -0.010723 -0.001184 
0.012785 0.007570 0.004311 0.014218 
0.007150 -0.004218 0.007927 -0.002464 
0.000894 0.002657 0.000823 0.002679 
0.009359 -0.006160 0.011061 -0.001787 
-0.006079 -0.006522 -0.004141 -0.007896 
-0.002420 -0.001969 -0.002355 -0.002047 
-0.005914 -0.004750 -0.004891 -0.005798 
0.004230 -0.004358 0.004736 -0.003802 
0.000064 -0.004991 0.000481 -0.004968 
0.007521 -0.008307 0.010263 -0.004498 
0.001039 -0.001799 0.001065 -0.001783 
0.000766 0.006963 -0.000387 0.006994 
0.003559 -0.001589 0.003636 -0.001405 
-0.001856 0.006413 -0.002792 0.006064 
0.005920 0.007207 0.003592 0.008607 
-0.001934 0.002604 -0.002025 0.002534 
0.003220 0.006256 0.002139 0.006703 
-0.003795 0.006857 -0.005120 0.005933 
-0.002350 0.008665 -0.004582 0.007720 
0.011760 0.006848 0.005563 0.012419 
0.002589 0.007375 0.001031 0.007748 
0.003260 0.008023 0.001156 0.008583 
0.001575 -0.012268 0.007404 -0.009908 
-0.015999 0.001712 -0.011625 -0.011125 
-0.007476 0.004226 -0.008284 0.002263 
-0.010749 -0.006233 -0.006244 -0.010742 
-0.008908 -0.003216 -0.007551 -0.005715 
-0.004948 -0.000654 -0.004876 -0.001065 
0.007613 0.009108 0.002621 0.011578 
0.005450 -0.001041 0.005529 -0.000473 
0.004372 0.007099 0.002610 0.007918 
0.001659 0.006206 0.000785 0.006376 
0.005383 -0.005708 0.006441 -0.004480 
0.000861 -0.007531 0.002290 -0.007225 
-0.011011 -0.004828 -0.007484 -0.009410 
-0.001767 0.003240 -0.001913 0.003155 
-0.000174 -0.010848 0.004020 -0.010078 
-0.011399 0.003328 -0.011661 -0.002241 
-0.003644 0.001267 -0.003703 0.001083 
-0.002625 -0.006687 -0.001432 -0.007040 
-0.006148 -0.013605 0.004761 -0.014150 
-0.012830 -0.005293 -0.007043 -0.011959 
0.003700 0.002831 0.003484 0.003093 
0.002335 -0.012970 0.009095 -0.009536 
-0.006468 -0.001963 -0.006091 -0.002929 
0.005619 -0.004933 0.006441 -0.003797 
0.000653 -0.004259 0.000918 -0.004210 
-0.002626 -0.008094 -0.000598 -0.008488 
-0.005849 0.006239 -0.007191 0.004628 
0.005349 0.001527 0.005162 0.002074 
0.001223 0.003101 0.001106 0.003145 
0.007405 -0.006530 0.009112 -0.003800 
-0.003708 0.000713 -0.003738 0.000535 
0.008000 0.005573 0.005845 0.007804 
0.001890 0.007633 0.000275 0.007858 
-0.003641 0.007601 -0.005335 0.006525 
0.009119 0.001776 0.008230 0.004310 
0.001205 -0.004372 0.001504 -0.004278 
-0.001937 0.002800 -0.002045 0.002722 
-0.002240 0.005221 -0.002792 0.004948 
0.001638 -0.000409 0.001642 -0.000393 
-0.004693 0.005843 -0.005705 0.004859 
-0.004626 -0.005543 -0.003589 -0.006265 
-0.003414 0.013464 -0.010852 0.008670 
0.006716 0.009956 0.001305 0.011938 
0.007677 -0.011839 0.013365 -0.004525 
-0.001946 -0.006370 -0.000978 -0.006588 
0.002792 -0.000635 0.002809 -0.000558 
-0.002292 -0.001124 -0.002267 -0.001174 
-0.009377 -0.000443 -0.008840 -0.003160 
0.007010 0.011003 -0.000061 0.013046 
0.005001 0.000958 0.004899 0.001390 
0.006962 0.006104 0.004941 0.007831 
-0.000668 -0.000831 -0.000665 -0.000834 
-0.005091 0.007259 -0.006810 0.005677 
-0.001833 -0.003192 -0.001685 -0.003272 
0.000645 -0.004261 0.000910 -0.004213 
0.000655 -0.006667 0.001650 -0.006493 
-0.003253 0.003387 -0.003495 0.003137 
0.006953 -0.003212 0.007447 -0.001788 
0.002925 -0.003220 0.003124 -0.003027 
-0.003685 0.004893 -0.004271 0.004390 
0.006802 -0.000300 0.006766 0.000759 
0.002611 -0.008444 0.004713 -0.007477 
0.003496 -0.007784 0.005278 -0.006705 
-0.013118 -0.005499 -0.006744 -0.012524 
-0.009287 0.008841 -0.012545 0.002651 
0.001199 0.006329 0.000308 0.006434 
-0.002129 -0.002581 -0.002030 -0.002660 
-0.003019 -0.004776 -0.002490 -0.005072 
0.004144 -0.002432 0.004320 -0.002104 
0.000624 0.008380 -0.001364 0.008292 
0.010999 0.000674 0.009828 0.004984 
0.010715 0.000313 0.009808 0.004326 
0.009867 0.002125 0.008581 0.005314 
0.006382 -0.007923 0.008700 -0.005273 
-0.008632 0.008100 -0.011367 0.003302 
0.005861 0.006139 0.004219 0.007365 
-0.000640 -0.000331 -0.000640 -0.000333 
-0.001243 0.005122 -0.001715 0.004984 
-0.012692 0.003541 -0.012543 -0.004037 
-0.006121 0.009884 -0.009837 0.006197 
-0.004992 0.005016 -0.005762 0.004109 
0.001746 0.007931 -0.000040 0.008121 
0.006064 -0.003463 0.006547 -0.002427 
-0.004648 -0.001018 -0.004557 -0.001368 
-0.001597 0.003738 -0.001802 0.003644 
-0.001973 0.003160 -0.002118 0.003064 
-0.006647 0.001448 -0.006791 0.000401 
0.007806 -0.001568 0.007961 0.000117 
-0.010607 -0.004668 -0.007509 -0.008827 
-0.005020 -0.001753 -0.004831 -0.002221 
0.002417 0.001803 0.002360 0.001876 
-0.001113 0.004636 -0.001463 0.004537 
0.008580 -0.002579 0.008957 -0.000199 
-0.009023 -0.001658 -0.008201 -0.004110 
-0.000468 0.004693 -0.000817 0.004645 
0.001611 -0.003278 0.001756 -0.003203 
0.004028 -0.007198 0.005555 -0.006098 
0.004272 0.002456 0.004057 0.002797 
0.008327 -0.006936 0.010353 -0.003201 
-0.013541 -0.003928 -0.008197 -0.011472 
-0.010136 0.006953 -0.012238 0.001148 
0.007241 0.012303 -0.002175 0.014109 
0.013538 0.004085 0.008051 0.011625 
0.009442 0.001895 0.008406 0.004699 
0.002970 0.001312 0.002922 0.001416 
0.004202 0.000196 0.004183 0.000445 
-0.001325 0.001431 -0.001343 0.001414 
-0.003089 -0.011821 0.002976 -0.011850 
-0.011975 -0.005218 -0.007229 -0.010879 
-0.010057 0.005483 -0.011436 0.000666 
-0.002928 0.007598 -0.004535 0.006763 
-0.004953 0.004674 -0.005619 0.003848 
0.008132 0.002121 0.007406 0.003974 
-0.003744 -0.008494 -0.001163 -0.009209 
0.006532 0.002363 0.006065 0.003387 
0.005466 -0.012716 0.012004 -0.006890 
0.001427 -0.012049 0.006976 -0.009927 
-0.003174 -0.005005 -0.002563 -0.005344 
-0.006786 -0.007732 -0.003669 -0.009612 
-0.005154 0.003633 -0.005592 0.002914 
-0.010602 0.004540 -0.011522 -0.000489 
0.008708 0.009428 0.002451 0.012598 
0.001559 -0.001604 0.001586 -0.001577 
-0.002564 0.007614 -0.004142 0.006884 
-0.001146 0.002427 -0.001205 0.002399 
-0.000699 -0.005297 -0.000188 -0.005340 
-0.009322 0.006039 -0.010965 0.001772 
0.002615 0.005140 0.002025 0.005400 
0.002378 -0.002602 0.002485 -0.002500 
-0.006600 -0.007574 -0.003704 -0.009338 
0.010023 0.007456 0.004943 0.011472 
-0.007299 -0.001007 -0.006995 -0.002315 
-0.006409 0.006561 -0.007984 0.004513 
-0.002886 -0.001009 -0.002853 -0.001099 
0.002520 -0.008843 0.004897 -0.007782 
-0.002402 0.000687 -0.002416 0.000637 
0.002701 -0.002123 0.002783 -0.002015 
0.002589 0.005199 0.001984 0.005458 
-0.001190 0.003428 -0.001340 0.003372 
0.012523 0.002872 0.009133 0.009037 
0.000260 0.006365 -0.000607 0.006342 
-0.005265 0.004257 -0.005856 0.003398 
-0.000082 -0.002706 -0.000015 -0.002707 
-0.002683 0.000859 -0.002705 0.000788 
-0.000037 -0.010502 0.003769 -0.009802 
-0.006949 -0.002926 -0.006267 -0.004192 
0.005951 0.012101 -0.002069 0.013326 
0.001979 0.006455 0.000971 0.006681 
-0.008968 -0.002316 -0.007939 -0.004770 
0.006586 0.005096 0.005232 0.006479 
-0.000812 -0.009748 0.002310 -0.009505 
-0.011466 -0.001135 -0.009854 -0.005971 
-0.004895 0.007300 -0.006605 0.005799 
-0.001015 -0.003039 -0.000910 -0.003072 
0.001129 0.007715 -0.000460 0.007783 
-0.004599 -0.006104 -0.003321 -0.006883 
-0.000387 -0.001648 -0.000371 -0.001652 
-0.006536 -0.010675 -0.000286 -0.012514 
-0.011442 0.002084 -0.011195 -0.003151 
0.001015 -0.002762 0.001095 -0.002731 
-0.004984 -0.008409 -0.002075 -0.009552 
-0.003175 -0.007746 -0.001280 -0.008273 
-0.006309 -0.002848 -0.005770 -0.003822 
-0.013588 -0.003805 -0.008298 -0.011414 
0.000883 -0.006153 0.001672 -0.005987 
-0.001593 -0.001035 -0.001581 -0.001054 
-0.004994 0.003473 -0.005386 0.002827 
-0.004662 -0.001883 -0.004486 -0.002272 
0.003382 -0.004015 0.003738 -0.003685 
-0.002276 -0.008916 0.000318 -0.009196 
0.005764 0.003090 0.005262 0.003883 
-0.001546 -0.010932 0.002936 -0.010644 
-0.006168 0.010287 -0.010243 0.006241 
0.006797 0.007093 0.004182 0.008889 
-0.002965 0.004606 -0.003414 0.004285 
-0.007758 0.008925 -0.010959 0.004444 
0.013253 0.004053 0.008149 0.011210 
0.002266 0.001160 0.002240 0.001209 
0.006199 0.010389 0.000558 0.012085 
-0.005434 -0.005064 -0.004408 -0.005979 
-0.002329 0.013807 -0.010294 0.009491 
0.000276 0.001347 0.000268 0.001348 
-0.001357 -0.009563 0.001659 -0.009515 
-0.009843 -0.002595 -0.008367 -0.005798 
-0.003711 -0.001757 -0.003605 -0.001964 
-0.011333 0.006535 -0.013064 -0.000680 
-0.006676 0.001234 -0.006786 0.000190 
0.001941 -0.004425 0.002281 -0.004259 
-0.001488 -0.000134 -0.001487 -0.000145 
0.005231 0.002811 0.004862 0.003410 
0.004448 0.007469 0.002429 0.008347 
-0.001475 0.011509 -0.006358 0.009706 
0.006273 0.006654 0.004181 0.008133 
-0.000434 -0.003072 -0.000335 -0.003084 
0.002019 0.016464 -0.011928 0.011526 
0.012021 0.006164 0.006282 0.011960 
0.006190 0.005478 0.004781 0.006743 
0.001621 0.001862 0.001583 0.001895 
0.006334 -0.001030 0.006416 -0.000146 
-0.004725 0.000864 -0.004778 0.000496 
0.006504 -0.005779 0.007749 -0.003956 
-0.002275 0.001910 -0.002331 0.001842 
0.004418 0.002704 0.004157 0.003091 
0.013672 0.006216 0.005656 0.013913 
0.008101 0.006163 0.005512 0.008557 
0.003460 0.003599 0.003147 0.003875 
-0.007279 0.005388 -0.008470 0.003204 
0.013102 0.003846 0.008358 0.010797 
-0.001345 0.006612 -0.002337 0.006330 
-0.005547 0.012484 -0.011818 0.006854 
-0.007964 0.003184 -0.008501 0.001139 
-0.007332 0.002614 -0.007710 0.001078 
0.003486 -0.001595 0.003560 -0.001421 
-0.012872 0.008235 -0.014927 -0.003268 
-0.008131 0.007580 -0.010498 0.003656 
-0.011626 0.006506 -0.013273 -0.001148 
0.000792 0.008417 -0.001233 0.008363 
0.004790 0.002904 0.004458 0.003392 
0.001834 0.001141 0.001816 0.001170 
-0.003922 -0.002194 -0.003764 -0.002455 
0.006932 -0.004691 0.007836 -0.002944 
-0.010480 -0.004971 -0.007255 -0.009050 
-0.005207 0.003916 -0.005710 0.003136 
0.006253 0.003326 0.005606 0.004328 
0.009098 -0.003477 0.009729 -0.000450 
-0.012181 -0.003011 -0.008996 -0.008748 
-0.002016 0.005799 -0.002733 0.005498 
0.006748 0.001703 0.006383 0.002774 
0.007402 0.006437 0.004973 0.008455 
0.015129 -0.006763 0.014523 0.007982 
0.006623 -0.011515 0.011927 -0.005848 
0.002648 -0.011712 0.007799 -0.009131 
-0.007307 -0.004103 -0.006145 -0.005698 
-0.008970 -0.002415 -0.007905 -0.004879 
-0.008822 0.005661 -0.010270 0.002096 
-0.008787 0.008623 -0.011876 0.003244 
0.002512 0.005126 0.001937 0.005370 
0.001572 -0.002221 0.001627 -0.002181 
0.008455 -0.002628 0.008847 -0.000336 
0.004924 0.002161 0.004691 0.002628 
0.007311 0.002899 0.006555 0.004345 
0.000395 -0.001658 0.000411 -0.001654 
0.002799 0.012157 -0.003647 0.011930 
0.000610 0.002414 0.000560 0.002426 
0.001311 0.015743 -0.010832 0.011499 
0.004689 0.008277 0.001995 0.009301 
-0.006851 0.004126 -0.007574 0.002570 
-0.004355 0.005857 -0.005329 0.004988 
-0.001184 -0.004867 -0.000770 -0.004949 
-0.008145 0.005689 -0.009553 0.002727 
-0.004294 0.004920 -0.004953 0.004256 
0.004909 -0.006661 0.006298 -0.005366 
-0.002855 0.005378 -0.003501 0.004982 
-0.001389 -0.006294 -0.000499 -0.006426 
-0.004524 0.003832 -0.004944 0.003272 
0.004298 0.000104 0.004284 0.000370 
-0.007166 -0.008561 -0.003064 -0.010736 
-0.007884 0.007175 -0.009990 0.003720 
-0.002570 -0.001690 -0.002515 -0.001771 
-0.000862 -0.004154 -0.000609 -0.004199 
0.001241 -0.000808 0.001247 -0.000799 
-0.010915 0.004885 -0.011936 -0.000714 
-0.003987 0.005774 -0.004884 0.005039 
-0.009616 -0.002030 -0.008467 -0.004990 
0.005499 0.015918 -0.009792 0.013702 
0.001130 0.002121 0.001088 0.002143 
-0.006348 0.005772 -0.007569 0.004042 
0.004588 0.005821 0.003441 0.006564 
-0.000601 -0.003166 -0.000490 -0.003185 
0.002199 0.004640 0.001779 0.004816 
-0.001395 -0.002684 -0.001311 -0.002726 
0.002201 0.003362 0.002016 0.003476 
-0.002481 0.001157 -0.002509 0.001094 
0.000775 0.001196 0.000767 0.001201 
0.008950 -0.003448 0.009574 -0.000562 
0.002533 -0.001964 0.002600 -0.001875 
-0.001820 -0.001807 -0.001779 -0.001847 
-0.000762 -0.007060 0.000440 -0.007088 
-0.007922 -0.002121 -0.007245 -0.003843 
0.002417 0.001450 0.002378 0.001514 
0.004363 0.000114 0.004347 0.000393 
0.000471 -0.000609 0.000473 -0.000608 
-0.009743 -0.006089 -0.006187 -0.009681 
-0.003773 -0.006803 -0.002321 -0.007425 
-0.007547 0.003106 -0.008048 0.001354 
0.012828 0.002924 0.009111 0.009491 
0.014410 -0.005487 0.013982 0.006499 
0.007803 -0.007393 0.010021 -0.003888 
0.007038 -0.012612 0.013513 -0.005099 
-0.004428 -0.008423 -0.001700 -0.009363 
0.001665 -0.001932 0.001707 -0.001895 
0.004385 -0.003434 0.004719 -0.002959 
0.000600 0.007365 -0.000754 0.007350 
0.004214 -0.000601 0.004243 -0.000343 
0.000325 0.003325 0.000200 0.003334 
0.000571 -0.010709 0.004566 -0.009704 
0.002363 -0.009780 0.005491 -0.008431 
0.001784 -0.006670 0.002825 -0.006300 
-0.009591 0.000939 -0.009416 -0.002052 
-0.002195 0.008265 -0.004140 0.007483 
0.001277 0.009243 -0.001443 0.009218 
0.005936 -0.007420 0.007882 -0.005308 
-0.016122 0.002228 -0.011877 -0.011128 
-0.002831 0.001084 -0.002863 0.000996 
0.001756 -0.008589 0.003891 -0.007855 
0.002517 -0.007814 0.004207 -0.007050 
-0.007456 -0.006566 -0.004912 -0.008636 
0.001554 0.009438 -0.001375 0.009466 
0.010845 -0.003744 0.011404 0.001258 
0.004378 -0.000420 0.004396 -0.000135 
0.001007 0.002360 0.000955 0.002382 
0.007229 -0.003580 0.007834 -0.001927 
-0.004188 -0.007525 -0.002202 -0.008326 
0.005095 0.015450 -0.008791 0.013689 
0.008218 0.007316 0.004652 0.009971 
0.002680 -0.006354 0.003657 -0.005847 
-0.013873 0.006699 -0.014484 -0.005249 
0.005180 0.014619 -0.006994 0.013843 
0.011107 -0.002195 0.011009 0.002644 
0.005776 -0.007736 0.007879 -0.005580 
0.008472 -0.008072 0.011175 -0.003471 
0.011444 -0.006815 0.013296 0.000786 
-0.008107 -0.002753 -0.007191 -0.004647 
0.001270 0.010212 -0.002367 0.010015 
0.005911 -0.003072 0.006302 -0.002160 
-0.009672 0.001005 -0.009502 -0.002067 
-0.001890 0.004815 -0.002314 0.004626 
-0.005677 0.007521 -0.007637 0.005520 
0.005143 0.005093 0.004172 0.005916 
-0.005585 -0.004462 -0.004740 -0.005351 
0.001179 0.002668 0.001102 0.002701 
-0.005851 -0.006349 -0.004095 -0.007602 
-0.006252 0.003883 -0.006852 0.002687 
0.008835 -0.008627 0.011930 -0.003187 
-0.011657 -0.006006 -0.006484 -0.011398 
-0.006919 -0.006680 -0.004544 -0.008476 
-0.015849 0.001476 -0.011553 -0.010949 
-0.002714 0.012490 -0.008832 0.009239 
-0.003833 0.002760 -0.004029 0.002466 
0.004614 0.003654 0.004158 0.004165 
0.001971 0.000822 0.001958 0.000852 
-0.002438 0.005692 -0.003149 0.005332 
-0.008028 0.007871 -0.010558 0.003863 
-0.005754 0.000843 -0.005812 0.000185 
0.004108 0.004622 0.003482 0.005110 
0.000085 -0.009994 0.003372 -0.009409 
-0.004988 -0.010250 -0.000185 -0.011397 
-0.005716 -0.000223 -0.005657 -0.000849 
0.007856 0.001221 0.007422 0.002849 
-0.001307 -0.010487 0.002629 -0.010236 
-0.011978 0.007109 -0.013835 -0.001617 
-0.008389 0.003704 -0.009089 0.001218 
-0.003377 0.005306 -0.004050 0.004812 
0.003758 0.000261 0.003741 0.000440 
0.001942 0.002088 0.001884 0.002141 
-0.005391 -0.005424 -0.004228 -0.006372 
0.000398 -0.003836 0.000589 -0.003811 
-0.002010 0.004063 -0.002286 0.003914 
0.006074 0.010432 0.000453 0.012063 
0.002582 0.002063 0.002505 0.002157 
0.005496 0.008484 0.002319 0.009839 
0.009173 -0.003100 0.009682 -0.000105 
-0.006320 -0.005217 -0.004992 -0.006499 
0.001743 0.008388 -0.000357 0.008559 
-0.000033 -0.004193 0.000215 -0.004188 
-0.006179 0.010250 -0.010222 0.006225 
-0.007231 0.005947 -0.008646 0.003592 
-0.002267 0.001654 -0.002310 0.001593 
-0.004011 0.002814 -0.004225 0.002481 
0.005984 -0.003856 0.006552 -0.002786 
0.008171 -0.006207 0.009815 -0.002991 
-0.004048 -0.005140 -0.003270 -0.005667 
-0.001183 0.002475 -0.001245 0.002444 
-0.005481 0.003506 -0.005923 0.002694 
0.004012 -0.000382 0.004026 -0.000163 
0.000153 0.002585 0.000095 0.002588 
0.008810 -0.005179 0.010054 -0.001834 
0.004003 0.001651 0.003891 0.001900 
0.007742 0.001547 0.007251 0.003123 
0.004505 0.000067 0.004490 0.000374 
-0.007020 0.000607 -0.007023 -0.000567 
-0.001862 0.002287 -0.001928 0.002232 
-0.002774 0.011312 -0.007470 0.008936 
0.014782 -0.001216 0.011743 0.009060 
0.007285 -0.005824 0.008655 -0.003477 
0.008704 -0.006303 0.010442 -0.002540 
-0.002638 -0.003914 -0.002338 -0.004101 
0.000508 0.007906 -0.001158 0.007837 
0.011244 -0.004235 0.011922 0.001497 
-0.002821 0.003515 -0.003054 0.003315 
0.004551 -0.004742 0.005189 -0.004034 
-0.005461 -0.007254 -0.003269 -0.008471 
0.002271 -0.002181 0.002342 -0.002105 
0.002887 0.000780 0.002862 0.000866 
-0.000263 -0.005619 0.000334 -0.005615 
-0.007221 -0.001581 -0.006811 -0.002874 
-0.003546 0.001996 -0.003652 0.001796 
-0.006468 -0.005864 -0.004771 -0.007311 
-0.002476 0.000771 -0.002493 0.000715 
0.002293 -0.002833 0.002417 -0.002728 
0.000152 -0.008993 0.002562 -0.008622 
-0.001885 0.001732 -0.001923 0.001690 
0.004175 -0.006573 0.005418 -0.005593 
-0.000897 -0.003878 -0.000690 -0.003920 
0.002204 0.000333 0.002198 0.000370 
-0.002446 0.001473 -0.002485 0.001406 
0.007731 -0.009892 0.011670 -0.004630 
-0.010338 0.001751 -0.010273 -0.002100 
0.006398 0.006880 0.004108 0.008449 
-0.001895 -0.003599 -0.001692 -0.003699 
-0.001742 0.008578 -0.003869 0.007852 
-0.005037 0.004724 -0.005726 0.003860 
-0.005483 0.003229 -0.005870 0.002455 
0.005978 0.004200 0.005132 0.005199 
0.000433 0.008111 -0.001361 0.008007 
0.006046 -0.004462 0.006779 -0.003241 
-0.007914 0.005060 -0.009047 0.002527 
0.002111 0.003505 0.001911 0.003618 
-0.004046 0.004351 -0.004533 0.003842 
0.011930 -0.001506 0.011253 0.004240 
0.006693 -0.007591 0.008862 -0.004887 
0.002336 -0.000970 0.002356 -0.000920 
0.007799 0.006215 0.005329 0.008429 
0.003005 0.006163 0.001998 0.006559 
0.010742 0.004414 0.007725 0.008671 
0.002144 -0.013337 0.009429 -0.009673 
-0.000346 -0.002427 -0.000297 -0.002434 
-0.003548 0.001432 -0.003614 0.001255 
-0.000895 -0.002780 -0.000815 -0.002804 
0.006792 -0.007786 0.009093 -0.004906 
0.004768 -0.002685 0.005013 -0.002192 
-0.000958 0.005052 -0.001402 0.004947 
0.005847 -0.003744 0.006374 -0.002752 
-0.008671 -0.004966 -0.006552 -0.007544 
-0.014362 0.005064 -0.013776 -0.006492 
-0.006625 0.004499 -0.007434 0.002978 
-0.002356 -0.003198 -0.002183 -0.003318 
0.001829 0.000887 0.001816 0.000912 
0.008813 0.001308 0.008156 0.003584 
-0.006337 -0.007997 -0.003212 -0.009684 
0.000221 0.010528 -0.003627 0.009886 
0.007126 -0.005184 0.008223 -0.003169 
-0.005003 -0.003450 -0.004537 -0.004043 
0.004734 0.005919 0.003510 0.006718 
-0.003013 -0.010610 0.001453 -0.010934 
-0.006465 -0.000665 -0.006306 -0.001573 
-0.001422 0.006825 -0.002513 0.006503 
0.003757 0.005915 0.002734 0.006452 
-0.001453 0.004578 -0.001803 0.004452 
-0.008764 -0.002475 -0.007745 -0.004790 
-0.004521 -0.002374 -0.004296 -0.002761 
-0.001412 0.001060 -0.001423 0.001045 
0.001824 -0.003669 0.002028 -0.003560 
0.004615 0.002169 0.004408 0.002564 
0.010841 0.000350 0.009870 0.004498 
0.005490 -0.008169 0.007814 -0.005984 
0.007324 -0.002732 0.007728 -0.001181 
0.006508 0.005148 0.005154 0.006503 
-0.004811 0.002700 -0.005062 0.002195 
0.002437 -0.006107 0.003295 -0.005690 
-0.000734 0.006425 -0.001627 0.006258 
0.011769 0.004801 0.007596 0.010191 
0.004846 0.002421 0.004584 0.002887 
-0.001036 0.001744 -0.001060 0.001729 
0.004957 0.001059 0.004847 0.001483 
0.015028 -0.006122 0.014256 0.007752 
0.002950 -0.013477 0.010411 -0.009052 
0.003169 -0.006931 0.004453 -0.006185 
-0.007050 -0.008330 -0.003248 -0.010418 
-0.004395 0.002686 -0.004617 0.002284 
0.008405 -0.000521 0.008290 0.001477 
0.000681 -0.006274 0.001512 -0.006127 
0.004888 0.000993 0.004788 0.001397 
-0.008165 0.002555 -0.008541 0.000490 
0.006383 -0.003442 0.006888 -0.002266 
-0.002142 -0.003092 -0.001993 -0.003190 
0.006485 -0.002876 0.006877 -0.001743 
0.002618 -0.008584 0.004817 -0.007571 
-0.013446 -0.002508 -0.009400 -0.009936 
-0.010338 0.006514 -0.012197 0.000739 
-0.002611 0.004776 -0.003073 0.004493 
0.001648 -0.001719 0.001681 -0.001687 
0.002753 -0.003252 0.002946 -0.003078 
0.000243 0.006787 -0.000808 0.006743 
0.000702 -0.010993 0.005003 -0.009813 
-0.003418 -0.001034 -0.003371 -0.001180 
0.000364 -0.009730 0.003394 -0.009126 
-0.000825 -0.002858 -0.000740 -0.002881 
0.001261 0.004334 0.000962 0.004410 
-0.007631 0.000619 -0.007605 -0.000887 
-0.000060 0.004751 -0.000420 0.004733 
-0.008193 0.000633 -0.008125 -0.001226 
0.001807 -0.001625 0.001839 -0.001589 
0.007277 0.002015 0.006760 0.003364 
0.007802 -0.007141 0.009879 -0.003778 
-0.000763 -0.004008 -0.000538 -0.004044 
-0.000564 0.006751 -0.001594 0.006584 
0.002882 0.000090 0.002878 0.000171 
-0.002234 0.002311 -0.002313 0.002232 
0.003632 -0.002308 0.003768 -0.002077 
0.001645 0.002654 0.001557 0.002706 
-0.005086 0.008304 -0.007432 0.006293 
-0.007423 0.002235 -0.007721 0.000700 
-0.007990 -0.005530 -0.005866 -0.007747 
-0.003175 -0.006499 -0.001989 -0.006954 
-0.009542 -0.007609 -0.004720 -0.011254 
0.000958 0.011407 -0.003996 0.010727 
0.007584 -0.009071 0.010869 -0.004654 
-0.000998 -0.002455 -0.000940 -0.002478 
0.007122 0.003022 0.006375 0.004384 
0.006644 -0.000128 0.006590 0.000855 
-0.012186 -0.008270 -0.003582 -0.014285 
-0.008154 0.001781 -0.008345 -0.000159 
0.002237 -0.004487 0.002608 -0.004282 
-0.008793 -0.008669 -0.003414 -0.011866 
0.006994 0.002785 0.006341 0.004059 
0.005120 -0.012492 0.011371 -0.007278 
0.001637 -0.013637 0.009397 -0.010017 
-0.003965 0.001117 -0.004022 0.000889 
0.005898 0.003528 0.005266 0.004416 
0.007896 -0.002874 0.008350 -0.000938 
-0.012953 -0.005280 -0.007026 -0.012095 
-0.010971 0.000505 -0.010281 -0.003863 
0.000609 0.003891 0.000405 0.003918 
-0.008565 -0.008000 -0.004106 -0.010977 
0.000031 0.008264 -0.001850 0.008055 
0.011945 -0.003136 0.011948 0.003124 
0.001412 -0.012419 0.007446 -0.010039 
-0.016501 0.003041 -0.012118 -0.011605 
-0.002653 0.013603 -0.010302 0.009270 
-0.008056 0.003947 -0.008817 0.001651 
-0.008072 -0.002197 -0.007338 -0.004017 
-0.005464 0.003356 -0.005874 0.002572 
0.005394 -0.000941 0.005461 -0.000394 
-0.000432 -0.004046 -0.000206 -0.004063 
-0.001969 0.002525 -0.002054 0.002456 
-0.006768 0.008974 -0.009863 0.005389 
-0.001761 0.012696 -0.008158 0.009886 
0.007550 0.007095 0.004560 0.009302 
0.004552 0.004413 0.003917 0.004986 
-0.001628 -0.003205 -0.001488 -0.003273 
-0.001431 -0.001894 -0.001395 -0.001921 
-0.003093 0.008966 -0.005621 0.007639 
0.004612 0.002796 0.004318 0.003232 
-0.006310 -0.006211 -0.004475 -0.007639 
0.002321 -0.000688 0.002334 -0.000642 
-0.001893 -0.002180 -0.001831 -0.002232 
0.002513 -0.000939 0.002535 -0.000878 
-0.009103 0.007716 -0.011634 0.002658 
0.005501 0.007545 0.003087 0.008813 
0.005269 0.000597 0.005189 0.001091 
0.002017 -0.002232 0.002084 -0.002169 
0.007790 0.002161 0.007132 0.003806 
0.006965 -0.011138 0.011929 -0.005500 
0.006298 -0.006651 0.007900 -0.004636 
-0.003169 -0.001049 -0.003128 -0.001167 
0.009917 0.006123 0.006203 0.009868 
0.007097 0.002164 0.006578 0.003433 
0.008819 -0.008542 0.011856 -0.003191 
