-0.009250 0.008495 -0.012519 0.001002 
-0.017586 -0.027478 -0.022552 0.023573 
-0.031166 0.023510 -0.033829 0.019484 
-0.012205 0.001267 -0.010590 -0.006199 
-0.012084 0.008275 -0.013986 -0.004347 
0.000029 0.006185 -0.000962 0.006109 
0.011638 0.004049 0.006934 0.010186 
0.011035 -0.023071 -0.001385 0.025537 
-0.017075 0.000800 -0.006486 -0.015816 
-0.021544 -0.018407 0.016689 0.022901 
0.004876 -0.019592 0.018699 0.007613 
0.000150 -0.022781 0.018573 0.013193 
0.004627 0.003924 0.003967 0.004590 
0.006654 0.024546 -0.016136 -0.019657 
0.001506 -0.020419 0.019759 0.005364 
-0.003286 -0.000047 -0.003280 -0.000196 
0.013397 -0.008604 0.014012 0.007561 
0.023963 -0.021939 -0.027621 -0.017106 
0.002693 -0.022932 0.016296 0.016358 
0.012172 -0.010023 0.014777 0.005500 
-0.005118 0.010322 -0.009807 0.006047 
-0.009588 -0.009127 -0.000971 -0.013202 
0.008098 -0.003105 0.008662 -0.000433 
-0.030890 -0.022373 -0.034188 -0.016910 
0.008846 0.010804 -0.001859 0.013839 
0.024455 0.004255 -0.023062 0.009184 
-0.010390 0.013938 -0.016388 -0.005803 
0.034677 0.017739 0.032845 0.020937 
0.009615 -0.005449 0.011052 -0.000023 
-0.013082 -0.000461 -0.009528 -0.008976 
0.015400 0.002244 0.006174 0.014286 
-0.010991 -0.018374 0.021054 -0.003892 
-0.015687 0.015336 -0.006934 -0.020814 
-0.004494 0.002881 -0.004806 0.002323 
-0.012214 -0.000677 -0.009478 -0.007734 
0.009270 -0.010787 0.014222 -0.000150 
0.001670 -0.004973 0.002233 -0.004747 
-0.003265 0.025920 -0.003830 -0.025842 
0.015594 0.015834 -0.021405 0.005977 
0.011047 0.011173 -0.004010 0.015192 
-0.030727 0.010122 0.019081 0.026124 
0.026576 0.035736 -0.043996 0.006906 
-0.003653 0.013136 -0.011846 0.006752 
0.007914 -0.010472 0.012867 -0.002598 
0.003956 -0.003278 0.004294 -0.002819 
0.006260 -0.014894 0.016110 -0.001220 
-0.013833 -0.012781 0.011641 -0.014806 
-0.000999 -0.004555 -0.000579 -0.004627 
-0.003017 0.005667 -0.003949 0.005062 
0.018610 0.008021 -0.010808 0.017142 
-0.018518 -0.006173 0.006746 -0.018318 
0.032152 0.002490 -0.008395 -0.031136 
0.012248 -0.000656 0.010266 0.006711 
-0.017837 -0.001157 -0.002898 -0.017638 
0.018917 0.005155 -0.006007 0.018664 
0.010048 -0.000013 0.009162 0.004125 
-0.003950 -0.036574 -0.023753 -0.028090 
-0.029006 0.022775 -0.012280 0.034774 
0.003152 -0.021008 0.018889 0.009720 
-0.019858 -0.016587 0.024136 0.009322 
-0.023552 -0.002207 0.018157 -0.015162 
0.005686 -0.000568 0.005711 0.000216 
0.003870 -0.012583 0.011266 -0.006812 
0.007659 0.004689 0.005663 0.006970 
0.001397 0.003961 0.001100 0.004053 
0.024015 -0.009602 -0.019615 0.016857 
-0.006379 0.028933 0.020531 -0.021361 
0.010949 -0.008096 0.013479 0.001939 
0.006702 -0.029020 -0.021669 0.020435 
0.002062 0.003772 0.001763 0.003920 
0.038832 0.021253 -0.034257 0.028038 
-0.023900 -0.020584 -0.005683 0.031026 
0.016894 -0.022117 -0.019313 0.020039 
0.002929 0.002483 0.002770 0.002660 
0.026805 -0.012332 -0.029394 -0.002569 
-0.000487 -0.016248 0.014343 -0.007650 
0.003154 0.014345 -0.009354 0.011324 
0.005611 0.015765 -0.012408 0.011228 
0.001858 0.011729 -0.005012 0.010766 
0.014328 -0.016672 0.008562 0.020247 
-0.002214 -0.005515 -0.001374 -0.005782 
0.007367 0.003555 0.006090 0.005460 
0.019397 0.001121 -0.001435 0.019376 
0.000818 -0.017207 0.016576 -0.004690 
-0.000856 0.006385 -0.001952 0.006139 
0.010181 -0.003178 0.010501 0.001864 
0.011588 -0.033827 -0.019545 -0.029942 
-0.029886 0.022597 -0.019314 0.032105 
-0.022423 -0.002449 0.014129 -0.017583 
-0.004219 0.003963 -0.004733 0.003332 
0.006311 0.019326 -0.020106 0.003014 
0.008469 0.007006 0.003993 0.010240 
0.018659 -0.003832 0.004676 0.018465 
-0.021392 -0.001512 0.009000 -0.019465 
-0.012663 -0.006392 -0.003613 -0.013717 
0.005866 0.000866 0.005674 0.001721 
0.010190 -0.002020 0.010045 0.002650 
0.003829 -0.004165 0.004353 -0.003614 
0.015639 -0.002030 0.009599 0.012512 
0.004253 -0.022172 0.016342 0.015577 
-0.017615 -0.006026 0.003988 -0.018185 
-0.009181 0.014129 -0.016517 -0.003330 
0.005190 -0.007526 0.007463 -0.005280 
-0.006733 -0.014030 0.008406 -0.013096 
0.007363 -0.015592 0.017118 0.002069 
-0.008723 -0.012890 0.006395 -0.014190 
0.022544 0.006554 -0.020117 0.012103 
0.005816 0.011753 -0.003415 0.012661 
-0.018459 0.002174 -0.004341 -0.018072 
-0.012211 -0.005248 -0.005447 -0.012123 
-0.019673 0.018630 0.018610 -0.019692 
0.009259 -0.013044 0.015877 0.001949 
-0.021202 0.001850 0.005190 -0.020640 
-0.022832 0.011088 0.016068 -0.019649 
0.021342 0.015870 -0.023696 -0.012076 
0.016079 -0.034907 0.013462 -0.035998 
0.017341 0.004219 -0.000124 0.017847 
0.029592 0.015309 0.013939 -0.030262 
0.009994 -0.007519 0.012506 0.000157 
-0.010080 -0.020838 0.022532 0.005306 
-0.004884 -0.000897 -0.004765 -0.001397 
-0.008029 0.013260 -0.015499 0.000250 
-0.005618 0.012666 -0.013033 0.004702 
0.004399 0.024888 -0.014916 -0.020402 
0.022181 -0.030602 0.012931 -0.035514 
0.015286 -0.004061 0.011110 0.011256 
-0.016482 -0.004712 -0.000976 -0.017114 
-0.018259 -0.013854 0.022000 -0.006426 
0.000615 0.006620 -0.000619 0.006620 
0.019114 0.005708 -0.007625 0.018433 
-0.017481 -0.006175 0.003933 -0.018118 
0.009155 -0.009629 0.013256 -0.000909 
0.002392 -0.024623 0.011247 0.022034 
-0.005232 -0.008516 -0.001305 -0.009909 
-0.006638 -0.000624 -0.006407 -0.001847 
-0.030522 0.004083 0.023315 0.020117 
-0.020932 0.025138 0.029010 0.015115 
0.039585 0.002434 0.036673 0.015099 
0.012723 -0.030472 -0.031849 -0.008721 
0.022408 -0.018034 -0.027107 0.009622 
-0.013440 -0.003363 -0.006869 -0.012032 
-0.005529 0.001853 -0.005737 0.001046 
-0.010671 -0.014673 0.012432 -0.013214 
-0.009311 0.002742 -0.009648 -0.001063 
0.000861 0.019856 -0.019853 -0.000922 
-0.010458 0.007397 -0.012775 -0.000950 
0.021683 0.010633 -0.023492 0.005598 
0.019299 -0.010125 0.001245 0.021758 
-0.016590 -0.007008 0.003443 -0.017677 
-0.000851 0.000995 -0.000858 0.000989 
-0.002126 0.010293 -0.006511 0.008251 
-0.003187 0.006721 -0.004650 0.005805 
0.004223 0.011489 -0.003355 0.011772 
0.000531 -0.010566 0.005263 -0.009177 
0.005195 0.022548 -0.020800 -0.010137 
-0.016937 0.006375 -0.009521 -0.015390 
-0.023612 0.008350 0.016630 -0.018727 
0.008001 -0.013398 0.015604 -0.000136 
-0.030814 0.020670 -0.017284 0.032833 
-0.013925 0.000761 -0.010079 -0.009638 
0.008888 0.010541 -0.001358 0.013721 
-0.027366 -0.037631 0.037904 0.026987 
-0.024572 0.011032 0.023460 -0.013234 
-0.018293 0.033086 -0.008635 0.036807 
0.006170 0.024413 -0.016673 -0.018869 
0.009156 0.002330 0.007665 0.005524 
0.016050 -0.035757 0.022018 -0.032425 
-0.005801 -0.007679 -0.002452 -0.009307 
0.002124 -0.000079 0.002125 -0.000038 
0.008512 -0.010141 0.013118 -0.001790 
-0.024348 -0.020417 -0.007244 0.030939 
0.012317 0.004216 0.006564 0.011243 
-0.020800 -0.030514 -0.033684 -0.015138 
-0.006876 -0.011190 0.002275 -0.012935 
-0.012706 0.022097 0.002841 -0.025331 
0.002310 0.015364 -0.011831 0.010071 
0.016706 0.033766 0.026394 0.026882 
0.020209 0.022492 -0.000904 -0.030224 
0.013090 0.021276 -0.021911 -0.011996 
-0.010413 0.026035 0.014516 -0.023990 
0.035435 -0.010100 0.024219 -0.027768 
-0.032245 -0.025671 -0.001666 -0.041182 
-0.005347 -0.011295 0.002658 -0.012211 
-0.028756 -0.029436 0.002547 -0.041072 
-0.002001 0.008560 -0.004629 0.007473 
0.003543 -0.011019 0.008878 -0.007426 
0.009795 -0.017026 0.016503 0.010653 
-0.004458 -0.030903 -0.022690 0.021449 
-0.037611 -0.017412 -0.008191 -0.040629 
0.009558 -0.006696 0.011661 -0.000450 
-0.000547 0.018654 -0.018606 0.001444 
0.007468 -0.009638 0.011695 -0.003447 
0.002039 -0.001627 0.002085 -0.001568 
-0.002669 0.001175 -0.002709 0.001079 
0.004717 -0.008972 0.008040 -0.006173 
-0.030728 0.023445 -0.030659 0.023536 
-0.007196 0.006479 -0.009133 0.003219 
0.003369 0.010649 -0.002415 0.010905 
0.019870 0.021258 -0.009531 -0.027493 
0.022965 -0.012961 -0.019613 0.017627 
-0.000217 0.018201 -0.017951 0.003010 
0.008527 -0.005128 0.009872 -0.001243 
-0.029986 -0.013535 -0.008517 0.031778 
0.010775 0.000870 0.009091 0.005851 
-0.022052 -0.005943 0.017680 -0.014458 
-0.003075 0.010605 -0.007881 0.007734 
-0.004511 -0.005160 -0.003411 -0.005945 
0.000315 0.011504 -0.005813 0.009933 
0.003220 0.012675 -0.005925 0.011659 
-0.005380 0.009178 -0.008987 0.005695 
0.012219 0.022226 -0.020481 -0.014961 
-0.006359 -0.001332 -0.006024 -0.002434 
-0.003623 0.026372 -0.000696 -0.026611 
-0.006593 -0.012537 0.004982 -0.013260 
-0.026337 -0.007629 0.026187 0.008130 
-0.007471 0.010095 -0.012102 0.003358 
0.022277 0.000554 -0.011487 0.019095 
-0.007554 -0.002873 -0.006492 -0.004814 
-0.025376 0.002043 0.022375 -0.012144 
0.039415 0.011166 0.020461 0.035490 
0.015745 -0.013483 0.009435 0.018458 
-0.011215 0.002990 -0.011068 -0.003495 
-0.001050 0.031992 0.029816 -0.011644 
-0.008777 0.025077 0.004301 -0.026218 
-0.015941 0.002375 -0.009452 -0.013055 
-0.008007 0.005035 -0.009296 0.001742 
-0.004417 -0.000595 -0.004352 -0.000962 
-0.005323 0.002375 -0.005607 0.001593 
-0.005088 0.006853 -0.006917 0.005000 
0.012049 -0.018078 0.011714 0.018297 
-0.011092 -0.010378 0.002289 -0.015016 
-0.006128 -0.001373 -0.005817 -0.002365 
0.017172 0.002768 0.002412 0.017226 
0.006729 -0.005019 0.007901 -0.002836 
-0.017447 -0.004261 0.000444 -0.017955 
-0.013005 0.007207 -0.013556 -0.006108 
-0.008585 -0.011679 0.003578 -0.014047 
0.000480 0.041388 -0.032608 0.025494 
0.017417 0.005986 -0.003408 0.018099 
-0.024249 -0.003571 0.021855 -0.011096 
-0.020523 -0.000944 0.005074 -0.019908 
0.037807 -0.000425 0.036287 -0.010622 
0.022940 0.011935 -0.025572 -0.003846 
0.005682 0.009593 0.000135 0.011149 
0.025782 0.006791 -0.026517 -0.002773 
0.011729 -0.007113 0.013305 0.003339 
-0.010709 0.006213 -0.012294 -0.001465 
0.007914 -0.002691 0.008354 -0.000285 
-0.008011 -0.016080 0.014011 -0.011244 
-0.013142 0.005243 -0.012666 -0.006308 
0.026276 -0.010313 -0.027840 0.004662 
0.002570 -0.027085 -0.001762 0.027150 
-0.010420 -0.008523 -0.001657 -0.013359 
-0.013658 0.033395 0.014790 0.032910 
0.005000 0.012441 -0.004895 0.012483 
0.023979 -0.006197 -0.016973 0.018037 
0.015265 0.001616 0.007017 0.013653 
0.033415 -0.021589 0.038962 -0.008040 
0.004178 0.000267 0.004147 0.000574 
0.009685 -0.002968 0.010039 0.001354 
-0.039634 -0.010468 -0.020776 -0.035338 
-0.012407 0.006662 -0.013272 -0.004710 
-0.016648 -0.013336 0.018147 -0.011211 
-0.014806 0.004275 -0.011613 -0.010130 
-0.003337 -0.011422 0.003641 -0.011328 
0.008519 0.003054 0.006988 0.005751 
-0.001383 0.021451 -0.019484 -0.009080 
0.026414 -0.003898 -0.025576 0.007665 
0.001956 -0.013563 0.011006 -0.008164 
-0.000270 -0.020282 0.020070 0.002942 
-0.026628 0.004301 0.026179 -0.006496 
0.015147 0.047457 0.032043 -0.038143 
0.011158 -0.026820 -0.020839 0.020237 
0.008643 0.000820 0.007957 0.003472 
0.001466 -0.001913 0.001512 -0.001877 
0.003631 0.016983 -0.015128 0.008530 
0.004905 0.000836 0.004792 0.001341 
0.007608 -0.020094 0.015984 0.014359 
-0.018523 -0.003813 0.002558 -0.018737 
-0.003342 0.006260 -0.004583 0.005418 
0.010841 0.024870 -0.012007 -0.024328 
-0.003727 -0.042215 0.039167 -0.016185 
-0.022904 -0.014008 0.024319 0.011376 
-0.029504 -0.016333 -0.018319 0.028315 
-0.010580 -0.018746 0.021324 -0.002935 
-0.000608 -0.025385 0.011157 0.022810 
-0.004388 0.010924 -0.009675 0.006707 
0.003770 -0.031170 -0.028302 0.013594 
-0.011570 0.000378 -0.009984 -0.005859 
0.019283 -0.007128 0.003035 0.020333 
0.011584 0.014463 -0.012875 0.013327 
-0.004551 -0.003128 -0.004114 -0.003684 
0.002474 -0.011876 0.008902 -0.008240 
0.003712 0.000916 0.003649 0.001142 
-0.003343 -0.031095 -0.023762 0.020333 
-0.002561 0.018518 -0.018683 -0.000671 
0.024708 0.001385 -0.021585 0.012104 
-0.011568 -0.003037 -0.007821 -0.009049 
-0.002197 0.032542 0.032129 -0.005612 
0.034832 0.020802 0.015652 0.037430 
0.000654 0.009388 -0.002805 0.008982 
-0.002923 0.012877 -0.010788 0.007614 
0.015489 -0.012882 0.010673 0.017087 
-0.018634 -0.017480 0.023947 0.008907 
-0.029483 0.003175 0.026730 0.012839 
-0.007644 0.011886 -0.013952 0.002247 
-0.010395 0.016464 -0.016221 -0.010770 
0.031707 0.022011 0.032144 0.021368 
0.011256 -0.000922 0.010148 0.004958 
-0.006016 -0.022057 0.021394 0.008062 
-0.009470 0.003959 -0.010253 -0.000482 
0.004665 0.002188 0.004392 0.002694 
0.027497 0.002200 -0.027326 -0.003771 
-0.005303 -0.026090 0.009436 0.024896 
0.000920 0.005051 0.000356 0.005122 
0.011629 -0.015799 0.015235 0.012359 
0.010524 -0.015348 0.016454 0.008693 
-0.014066 -0.008420 0.001612 -0.016315 
-0.023487 -0.002734 0.018458 -0.014780 
0.013104 0.008712 -0.000895 0.015710 
0.010601 -0.031035 -0.032482 -0.004523 
0.000383 0.014514 -0.011002 0.009475 
-0.003154 0.001990 -0.003265 0.001802 
0.007903 0.009225 0.001068 0.012100 
0.006669 0.009443 0.000613 0.011544 
0.004863 -0.042698 0.042963 0.000995 
-0.012656 -0.004884 -0.005641 -0.012337 
-0.009433 0.010538 -0.014143 -0.000003 
-0.017718 0.018609 0.009884 -0.023718 
-0.004887 0.001634 -0.005039 0.001080 
0.001426 -0.010436 0.005966 -0.008680 
0.011472 -0.027310 -0.024004 0.017356 
0.002120 -0.027004 -0.000576 0.027081 
0.010261 -0.005129 0.011425 0.001028 
-0.001631 0.000135 -0.001633 0.000116 
0.007538 0.010446 -0.000933 0.012848 
0.014570 0.007233 -0.000039 0.016267 
-0.001539 -0.003722 -0.001282 -0.003819 
0.002607 0.009478 -0.001350 0.009737 
0.014115 0.014923 -0.017463 0.010817 
-0.000200 0.024758 -0.013078 -0.021023 
0.007602 -0.001919 0.007840 0.000087 
-0.019901 -0.014613 0.024653 0.001340 
0.004742 0.022240 -0.021006 -0.008708 
0.021771 0.007973 -0.019996 0.011735 
0.004949 -0.037379 -0.006562 -0.037130 
-0.028459 0.003010 0.028070 0.005574 
-0.008506 0.025361 0.005051 -0.026268 
0.027310 0.006098 -0.026090 -0.010116 
-0.010913 -0.044241 0.036739 0.026955 
-0.029039 0.001093 0.027085 0.010530 
-0.000787 0.016755 -0.015807 0.005611 
-0.000756 -0.026428 0.006068 0.025733 
0.005639 -0.007095 0.007708 -0.004767 
-0.015709 -0.011079 0.010804 -0.015899 
-0.006181 0.030675 0.028855 -0.012105 
-0.008428 0.020593 -0.013849 -0.017416 
0.031157 -0.018118 0.007936 -0.035158 
0.012179 -0.004412 0.012133 0.004537 
0.031691 0.011435 0.013294 -0.030957 
0.008946 -0.005127 0.010283 -0.000757 
-0.026497 -0.023833 -0.034844 0.007479 
0.002142 -0.025336 0.008464 0.023977 
-0.018060 -0.033583 -0.023501 -0.030029 
-0.021391 -0.033894 -0.003732 -0.039905 
-0.009018 0.013640 -0.016198 -0.002240 
-0.002074 0.003007 -0.002239 0.002886 
0.018701 0.005710 -0.006388 0.018480 
0.017794 0.012536 -0.018712 0.011119 
0.010531 -0.003674 0.010958 0.002077 
-0.003396 -0.007675 -0.001009 -0.008332 
-0.021874 -0.003208 0.013015 -0.017871 
0.005530 0.014930 -0.010389 0.012065 
0.015076 -0.002639 0.010537 0.011100 
0.017224 0.002782 0.002278 0.017298 
-0.005545 0.002990 -0.005964 0.002027 
0.008198 0.010566 -0.001229 0.013317 
0.004936 -0.015510 0.016096 -0.002417 
-0.018876 0.002398 -0.003316 -0.018736 
0.001305 0.007176 -0.000319 0.007287 
0.010066 -0.017412 0.015964 0.012234 
0.007870 0.005208 0.005420 0.007725 
0.029547 -0.005749 -0.026765 -0.013774 
0.019340 -0.030175 -0.011034 -0.034100 
0.021368 -0.003559 -0.005082 0.021057 
0.026326 -0.026605 0.014097 -0.034672 
0.013395 -0.010381 0.014465 0.008828 
0.023667 -0.003321 -0.015227 0.018419 
0.017731 -0.000001 0.004372 0.017184 
0.000521 0.009169 -0.002694 0.008779 
0.006780 -0.002074 0.007064 -0.000605 
0.004661 -0.004746 0.005458 -0.003802 
0.006578 -0.004708 0.007609 -0.002744 
0.001372 0.008301 -0.001123 0.008339 
-0.010743 -0.018546 0.021143 -0.003514 
-0.007319 -0.003272 -0.006180 -0.005106 
-0.008902 0.003488 -0.009560 -0.000103 
0.014344 -0.001897 0.010600 0.009848 
-0.005327 0.013672 -0.014043 0.004254 
0.004302 0.003619 0.003784 0.004157 
0.004337 0.000458 0.004287 0.000803 
-0.019497 -0.013086 0.022850 -0.005411 
0.029105 0.006393 -0.020599 -0.021532 
0.013861 -0.029657 -0.031874 -0.007463 
0.023024 -0.021000 -0.030533 -0.006236 
-0.039162 -0.002861 -0.037827 -0.010533 
-0.003816 0.017259 -0.017662 0.000702 
0.022740 -0.002508 -0.011363 0.019857 
0.004249 0.011546 -0.003444 0.011811 
0.004784 0.011134 -0.002545 0.011848 
0.020629 -0.005120 -0.001808 0.021178 
-0.007616 -0.021404 0.021972 0.005776 
-0.002812 0.002096 -0.002917 0.001948 
0.026695 -0.001239 -0.026265 0.004933 
0.014227 0.016024 -0.020005 0.007680 
0.029029 -0.023025 0.014025 -0.034295 
0.001746 -0.024446 0.012711 0.020954 
0.003162 -0.007839 0.005340 -0.006552 
-0.003021 0.004905 -0.003674 0.004437 
-0.007527 0.008592 -0.010902 0.003407 
-0.006266 0.013440 -0.014502 0.003093 
0.014017 0.003835 0.005872 0.013292 
0.004418 -0.029235 -0.018673 0.022925 
-0.005002 -0.021578 0.021383 0.005778 
0.007667 0.005958 0.004772 0.008457 
0.001133 -0.015302 0.013412 -0.007452 
-0.024108 0.003900 0.017105 -0.017430 
0.008815 -0.018659 0.016291 0.012668 
-0.028285 -0.005743 0.024442 0.015350 
0.005247 0.007273 0.002538 0.008602 
0.002507 -0.029788 -0.019234 0.022883 
-0.010158 -0.005539 -0.005636 -0.010104 
0.002033 -0.003155 0.002216 -0.003029 
0.023268 0.001414 -0.016301 0.016664 
0.008856 -0.010592 0.013770 -0.001008 
0.026569 -0.028471 0.029077 -0.025905 
-0.001021 0.012031 -0.007755 0.009254 
-0.013771 -0.011510 0.008280 -0.015923 
0.016248 0.006130 -0.001002 0.017337 
0.021328 -0.031662 0.016133 -0.034599 
-0.019232 -0.029275 -0.034704 0.004745 
0.014452 -0.011454 0.013375 0.012695 
-0.010156 0.017905 -0.015387 -0.013674 
0.002251 -0.011077 0.007601 -0.008366 
0.009514 -0.002065 0.009570 0.001788 
-0.002769 -0.009660 0.001456 -0.009943 
-0.008526 0.004673 -0.009670 0.001009 
0.016291 -0.016529 0.002299 0.023094 
-0.020329 0.011199 0.004388 -0.022791 
-0.012575 0.005837 -0.012908 -0.005057 
-0.002202 0.003206 -0.002401 0.003059 
0.019526 0.000317 -0.000951 0.019506 
-0.002983 -0.030962 -0.022951 0.020995 
-0.003182 -0.004818 -0.002478 -0.005215 
-0.008703 -0.010655 0.001521 -0.013673 
-0.016446 0.004873 -0.009994 -0.013941 
0.000373 0.008231 -0.001960 0.008003 
0.006355 -0.010526 0.011362 -0.004698 
0.003573 -0.012776 0.011251 -0.007028 
-0.016266 -0.025429 -0.003617 0.029969 
0.006340 0.006142 0.004027 0.007856 
-0.006296 -0.025692 0.011274 0.023930 
-0.003632 -0.008495 -0.000418 -0.009229 
-0.006243 -0.005444 -0.004436 -0.006995 
-0.002235 -0.004065 -0.001858 -0.004251 
0.024851 -0.029693 0.025424 -0.029204 
-0.026922 0.006866 0.027487 -0.004048 
0.026696 -0.000415 -0.026356 0.004265 
0.001653 0.001607 0.001617 0.001643 
0.016029 0.013712 -0.017834 0.011265 
-0.010469 -0.036558 -0.017655 -0.033681 
-0.031189 -0.001112 0.017159 0.026068 
-0.012573 -0.014283 0.013654 -0.013253 
-0.006521 -0.004879 -0.004927 -0.006485 
-0.027575 0.003233 0.027760 -0.000492 
0.006736 0.016134 -0.013582 0.011010 
0.017176 -0.014754 0.002825 0.022466 
-0.019622 -0.023568 -0.003599 0.030455 
-0.027994 -0.000666 0.027557 0.004970 
0.000491 -0.010376 0.004989 -0.009112 
-0.005358 0.002701 -0.005704 0.001862 
-0.004286 -0.020040 0.020490 -0.000328 
-0.024510 -0.002465 0.021731 -0.011601 
0.016716 0.000940 0.005524 0.015804 
-0.008569 -0.028686 -0.009876 0.028263 
-0.040673 -0.015499 0.019883 -0.038719 
0.001493 0.000718 0.001485 0.000736 
-0.017431 0.004649 -0.008062 -0.016139 
-0.015792 0.008782 -0.011719 -0.013754 
0.008895 -0.004486 0.009950 -0.000497 
0.004744 0.017793 -0.016919 0.007270 
-0.008015 0.013158 -0.015402 0.000397 
0.004205 0.007916 0.001344 0.008862 
-0.013515 -0.007110 -0.001618 -0.015185 
0.041726 0.004370 0.014387 0.039411 
0.008774 -0.026971 -0.014938 0.024110 
0.027344 -0.008782 -0.028717 -0.000435 
0.018947 -0.031938 0.001841 -0.037090 
0.017058 -0.017617 -0.003803 0.024226 
0.024611 0.001160 -0.021101 0.012720 
0.019875 -0.000998 -0.000871 0.019881 
0.016027 -0.005989 0.010993 0.013112 
0.000801 -0.013183 0.009418 -0.009259 
0.008563 -0.006345 0.010522 -0.001700 
0.001002 0.000037 0.001002 0.000041 
0.021363 -0.019894 -0.027808 0.008880 
-0.038119 -0.001949 -0.037948 0.004097 
-0.013269 0.001704 -0.010852 -0.007823 
0.008197 -0.018039 0.017330 0.009607 
-0.003825 -0.019288 0.019468 -0.002765 
-0.013760 0.011131 -0.014231 -0.010522 
-0.010703 0.007957 -0.013258 -0.001443 
-0.012841 0.023508 0.009806 -0.024927 
0.004744 -0.032792 -0.033098 -0.001542 
-0.003817 -0.010200 0.001526 -0.010784 
-0.009144 -0.015063 0.012136 -0.012775 
-0.024120 0.032610 -0.038738 0.012022 
0.022644 0.028142 0.035958 0.003422 
-0.001199 0.008072 -0.003382 0.007426 
-0.014292 0.006621 -0.012918 -0.009014 
0.004843 -0.020299 0.018372 0.009898 
-0.033529 0.018940 -0.032555 0.020568 
-0.025254 -0.001469 0.023366 -0.009694 
0.000622 -0.005792 0.001439 -0.005645 
-0.011145 0.012369 -0.015762 -0.005362 
-0.000809 0.022053 -0.019225 -0.010835 
-0.010426 -0.012118 0.005688 -0.014939 
0.003821 0.004397 0.003157 0.004896 
0.002929 -0.026904 -0.001239 0.027035 
-0.005029 0.003277 -0.005466 0.002481 
0.003322 -0.002546 0.003500 -0.002294 
-0.005582 -0.008827 -0.001098 -0.010386 
-0.012000 0.005893 -0.012792 -0.003885 
0.007774 -0.004259 0.008735 -0.001507 
-0.020013 -0.000532 0.002809 -0.019822 
-0.021654 -0.003037 0.011954 -0.018309 
-0.009642 0.033995 0.024285 0.025668 
-0.009099 -0.008770 -0.001669 -0.012526 
0.015416 -0.004764 0.011303 0.011515 
0.010154 0.004982 0.006168 0.009480 
0.019699 0.005387 -0.008871 0.018394 
0.004394 -0.023297 0.013235 0.019670 
-0.005813 -0.003306 -0.005092 -0.004334 
-0.001572 0.010409 -0.006080 0.008594 
-0.011008 0.016902 -0.015206 -0.013253 
0.003047 0.004445 0.002483 0.004783 
-0.020702 -0.002168 0.007236 -0.019517 
0.000552 0.009943 -0.003521 0.009315 
0.014562 -0.017125 0.006914 0.021389 
-0.028614 -0.003777 0.025444 0.013626 
-0.011066 -0.003755 -0.007253 -0.009162 
-0.001395 -0.015841 0.013164 -0.008921 
0.008839 0.011401 -0.003083 0.014093 
0.012382 -0.007128 0.013490 0.004708 
-0.017585 -0.014045 0.021229 -0.007471 
-0.007198 0.013203 -0.014927 0.001817 
0.018120 0.019312 -0.021495 -0.015468 
0.005948 -0.010356 0.010754 -0.005194 
0.023951 -0.002776 -0.016573 0.017513 
-0.001195 0.008348 -0.003601 0.007626 
-0.004758 -0.003743 -0.004127 -0.004429 
-0.007072 -0.015596 0.012369 -0.011843 
-0.003337 -0.011959 0.004559 -0.011549 
-0.002585 0.012023 -0.009219 0.008139 
0.012921 -0.006901 0.013426 0.005860 
0.030821 0.005408 -0.012824 -0.028544 
-0.023849 -0.020867 -0.007158 0.030870 
0.003661 -0.007645 0.005769 -0.006210 
-0.011121 -0.002036 -0.008512 -0.007442 
-0.008231 -0.004212 -0.006224 -0.006837 
-0.004677 -0.007889 -0.001656 -0.009021 
-0.022104 0.000401 0.009926 -0.019754 
-0.001119 0.031354 0.026931 -0.016096 
0.001763 0.023308 -0.018599 -0.014159 
-0.012679 -0.007115 -0.002471 -0.014327 
0.002758 -0.011445 0.008600 -0.008039 
0.010756 0.017812 -0.019916 0.006028 
0.008488 -0.011154 0.013954 -0.001321 
0.000003 0.011723 -0.006399 0.009822 
-0.002118 -0.003908 -0.001787 -0.004070 
-0.015091 0.007632 -0.012556 -0.011329 
0.032257 -0.005618 -0.012081 -0.030432 
-0.024224 -0.028547 -0.033268 -0.017173 
-0.011826 -0.006506 -0.004014 -0.012887 
0.025102 0.007790 -0.026230 -0.001664 
0.019070 0.000635 0.000132 0.019081 
-0.012684 0.012542 -0.015133 -0.009443 
0.010953 0.025118 -0.010574 -0.025280 
-0.007503 0.004614 -0.008585 0.001967 
-0.004605 0.003508 -0.005052 0.002827 
0.013439 -0.002692 0.011374 0.007648 
-0.029450 0.016732 0.013377 0.031118 
0.029277 -0.024660 0.026022 -0.028074 
0.015148 0.001173 0.007590 0.013162 
0.011430 0.025911 -0.005219 -0.027835 
0.001354 0.010440 -0.003479 0.009935 
-0.021945 -0.007345 0.019517 -0.012435 
0.035165 0.029615 -0.045382 -0.007351 
0.024681 -0.004996 -0.019649 0.015749 
0.022934 -0.014007 -0.021331 0.016346 
-0.043364 0.006525 0.003543 -0.043709 
-0.011951 -0.008301 -0.001069 -0.014512 
-0.031216 -0.016326 -0.029385 0.019431 
-0.018591 0.029503 0.019942 0.028607 
-0.017805 -0.006779 0.005972 -0.018091 
-0.016790 -0.009728 0.009933 -0.016670 
-0.019508 0.000756 -0.000141 -0.019522 
-0.028816 -0.000419 0.026927 0.010270 
-0.006818 -0.003467 -0.005769 -0.005023 
0.006074 0.003055 0.005370 0.004171 
0.012467 -0.006783 0.013339 0.004846 
-0.024922 -0.010335 0.025681 0.008269 
-0.030020 -0.002517 0.021893 0.020694 
-0.025321 0.008776 0.024058 -0.011805 
-0.015811 -0.000849 -0.007074 -0.014166 
-0.001193 -0.005947 -0.000262 -0.006060 
-0.031622 0.013210 0.005824 0.033772 
0.014584 0.012378 -0.011898 0.014978 
0.024443 0.025929 0.035331 -0.004633 
0.030253 -0.019688 0.006738 -0.035461 
0.025530 0.001497 -0.024163 0.008375 
0.015557 -0.013884 0.009474 0.018575 
0.004920 -0.012390 0.012028 -0.005747 
-0.018058 0.005222 -0.006741 -0.017547 
0.003604 0.000581 0.003566 0.000782 
0.003817 0.029634 0.013889 -0.026455 
-0.025172 -0.008600 0.026251 0.004297 
0.004886 -0.011350 0.010709 -0.006165 
0.020003 0.005075 -0.009307 0.018418 
-0.023406 0.007731 0.015200 -0.019405 
0.031974 0.020698 0.035227 0.014484 
-0.014641 0.000632 -0.009565 -0.011102 
0.007843 -0.016040 0.017408 0.003968 
0.011225 0.030470 0.026190 -0.019197 
-0.004140 -0.016648 0.014375 -0.009363 
-0.014748 -0.023875 0.010522 0.026015 
0.016184 -0.002056 0.008917 0.013662 
-0.018757 -0.030794 -0.035294 -0.007381 
0.016242 -0.012132 0.009445 0.017938 
0.005365 -0.023778 0.009980 0.022239 
-0.019513 -0.013526 0.023418 -0.003916 
0.017670 0.014626 -0.022290 0.005414 
0.007386 -0.002820 0.007865 -0.000805 
-0.017150 0.007351 -0.009143 -0.016266 
0.017227 -0.009933 0.008317 0.018062 
0.009874 -0.021286 0.008977 0.021680 
-0.033759 -0.018785 -0.033922 -0.018489 
0.004207 -0.004443 0.004851 -0.003729 
0.006479 0.026437 -0.007190 -0.026253 
0.005024 0.003786 0.004328 0.004566 
-0.010238 0.013779 -0.016363 -0.005188 
0.016718 0.002147 0.004150 0.016336 
0.002595 -0.015130 0.014076 -0.006123 
-0.034252 0.007451 -0.008295 0.034058 
0.011228 0.000166 0.009603 0.005820 
0.021793 -0.008294 -0.008026 0.021894 
0.015486 -0.030831 -0.025072 -0.023701 
-0.015009 -0.006092 -0.001329 -0.016144 
0.020695 0.006960 -0.015006 0.015860 
0.035863 0.005200 0.029518 -0.021020 
-0.012915 0.005570 -0.012817 -0.005792 
-0.012563 -0.002485 -0.008113 -0.009908 
0.025818 -0.004684 -0.023886 0.010860 
0.010969 -0.012811 0.015939 0.005514 
0.011807 -0.035253 -0.005534 -0.036764 
-0.027947 0.006774 0.028621 0.002784 
-0.011197 0.019293 -0.011157 -0.019316 
-0.001104 -0.011105 0.004596 -0.010170 
-0.002357 -0.031620 -0.026858 0.016852 
-0.011724 0.011666 -0.015437 -0.005935 
0.001216 0.029452 0.013349 -0.026282 
-0.009114 0.013039 -0.015824 -0.001639 
0.014831 0.004458 0.004139 0.014923 
-0.018249 0.012436 -0.002617 -0.021928 
0.014003 0.016519 -0.020672 0.006452 
0.000043 -0.010414 0.004623 -0.009331 
-0.005265 -0.002843 -0.004779 -0.003600 
-0.006964 0.000933 -0.007007 -0.000522 
0.004766 -0.011655 0.010952 -0.006214 
-0.019404 0.003980 -0.002445 -0.019656 
0.036680 -0.015456 0.039794 -0.000864 
-0.003772 -0.030153 -0.017558 0.024803 
0.012522 -0.011880 0.015202 0.008175 
0.020942 -0.016147 -0.017283 0.020016 
-0.032315 -0.005304 0.001358 0.032719 
-0.029431 -0.003306 0.023442 0.018099 
0.003996 -0.014134 0.013594 -0.005561 
0.003956 -0.018495 0.018718 0.002710 
-0.035169 -0.009787 -0.033489 0.014531 
-0.007826 0.029437 0.025930 -0.015981 
-0.018372 0.030551 0.013852 0.032848 
-0.019775 0.016521 0.012903 -0.022304 
-0.033047 -0.008072 -0.013001 0.031436 
0.014000 0.018368 -0.023091 -0.000468 
0.010800 0.019870 -0.022540 -0.001839 
0.019317 0.030971 0.034520 0.011863 
-0.017339 0.010338 -0.007774 -0.018630 
0.010966 -0.008942 0.013974 0.002222 
0.001441 0.016640 -0.014780 0.007779 
0.004579 0.002017 0.004341 0.002486 
-0.021254 0.003085 0.004773 -0.020940 
0.017229 -0.006921 0.008958 0.016263 
-0.013449 -0.014565 0.015610 -0.012221 
-0.004717 -0.008899 -0.000614 -0.010053 
-0.018000 0.008012 -0.006897 -0.018456 
-0.011949 -0.004307 -0.006602 -0.010851 
-0.012454 -0.008612 -0.000031 -0.015142 
-0.020441 0.025895 0.028442 0.016716 
-0.008841 0.033983 0.026271 0.023298 
-0.027255 0.003746 0.027384 -0.002646 
-0.003824 -0.016521 0.014096 -0.009426 
-0.022928 -0.002025 0.015594 -0.016929 
0.029941 0.004981 -0.018958 -0.023704 
-0.027621 -0.007121 0.024595 0.014446 
-0.004901 0.013618 -0.013621 0.004891 
0.006151 -0.011882 0.012611 -0.004469 
0.000568 0.012511 -0.007215 0.010236 
0.025087 0.009652 -0.025955 -0.006990 
0.028989 0.001753 -0.025965 -0.013009 
0.004757 0.005721 0.003309 0.006664 
0.008620 0.009635 0.000351 0.012924 
0.022612 0.012901 -0.025371 -0.005835 
0.034769 -0.034220 -0.047838 0.009563 
-0.014851 0.008344 -0.012940 -0.011078 
-0.004583 0.028685 0.015533 -0.024547 
-0.004257 -0.005723 -0.002945 -0.006496 
-0.003051 -0.023063 0.019550 0.012608 
-0.022856 0.002563 0.011851 -0.019712 
0.001297 -0.026912 0.001122 0.026920 
0.015451 -0.000658 0.008832 0.012695 
0.014916 -0.006778 0.012511 0.010578 
0.010010 -0.002996 0.010301 0.001749 
-0.028332 -0.013239 0.005103 0.030854 
0.009637 -0.008042 0.012545 -0.000415 
0.000774 -0.012483 0.008242 -0.009407 
0.011840 0.019536 -0.022774 -0.001782 
-0.006883 -0.045030 0.034314 0.029960 
-0.012941 -0.014982 0.015931 -0.011753 
-0.007520 -0.025114 0.013552 0.022442 
-0.027985 0.025377 -0.019766 0.032194 
-0.019996 0.004048 -0.000423 -0.020397 
-0.000449 0.001478 -0.000464 0.001473 
-0.007142 -0.009158 -0.001106 -0.011561 
0.009736 0.011668 -0.004133 0.014624 
0.005028 -0.000504 0.005053 0.000038 
-0.007446 0.007495 -0.010030 0.003318 
-0.006052 -0.004473 -0.004826 -0.005774 
0.006049 0.038804 -0.001803 0.039231 
0.011206 -0.018877 0.012029 0.018364 
0.010019 0.017304 -0.018299 0.008060 
-0.009095 0.014497 -0.016698 -0.003747 
0.003847 0.001547 0.003725 0.001821 
-0.010889 0.010086 -0.014605 -0.002643 
-0.029430 0.009465 0.026111 0.016551 
-0.005499 0.017787 -0.018296 -0.003445 
-0.007597 -0.008297 -0.002338 -0.011004 
0.008700 0.006835 0.004209 0.010232 
0.002146 0.007841 -0.000087 0.008129 
0.019338 0.006297 -0.009442 0.018013 
-0.024508 0.006381 0.019369 -0.016315 
0.006359 -0.002126 0.006645 -0.000893 
-0.032141 -0.023054 -0.024083 -0.031377 
-0.007666 -0.018447 0.019160 -0.005654 
-0.019792 -0.017182 0.023473 0.011660 
0.002302 0.001223 0.002266 0.001288 
0.009234 -0.006082 0.011031 -0.000757 
-0.001645 -0.015517 0.012396 -0.009478 
-0.010945 0.011546 -0.015407 -0.003965 
-0.008546 0.001540 -0.008600 -0.001200 
0.015752 0.008463 -0.004708 0.017251 
0.003706 0.004449 0.003045 0.004925 
0.008853 -0.002527 0.009179 0.000720 
-0.007066 -0.003021 -0.006107 -0.004664 
0.004915 -0.025552 0.002736 0.025876 
-0.016636 0.035712 -0.024700 0.030692 
-0.020704 -0.008708 0.018247 -0.013098 
0.006311 -0.012867 0.013882 -0.003564 
-0.005428 -0.022312 0.021085 0.009094 
-0.004692 0.020087 -0.018597 -0.008926 
-0.004619 0.010078 -0.008994 0.006481 
0.015855 0.006339 -0.000602 0.017065 
0.006769 -0.009545 0.010874 -0.004323 
-0.040110 -0.004238 -0.031842 -0.024756 
0.020888 0.003453 -0.009727 0.018805 
0.019209 -0.023521 -0.030024 0.004558 
-0.007657 -0.001695 -0.006969 -0.003597 
-0.016661 0.023940 0.025192 -0.014698 
0.043149 -0.010122 -0.007641 0.043657 
-0.029433 -0.023749 -0.034707 -0.015023 
0.000481 0.000799 0.000478 0.000800 
-0.008383 -0.022298 0.021395 0.010475 
0.011165 -0.013000 0.015956 0.006250 
0.012615 -0.032118 -0.027100 -0.021361 
-0.020297 -0.031619 -0.029875 -0.022786 
-0.023380 -0.020869 -0.004529 0.031010 
0.006200 -0.003340 0.006757 -0.001984 
0.004754 -0.010917 0.010063 -0.006365 
0.004451 -0.020468 0.018503 0.009817 
0.021106 -0.011497 -0.008440 0.022504 
-0.028127 0.009382 0.028854 0.006826 
0.040865 0.002995 0.027104 0.030730 
0.024150 -0.002528 -0.017480 0.016855 
-0.002996 0.001714 -0.003078 0.001562 
0.011120 -0.004748 0.011823 0.002534 
-0.013479 -0.004065 -0.006056 -0.012710 
0.005889 0.013312 -0.006648 0.012950 
-0.003794 0.005579 -0.004786 0.004756 
0.015416 -0.011681 0.011653 0.015437 
0.004627 0.000613 0.004552 0.001034 
-0.009919 -0.003770 -0.007109 -0.007877 
-0.011813 -0.001153 -0.009158 -0.007551 
0.001100 0.027152 -0.002109 -0.027093 
0.022188 -0.024511 -0.026937 -0.019170 
-0.032503 -0.014367 -0.030149 0.018814 
0.010180 -0.017224 0.015977 0.012043 
0.009309 0.012144 -0.004963 0.014475 
0.022903 0.008469 -0.023463 0.006765 
0.034075 -0.018027 0.033406 -0.019237 
0.005808 0.014535 -0.009471 0.012462 
-0.005601 -0.007760 -0.002276 -0.009296 
0.005070 0.011220 -0.002600 0.012034 
0.012573 -0.026475 -0.023192 0.017920 
-0.012576 -0.018530 0.022356 -0.001316 
-0.022685 0.013475 0.019292 -0.018000 
-0.007436 -0.011917 0.003769 -0.013532 
-0.008937 -0.017992 0.018971 -0.006609 
-0.018762 -0.029470 -0.034551 0.005169 
0.025081 -0.023776 -0.015038 -0.031116 
-0.011063 0.014812 -0.016157 -0.008984 
-0.001391 0.001155 -0.001406 0.001136 
0.026876 0.005018 -0.026872 -0.005041 
-0.003969 -0.031887 -0.028269 0.015278 
-0.005266 0.021917 -0.015690 -0.016183 
0.036061 -0.000959 0.024101 -0.026841 
0.017312 -0.007106 0.008776 0.016528 
0.000791 0.004451 0.000406 0.004503 
0.000242 -0.008580 0.002845 -0.008098 
-0.022867 0.015229 0.023338 -0.014497 
-0.001950 0.006828 -0.003342 0.006265 
-0.000841 -0.004426 -0.000461 -0.004482 
-0.001018 0.008642 -0.003671 0.007889 
-0.004030 -0.005285 -0.002985 -0.005938 
-0.009288 0.008372 -0.012468 0.000952 
0.012989 -0.023008 -0.007982 0.025186 
0.013866 0.001088 0.008738 0.010821 
0.003777 -0.022364 0.016454 0.015611 
-0.012843 0.006050 -0.013037 -0.005620 
0.000694 -0.000097 0.000694 -0.000096 
0.017319 -0.008255 0.008658 0.017121 
-0.004909 -0.000264 -0.004857 -0.000761 
0.006518 -0.015770 0.017046 0.000770 
0.018503 0.013014 -0.021031 0.008334 
-0.008249 -0.015988 0.013915 -0.011403 
-0.017687 0.020016 0.014673 -0.022320 
0.036005 -0.004005 0.023176 -0.027844 
0.000296 -0.031696 -0.028124 0.014619 
0.010225 -0.004705 0.011197 0.001138 
-0.007431 0.006034 -0.009154 0.002799 
-0.024791 -0.000340 0.021218 -0.012826 
-0.020665 0.013485 0.009853 -0.022623 
-0.005610 -0.006814 -0.003120 -0.008257 
-0.026785 -0.008989 0.024265 0.014472 
-0.002182 -0.000101 -0.002179 -0.000144 
0.016299 0.003237 0.003527 0.016239 
-0.005716 -0.016302 0.013715 -0.010503 
-0.004122 0.030330 0.024574 -0.018248 
-0.001249 0.020217 -0.019786 -0.004336 
0.008552 0.026347 -0.006311 -0.026972 
0.026503 -0.001049 -0.025863 0.005882 
0.020522 0.002259 -0.006706 0.019527 
0.023345 0.009845 -0.025311 0.001116 
0.026506 0.011182 -0.021304 -0.019333 
0.004425 0.013491 -0.007184 0.012246 
-0.009531 0.006989 -0.011807 0.000537 
0.000118 0.004805 -0.000349 0.004793 
-0.018639 0.018696 0.014295 -0.022195 
0.010520 0.002406 0.008153 0.007070 
-0.014639 0.005856 -0.012412 -0.009723 
0.026652 0.017494 0.004486 -0.031563 
-0.004104 -0.006290 -0.002511 -0.007078 
0.004975 -0.005967 0.006313 -0.004527 
-0.019630 -0.017920 0.022402 0.014305 
0.015182 0.014412 -0.017954 0.010764 
-0.003415 0.011349 -0.009156 0.007526 
0.032457 0.002777 -0.005379 -0.032129 
-0.006831 0.001333 -0.006960 -0.000076 
-0.011858 -0.016542 0.018315 -0.008877 
-0.024727 -0.020270 -0.008587 0.030799 
-0.027764 0.032753 -0.035452 -0.024223 
0.025241 0.029349 0.024757 0.029759 
-0.006971 0.004594 -0.008001 0.002384 
-0.013820 -0.001146 -0.008716 -0.010787 
-0.006044 0.004156 -0.006823 0.002695 
0.015166 0.018863 -0.023648 -0.005158 
0.017693 -0.035544 0.028641 -0.027497 
-0.021030 0.016497 0.018557 -0.019237 
0.027040 0.026039 0.034466 0.014875 
0.012920 0.016289 -0.018948 0.008557 
-0.017505 -0.001781 -0.002940 -0.017348 
-0.028150 0.001239 0.027852 0.004272 
-0.010454 0.000216 -0.009465 -0.004443 
-0.000162 0.013822 -0.010060 0.009481 
-0.021978 0.005750 0.007637 -0.021395 
-0.008035 0.002126 -0.008307 -0.000263 
-0.008692 0.008824 -0.012251 0.001826 
0.000221 -0.001876 0.000249 -0.001873 
-0.018378 0.028738 0.025002 0.023205 
-0.001431 0.010314 -0.005826 0.008631 
0.000869 0.013557 -0.008873 0.010286 
0.000264 -0.006635 0.001483 -0.006473 
-0.023401 0.010372 0.017750 -0.018442 
-0.012819 0.004847 -0.012468 -0.005690 
0.008423 -0.020726 0.013565 0.017791 
-0.019439 -0.003988 0.005616 -0.019032 
0.024879 0.026521 0.036206 0.003380 
-0.020156 0.009721 0.001900 -0.022297 
-0.033747 0.016716 -0.026753 0.026506 
-0.020855 0.021826 0.029975 -0.003577 
-0.019602 -0.010002 0.017729 -0.013036 
0.015453 0.011791 -0.012060 0.015244 
-0.007130 0.002255 -0.007459 0.000532 
0.010193 -0.020930 0.009281 0.021350 
-0.009098 -0.012427 0.005501 -0.014386 
-0.018252 -0.032429 -0.030789 -0.020900 
0.003125 -0.026111 0.003025 0.026123 
0.018070 -0.011697 0.004222 0.021107 
-0.001707 -0.018662 0.018418 -0.003459 
-0.025901 0.002599 0.024047 -0.009967 
0.012936 -0.014670 0.014176 0.013475 
0.000725 0.008673 -0.002027 0.008464 
0.002715 0.003562 0.002406 0.003778 
0.004252 0.028515 0.005856 -0.028229 
0.006223 -0.024769 0.003909 0.025237 
0.005785 0.001751 0.005449 0.002615 
0.009154 0.001515 0.008025 0.004658 
0.004578 -0.010953 0.009914 -0.006531 
-0.002778 -0.013893 0.008534 -0.011309 
-0.022746 0.031716 -0.026394 0.028752 
0.014556 0.006711 0.000942 0.016001 
-0.013792 -0.017193 0.021583 -0.004476 
0.000538 0.006775 -0.000779 0.006751 
0.011607 -0.013043 0.015812 0.007404 
-0.037335 0.017910 -0.036772 -0.019039 
-0.004080 0.028416 0.012888 -0.025652 
-0.024248 -0.001121 0.019779 -0.014072 
0.008299 -0.011791 0.014368 -0.001203 
-0.009606 -0.011003 0.002603 -0.014372 
0.010238 0.001627 0.008501 0.005933 
0.008042 -0.016536 0.017549 0.005493 
-0.008911 -0.005297 -0.005705 -0.008655 
-0.004778 0.029267 0.019491 -0.022349 
-0.000557 -0.001163 -0.000549 -0.001167 
0.021481 0.000182 -0.007922 0.019968 
-0.013380 -0.034811 -0.026834 -0.025899 
-0.030262 0.027325 -0.040756 0.001176 
-0.013854 0.006095 -0.012915 -0.007892 
0.009551 -0.013101 0.015995 0.002650 
-0.002673 0.007833 -0.004788 0.006751 
0.004213 0.002938 0.003862 0.003386 
0.005114 -0.006681 0.006848 -0.004888 
0.021176 -0.036326 0.041810 0.004457 
-0.025306 0.001367 0.022293 -0.012052 
0.004661 0.024426 -0.016595 -0.018519 
0.014863 -0.004669 0.011754 0.010226 
-0.013959 0.010291 -0.014023 -0.010205 
0.014443 -0.010740 0.013503 0.011900 
-0.030862 -0.021665 -0.035955 -0.011359 
-0.023339 0.007299 0.014601 -0.019616 
0.000108 -0.002073 0.000145 -0.002071 
0.003492 -0.025057 0.007775 0.024075 
0.004067 -0.015718 0.015881 -0.003376 
-0.023816 -0.037253 0.043299 -0.008959 
-0.006665 0.017355 -0.018018 -0.004579 
0.039545 0.020077 -0.034301 0.028112 
0.011111 -0.030102 -0.032072 0.000978 
0.014305 -0.015934 0.009934 0.018969 
0.001978 0.013075 -0.007302 0.011025 
0.005266 0.005464 0.003803 0.006567 
0.007842 0.016004 -0.013731 0.011361 
0.009713 -0.014604 0.016707 0.005339 
0.007738 0.010171 -0.000463 0.012772 
0.014614 0.009702 -0.005331 0.016712 
-0.009612 -0.000082 -0.008865 -0.003717 
0.005434 -0.003541 0.005972 -0.002530 
0.001153 -0.001742 0.001185 -0.001721 
-0.013499 -0.024663 0.008824 0.026695 
0.007442 0.035081 0.031724 0.016724 
0.019234 -0.000041 0.000342 0.019231 
0.001262 -0.006795 0.002591 -0.006406 
0.009343 -0.009819 0.013544 -0.000515 
-0.020196 -0.021719 0.005687 0.029107 
-0.018361 0.002877 -0.005032 -0.017891 
-0.013559 -0.004096 -0.005956 -0.012851 
-0.033430 0.001561 0.001696 0.033423 
0.031441 0.025685 0.009640 0.039438 
0.023959 0.002794 -0.020182 0.013210 
-0.008335 0.007649 -0.011077 0.002298 
-0.015611 0.019792 0.004943 -0.024718 
-0.000828 -0.008688 0.001949 -0.008507 
-0.000324 -0.010221 0.004056 -0.009387 
-0.009812 0.005843 -0.011420 -0.000128 
0.004072 0.012102 -0.004509 0.011947 
0.021671 0.005311 -0.015411 0.016135 
0.007162 -0.021864 0.012985 0.018993 
-0.003011 -0.013762 0.008172 -0.011475 
-0.024604 0.001578 0.019622 -0.014927 
0.026819 0.003299 -0.026987 -0.001355 
0.016557 -0.030231 -0.024427 -0.024319 
-0.005385 0.009569 -0.009353 0.005752 
-0.003722 -0.011709 0.003944 -0.011636 
-0.033660 0.034712 0.044587 -0.018706 
0.018031 -0.017167 -0.006738 0.023967 
0.006396 -0.009599 0.010515 -0.004742 
-0.014641 -0.012251 0.011675 -0.015104 
-0.009969 -0.007675 -0.003103 -0.012192 
-0.014886 -0.004871 -0.003469 -0.015273 
-0.018407 -0.013435 0.021575 -0.007338 
0.003759 0.005495 0.002676 0.006096 
0.024963 -0.010035 -0.023854 0.012444 
-0.026183 -0.021275 -0.023116 0.024573 
-0.011832 0.020485 -0.006199 -0.022830 
-0.005510 0.002633 -0.005853 0.001741 
-0.021744 0.022809 0.030726 0.006999 
0.016688 0.025620 0.006407 -0.029896 
-0.008721 -0.040285 0.024810 -0.032915 
-0.007815 0.008969 -0.011499 0.003048 
-0.002257 0.029318 0.015867 -0.024756 
-0.014513 -0.003929 -0.005242 -0.014092 
-0.007265 -0.009714 -0.000287 -0.012127 
-0.010102 0.007475 -0.012562 -0.000337 
-0.016538 -0.003823 -0.002242 -0.016825 
0.026159 0.033424 -0.024869 0.034395 
-0.018349 0.009486 -0.005194 -0.019992 
0.018880 -0.016674 -0.009181 0.023456 
0.001600 -0.003484 0.001812 -0.003379 
-0.005709 -0.001080 -0.005499 -0.001876 
-0.007782 0.009182 -0.011636 0.003079 
0.020346 0.022376 -0.001043 -0.030225 
0.029990 -0.039316 -0.049345 0.003196 
-0.015514 0.016208 -0.005808 -0.021672 
0.002275 0.032815 0.032006 -0.007592 
0.032475 0.027333 -0.017299 0.038761 
0.020632 -0.009637 -0.003900 0.022435 
-0.007520 -0.030457 -0.021472 0.022872 
0.001795 -0.008378 0.004255 -0.007437 
-0.002837 -0.003917 -0.002439 -0.004177 
-0.004090 -0.004830 -0.003222 -0.005447 
-0.001174 -0.017544 0.016588 -0.005829 
-0.013102 0.007245 -0.013563 -0.006340 
0.007337 -0.011690 0.013500 -0.002871 
-0.000138 -0.003889 0.000110 -0.003890 
0.016131 -0.006175 0.010891 0.013406 
-0.031671 -0.009584 -0.006064 0.032529 
0.004965 0.002022 0.004685 0.002606 
-0.024670 0.012296 0.025283 -0.010982 
0.034978 0.019566 0.022339 0.033276 
0.009376 0.015293 -0.012903 0.012462 
0.000466 0.026163 -0.007255 -0.025141 
0.013223 0.023433 -0.015456 -0.022024 
0.034573 -0.007805 0.012035 -0.033337 
0.008712 0.002619 0.007297 0.005433 
-0.019659 0.001962 -0.000581 -0.019748 
0.026481 0.017700 0.004500 -0.031532 
-0.031878 -0.001761 0.011608 0.029741 
0.013122 0.011764 -0.007915 0.015746 
0.026975 0.003872 -0.027046 -0.003342 
0.021945 0.000502 -0.010091 0.019494 
-0.044341 0.001477 0.016751 -0.041081 
0.024154 0.025860 0.034681 -0.007024 
0.012305 -0.000788 0.010346 0.006707 
0.011749 -0.002015 0.010848 0.004943 
0.006364 0.008641 0.001611 0.010610 
0.024243 0.005878 -0.023921 0.007077 
0.005932 0.004428 0.004764 0.005665 
-0.024181 -0.008041 0.025379 -0.002305 
-0.015342 0.014941 -0.008634 -0.019597 
-0.003302 0.016938 -0.017120 0.002173 
0.031390 0.002342 -0.014328 -0.028027 
0.014456 0.003616 0.005696 0.013769 
-0.018546 0.015442 0.004399 -0.023729 
0.008085 -0.027722 -0.017425 0.023028 
-0.030921 0.003296 0.021276 0.022679 
-0.014158 0.003228 -0.011451 -0.008931 
0.030871 0.017723 0.032279 -0.015006 
-0.018903 -0.003453 0.003104 -0.018964 
-0.001418 0.026937 -0.000816 -0.026962 
0.004544 -0.000881 0.004605 -0.000468 
0.006980 -0.020764 0.015713 0.015263 
-0.012397 0.016623 -0.013249 -0.015952 
0.014055 0.011062 -0.007631 0.016176 
-0.009543 0.003548 -0.010149 -0.000812 
-0.004533 -0.012031 0.004222 -0.012144 
-0.020383 0.018687 0.021692 -0.017151 
-0.013923 -0.007259 -0.000844 -0.015679 
-0.007306 0.008953 -0.010951 0.003690 
-0.004557 -0.006611 -0.002621 -0.007590 
0.003372 0.012269 -0.005099 0.011657 
0.003717 0.011004 -0.002777 0.011278 
-0.014278 -0.001815 -0.007809 -0.012090 
0.025638 0.036219 -0.043561 0.008459 
0.013142 0.001094 0.009053 0.009590 
-0.013043 -0.000648 -0.009406 -0.009059 
0.000148 0.028659 0.008635 -0.027327 
-0.000760 0.014814 -0.012288 0.008309 
0.020768 0.005089 -0.011923 0.017749 
-0.008458 -0.021385 0.022128 0.006262 
-0.005523 -0.025283 0.013333 0.022180 
-0.034823 -0.001959 -0.015417 0.031286 
-0.010528 0.002141 -0.010311 -0.003017 
0.007330 -0.008088 0.010314 -0.003574 
-0.013405 -0.002140 -0.008083 -0.010906 
0.002396 -0.019547 0.019370 0.003557 
-0.014921 -0.017287 0.022742 -0.002066 
-0.004193 0.011745 -0.010472 0.006773 
-0.003564 0.000433 -0.003582 0.000240 
-0.028797 0.007091 0.028202 0.009178 
0.033051 0.020381 0.031874 0.022177 
0.027104 0.002877 -0.027153 -0.002378 
0.001085 0.003935 0.000806 0.004002 
-0.006714 -0.019255 0.020138 -0.003211 
-0.005001 0.003041 -0.005385 0.002292 
0.007992 0.012066 -0.004214 0.013845 
0.019702 0.006404 -0.010789 0.017686 
-0.008453 -0.017058 0.016639 -0.009249 
-0.012256 0.008646 -0.014183 -0.004879 
-0.017770 0.021693 0.021078 -0.018496 
0.012863 -0.009032 0.014310 0.006500 
0.002578 -0.008764 0.005433 -0.007344 
0.021094 -0.023333 -0.030935 -0.005690 
0.004145 0.006574 0.002361 0.007404 
0.015448 -0.021393 -0.010544 0.024190 
-0.015605 0.012432 -0.010768 -0.016796 
0.005900 0.000875 0.005704 0.001744 
-0.013941 -0.010282 0.005551 -0.016409 
-0.020452 -0.015181 0.024833 0.005663 
0.013713 -0.000152 0.009754 0.009641 
-0.018189 -0.027525 -0.024792 0.021767 
-0.030430 0.025062 -0.035687 0.016750 
-0.016385 0.006620 -0.010581 -0.014154 
-0.000084 -0.003057 0.000036 -0.003058 
0.001087 -0.018238 0.018164 -0.001969 
-0.024994 -0.010514 0.025495 0.009230 
0.023753 0.011699 -0.025565 -0.006893 
-0.012604 -0.007320 -0.002200 -0.014408 
-0.007500 -0.008579 -0.001956 -0.011227 
-0.006623 0.030298 0.027875 -0.013594 
0.019301 0.002200 -0.002501 0.019264 
-0.014351 -0.009743 0.004968 -0.016619 
-0.017469 -0.002944 -0.001495 -0.017652 
-0.028951 0.002690 0.027603 0.009136 
0.014227 0.002363 0.007313 0.012431 
-0.017626 -0.033508 -0.025566 -0.027926 
-0.029020 -0.012892 0.001753 0.031707 
0.012606 -0.008058 0.013937 0.005443 
-0.002162 0.008143 -0.004460 0.007148 
-0.002613 -0.016940 0.015133 -0.008048 
0.033992 -0.003957 0.003247 -0.034067 
-0.027415 -0.026559 -0.031258 -0.021907 
-0.019275 -0.011934 0.020639 -0.009381 
0.034956 0.012706 0.036931 -0.004413 
0.002039 0.002827 0.001892 0.002927 
0.013182 -0.000104 0.009887 0.008718 
-0.000061 -0.004845 0.000417 -0.004828 
0.024212 -0.001879 -0.017936 0.016372 
-0.008441 -0.024882 0.014099 0.022172 
-0.021900 -0.009639 0.022712 -0.007529 
0.005528 0.003098 0.004929 0.003982 
0.008600 -0.023106 0.005619 0.024006 
0.008767 -0.008963 0.012423 -0.001695 
0.023306 -0.034187 0.041303 -0.002442 
-0.020539 -0.008752 0.017864 -0.013392 
0.014693 -0.004756 0.011915 0.009826 
-0.009573 -0.017504 0.018391 -0.007732 
-0.021438 0.008478 0.006524 -0.022112 
0.002130 0.001140 0.002101 0.001191 
0.012980 -0.025879 -0.021695 0.019172 
0.005186 -0.028937 -0.018231 0.023062 
-0.021756 -0.014095 0.025063 0.006620 
-0.014247 0.021129 0.004608 -0.025064 
0.002682 0.012979 -0.006752 0.011404 
-0.005389 0.003809 -0.005993 0.002764 
-0.014693 0.013583 -0.011849 -0.016125 
-0.018115 0.013934 -0.000704 -0.022843 
0.012424 -0.000408 0.010140 0.007190 
-0.030088 -0.019397 -0.033945 0.011368 
-0.014220 -0.006292 -0.002135 -0.015403 
0.016901 -0.006348 0.009588 0.015297 
0.007872 -0.010000 0.012411 -0.002815 
-0.000904 0.005182 -0.001500 0.005042 
0.025774 0.008520 -0.026122 -0.007382 
-0.000493 0.008423 -0.002955 0.007903 
0.003222 -0.002812 0.003429 -0.002556 
-0.000641 -0.004784 -0.000170 -0.004824 
-0.009644 -0.024387 0.015387 0.021236 
0.029821 -0.000956 -0.025140 -0.016069 
-0.030347 -0.023646 -0.031733 -0.021750 
-0.002576 -0.002929 -0.002384 -0.003088 
-0.003949 0.023687 -0.012594 -0.020447 
-0.002611 0.014513 -0.013089 0.006792 
-0.010779 0.014373 -0.016333 -0.007483 
0.029432 0.022966 0.036276 0.008815 
0.023917 -0.000943 -0.017143 0.016704 
-0.004231 0.003465 -0.004632 0.002907 
0.006958 0.007726 0.002860 0.009996 
0.005520 -0.019217 0.018496 0.007592 
-0.000774 -0.004220 -0.000445 -0.004267 
-0.005971 -0.014507 0.009420 -0.012544 
-0.013224 0.001252 -0.010595 -0.008012 
0.008398 0.022457 -0.021178 -0.011241 
0.017608 -0.002555 0.006667 0.016496 
-0.001983 -0.026547 0.006246 0.025878 
0.005094 -0.011547 0.011161 -0.005892 
0.001442 -0.002528 0.001531 -0.002475 
0.010110 0.003810 0.007122 0.008124 
-0.000466 -0.025720 0.009491 0.023909 
-0.023617 -0.014884 0.021409 0.017914 
0.005700 0.008692 0.001308 0.010312 
-0.005871 0.000961 -0.005949 0.000080 
-0.005441 0.037119 0.008218 0.036605 
0.029776 -0.028460 0.041036 0.003550 
0.001042 0.004452 0.000647 0.004527 
0.014322 0.003114 0.006424 0.013173 
0.021415 -0.021822 -0.030574 0.000200 
-0.004254 -0.005437 -0.003087 -0.006174 
0.018098 0.010001 -0.013810 0.015389 
-0.003491 -0.033613 -0.033790 0.000504 
0.000420 0.005198 -0.000176 0.005212 
0.009187 0.024281 -0.016121 -0.020350 
0.013847 0.012865 -0.011882 0.014700 
0.007672 -0.023650 0.005646 0.024214 
0.004440 -0.013178 0.012622 -0.005834 
-0.012793 -0.025559 0.004878 0.028162 
0.005791 0.025284 -0.013300 -0.022269 
-0.024643 -0.005377 0.024424 -0.006297 
0.002090 0.036513 0.024042 0.027560 
0.000951 0.001385 0.000935 0.001396 
-0.015442 -0.022257 0.016677 0.021347 
-0.011284 -0.004171 -0.006875 -0.009872 
-0.015907 0.014958 -0.006894 -0.020718 
-0.001635 0.008216 -0.003954 0.007386 
-0.013008 -0.008508 0.000374 -0.015539 
-0.025152 0.001762 0.021638 -0.012943 
0.018331 0.020908 -0.015953 -0.022774 
0.012554 -0.015703 0.013966 0.014462 
0.008248 -0.008005 0.011229 -0.002453 
-0.003600 -0.014787 0.010205 -0.011291 
-0.011323 0.007545 -0.013360 -0.002577 
-0.005158 0.033805 0.032065 0.011884 
0.023041 0.020054 -0.002251 -0.030463 
-0.016471 0.006177 -0.010346 -0.014227 
-0.010249 -0.009444 -0.000136 -0.013936 
0.008009 0.006580 0.004334 0.009416 
0.002398 -0.030466 -0.023221 0.019867 
-0.011506 0.032780 0.026597 0.022349 
0.001729 0.007331 -0.000052 0.007532 
-0.013027 0.020862 -0.000991 -0.024575 
-0.002386 0.026738 -0.000623 -0.026837 
-0.009133 -0.008511 -0.002056 -0.012313 
-0.031555 -0.013987 -0.022587 0.026100 
-0.022835 -0.008158 0.022967 -0.007779 
0.002815 0.023208 -0.019214 -0.013317 
0.002410 0.016061 -0.013304 0.009315 
-0.023934 0.002380 0.016608 -0.017398 
-0.025474 -0.001652 0.024089 -0.008449 
-0.033732 -0.010756 -0.026974 0.022934 
0.005429 -0.021110 0.016973 0.013675 
0.002768 -0.026576 0.000973 0.026702 
-0.008933 0.002659 -0.009294 -0.000707 
0.001609 0.000210 0.001606 0.000228 
0.007846 -0.008459 0.011139 -0.003004 
0.007934 0.023165 -0.019932 -0.014224 
0.001896 -0.027814 -0.005368 0.027357 
-0.001654 0.030520 0.022760 -0.020401 
0.000198 0.004285 -0.000133 0.004288 
0.007079 -0.013072 0.014709 -0.002155 
-0.013248 -0.001338 -0.008828 -0.009969 
0.002951 0.003898 0.002545 0.004175 
-0.003556 -0.013140 0.006701 -0.011849 
-0.021509 0.001269 0.006818 -0.020439 
0.002818 0.018881 -0.018757 0.003549 
-0.001042 0.025881 -0.007178 -0.024888 
0.004313 -0.006153 0.005639 -0.004966 
-0.003401 0.009511 -0.007048 0.007235 
0.022362 0.003825 -0.015668 0.016408 
0.014569 0.012938 -0.013302 0.014238 
-0.010152 0.001826 -0.009943 -0.002745 
-0.002113 0.004601 -0.002595 0.004347 
0.007801 -0.006322 0.009711 -0.002554 
-0.019556 -0.015969 0.024623 0.005582 
0.006365 -0.014468 0.015717 -0.001674 
0.003702 -0.011789 0.010024 -0.007226 
0.012817 -0.028217 -0.030041 0.007615 
0.011978 -0.006059 0.012866 0.003829 
0.029689 0.010312 -0.007028 -0.030633 
-0.009443 0.018654 -0.015502 -0.014030 
0.002940 0.034017 0.033965 0.003489 
0.023637 0.000645 -0.017079 0.016354 
0.010337 -0.001440 0.009909 0.003279 
-0.019598 -0.012136 0.021627 -0.007977 
-0.006105 0.027418 0.010797 -0.025932 
0.001806 0.015699 -0.012717 0.009381 
0.012833 0.003682 0.006887 0.011438 
0.004162 0.007251 0.001883 0.008145 
0.001936 0.006347 0.000735 0.006595 
0.003792 -0.011890 0.010249 -0.007121 
-0.002506 -0.001165 -0.002467 -0.001245 
-0.018328 -0.028618 -0.030932 0.014074 
0.025683 0.021025 0.018875 -0.027302 
-0.015520 0.008920 -0.012141 -0.013154 
-0.019362 0.024518 0.031187 0.001847 
0.012440 0.012368 -0.008493 0.015349 
0.024656 0.027391 0.035573 0.009633 
-0.005790 0.007223 -0.007964 0.004718 
0.003184 0.004363 0.002627 0.004719 
0.008467 0.013010 -0.006555 0.014070 
-0.002873 0.022633 -0.016792 -0.015444 
0.024717 -0.030156 0.027827 -0.027312 
-0.004089 -0.024378 0.016652 0.018268 
-0.004702 0.000706 -0.004748 0.000256 
-0.030555 0.007148 0.022566 0.021805 
0.026595 -0.001816 -0.025999 0.005883 
0.008183 -0.013017 0.015373 -0.000243 
-0.000952 -0.007194 0.000650 -0.007227 
-0.014925 -0.001604 -0.007413 -0.013053 
-0.007098 0.003189 -0.007673 0.001298 
-0.018915 0.031035 0.006602 0.035740 
-0.020075 -0.009351 0.017710 -0.013296 
0.008565 -0.010723 0.013648 -0.001438 
-0.001427 0.002964 -0.001560 0.002896 
-0.008439 0.006103 -0.010264 0.001764 
0.002572 0.007889 0.000213 0.008295 
-0.023958 0.015144 0.026832 -0.009133 
-0.000714 0.001981 -0.000751 0.001967 
0.012679 -0.009611 0.014556 0.006423 
0.001650 -0.004343 0.002037 -0.004176 
0.011091 0.034031 0.033519 0.012555 
0.011538 -0.038777 0.031362 -0.025558 
0.007357 0.010145 -0.000411 0.012525 
0.012936 -0.009103 0.014320 0.006718 
-0.017036 0.025794 0.030720 -0.003444 
0.010125 0.024055 -0.016340 -0.020351 
0.005344 0.008987 0.000804 0.010425 
-0.009202 -0.010025 0.000488 -0.013600 
0.013025 0.022144 -0.020104 -0.015994 
0.008575 0.001623 0.007628 0.004240 
-0.012114 0.007341 -0.013538 -0.004169 
0.000346 -0.006640 0.001567 -0.006462 
-0.009060 -0.006773 -0.004311 -0.010458 
-0.029794 -0.006504 0.016913 0.025376 
-0.013306 -0.002172 -0.008104 -0.010775 
0.001653 -0.000018 0.001653 0.000001 
0.001174 0.000039 0.001173 0.000046 
0.010138 -0.012456 0.015751 0.003139 
0.000662 -0.015665 0.013797 -0.007449 
0.010787 0.004123 0.006944 0.009227 
-0.027519 -0.008427 0.023124 0.017134 
-0.024110 -0.002042 0.020028 -0.013578 
-0.005171 -0.024943 0.014761 0.020761 
-0.006743 -0.001404 -0.006331 -0.002712 
0.000494 -0.006587 0.001688 -0.006386 
0.016202 0.000494 0.006843 0.014694 
-0.006816 -0.034665 -0.033301 -0.011798 
-0.002072 0.010634 -0.006862 0.008384 
0.006771 0.018131 -0.018158 0.006699 
-0.012133 -0.003484 -0.007348 -0.010264 
-0.022439 0.008750 0.011462 -0.021182 
0.009456 0.022392 -0.021173 -0.011938 
-0.011469 0.007844 -0.013584 -0.002921 
-0.027037 0.000506 0.026941 -0.002329 
-0.007196 0.028974 0.022403 -0.019733 
-0.022872 -0.010510 0.025142 -0.001193 
-0.018294 0.034840 -0.025655 0.029838 
0.002267 -0.012470 0.009565 -0.008315 
0.016323 0.007531 -0.003925 0.017543 
-0.007550 0.031660 0.032538 -0.000809 
0.024586 -0.007953 -0.020612 0.015584 
0.020540 0.001923 -0.006325 0.019636 
0.001132 -0.015679 0.014087 -0.006977 
-0.024525 -0.003298 0.022455 -0.010399 
-0.013199 -0.000326 -0.009593 -0.009071 
0.003711 -0.000905 0.003760 -0.000676 
0.005491 0.007394 0.002564 0.008846 
-0.002436 0.028536 0.010934 -0.026470 
0.009223 0.016519 -0.015874 0.010293 
0.022091 -0.022668 -0.030489 -0.008503 
-0.032176 0.005383 0.012829 0.029994 
0.015601 0.014078 -0.017902 0.011003 
0.018378 -0.031829 -0.002965 -0.036634 
0.002140 -0.002019 0.002212 -0.001939 
0.004437 -0.015284 0.015519 -0.003527 
-0.008051 -0.025604 0.010892 0.024530 
-0.009253 0.000273 -0.008755 -0.003006 
0.002424 0.003630 0.002125 0.003812 
0.010516 -0.032168 -0.030921 -0.013758 
-0.033573 0.021072 -0.038513 0.009373 
-0.027449 0.022198 0.005399 0.034886 
-0.010655 -0.028105 -0.008709 0.028768 
-0.012658 -0.032416 -0.034799 -0.000218 
-0.024116 -0.021423 -0.012208 0.029857 
-0.020942 0.003685 0.003298 -0.021006 
-0.004825 -0.011141 0.002542 -0.011871 
0.016623 -0.006732 0.010176 0.014768 
-0.006283 -0.019242 0.019971 -0.003303 
0.014867 0.008253 -0.002567 0.016810 
0.014975 -0.012731 0.011916 0.015631 
-0.017756 -0.019073 0.022428 0.013268 
-0.008722 -0.003294 -0.006969 -0.006194 
-0.026372 -0.020603 -0.020493 0.026458 
-0.001564 0.020369 -0.019741 -0.005256 
-0.009665 0.001344 -0.009425 -0.002528 
-0.011486 -0.006494 -0.004204 -0.012507 
-0.008331 0.001645 -0.008442 -0.000917 
0.014597 0.005507 0.002897 0.015330 
0.008087 -0.003800 0.008888 -0.000924 
-0.003979 -0.010453 0.001807 -0.011038 
-0.007318 0.000712 -0.007290 -0.000956 
-0.029307 -0.013172 -0.001613 0.032091 
-0.013019 -0.003694 -0.006776 -0.011714 
-0.000204 -0.018980 0.018939 -0.001268 
-0.028743 -0.011671 0.008602 0.029805 
-0.007862 -0.027285 0.000925 0.028380 
-0.020508 -0.021766 0.004101 0.029623 
-0.030811 0.000810 0.020898 0.022655 
-0.014161 0.021312 0.005016 -0.025091 
0.001024 0.011403 -0.005098 0.010252 
0.013486 -0.011860 0.014463 0.010647 
-0.031042 0.021337 -0.022809 0.029978 
-0.000510 0.001612 -0.000529 0.001606 
-0.000354 0.026208 -0.006231 -0.025459 
0.017876 -0.006092 0.007353 0.017395 
0.011498 -0.008966 0.014192 0.003345 
-0.004816 -0.023214 0.019732 0.013143 
0.004193 0.039147 -0.004961 0.039057 
0.014404 0.016452 -0.021017 0.006038 
-0.002576 0.011485 -0.008469 0.008175 
0.033109 0.007379 0.011441 -0.031933 
-0.002398 -0.001741 -0.002332 -0.001828 
-0.005472 -0.013079 0.006151 -0.012774 
0.016323 0.027664 0.019763 -0.025321 
-0.026797 -0.035151 0.042325 -0.012737 
0.011151 -0.009866 0.014569 0.003068 
-0.016805 0.005667 -0.009628 -0.014894 
0.017078 0.020861 -0.018806 -0.019318 
0.003044 -0.012456 0.010286 -0.007656 
-0.000816 0.001851 -0.000848 0.001837 
0.011927 -0.006797 0.013215 0.003718 
0.011503 0.006168 0.004628 0.012205 
0.002610 -0.033721 -0.033313 -0.005844 
-0.018268 -0.017461 0.024098 0.007610 
0.013718 0.032527 0.035016 0.004482 
-0.011758 0.006331 -0.012920 -0.003378 
-0.014695 0.024423 0.020750 -0.019541 
0.017398 -0.003178 0.007478 0.016027 
-0.009650 -0.005471 -0.005681 -0.009528 
-0.000073 0.003301 -0.000224 0.003295 
0.004963 -0.017653 0.018212 0.002139 
0.003592 -0.008208 0.006107 -0.006556 
0.012686 -0.009889 0.014651 0.006640 
0.010157 0.000682 0.008920 0.004905 
-0.005242 -0.013371 0.006804 -0.012648 
0.000627 -0.009622 0.004246 -0.008658 
-0.000513 0.031617 0.027860 -0.014957 
0.033570 -0.022173 0.040153 -0.002511 
0.007576 -0.016592 0.017645 0.004621 
-0.021189 -0.023274 -0.008832 0.030210 
-0.006916 -0.020660 0.021675 0.002212 
-0.011911 0.022912 0.003633 -0.025566 
0.035433 -0.006225 0.018941 -0.030585 
0.020933 -0.005503 -0.003052 0.021428 
0.003135 0.010475 -0.002299 0.010690 
0.009864 -0.026675 -0.016360 0.023264 
-0.000551 -0.014252 0.010395 -0.009766 
-0.002025 -0.007527 -0.000057 -0.007795 
-0.026182 -0.006094 0.026672 0.003349 
0.013874 -0.028889 -0.032003 -0.001695 
-0.017696 0.000514 -0.004930 -0.017004 
0.011028 -0.030915 -0.032407 -0.005207 
0.004638 0.005001 0.003577 0.005807 
0.000606 0.001491 0.000590 0.001497 
0.009608 0.008462 0.002035 0.012640 
0.002046 0.019694 -0.019793 0.000520 
0.016928 0.004477 0.000409 0.017505 
-0.018032 0.006588 -0.006973 -0.017886 
0.024147 0.015181 -0.019043 -0.021235 
-0.003041 0.009646 -0.006785 0.007500 
-0.002354 0.026877 0.000161 -0.026980 
0.029117 0.000262 -0.026446 -0.012184 
0.007283 0.014474 -0.009643 0.013021 
0.021441 0.012478 -0.024798 0.000678 
-0.012458 -0.031023 -0.030848 0.012887 
-0.032080 0.023918 -0.039275 0.007661 
-0.015562 0.016788 -0.004349 -0.022475 
-0.028092 -0.003001 0.026815 0.008898 
-0.015723 -0.001935 -0.006072 -0.014632 
-0.009840 0.004651 -0.010867 -0.000615 
0.030463 0.027919 -0.002727 0.041232 
-0.002110 -0.016067 0.013398 -0.009116 
0.026434 0.018944 0.011321 -0.030487 
-0.006165 0.003479 -0.006756 0.002113 
0.003265 -0.008281 0.005794 -0.006758 
0.002687 -0.023554 0.014636 0.018649 
-0.029661 0.000756 0.025542 0.015099 
0.004770 0.005413 0.003481 0.006320 
-0.008096 -0.021839 0.021841 0.008090 
-0.017195 0.014596 -0.003059 -0.022346 
-0.001206 0.005641 -0.001981 0.005418 
-0.008656 -0.018722 0.020150 -0.004407 
-0.032554 -0.020605 -0.033413 -0.019181 
-0.027338 0.004786 0.027672 -0.002129 
0.013718 -0.004664 0.012316 0.007634 
-0.005183 -0.023541 0.019115 0.014685 
-0.014183 0.012584 -0.013404 -0.013410 
0.002711 -0.030681 -0.024777 0.018297 
-0.016745 -0.008902 0.007902 -0.017240 
0.004878 -0.011980 0.011469 -0.005982 
0.002235 0.003973 0.001880 0.004153 
-0.002349 -0.006173 -0.001184 -0.006498 
0.007994 0.011373 -0.002759 0.013625 
0.013199 -0.008559 0.014061 0.007055 
-0.010121 0.004104 -0.010848 -0.001266 
0.027554 0.008817 -0.022377 -0.018336 
0.004750 0.012792 -0.005653 0.012419 
-0.002460 0.024794 -0.010451 -0.022618 
0.008528 0.008805 0.001684 0.012142 
0.012523 0.005056 0.005510 0.012330 
-0.006376 0.010778 -0.011641 0.004614 
-0.004747 0.010638 -0.009739 0.006390 
0.006769 -0.005700 0.008248 -0.003206 
0.003795 0.020802 -0.020971 -0.002710 
-0.023189 -0.002574 0.017187 -0.015778 
0.007153 0.032658 0.032558 -0.007595 
0.026946 0.013352 -0.013093 -0.027073 
-0.005379 -0.030906 -0.023004 0.021329 
0.011822 -0.025069 -0.013978 0.023934 
-0.001014 -0.003513 -0.000815 -0.003565 
0.002133 -0.007012 0.003649 -0.006356 
-0.027754 0.009544 0.029027 0.004340 
0.020415 0.009585 -0.019055 0.012064 
0.015570 -0.002006 0.009661 0.012375 
0.004673 0.012677 -0.005437 0.012368 
-0.001625 -0.003418 -0.001416 -0.003509 
-0.013056 0.008667 -0.014136 -0.006766 
-0.006128 -0.005826 -0.004129 -0.007379 
0.002090 -0.006934 0.003556 -0.006309 
0.000136 -0.012645 0.007981 -0.009809 
-0.004316 0.013630 -0.013142 0.005631 
0.015288 -0.008272 0.012427 0.012154 
-0.000743 -0.012138 0.006465 -0.010300 
-0.003892 0.004778 -0.004602 0.004099 
0.020532 -0.008970 -0.002856 0.022223 
-0.000667 -0.016404 0.014574 -0.007557 
0.005855 -0.030218 -0.026429 0.015778 
-0.035356 0.005376 -0.017559 0.031155 
-0.005715 0.023602 -0.010012 -0.022124 
-0.006252 0.027030 0.008768 -0.026322 
-0.002860 -0.006090 -0.001656 -0.006521 
-0.008340 -0.007544 -0.003365 -0.010731 
0.008426 0.003740 0.006586 0.006450 
0.007106 0.020732 -0.021763 -0.002585 
0.022067 -0.010142 -0.011170 0.021565 
0.027581 -0.005047 -0.028035 0.000491 
0.026024 -0.007708 -0.025654 0.008862 
0.002183 -0.031353 -0.027723 0.014805 
-0.002705 0.028184 0.009018 -0.026839 
0.003152 0.011447 -0.003779 0.011255 
-0.008727 -0.003433 -0.006897 -0.006355 
-0.000657 0.007153 -0.002181 0.006844 
-0.024405 0.016166 0.029048 -0.003627 
-0.005893 0.022524 -0.013277 -0.019126 
-0.007253 0.009276 -0.011161 0.003753 
0.011922 0.014898 -0.014407 0.012511 
0.004295 -0.002089 0.004476 -0.001668 
-0.012247 0.000405 -0.010126 -0.006900 
-0.005325 0.013067 -0.013270 0.004796 
0.000387 0.004525 -0.000006 0.004542 
-0.027299 0.014072 0.028874 0.010466 
0.016794 -0.006109 0.009750 0.014977 
-0.026406 -0.002660 0.026455 -0.002124 
0.002807 -0.005318 0.003580 -0.004832 
0.001342 0.003014 0.001203 0.003073 
0.003447 0.012097 -0.004754 0.011646 
0.023456 -0.015004 -0.025057 0.012143 
-0.016849 -0.002652 -0.003249 -0.016744 
-0.007869 -0.002598 -0.006804 -0.004731 
0.003873 -0.011018 0.009230 -0.007155 
0.007905 -0.007912 0.010809 -0.002874 
0.009952 0.005509 0.005665 0.009864 
0.023490 -0.030079 0.018394 -0.033439 
-0.028911 0.007236 0.028026 0.010137 
-0.011331 0.029528 0.031314 -0.004441 
0.032314 0.013242 0.025135 -0.024245 
0.019206 -0.002658 0.002474 0.019231 
0.014703 -0.001082 0.009837 0.010981 
0.010260 0.006415 0.004672 0.011162 
0.009036 -0.006747 0.011213 -0.001202 
0.004719 0.011205 -0.002687 0.011858 
-0.012696 -0.025653 0.004473 0.028272 
-0.030567 -0.002395 0.019331 0.023799 
-0.013054 0.020840 -0.000980 -0.024571 
-0.008766 0.008434 -0.012038 0.001746 
-0.007619 0.018060 -0.017704 -0.008414 
0.015759 0.003308 0.004354 0.015503 
-0.026279 -0.018201 -0.006012 0.031396 
0.017060 0.007085 -0.004703 0.017864 
0.003241 -0.034912 -0.029923 -0.018275 
-0.007136 -0.018440 0.018910 -0.005776 
-0.007595 -0.016040 0.013700 -0.011282 
-0.019631 0.000455 0.000531 -0.019629 
-0.009642 0.004609 -0.010680 -0.000365 
-0.021187 0.021145 0.029554 -0.004749 
0.035919 0.006226 0.031547 -0.018268 
0.025441 -0.005601 -0.022793 0.012614 
-0.005336 0.014684 -0.015323 0.003045 
0.001036 0.001207 0.001023 0.001218 
-0.004661 -0.013771 0.007749 -0.012301 
-0.022261 0.024817 0.025689 0.021248 
-0.006228 0.016182 -0.017307 -0.001047 
0.007558 -0.008653 0.010983 -0.003372 
-0.030691 0.001223 0.021734 0.021704 
0.038356 -0.009605 0.039502 0.001739 
-0.010503 -0.008112 -0.002282 -0.013073 
-0.005342 0.034164 0.030839 0.015643 
-0.016873 -0.008288 0.006822 -0.017517 
0.005542 -0.015633 0.016541 -0.001219 
-0.006458 0.008031 -0.009293 0.004455 
-0.004341 -0.005998 -0.002856 -0.006831 
0.012958 0.006128 0.003758 0.013833 
0.007078 0.016096 -0.013614 0.011129 
0.032231 -0.021208 0.031684 -0.022016 
-0.008597 0.021932 -0.009931 -0.021362 
-0.007103 0.014647 -0.016278 0.000086 
-0.021570 -0.009739 0.022126 -0.008399 
-0.013458 0.006787 -0.013314 -0.007066 
-0.009183 -0.024331 0.015932 0.020555 
-0.012389 0.011282 -0.015148 -0.007162 
0.032420 0.017516 0.036732 -0.002929 
-0.008637 0.014220 -0.016478 -0.002300 
-0.031947 0.009551 0.010768 0.031558 
0.018094 -0.002857 0.005707 0.017406 
0.005212 -0.021997 0.015583 0.016378 
-0.011750 0.010866 -0.015139 -0.005192 
0.002958 0.008800 -0.000354 0.009278 
-0.015627 -0.008528 0.004597 -0.017199 
0.006516 0.020871 -0.021662 -0.002970 
-0.029412 0.001780 0.026559 0.012762 
-0.007830 -0.002379 -0.006861 -0.004461 
-0.030327 -0.015559 -0.020512 0.027222 
-0.008490 0.006519 -0.010544 0.001844 
-0.004901 -0.010437 0.001380 -0.011448 
-0.004457 -0.020488 0.020926 0.001325 
-0.013450 -0.010032 0.004211 -0.016242 
-0.010715 -0.010939 0.003202 -0.014974 
-0.023952 0.020443 0.029887 0.009918 
-0.011195 -0.013289 0.009365 -0.014637 
0.020099 -0.008879 -0.000944 0.021953 
-0.013208 0.018094 -0.008751 -0.020622 
-0.009894 -0.010862 0.002467 -0.014484 
0.013618 -0.004889 0.012444 0.007382 
-0.031422 -0.015926 -0.029133 0.019805 
0.019921 -0.001599 -0.000562 0.019977 
-0.005608 -0.025755 0.011112 0.023902 
0.004890 0.024811 -0.015260 -0.020165 
0.030983 0.006202 -0.009864 -0.030019 
-0.015640 0.007919 -0.011919 -0.012855 
-0.010994 0.038552 -0.027355 0.029306 
0.024998 -0.006074 -0.021265 0.014478 
0.005685 0.005162 0.004244 0.006399 
0.019855 0.013011 -0.023300 0.004541 
-0.033160 0.003120 0.004736 0.032968 
0.026400 0.035155 -0.040946 0.016007 
-0.004493 0.005420 -0.005517 0.004373 
0.001807 -0.009668 0.005484 -0.008165 
-0.009248 -0.000279 -0.008557 -0.003518 
-0.008750 -0.009010 -0.001349 -0.012487 
-0.019843 0.031185 -0.000999 0.036949 
-0.021217 -0.010784 0.022805 -0.006808 
0.005242 -0.009420 0.009049 -0.005858 
-0.002209 0.005353 -0.002939 0.004989 
0.003190 0.000300 0.003174 0.000437 
0.022425 0.017745 -0.016269 -0.023518 
-0.000926 0.014706 -0.012202 0.008260 
0.007026 0.001577 0.006519 0.003059 
-0.014317 -0.012588 0.011962 -0.014844 
0.021636 0.037188 -0.035529 0.024264 
0.027632 -0.000474 -0.027599 -0.001439 
0.010620 0.004412 0.006692 0.009352 
-0.001706 0.009469 -0.005171 0.008114 
0.015595 -0.013582 0.009721 0.018253 
-0.001641 0.009052 -0.004691 0.007914 
0.006322 -0.015496 0.016736 -0.000099 
0.006391 0.004365 0.005102 0.005820 
0.013386 0.005595 0.004149 0.013902 
0.036165 -0.000564 0.025224 -0.025923 
0.031208 0.003595 -0.013636 -0.028300 
-0.012643 0.004943 -0.012493 -0.005311 
-0.004112 0.025948 -0.002175 -0.026181 
0.029494 -0.024847 0.028713 -0.025746 
0.017873 0.012394 -0.018580 0.011306 
-0.004689 0.031798 0.031346 -0.007108 
-0.017543 0.007588 -0.008195 -0.017268 
-0.014229 0.019157 -0.002593 -0.023722 
-0.007648 -0.016633 0.015184 -0.010228 
-0.020766 0.030440 -0.000871 0.036838 
-0.011236 0.022451 -0.000699 -0.025096 
-0.013624 0.033941 0.010049 0.035166 
-0.005426 -0.002043 -0.005084 -0.002787 
0.004549 0.017106 -0.015417 0.008696 
0.001946 -0.007916 0.004053 -0.007072 
-0.004198 -0.000676 -0.004135 -0.000993 
0.017292 -0.017245 -0.003707 0.024138 
-0.031847 -0.002444 0.010863 0.030036 
-0.001529 0.011726 -0.007775 0.008909 
0.006972 0.010222 -0.000557 0.012361 
0.022922 -0.022386 -0.029506 -0.012488 
-0.032006 0.005995 0.013870 0.029461 
0.005394 0.008043 0.001890 0.009499 
0.019661 0.004885 -0.007851 0.018675 
0.024130 0.013043 -0.023846 -0.013555 
0.025126 -0.031667 0.038451 -0.012475 
-0.002935 -0.026468 0.007120 0.025661 
-0.008892 -0.019136 0.020912 -0.002818 
-0.012743 -0.000087 -0.009832 -0.008107 
-0.027921 -0.000812 0.027542 0.004659 
-0.014707 0.017339 -0.005952 -0.021944 
-0.013614 0.033670 0.012590 0.034066 
-0.007880 0.014047 -0.016099 -0.000500 
0.005032 -0.003684 0.005565 -0.002816 
0.015014 -0.007874 0.012687 0.011246 
0.010148 0.006852 0.004160 0.011516 
0.015843 0.000295 0.007550 0.013931 
-0.007936 -0.007574 -0.003272 -0.010470 
0.014151 0.019166 -0.023442 -0.004247 
-0.005390 0.000606 -0.005423 -0.000064 
0.020135 0.031881 0.028807 0.024329 
0.015356 0.018845 -0.023671 -0.005537 
-0.019504 0.008215 -0.001830 -0.021084 
-0.003691 0.024978 -0.007820 -0.024007 
-0.011229 -0.015368 0.014814 -0.011951 
-0.020039 0.014632 0.009358 -0.022980 
-0.004962 0.019969 -0.018505 -0.008997 
-0.002914 -0.019183 0.019216 -0.002686 
0.000550 0.017357 -0.016402 0.005704 
-0.012324 -0.005167 -0.005486 -0.012186 
-0.011933 -0.009254 0.000715 -0.015083 
0.005864 -0.005307 0.007042 -0.003600 
-0.030861 -0.021635 -0.036008 -0.011132 
-0.005080 0.035675 0.022737 0.027957 
-0.014112 -0.005527 -0.003482 -0.014751 
0.007377 0.003387 0.006169 0.005275 
0.000684 -0.008739 0.003423 -0.008070 
-0.014297 0.019489 -0.001270 -0.024138 
-0.006495 0.004405 -0.007406 0.002595 
-0.030499 0.002256 0.023063 0.020084 
0.031185 0.028101 -0.011902 0.040256 
0.000876 0.013037 -0.007915 0.010397 
-0.006236 0.001553 -0.006410 0.000453 
-0.006960 -0.001872 -0.006389 -0.003336 
-0.005383 -0.004072 -0.004510 -0.005023 
0.019986 0.016506 -0.024136 -0.009453 
-0.009624 -0.004226 -0.006712 -0.008090 
0.005951 0.003012 0.005287 0.004066 
-0.004329 0.000988 -0.004396 0.000627 
0.001189 -0.003354 0.001365 -0.003286 
0.022396 -0.002187 -0.010001 0.020158 
0.004322 -0.001721 0.004461 -0.001321 
-0.000519 -0.004920 -0.000011 -0.004947 
-0.003650 -0.022955 0.019903 0.012005 
-0.015246 0.002861 -0.010514 -0.011405 
0.016999 0.009686 -0.010331 0.016615 
0.007279 -0.012067 0.013830 -0.002705 
0.001466 0.016963 -0.015417 0.007225 
-0.027517 -0.006886 0.025080 0.013252 
-0.004533 -0.015995 0.012874 -0.010519 
-0.011940 0.024819 0.013099 -0.024227 
0.036345 -0.021840 0.031483 0.028403 
0.028223 -0.027389 0.033501 -0.020601 
0.004624 -0.023247 0.013057 0.019783 
0.003546 -0.026154 0.002065 0.026313 
-0.003769 -0.023196 0.019530 0.013071 
0.006533 -0.003261 0.007095 -0.001727 
0.004777 0.000191 0.004737 0.000649 
0.005427 0.023836 -0.018416 -0.016077 
0.002224 -0.011976 0.008799 -0.008422 
0.000678 0.008049 -0.001528 0.007932 
-0.005075 -0.027092 0.003650 0.027321 
0.000773 -0.017646 0.017255 -0.003777 
0.000401 -0.026153 0.006478 0.025341 
-0.024252 0.009590 0.020619 -0.015969 
-0.001236 0.018295 -0.018262 0.001646 
0.011809 0.019026 -0.022389 0.000410 
-0.005610 -0.026371 0.007847 0.025794 
-0.029516 0.024486 -0.026920 0.027315 
-0.013350 -0.000741 -0.009248 -0.009656 
0.000230 -0.013142 0.008899 -0.009673 
0.000953 -0.026555 0.003638 0.026322 
-0.013773 -0.005841 -0.003394 -0.014570 
0.011879 0.022970 -0.018686 -0.017877 
0.022184 -0.014767 -0.019621 0.018033 
0.007954 -0.004951 0.009204 -0.001749 
0.008705 0.011620 -0.003496 0.014092 
0.016033 -0.013933 0.008065 0.019651 
-0.024966 -0.017066 0.008011 0.029161 
0.034967 0.024505 -0.017473 0.038960 
0.022028 0.003716 -0.014292 0.017169 
-0.016189 -0.022478 0.014242 0.023759 
-0.018656 0.037477 -0.041851 0.001024 
0.029415 0.005307 -0.020980 -0.021290 
-0.003123 -0.009827 0.001432 -0.010212 
0.000959 -0.025813 0.007621 0.024681 
0.010697 -0.026440 -0.017551 0.022483 
0.020437 -0.037179 0.041444 0.009074 
-0.012616 0.009813 -0.014640 -0.006414 
-0.005204 0.019619 -0.018530 -0.008284 
-0.009262 -0.016871 0.016744 -0.009490 
-0.012668 0.009969 -0.014682 -0.006657 
-0.001162 0.011304 -0.006834 0.009079 
-0.010758 0.007592 -0.013081 -0.001502 
0.021991 0.000464 -0.010240 0.019467 
-0.021030 -0.005865 0.014147 -0.016628 
-0.001623 0.006500 -0.002813 0.006080 
-0.010905 -0.007670 -0.002787 -0.013038 
-0.011950 0.020948 -0.004273 -0.023735 
0.012368 -0.038209 0.029097 -0.027682 
-0.035500 -0.001856 -0.021581 0.028248 
-0.024048 -0.006661 0.024154 -0.006264 
-0.031472 0.025005 -0.039669 0.006489 
0.026766 0.030026 0.008359 0.039346 
-0.008976 -0.011494 0.003340 -0.014196 
0.011492 0.006988 0.003510 0.012984 
-0.000205 0.006133 -0.001169 0.006024 
0.004108 0.012142 -0.004568 0.011976 
-0.012190 0.034195 0.014149 0.033432 
-0.002600 -0.001649 -0.002532 -0.001751 
0.015840 0.007413 -0.002660 0.017285 
-0.008214 -0.025519 0.011214 0.024351 
-0.015291 -0.015574 0.020544 -0.007370 
0.004269 -0.002164 0.004457 -0.001744 
0.022757 0.001912 -0.014808 0.017385 
-0.018383 -0.024661 -0.005964 0.030175 
-0.016714 0.032654 0.005599 0.036253 
-0.016013 0.004374 -0.010426 -0.012916 
-0.006246 0.013640 -0.014717 0.002910 
0.003750 -0.001818 0.003872 -0.001540 
0.004805 0.004595 0.003873 0.005404 
-0.015569 -0.013077 0.015484 -0.013178 
0.004093 -0.000197 0.004097 0.000092 
-0.012402 0.008870 -0.014289 -0.005321 
0.024026 0.013926 -0.022510 -0.016263 
0.010456 -0.002218 0.010298 0.002865 
0.013515 0.021707 -0.020795 -0.014880 
0.015982 -0.018671 -0.002591 0.024440 
-0.009707 -0.005216 -0.005921 -0.009294 
0.026131 0.020679 0.019510 -0.027015 
0.005872 -0.013105 0.013791 -0.004004 
-0.007020 0.024752 -0.002117 -0.025641 
-0.004590 0.009893 -0.008771 0.006481 
-0.003823 0.000561 -0.003850 0.000321 
-0.004165 0.014817 -0.014699 0.004562 
0.011760 -0.010256 0.014877 0.004705 
0.020313 -0.025613 -0.029429 -0.014232 
0.005910 -0.010693 0.011063 -0.005186 
-0.007164 0.002123 -0.007462 0.000399 
0.001284 0.001970 0.001238 0.002000 
0.011545 -0.005107 0.012221 0.003166 
0.001310 0.012039 -0.005893 0.010580 
0.024862 -0.014458 -0.028236 0.005464 
0.008550 0.003427 0.006815 0.006197 
0.019040 -0.000569 0.001432 0.018995 
0.003931 -0.004138 0.004459 -0.003563 
-0.004909 0.004081 -0.005532 0.003185 
-0.008023 -0.001674 -0.007239 -0.003844 
0.004989 0.031893 0.028528 -0.015106 
0.031599 -0.023281 0.035477 -0.016790 
0.014022 -0.008732 0.013725 0.009192 
0.013435 -0.028520 -0.031387 0.002958 
0.006288 -0.008060 0.009119 -0.004621 
0.013633 0.019157 -0.023299 -0.003159 
0.021730 -0.022109 -0.030831 -0.003227 
0.000047 0.017380 -0.016584 0.005197 
0.011013 -0.004617 0.011697 0.002402 
-0.004985 -0.027333 0.002133 0.027702 
0.008915 -0.007382 0.011479 -0.001482 
0.012291 -0.003279 0.011617 0.005182 
-0.006530 -0.015740 0.012547 -0.011531 
-0.023531 -0.010400 0.025685 0.001463 
-0.015393 0.013341 -0.010484 -0.017465 
-0.004242 -0.007808 -0.001466 -0.008765 
-0.009160 -0.006578 -0.004530 -0.010327 
0.008426 -0.010728 0.013539 -0.001670 
-0.002520 -0.012273 0.005533 -0.011241 
-0.001437 0.008355 -0.003858 0.007549 
0.008232 -0.012012 0.014517 -0.001143 
-0.007666 -0.013803 0.008131 -0.013534 
0.004780 -0.015038 0.015411 -0.003387 
-0.002692 0.004578 -0.003214 0.004228 
-0.003640 -0.023999 0.017668 0.016645 
-0.012022 -0.004649 -0.006218 -0.011291 
0.009520 0.001209 0.008359 0.004714 
-0.009637 0.004944 -0.010829 -0.000208 
0.004745 0.019180 -0.019466 0.003385 
-0.016061 0.014751 -0.006746 -0.020737 
-0.004497 0.007461 -0.006611 0.005674 
0.009850 0.012411 -0.005944 0.014687 
0.009032 0.026491 -0.004929 -0.027551 
0.002274 -0.017260 0.017171 -0.002871 
-0.015120 0.007146 -0.012414 -0.011206 
-0.004447 0.005221 -0.005386 0.004246 
-0.006813 0.018314 -0.018069 -0.007438 
0.024653 -0.011643 -0.024455 0.012054 
0.006039 -0.022429 0.013315 0.019032 
0.004464 0.001364 0.004320 0.001767 
0.023026 0.009126 -0.024346 0.004560 
0.010510 0.017934 -0.019951 0.005833 
0.021913 -0.012397 -0.013778 0.021072 
-0.020337 -0.033725 -0.011854 -0.037556 
0.007477 -0.007044 0.009776 -0.003153 
-0.012587 0.006257 -0.013109 -0.005074 
-0.006449 -0.010338 0.000809 -0.012158 
0.010652 -0.025760 -0.013778 0.024232 
0.009668 0.008381 0.002143 0.012614 
0.002274 0.010354 -0.002687 0.010255 
0.011704 -0.020233 0.007360 0.022185 
-0.024896 -0.005702 0.025155 -0.004424 
-0.022265 0.020104 0.029870 -0.002779 
-0.015825 0.021262 0.011565 -0.023849 
0.008718 -0.011684 0.014569 -0.000529 
-0.002178 0.010818 -0.007199 0.008364 
0.025500 -0.009819 -0.025474 0.009886 
-0.024348 -0.006817 0.024871 -0.004554 
0.006938 0.016303 -0.014069 0.010770 
0.006457 -0.013430 0.014635 -0.002802 
-0.002769 -0.000989 -0.002731 -0.001089 
0.023819 0.009950 -0.025774 -0.001428 
-0.015391 -0.022307 0.016572 0.021444 
-0.005082 0.006946 -0.006966 0.005055 
0.001864 0.016002 -0.013335 0.009040 
0.018908 0.004830 -0.005399 0.018753 
-0.004627 0.014926 -0.015165 0.003770 
-0.015065 -0.003324 -0.005334 -0.014476 
-0.013284 -0.005506 -0.004367 -0.013701 
-0.000132 0.012459 -0.007670 0.009818 
-0.001499 -0.004742 -0.000999 -0.004872 
0.015899 0.006905 -0.001767 0.017244 
0.016850 -0.002830 0.008340 0.014912 
-0.004633 -0.024312 0.016959 0.018026 
0.021159 -0.021440 -0.029910 0.003577 
0.006271 0.006823 0.003456 0.008599 
-0.002913 0.024873 -0.009488 -0.023176 
-0.011162 -0.023379 0.017951 0.018680 
-0.008125 0.005916 -0.009841 0.002043 
0.032238 0.001042 -0.009733 -0.030751 
-0.006421 0.001901 -0.006664 0.000663 
0.005190 0.000123 0.005143 0.000709 
0.010413 0.011469 -0.004156 0.014923 
0.025741 -0.030554 0.036077 -0.017162 
-0.027855 -0.023681 -0.036531 -0.001491 
0.009695 -0.002182 0.009752 0.001913 
-0.030245 -0.009200 0.006771 0.030879 
-0.008073 -0.007244 -0.003667 -0.010208 
0.017617 -0.005831 0.007951 0.016767 
0.000321 -0.007517 0.002084 -0.007229 
0.001509 -0.000230 0.001511 -0.000215 
-0.026067 0.010116 0.027256 -0.006240 
0.014982 -0.022729 -0.014381 0.023114 
-0.007878 -0.016249 0.014362 -0.010947 
0.000979 -0.005367 0.001641 -0.005203 
0.001559 -0.026536 0.002981 0.026415 
-0.029971 0.004446 0.025500 0.016365 
-0.011287 0.016867 -0.014843 -0.013840 
-0.007802 -0.006516 -0.004335 -0.009195 
0.003654 0.000942 0.003591 0.001159 
-0.002361 -0.020219 0.020325 0.001117 
0.007691 0.019810 -0.021231 0.000908 
0.000186 -0.018943 0.018918 -0.000992 
-0.004956 -0.003049 -0.004473 -0.003721 
-0.007947 -0.024295 0.016678 0.019371 
-0.003513 0.001197 -0.003576 0.000992 
-0.006676 0.005371 -0.007992 0.003090 
-0.019030 0.008728 -0.003297 -0.020675 
0.007019 0.009979 -0.000156 0.012200 
-0.027441 -0.007915 0.024074 0.015366 
0.007310 -0.000963 0.007338 0.000718 
0.018787 0.003407 -0.002687 0.018904 
0.007507 -0.021172 0.014115 0.017476 
0.000681 -0.006119 0.001644 -0.005933 
-0.002207 0.006339 -0.003361 0.005810 
0.001976 -0.002535 0.002084 -0.002447 
-0.003549 0.017000 -0.017284 0.001684 
0.000791 -0.007415 0.002487 -0.007030 
-0.003056 0.011351 -0.008784 0.007812 
-0.000161 0.022380 -0.019171 -0.011549 
-0.018513 0.014314 0.001712 -0.023339 
-0.020144 -0.003158 0.006655 -0.019273 
-0.009518 -0.017981 0.019327 -0.006354 
-0.027837 0.004618 0.028193 0.001163 
0.004153 0.016587 -0.014238 0.009470 
-0.003586 -0.032384 -0.030495 0.011474 
-0.004521 -0.017256 0.015745 -0.008384 
0.014541 0.002278 0.007117 0.012883 
0.024881 -0.008648 -0.022329 0.013973 
-0.037791 -0.003085 -0.037444 0.005966 
-0.026609 -0.010064 0.023116 0.016583 
0.004263 -0.012789 0.011927 -0.006285 
-0.037700 -0.010319 -0.035902 -0.015453 
0.020338 0.002667 -0.006614 0.019416 
0.003940 -0.035791 -0.023829 -0.026994 
-0.006968 -0.022673 0.020858 0.011295 
0.004819 0.002328 0.004504 0.002890 
0.006897 0.012704 -0.005376 0.013418 
0.024536 -0.021292 -0.027168 -0.017812 
-0.034306 0.000069 -0.007929 0.033377 
-0.015146 0.007936 -0.012552 -0.011611 
-0.000208 -0.006274 0.000829 -0.006222 
-0.035363 -0.012800 -0.037606 -0.000378 
0.004559 0.012830 -0.005773 0.012331 
0.017775 -0.013562 0.002703 0.022194 
-0.016146 -0.025147 -0.001254 0.029858 
-0.029786 0.035697 0.016259 -0.043556 
0.023991 0.031771 0.010499 0.038403 
-0.016480 0.008953 -0.010430 -0.015588 
-0.024051 0.004266 0.016860 -0.017674 
-0.008564 -0.012434 0.005250 -0.014156 
0.007236 -0.005199 0.008540 -0.002542 
-0.006022 -0.003602 -0.005153 -0.004762 
-0.002142 -0.000525 -0.002130 -0.000568 
-0.008011 0.025187 0.002715 -0.026290 
0.002372 0.021974 -0.020564 -0.008100 
0.022632 0.004487 -0.017528 0.015004 
0.001646 -0.000505 0.001652 -0.000484 
-0.008129 -0.000263 -0.007745 -0.002485 
-0.007404 -0.012820 0.005733 -0.013649 
-0.007428 0.018686 -0.017575 -0.009769 
-0.001466 -0.005475 -0.000716 -0.005623 
-0.018859 -0.011479 0.018871 -0.011460 
0.010901 -0.019349 0.011703 0.018875 
-0.009737 -0.013662 0.008968 -0.014178 
-0.000473 0.007579 -0.002278 0.007244 
-0.015004 0.029767 0.030356 0.013774 
-0.002272 0.006176 -0.003353 0.005663 
0.008964 -0.006253 0.010867 -0.001166 
0.001892 -0.001340 0.001922 -0.001297 
0.021118 0.007019 -0.016453 0.014985 
0.003215 -0.030411 -0.023859 0.019128 
0.004494 -0.010664 0.009491 -0.006620 
-0.013629 0.003110 -0.011560 -0.007860 
0.032396 0.003929 -0.003740 -0.032418 
0.014938 0.001542 0.007460 0.013034 
-0.002067 -0.032637 -0.031432 0.009027 
