0.001023 -0.003922 0.001310 -0.003836 
-0.022003 -0.032339 0.000504 -0.039112 
-0.033937 0.030631 0.033687 -0.030905 
-0.016729 0.003038 -0.007363 -0.015326 
-0.006930 0.014056 -0.015671 0.000096 
-0.002271 -0.000759 -0.002250 -0.000817 
0.011472 0.004788 0.005730 0.011032 
0.010268 -0.031319 -0.028941 -0.015771 
-0.017273 0.004792 -0.006875 -0.016555 
-0.027600 -0.021482 -0.034762 0.003852 
0.006988 -0.026746 -0.014616 0.023464 
-0.003458 -0.027901 -0.008211 0.026888 
0.006921 0.006754 0.003553 0.008994 
0.009943 0.029167 0.022287 -0.021282 
0.003124 -0.027151 -0.009071 0.025781 
-0.000296 -0.002966 -0.000177 -0.002975 
0.019155 -0.006226 0.001152 0.020109 
0.027789 -0.029351 0.039008 0.010585 
0.001141 -0.020329 0.019104 0.007043 
0.016654 -0.018381 -0.008889 0.023156 
-0.005130 0.016320 -0.017084 -0.000896 
-0.014912 -0.012103 0.013409 -0.013749 
0.012179 -0.007323 0.013257 0.005120 
-0.046813 -0.024046 -0.048726 -0.019886 
0.013590 0.014082 -0.016008 0.011257 
0.034894 0.008135 0.034533 -0.009552 
-0.012185 0.023276 0.011442 -0.023650 
0.047213 0.024440 0.042451 0.032005 
0.010350 -0.009335 0.013799 0.001965 
-0.015966 0.004348 -0.009385 -0.013628 
0.019478 0.002453 -0.005633 0.018807 
-0.020421 -0.020831 0.002415 0.029071 
-0.010189 0.025975 0.018811 -0.020607 
-0.007802 0.006449 -0.009857 0.002299 
-0.014174 -0.002897 -0.005980 -0.013174 
0.017700 -0.015724 -0.005360 0.023061 
0.005486 -0.006249 0.007137 -0.004267 
-0.000661 0.025128 -0.006663 -0.024238 
0.017605 0.016426 -0.023491 -0.005285 
0.007143 0.011795 -0.004235 0.013123 
-0.040424 0.011245 -0.008037 -0.041182 
0.032209 0.040500 0.047714 0.020028 
-0.006170 0.019483 -0.016660 -0.011836 
0.004722 -0.015754 0.016416 -0.001001 
0.001680 -0.003341 0.001887 -0.003228 
0.006320 -0.014764 0.016059 -0.000068 
-0.017356 -0.014334 0.022192 -0.003770 
-0.001691 -0.002070 -0.001624 -0.002124 
-0.005455 0.007567 -0.007933 0.004909 
0.021591 0.005838 -0.018156 0.013062 
-0.025784 -0.009686 0.022160 0.016358 
0.034976 0.008494 0.035217 -0.007432 
0.015926 0.010225 -0.010903 0.015470 
-0.024074 -0.002784 0.022504 -0.008994 
0.023541 -0.003868 -0.017616 0.016088 
0.007544 0.002265 0.006626 0.004259 
-0.008073 -0.044943 0.009425 0.044679 
-0.023303 0.032583 -0.040058 0.000126 
0.000461 -0.026211 0.000721 0.026205 
-0.019594 -0.022653 -0.005573 0.029428 
-0.027216 -0.002346 0.026044 0.008241 
0.006299 -0.005373 0.007634 -0.003204 
0.004373 -0.019148 0.018152 0.007502 
0.008427 0.005644 0.005014 0.008817 
0.007572 0.002490 0.006561 0.004528 
0.027680 -0.011650 -0.026008 -0.015017 
-0.008009 0.046860 0.038029 -0.028527 
0.020821 -0.007373 -0.006255 0.021184 
0.010909 -0.040021 0.040917 0.006820 
0.001637 0.008916 -0.001700 0.008904 
0.044547 0.022129 0.028614 -0.040686 
-0.019422 -0.016226 0.022895 0.010785 
0.017566 -0.022401 -0.026263 0.010984 
0.003240 0.003071 0.002952 0.003349 
0.035906 -0.013876 0.038482 0.000938 
0.005542 -0.023219 0.007955 0.022507 
0.007988 0.016648 -0.016363 0.008557 
0.009849 0.022818 -0.017232 -0.017909 
-0.001292 0.014476 -0.012539 0.007348 
0.020797 -0.021830 -0.029835 -0.004352 
-0.000367 -0.006799 0.001051 -0.006728 
0.010772 0.006707 0.003610 0.012165 
0.021852 0.002471 -0.014514 0.016521 
0.001888 -0.024155 0.009849 0.022137 
-0.002210 0.008558 -0.005025 0.007271 
0.011491 -0.000739 0.009916 0.005853 
0.015256 -0.043047 -0.014087 0.043443 
-0.031558 0.035553 0.047359 -0.004136 
-0.025365 0.000042 0.024612 -0.006136 
-0.004582 0.005913 -0.005912 0.004583 
0.004895 0.026741 0.000193 -0.027184 
0.006438 0.005564 0.004315 0.007334 
0.023507 -0.006331 -0.018068 0.016315 
-0.022986 -0.004942 0.021281 -0.009996 
-0.012262 -0.010599 0.005185 -0.015356 
0.006371 -0.004965 0.007536 -0.002906 
0.010684 -0.004251 0.011229 0.002476 
0.005675 -0.003829 0.006352 -0.002554 
0.019294 -0.003455 0.000333 0.019598 
0.008683 -0.027136 -0.020941 0.019320 
-0.014916 -0.010307 0.008929 -0.015779 
-0.007147 0.021458 -0.011147 -0.019679 
0.002189 -0.014603 0.013363 -0.006284 
-0.009530 -0.014350 0.011752 -0.012595 
0.019456 -0.031655 0.017429 -0.032814 
-0.011051 -0.013217 0.010303 -0.013809 
0.030601 0.005076 -0.006544 -0.030321 
0.009499 0.017832 -0.019712 0.004430 
-0.024060 0.004383 0.019803 -0.014350 
-0.016901 -0.006177 0.004251 -0.017485 
-0.027942 0.024814 -0.028159 0.024567 
0.011125 -0.013810 0.015351 0.008879 
-0.025964 0.000488 0.025775 -0.003161 
-0.030936 0.013416 -0.000049 0.033720 
0.029586 0.018586 0.034083 -0.007689 
0.012424 -0.039463 0.040822 0.006724 
0.020152 0.005251 -0.012405 0.016727 
0.034238 0.017743 0.024115 0.030093 
0.009719 0.002478 0.007652 0.006485 
-0.013033 -0.029107 -0.027173 0.016694 
0.000998 0.003266 0.000825 0.003314 
-0.008834 0.012737 -0.015393 -0.001828 
-0.005776 0.014115 -0.015114 0.002043 
0.005621 0.036388 0.011872 0.034853 
0.025629 -0.034248 0.021919 0.036733 
0.019913 -0.008732 -0.003164 0.021512 
-0.021745 -0.009151 0.022942 -0.005502 
-0.021694 -0.014484 0.022729 0.012800 
0.005949 0.005805 0.003885 0.007347 
0.026830 0.007786 -0.022116 -0.017068 
-0.026360 -0.012490 0.012328 0.026436 
0.017830 -0.015962 -0.006601 0.023003 
0.004110 -0.032986 -0.030743 -0.012642 
-0.005518 -0.006653 -0.003011 -0.008102 
-0.008034 -0.006239 -0.004372 -0.009184 
-0.041250 0.005339 -0.007755 -0.040865 
-0.023353 0.033077 -0.040050 -0.005959 
0.048409 0.006013 -0.007303 -0.048232 
0.017655 -0.032756 0.016185 -0.033507 
0.025529 -0.020342 -0.018001 -0.027231 
-0.015902 -0.005630 0.000872 -0.016847 
-0.004042 0.003492 -0.004456 0.002945 
-0.012572 -0.015297 0.017451 -0.009357 
-0.013908 0.004427 -0.011604 -0.008853 
0.002050 0.024756 -0.010668 -0.022434 
-0.009213 0.006993 -0.011554 0.000537 
0.026575 0.021357 0.031795 -0.012305 
0.027039 -0.015083 -0.024292 -0.019197 
-0.023418 -0.003091 0.020769 -0.011251 
0.000946 0.002534 0.000862 0.002564 
-0.003799 0.011261 -0.009748 0.006799 
-0.007162 0.009429 -0.011348 0.003380 
0.006199 0.013022 -0.006825 0.012705 
0.001884 -0.012876 0.010260 -0.008004 
0.008344 0.028118 0.012652 -0.026461 
-0.019773 0.009762 0.003546 -0.021764 
-0.025215 0.010395 0.026828 -0.004910 
0.010346 -0.019318 0.010239 0.019375 
-0.034474 0.026706 0.002402 -0.043542 
-0.010970 0.003805 -0.011179 -0.003138 
0.010059 0.010150 -0.001982 0.014152 
-0.039874 -0.041901 0.056942 0.010159 
-0.027303 0.019166 0.010196 0.031762 
-0.018848 0.040615 0.001914 -0.044734 
0.008315 0.024052 -0.013440 -0.021611 
0.011289 0.002325 0.008017 0.008282 
0.019757 -0.051002 0.052434 -0.015565 
-0.003727 -0.009445 0.000899 -0.010113 
-0.007301 -0.001257 -0.006771 -0.003005 
0.011084 -0.013332 0.015401 0.007964 
-0.029899 -0.020738 -0.034880 -0.010362 
0.017734 0.005755 -0.005675 0.017760 
-0.022315 -0.033479 0.016498 -0.036696 
-0.008465 -0.010849 0.002606 -0.013511 
-0.012830 0.021186 0.004115 -0.024424 
-0.000249 0.019789 -0.019370 -0.004056 
0.028600 0.036757 -0.014344 -0.044309 
0.023594 0.025361 0.034585 -0.001927 
0.016923 0.018476 -0.021792 -0.012364 
-0.009654 0.030067 0.031447 0.002880 
0.037706 -0.014419 0.031028 0.025824 
-0.026085 -0.020885 -0.028004 0.018231 
-0.006546 -0.013509 0.008027 -0.012686 
-0.036167 -0.030279 0.012757 0.045411 
0.009841 0.005922 0.004837 0.010417 
0.003970 -0.015571 0.015870 -0.002523 
0.011227 -0.017625 0.011917 0.017167 
-0.003296 -0.037021 -0.005473 -0.036762 
-0.046267 -0.020735 -0.042877 0.027058 
0.013129 -0.009770 0.013805 0.008789 
0.000039 0.024058 -0.012275 -0.020691 
0.009360 -0.015583 0.016297 0.008051 
0.006886 0.003279 0.005801 0.004951 
-0.009160 0.001533 -0.009057 -0.002052 
0.006005 -0.013490 0.014555 -0.002491 
-0.037903 0.031843 0.030060 0.039333 
-0.008986 -0.001787 -0.007691 -0.004979 
0.002638 0.008775 -0.000789 0.009129 
0.027127 0.022625 0.035304 0.001203 
0.025125 -0.022686 -0.009480 -0.032497 
-0.002158 0.032403 0.032293 0.003426 
0.009834 -0.006681 0.011879 0.000476 
-0.038613 -0.009755 -0.017685 -0.035684 
0.015896 -0.001378 0.007792 0.013923 
-0.026882 -0.011319 0.013488 0.025862 
-0.005310 0.013338 -0.013862 0.003736 
-0.002943 -0.004122 -0.002448 -0.004434 
0.001893 0.008582 -0.001147 0.008713 
0.004543 0.014696 -0.010667 0.011083 
-0.008493 0.009785 -0.012893 0.001287 
0.014098 0.027544 0.019916 -0.023681 
-0.021772 0.004790 0.009735 -0.020055 
0.000226 0.031376 0.030124 -0.008781 
-0.007584 -0.013627 0.008650 -0.012976 
-0.031360 -0.009138 -0.012075 0.030351 
-0.011108 0.012356 -0.015269 -0.006552 
0.021548 -0.002560 -0.009096 0.019701 
-0.012306 -0.002465 -0.007728 -0.009889 
-0.032049 0.004806 0.004177 0.032137 
0.055398 0.020285 -0.055914 -0.018817 
0.018482 -0.014527 -0.005883 0.022760 
-0.015829 0.007687 -0.010334 -0.014243 
-0.004398 0.032706 0.031240 0.010634 
-0.016182 0.026705 0.030434 0.006986 
-0.017693 0.004495 -0.005709 -0.017340 
-0.003203 0.007094 -0.004997 0.005968 
-0.002360 -0.001055 -0.002327 -0.001125 
-0.003306 0.002027 -0.003436 0.001799 
-0.005068 0.007061 -0.007135 0.004964 
0.019387 -0.018191 -0.020147 0.017345 
-0.012710 -0.010737 0.006139 -0.015464 
-0.008927 -0.001350 -0.007847 -0.004465 
0.018486 0.006469 -0.009288 0.017243 
0.009206 -0.005879 0.010918 -0.000336 
-0.019173 -0.000928 0.002635 -0.019014 
-0.016982 0.011546 -0.005436 -0.019803 
-0.014505 -0.016355 0.021636 -0.003121 
-0.001621 0.045855 0.004422 -0.045670 
0.011894 0.000467 0.009273 0.007463 
-0.027247 -0.004849 0.024477 0.012916 
-0.022523 0.001963 0.013598 -0.018062 
0.041263 -0.005515 0.007388 0.040969 
0.023762 0.021047 0.016654 -0.027023 
0.005133 0.010604 -0.002045 0.011602 
0.032096 0.012726 0.029711 -0.017589 
0.012248 -0.007490 0.013334 0.005323 
-0.011042 0.007458 -0.013043 -0.002724 
0.015399 -0.002074 0.008988 0.012675 
-0.008480 -0.015643 0.014262 -0.010640 
-0.017960 0.009099 -0.004265 -0.019676 
0.032714 -0.017557 0.031358 -0.019878 
0.004722 -0.034254 -0.023800 -0.025084 
-0.014281 -0.011467 0.010599 -0.014937 
-0.011013 0.043259 -0.008753 -0.043772 
0.009386 0.015070 -0.013492 0.011540 
0.029700 -0.012366 -0.013806 -0.029059 
0.021085 0.001668 -0.010579 0.018315 
0.039390 -0.028863 -0.037743 -0.030986 
-0.000501 0.003311 -0.000667 0.003281 
0.018295 -0.003094 0.003451 0.018231 
-0.052125 -0.018015 -0.005520 -0.054873 
-0.013177 0.001350 -0.010229 -0.008416 
-0.019810 -0.018880 0.014922 0.022940 
-0.019188 0.010494 0.001831 -0.021793 
-0.005391 -0.015178 0.011861 -0.010898 
0.010803 0.008599 0.000546 0.013797 
0.002799 0.027378 0.004633 -0.027128 
0.032140 -0.005270 -0.003104 -0.032421 
-0.004012 -0.016444 0.014695 -0.008400 
0.002167 -0.024828 0.006312 0.024109 
-0.037955 0.011991 -0.033943 -0.020792 
0.022770 0.051541 -0.054627 0.013817 
0.008095 -0.024811 -0.006268 0.025334 
0.017073 0.007782 -0.008044 0.016951 
0.004208 -0.008386 0.007122 -0.006109 
0.002642 0.022541 -0.018295 -0.013431 
0.010087 -0.000063 0.009073 0.004408 
0.010742 -0.029590 -0.031320 -0.003169 
-0.021704 -0.008967 0.022664 -0.006151 
0.000047 0.009204 -0.003385 0.008559 
0.015774 0.025592 0.011100 -0.027939 
-0.010171 -0.055290 0.056042 -0.004445 
-0.022953 -0.014134 0.020890 0.017035 
-0.035230 -0.011990 -0.035716 -0.010451 
-0.010764 -0.022490 0.017659 0.017601 
-0.005279 -0.027313 -0.004274 0.027488 
-0.000486 0.004165 -0.000815 0.004113 
0.007875 -0.037527 0.019986 -0.032724 
-0.004215 0.006932 -0.006057 0.005398 
0.023275 -0.008967 -0.018976 0.016188 
0.006095 0.013989 -0.009091 0.012255 
-0.006532 -0.008516 -0.001448 -0.010634 
0.002189 -0.015041 0.014084 -0.005714 
0.005946 0.004403 0.004691 0.005721 
-0.004634 -0.037507 0.001096 -0.037776 
0.001725 0.024900 -0.009805 -0.022954 
0.025558 -0.003973 -0.024846 0.007187 
-0.013444 -0.001918 -0.007647 -0.011222 
0.001056 0.040040 -0.031838 0.024302 
0.039608 0.018908 -0.041926 0.012979 
0.000129 0.007543 -0.001788 0.007329 
-0.003086 0.012004 -0.010037 0.007272 
0.015178 -0.016970 0.001737 0.022701 
-0.027096 -0.017910 -0.019002 0.026341 
-0.039738 0.008331 -0.024021 -0.032734 
-0.005622 0.011985 -0.012469 0.004447 
-0.011281 0.016709 -0.013240 -0.015203 
0.038772 0.027169 -0.013318 -0.045432 
0.013529 -0.000452 0.009506 0.009637 
-0.009152 -0.021948 0.019866 0.013069 
-0.007922 0.000930 -0.007862 -0.001348 
0.006331 -0.000436 0.006306 0.000713 
0.032853 0.000557 0.005530 -0.032389 
-0.005835 -0.025844 0.005286 0.025962 
-0.001534 0.006548 -0.002827 0.006102 
0.008781 -0.022594 0.002985 0.024056 
0.021317 -0.010270 -0.011403 0.020733 
-0.016595 -0.014472 0.021388 -0.005233 
-0.030057 -0.002516 0.015241 0.026029 
0.014647 0.006390 0.000141 0.015980 
0.012937 -0.037885 0.038198 -0.011983 
-0.001905 0.024873 -0.006443 -0.024100 
0.000213 0.005214 -0.000427 0.005201 
0.012021 0.007786 0.001028 0.014285 
0.007444 0.013813 -0.009055 0.012815 
0.005592 -0.048137 -0.046313 0.014266 
-0.001323 -0.008386 0.001422 -0.008370 
-0.011326 0.015612 -0.014335 -0.012904 
-0.020855 0.022105 0.029753 0.006186 
-0.005926 0.008768 -0.009427 0.004810 
0.003179 -0.010934 0.008683 -0.007367 
0.011318 -0.034846 0.002884 -0.036524 
0.000484 -0.032152 -0.032132 0.001238 
0.012544 -0.001986 0.010694 0.006852 
-0.003723 -0.005760 -0.002427 -0.006415 
0.006508 0.011638 -0.003828 0.012772 
0.018709 0.003044 -0.003939 0.018541 
-0.001064 -0.003626 -0.000829 -0.003687 
-0.000399 0.002873 -0.000508 0.002856 
0.016542 0.013168 -0.018992 0.009293 
-0.001592 0.029758 0.023586 -0.018215 
0.010649 -0.003121 0.010695 0.002957 
-0.022859 -0.012801 0.023457 0.011670 
0.008978 0.025285 -0.006352 -0.026069 
0.023980 0.002435 -0.021980 0.009891 
0.006771 -0.047656 -0.044046 0.019414 
-0.025402 -0.000082 0.024727 -0.005816 
-0.010051 0.034005 0.011505 0.033541 
0.037320 0.001738 0.037309 0.001959 
-0.019013 -0.051550 0.034661 -0.042633 
-0.025986 0.003724 0.025832 -0.004672 
-0.003254 0.017802 -0.018031 -0.001549 
-0.009438 -0.039874 0.035530 -0.020412 
0.019814 -0.012428 -0.007666 0.022098 
-0.013655 -0.010060 0.005979 -0.015872 
-0.006546 0.034736 0.015922 0.031559 
-0.010622 0.028117 0.028879 -0.008330 
0.037047 -0.026162 -0.032503 0.031631 
0.009138 -0.000168 0.008561 0.003203 
0.036906 0.010098 0.032002 0.020974 
0.009370 -0.006805 0.011577 -0.000277 
-0.036935 -0.014835 -0.013045 -0.037604 
0.006709 -0.032770 -0.028845 -0.016937 
-0.026596 -0.035212 0.042496 0.011890 
-0.027311 -0.039378 -0.014896 0.045548 
-0.016492 0.012812 -0.005493 -0.020149 
-0.008020 0.008460 -0.011425 0.002314 
0.032018 0.009827 0.019987 -0.026875 
0.021654 0.016216 -0.018873 -0.019382 
0.015429 0.002482 0.004782 0.014878 
-0.005966 -0.012622 0.005904 -0.012651 
-0.026466 -0.004856 0.025690 0.008003 
0.007891 0.015925 -0.014591 0.010147 
0.014382 -0.003918 0.011056 0.009998 
0.019767 0.002021 -0.006062 0.018923 
-0.008851 0.008512 -0.012234 0.001061 
0.008691 0.014405 -0.011249 0.012510 
0.004134 -0.017492 0.017851 0.002096 
-0.016964 0.007665 -0.007825 -0.016891 
-0.000781 0.011139 -0.006595 0.009011 
0.011940 -0.011237 0.014720 0.007223 
0.011999 0.007316 0.001869 0.013928 
0.033047 -0.008578 0.009630 -0.032756 
0.016780 -0.044892 -0.045942 0.013649 
0.019729 -0.004233 -0.001054 0.020150 
0.028714 -0.026911 0.039287 -0.002291 
0.012986 -0.016180 0.010414 0.017944 
0.032140 -0.003329 -0.003594 -0.032111 
0.022098 -0.000255 -0.012808 0.018010 
-0.007883 0.013312 -0.015457 -0.000654 
0.007079 -0.004414 0.008095 -0.002016 
0.008770 -0.006367 0.010785 -0.001069 
0.004836 -0.007144 0.006917 -0.005155 
0.005256 0.014533 -0.010295 0.011526 
-0.008942 -0.024720 0.009631 0.024460 
-0.010936 -0.004935 -0.005735 -0.010538 
-0.012241 0.002524 -0.010965 -0.005997 
0.015749 -0.000041 0.006933 0.014141 
-0.007268 0.017499 -0.017139 -0.008079 
0.002894 -0.000247 0.002902 -0.000137 
0.002930 0.004776 0.002227 0.005141 
-0.029550 -0.014039 -0.017199 0.027830 
0.032844 0.002333 0.007933 -0.031956 
0.013723 -0.030970 -0.021716 -0.025998 
0.026546 -0.023514 0.008049 -0.034537 
-0.049023 -0.003745 0.001383 0.049146 
-0.014730 0.009084 -0.012097 -0.012376 
0.026417 -0.007404 -0.027428 0.000643 
0.006589 0.014406 -0.010226 0.012099 
0.007951 0.014502 -0.011040 0.012315 
0.028606 -0.005311 -0.025687 -0.013662 
-0.011580 -0.024996 0.004281 0.027214 
-0.001032 0.007289 -0.002764 0.006824 
0.034540 -0.003720 0.020124 -0.028317 
0.014232 0.016211 -0.021166 0.004169 
0.031362 -0.023315 0.039046 -0.001620 
-0.008896 -0.025229 0.006780 0.025878 
0.007328 -0.007339 0.009903 -0.003080 
-0.003125 0.003102 -0.003384 0.002817 
-0.008508 0.010544 -0.013520 0.000877 
-0.011991 0.012482 -0.014807 -0.008963 
0.015858 0.007642 -0.004770 0.016944 
0.013498 -0.026502 -0.028773 0.007526 
-0.013333 -0.031262 -0.033852 -0.003014 
0.009041 0.005156 0.005568 0.008793 
-0.001770 -0.020615 0.019928 0.005567 
-0.015604 0.011437 -0.009561 -0.016819 
0.014905 -0.023198 -0.020809 0.018091 
-0.039869 -0.001658 -0.023772 -0.032050 
0.007362 0.007779 0.002557 0.010401 
-0.001790 -0.033945 -0.030738 -0.014514 
-0.000951 -0.016098 0.014464 -0.007131 
0.003828 -0.009707 0.007950 -0.006759 
0.027616 0.004316 -0.024066 -0.014216 
0.011606 -0.012089 0.015019 0.007433 
0.033474 -0.034799 -0.046470 -0.013114 
-0.007642 0.018439 -0.016279 -0.011549 
-0.022777 -0.021829 -0.016121 0.027119 
0.018888 0.007122 -0.011823 0.016361 
0.024395 -0.044099 -0.029175 -0.041093 
-0.026896 -0.027766 -0.012144 -0.036700 
0.023690 -0.022891 -0.018354 -0.027356 
-0.008971 0.023431 0.001512 -0.025044 
0.006568 -0.019187 0.016598 0.011652 
0.009882 -0.003298 0.010273 0.001731 
-0.003155 -0.013418 0.008066 -0.011177 
-0.011342 0.006978 -0.012911 -0.003261 
0.020653 -0.025403 -0.022818 -0.023477 
-0.019221 0.014175 0.008495 -0.022321 
-0.017155 0.009107 -0.006828 -0.018182 
-0.000328 0.000511 -0.000329 0.000511 
0.024951 0.002604 -0.024576 0.005035 
-0.003996 -0.031815 -0.031394 0.006523 
-0.001601 0.000409 -0.001606 0.000389 
-0.010599 -0.011169 0.004682 -0.014668 
-0.017948 0.003989 -0.004840 -0.017737 
0.001291 0.012838 -0.007807 0.010273 
0.005472 -0.011046 0.011224 -0.005096 
0.003140 -0.010579 0.008197 -0.007389 
-0.018023 -0.029769 -0.034108 -0.006902 
0.013605 0.006368 0.001743 0.014920 
-0.006597 -0.029568 -0.021182 0.021660 
-0.006014 -0.012179 0.004945 -0.012651 
-0.004701 -0.008216 -0.001096 -0.009402 
0.000382 -0.002588 0.000462 -0.002575 
0.029091 -0.035856 -0.035070 0.030034 
-0.025169 0.010552 0.026837 -0.004957 
0.036804 0.003661 0.036978 -0.000762 
0.005161 -0.000699 0.005208 -0.000065 
0.018364 0.008592 -0.013350 0.015258 
-0.020803 -0.045894 -0.050380 -0.000953 
-0.028068 0.003225 0.026630 0.009437 
-0.024650 -0.017109 0.001470 0.029970 
-0.006921 -0.002858 -0.005987 -0.004497 
-0.037464 0.006216 -0.037928 -0.001916 
0.006397 0.015815 -0.013644 0.010241 
0.017951 -0.020778 -0.022618 0.015568 
-0.023727 -0.028155 -0.028267 -0.023593 
-0.024829 -0.000054 0.023221 -0.008789 
-0.001342 -0.017190 0.016424 -0.005247 
-0.007544 -0.001908 -0.006751 -0.003870 
-0.004474 -0.028827 -0.014965 0.025040 
-0.029526 0.001359 0.021652 0.020121 
0.029533 0.001833 -0.019186 -0.022526 
-0.008496 -0.033582 -0.031249 -0.014947 
-0.046954 -0.020444 -0.048298 0.017027 
-0.000053 -0.000806 -0.000051 -0.000806 
-0.026663 -0.003537 0.026062 0.006647 
-0.018943 0.015505 0.010497 -0.022114 
0.012480 -0.009667 0.014119 0.007060 
0.003178 0.023751 -0.015207 -0.018519 
-0.012606 0.015158 -0.012650 -0.015121 
0.009467 0.006157 0.004600 0.010314 
-0.017513 -0.007809 0.009282 -0.016779 
0.051195 -0.000673 0.036803 -0.035594 
0.007835 -0.027961 -0.023293 0.017339 
0.033159 -0.012494 0.019555 -0.029550 
0.016344 -0.038594 0.037529 0.018661 
0.021870 -0.020302 -0.029618 -0.003641 
0.030223 0.002987 -0.013433 -0.027238 
0.025602 -0.001500 -0.024931 0.006014 
0.015076 -0.006068 0.011237 0.011740 
-0.003067 -0.011017 0.003574 -0.010864 
0.003615 -0.011596 0.009998 -0.006897 
0.002014 0.004099 0.001621 0.004269 
0.027916 -0.025985 0.033844 -0.017582 
-0.052168 -0.007098 -0.052560 -0.003044 
-0.017604 -0.001466 -0.001442 -0.017606 
0.010446 -0.023480 -0.006425 0.024883 
-0.000474 -0.020682 0.019540 0.006794 
-0.013551 0.023143 0.015769 -0.021692 
-0.010240 0.009387 -0.013779 -0.001766 
-0.013839 0.027329 0.030630 -0.000473 
0.015917 -0.047948 -0.034287 -0.037104 
-0.004059 -0.008956 0.000099 -0.009833 
-0.012593 -0.017647 0.021622 -0.001580 
-0.022894 0.045593 0.018613 0.047502 
0.033813 0.033702 0.002731 -0.047662 
-0.008783 0.007832 -0.011704 0.001225 
-0.017608 0.003404 -0.005516 -0.017064 
0.005845 -0.026028 -0.007517 0.025595 
-0.036532 0.029345 0.045845 -0.009692 
-0.028037 -0.003179 0.023927 0.014956 
0.000410 -0.004976 0.000965 -0.004898 
-0.019170 0.014694 0.009492 -0.022211 
-0.007860 0.026630 0.016111 -0.022614 
-0.012052 -0.012698 0.010196 -0.014232 
0.008914 0.004645 0.005964 0.008091 
0.001722 -0.032861 -0.032122 -0.007137 
-0.005762 -0.003028 -0.005083 -0.004066 
0.003356 0.000150 0.003344 0.000320 
-0.002524 -0.012480 0.006447 -0.010980 
-0.015881 0.007865 -0.010233 -0.014468 
0.009996 -0.006854 0.012097 0.000736 
-0.023520 0.001810 0.017872 -0.015397 
-0.025793 -0.004461 0.025997 0.003051 
-0.006639 0.040482 -0.040779 0.004465 
-0.013823 -0.011879 0.010823 -0.014665 
0.020754 -0.002231 -0.005875 0.020030 
0.012614 0.008004 -0.000003 0.014939 
0.025799 0.004771 -0.025970 -0.003735 
0.003434 -0.028906 -0.020769 0.020396 
-0.008849 -0.008398 -0.001714 -0.012078 
-0.004998 0.012301 -0.012278 0.005054 
-0.012881 0.018177 -0.006345 -0.021356 
-0.002096 -0.000513 -0.002084 -0.000557 
-0.023467 -0.002987 0.020834 -0.011206 
0.003367 0.012583 -0.006279 0.011412 
0.021596 -0.025368 -0.018172 -0.027924 
-0.036129 0.001037 -0.032915 0.014932 
-0.015644 -0.001984 -0.005023 -0.014948 
-0.000979 -0.016504 0.015237 -0.006415 
0.010871 0.013764 -0.011534 0.013214 
0.015751 -0.003874 0.009510 0.013140 
-0.016050 -0.016723 0.023095 0.001969 
-0.004090 0.016135 -0.016599 0.001234 
0.022132 0.021366 0.009653 -0.029209 
0.005986 -0.013819 0.014911 -0.002105 
0.027026 -0.004509 -0.027321 -0.002072 
-0.004794 0.010981 -0.010444 0.005873 
-0.008658 -0.004324 -0.006127 -0.007490 
-0.006981 -0.020571 0.021160 0.004917 
-0.002355 -0.016232 0.014373 -0.007902 
-0.003161 0.018348 -0.018376 -0.002997 
0.011869 -0.009003 0.013989 0.005122 
0.035750 0.010093 0.036335 0.007730 
-0.023758 -0.020641 -0.014129 0.028122 
0.006155 -0.004231 0.007014 -0.002567 
-0.013442 0.000498 -0.009579 -0.009443 
-0.009500 -0.003166 -0.007165 -0.006995 
-0.005498 -0.006771 -0.002902 -0.008225 
-0.027699 -0.000895 0.026021 0.009538 
-0.000186 0.037509 -0.002283 0.037440 
0.005320 0.026918 0.001522 -0.027396 
-0.012738 -0.010834 0.006419 -0.015441 
0.001958 -0.013383 0.011154 -0.007651 
0.013787 0.028849 0.027226 -0.016765 
0.007273 -0.013560 0.015386 -0.000180 
-0.003863 0.011556 -0.010197 0.006670 
-0.007169 -0.007636 -0.002689 -0.010123 
-0.018889 0.011596 0.002037 -0.022070 
0.036575 -0.012148 0.038389 0.003397 
-0.037195 -0.031069 -0.013524 0.046538 
-0.009139 0.004490 -0.010182 -0.000106 
0.028954 0.008966 -0.008160 -0.029192 
0.023799 0.004267 -0.022874 0.007837 
-0.014002 0.017627 -0.004185 -0.022119 
0.008965 0.036310 0.008262 0.036477 
-0.013213 0.004419 -0.011864 -0.007304 
-0.002936 0.008299 -0.005597 0.006794 
0.016524 -0.006243 0.008871 0.015275 
-0.038186 0.024445 0.033737 -0.030292 
0.033189 -0.010724 0.015365 -0.031311 
0.014810 -0.003897 0.010676 0.010979 
0.017678 0.033118 0.015433 0.034222 
0.001129 0.015320 -0.012839 0.008434 
-0.029069 -0.012917 -0.008327 0.030701 
0.039956 0.032543 0.051359 0.004206 
0.028212 -0.010092 -0.025387 -0.015915 
0.026808 -0.011706 -0.027926 -0.008708 
-0.057169 0.003451 0.031479 -0.047847 
-0.013390 -0.022444 0.014801 0.021540 
-0.038659 -0.016611 0.021226 -0.036330 
-0.018644 0.029040 0.011723 0.032457 
-0.017344 -0.007026 0.007149 -0.017294 
-0.021017 -0.011453 0.023890 -0.001467 
-0.025640 0.005275 0.025317 -0.006656 
-0.031483 0.001953 0.009061 0.030213 
-0.009358 -0.003194 -0.007103 -0.006880 
0.013619 0.006704 0.001139 0.015137 
0.016804 -0.011640 0.005921 0.019565 
-0.031211 -0.009455 -0.011898 0.030363 
-0.037819 0.001640 -0.037535 -0.004906 
-0.032250 0.011816 -0.008552 0.033265 
-0.019467 -0.004066 0.008055 -0.018182 
-0.002170 -0.007801 0.000195 -0.008095 
-0.042369 0.016999 0.041759 -0.018447 
0.013543 0.010120 -0.005936 0.015830 
0.034334 0.031729 -0.018308 -0.043016 
0.034380 -0.031491 -0.043422 0.016975 
0.031805 0.003868 0.001080 -0.032021 
0.018872 -0.018486 -0.018925 0.018432 
-0.000252 -0.015150 0.012893 -0.007959 
-0.021463 0.003628 0.008410 -0.020077 
-0.002387 -0.002508 -0.002248 -0.002634 
0.008504 0.028279 0.014033 -0.025982 
-0.031896 -0.015253 -0.034617 0.007192 
0.007363 -0.015275 0.016701 0.002934 
0.026934 0.008216 -0.021036 -0.018720 
-0.027843 0.008304 0.027066 0.010564 
0.024745 0.030347 0.002307 0.039089 
-0.014269 -0.011347 0.010272 -0.015062 
0.012243 -0.024144 -0.015940 0.021881 
0.014059 0.038139 -0.029388 0.028082 
-0.007940 -0.016014 0.014837 -0.009968 
-0.010078 -0.030762 -0.030852 0.009801 
0.026009 -0.004812 -0.026059 0.004535 
-0.029584 -0.031354 0.041897 -0.010146 
0.016028 -0.019109 -0.008766 0.023350 
0.004602 -0.020705 0.016561 0.013251 
-0.013162 -0.014126 0.015472 -0.011550 
0.021709 0.018076 -0.011580 -0.025767 
0.008802 0.000826 0.007977 0.003811 
-0.020349 0.011068 0.007915 -0.021770 
0.021085 -0.021873 -0.029692 -0.006433 
0.004313 -0.024964 0.001994 0.025255 
-0.040822 -0.028457 -0.034654 0.035712 
0.010334 -0.000985 0.009599 0.003952 
0.004255 0.036900 0.006700 0.036536 
0.007696 0.004040 0.005906 0.006377 
-0.010473 0.022307 0.000827 -0.024629 
0.017132 0.001295 0.002828 0.016947 
-0.002184 -0.016257 0.014458 -0.007749 
-0.045062 0.008240 0.045289 -0.006879 
0.005136 -0.000917 0.005209 -0.000282 
0.033563 -0.008604 0.014938 -0.031263 
0.015138 -0.031193 -0.013972 -0.031733 
-0.004982 -0.000021 -0.004949 -0.000577 
0.021986 0.010737 -0.024466 -0.000246 
0.048009 0.003884 -0.021474 -0.043114 
-0.018341 0.011057 -0.001002 -0.021393 
-0.021123 -0.010514 0.023249 -0.004024 
0.031667 -0.003208 -0.007838 -0.030848 
0.015314 -0.011538 0.010185 0.016246 
0.015673 -0.043232 -0.020038 0.041390 
-0.030134 0.006934 0.018229 0.024978 
-0.011875 0.022757 0.007785 -0.024460 
0.003590 -0.012913 0.011824 -0.006310 
-0.001896 -0.044523 0.022120 0.038686 
-0.014047 0.016648 -0.006497 -0.020791 
-0.001159 0.041369 -0.041141 0.004494 
-0.012790 0.013768 -0.013505 -0.013068 
0.016925 -0.000241 0.004907 0.016200 
-0.032559 0.012364 -0.013238 0.032214 
0.020115 0.021417 -0.000175 -0.029381 
-0.000334 -0.016511 0.015443 -0.005852 
-0.007286 -0.004351 -0.005518 -0.006447 
-0.008698 -0.005232 -0.005435 -0.008573 
0.005477 -0.015164 0.016100 -0.000854 
-0.027356 0.007491 0.027705 0.006072 
0.046171 -0.020749 0.006398 -0.050213 
-0.010869 -0.035401 -0.014494 -0.034078 
0.019045 -0.019639 -0.023027 0.014770 
0.026252 -0.021991 -0.004290 -0.033976 
-0.039539 -0.010492 -0.002244 -0.040846 
-0.034783 -0.013937 -0.034147 -0.015431 
0.004831 -0.020334 0.016881 0.012321 
0.005942 -0.017548 0.017687 0.005516 
-0.042745 -0.008705 0.034729 -0.026397 
-0.012635 0.029246 0.030716 0.008455 
-0.015661 0.036739 -0.038549 0.010440 
-0.025339 0.022694 0.007735 0.033125 
-0.041594 -0.009553 0.023316 -0.035745 
0.013972 0.012896 -0.013687 0.013199 
0.012839 0.027256 0.014661 -0.026321 
0.027066 0.029804 -0.011227 0.038663 
-0.024502 0.023486 0.009585 0.032559 
0.015849 -0.016103 0.001446 0.022548 
-0.000631 0.023218 -0.014673 -0.018005 
0.003955 0.000709 0.003893 0.000994 
-0.028937 0.004639 0.024685 0.015797 
0.019768 -0.010569 -0.004500 0.021959 
-0.014556 -0.011896 0.012206 -0.014297 
0.000207 -0.010892 0.005728 -0.009266 
-0.023622 0.008105 0.019697 -0.015352 
-0.014075 -0.006309 -0.001194 -0.015378 
-0.017056 -0.013084 0.019757 -0.008472 
-0.022927 0.031967 -0.038025 0.010080 
-0.007609 0.044031 -0.011385 -0.043209 
-0.029968 0.003548 0.020057 0.022547 
-0.003307 -0.021216 0.020156 0.007402 
-0.030721 -0.001790 0.011630 0.028490 
0.037103 -0.000237 0.036964 -0.003215 
-0.044324 -0.000124 0.037313 -0.023923 
-0.013576 0.013468 -0.012386 -0.014570 
0.003691 -0.014313 0.013965 -0.004845 
0.001660 0.013389 -0.008657 0.010347 
0.032377 0.009055 0.020424 -0.026704 
0.032367 0.005562 0.010251 -0.031201 
0.001782 0.008088 -0.000762 0.008247 
0.011439 0.009315 -0.001372 0.014688 
0.029639 0.012542 0.011175 -0.030180 
0.042842 -0.043955 -0.054760 -0.027728 
-0.019447 0.014504 0.010336 -0.021948 
-0.008411 0.022275 -0.005341 -0.023203 
-0.007419 -0.001969 -0.006643 -0.003846 
-0.005770 -0.030160 -0.024391 0.018655 
-0.023603 0.007841 0.019415 -0.015546 
0.006257 -0.034189 -0.021289 -0.027473 
0.019589 -0.000844 -0.002316 0.019470 
0.016706 -0.009856 0.007709 0.017798 
0.014248 -0.003311 0.010844 0.009817 
-0.033234 -0.020388 -0.017117 -0.035031 
0.019339 -0.016702 -0.015645 0.020204 
0.000166 -0.018587 0.018587 -0.000097 
0.017971 0.024580 0.011981 -0.027993 
-0.006402 -0.049491 -0.049672 -0.004805 
-0.009736 -0.013325 0.009265 -0.013657 
-0.007694 -0.027605 -0.008105 0.027487 
-0.033330 0.038696 0.005265 0.050799 
-0.020670 0.001709 0.005831 -0.019904 
0.000989 -0.000955 0.000997 -0.000946 
-0.013819 -0.012092 0.011363 -0.014424 
0.012704 0.013662 -0.013628 0.012740 
0.002247 0.003759 0.001914 0.003939 
-0.006259 0.008439 -0.009527 0.004430 
-0.005757 -0.005454 -0.004003 -0.006847 
0.011061 0.042861 -0.033219 -0.029256 
0.007027 -0.015264 0.016656 0.002227 
0.009305 0.020283 -0.021661 -0.005364 
-0.008587 0.017275 -0.016269 -0.010368 
0.006199 -0.002432 0.006559 -0.001153 
-0.016381 0.014766 -0.002486 -0.021913 
-0.030504 0.013678 0.003292 0.033267 
-0.007835 0.021103 -0.010849 -0.019724 
-0.012046 -0.014537 0.014952 -0.011527 
0.013105 0.006510 0.002115 0.014479 
-0.006904 0.005248 -0.008255 0.002655 
0.022680 0.000598 -0.015873 0.016211 
-0.027227 0.006659 0.027679 0.004419 
0.009688 -0.004490 0.010644 0.000850 
-0.037498 -0.024309 0.044198 0.006601 
-0.008239 -0.018618 0.020214 -0.002433 
-0.017074 -0.024282 -0.006356 0.028996 
0.004807 0.005243 0.003498 0.006194 
0.016232 -0.006183 0.009451 0.014574 
-0.001270 -0.018275 0.018169 -0.002341 
-0.009805 0.016015 -0.015836 -0.010091 
-0.009458 -0.001783 -0.007923 -0.005464 
0.015419 0.008070 -0.004743 0.016745 
0.001880 0.007269 -0.000007 0.007508 
0.014273 -0.003752 0.011054 0.009778 
-0.002752 -0.002129 -0.002631 -0.002276 
0.004540 -0.032869 -0.030745 -0.012480 
-0.013624 0.040004 -0.036648 -0.021045 
-0.022188 -0.008608 0.023229 -0.005180 
0.008685 -0.020766 0.010045 0.020144 
-0.009963 -0.026538 -0.003384 0.028144 
-0.008632 0.029745 0.030793 -0.003332 
-0.009539 0.015460 -0.016205 -0.008210 
0.020373 0.013098 -0.024156 -0.001765 
0.005740 -0.009406 0.009796 -0.005047 
-0.055789 -0.000845 -0.005301 -0.055543 
0.022216 0.001681 -0.015043 0.016435 
0.021321 -0.032331 0.033743 -0.019008 
-0.009509 -0.000271 -0.008622 -0.004019 
-0.018399 0.026489 0.026952 0.017713 
0.053683 -0.017866 0.002003 0.056543 
-0.030254 -0.016143 -0.030178 0.016284 
0.010644 0.003387 0.007201 0.008539 
-0.001533 -0.036856 -0.007109 -0.036196 
0.015048 -0.018837 -0.003639 0.023834 
0.014826 -0.045358 -0.043582 0.019436 
-0.030604 -0.039194 -0.043223 0.024587 
-0.023429 -0.026506 -0.034653 -0.007122 
0.011707 0.003257 0.007200 0.009788 
0.009903 -0.008859 0.013259 0.000873 
0.006222 -0.027099 -0.014937 0.023451 
0.024907 -0.013615 -0.028384 0.000324 
-0.035039 0.016204 -0.038605 0.000058 
0.042386 0.003776 -0.016329 0.039296 
0.026653 -0.000709 -0.026647 -0.000931 
-0.008180 -0.001140 -0.007452 -0.003561 
0.012757 -0.006560 0.012903 0.006269 
-0.018809 -0.006563 0.010462 -0.016953 
0.004356 0.014163 -0.009442 0.011420 
-0.005324 0.008135 -0.008210 0.005208 
0.018957 -0.012883 -0.004539 0.022466 
0.003451 -0.002373 0.003628 -0.002093 
-0.013927 -0.006375 -0.001292 -0.015262 
-0.019408 0.000976 0.001562 -0.019370 
0.003748 0.032655 0.032841 0.001354 
0.026796 -0.031223 0.036442 0.019102 
-0.038430 -0.016069 0.014669 -0.038986 
0.015716 -0.020687 -0.013558 0.022161 
0.012510 0.014928 -0.016511 0.010331 
0.026968 0.006451 -0.023531 -0.014668 
0.035196 -0.023046 0.018650 0.037710 
0.009343 0.018119 -0.020077 0.003535 
-0.006080 -0.007042 -0.002946 -0.008825 
0.007311 0.010138 -0.000988 0.012460 
0.013131 -0.027282 -0.030009 0.004024 
-0.017546 -0.024769 -0.011632 0.028036 
-0.023594 0.023551 0.015675 0.029422 
-0.004142 -0.009767 0.001122 -0.010549 
-0.008409 -0.022584 0.018595 0.015329 
-0.028245 -0.030090 0.024538 -0.033181 
0.034555 -0.035431 -0.034004 -0.035960 
-0.017271 0.020386 0.018748 -0.019037 
0.000479 0.002097 0.000435 0.002107 
0.034370 0.004973 0.026437 -0.022520 
-0.012181 -0.033835 -0.025852 -0.024996 
-0.010906 0.023432 0.007730 -0.024662 
0.039915 0.002176 0.022560 0.033001 
0.020525 -0.008068 -0.005374 0.021389 
-0.003694 -0.002249 -0.003492 -0.002552 
-0.004353 -0.012950 0.006748 -0.011879 
-0.023432 0.020862 0.026483 0.016820 
0.002408 0.010787 -0.003589 0.010453 
-0.001274 -0.009720 0.002922 -0.009357 
-0.006205 0.013913 -0.015149 0.001606 
-0.002373 -0.009562 0.001900 -0.009667 
-0.011610 0.016278 -0.013195 -0.015022 
0.013088 -0.026079 -0.026749 0.011658 
0.019467 0.006471 -0.012352 0.016378 
0.008842 -0.022109 0.004885 0.023305 
-0.011162 0.011050 -0.014853 -0.005107 
0.004155 -0.000798 0.004206 -0.000461 
0.021285 -0.010906 -0.012151 0.020600 
-0.007287 0.004105 -0.008200 0.001644 
0.012304 -0.017145 0.010348 0.018392 
0.028003 0.012359 -0.002306 -0.030522 
-0.003070 -0.019788 0.019958 0.001642 
-0.014821 0.023641 0.022307 -0.016763 
0.044257 -0.004439 -0.036432 0.025515 
-0.000439 -0.027824 -0.009058 0.026312 
0.012735 -0.012790 0.014032 0.011352 
-0.011546 0.006739 -0.012860 -0.003656 
-0.027610 -0.003092 0.025044 0.012029 
-0.024255 0.013999 0.027763 -0.003671 
-0.006289 -0.008164 -0.001823 -0.010143 
-0.031389 -0.006181 -0.002984 0.031852 
-0.004734 0.001708 -0.004898 0.001158 
0.017915 0.004297 -0.003551 0.018078 
-0.009545 -0.021437 0.020690 0.011071 
-0.001196 0.034523 0.026447 0.022223 
-0.000682 0.024658 -0.008975 -0.022977 
0.012359 0.032036 0.033419 0.007889 
0.034490 -0.001995 0.019725 -0.028364 
0.028235 0.001787 -0.024440 -0.014251 
0.029587 0.011870 0.007826 -0.030903 
0.030929 0.012145 0.019753 -0.026720 
0.006056 0.020491 -0.020946 -0.004223 
-0.007806 0.006644 -0.009977 0.002354 
0.002938 0.002726 0.002733 0.002932 
-0.020477 0.020623 0.028836 -0.003621 
0.015586 0.001538 0.005623 0.014617 
-0.023793 0.002641 0.018763 -0.014867 
0.034074 0.018144 0.023370 0.030725 
-0.005162 -0.009114 -0.000220 -0.010472 
0.011298 -0.006587 0.012695 0.003145 
-0.026184 -0.025262 -0.032783 -0.015781 
0.021462 0.015349 -0.021535 -0.015246 
-0.008506 0.014735 -0.016455 -0.004323 
0.043133 -0.001786 -0.020756 0.037853 
-0.009771 0.007640 -0.012398 -0.000366 
-0.013715 -0.018580 0.022650 0.004504 
-0.034195 -0.024254 0.026423 -0.032548 
-0.032180 0.046125 -0.042144 -0.037242 
0.032498 0.030725 -0.042097 -0.015096 
-0.009761 0.009686 -0.013717 -0.000968 
-0.012555 -0.005007 -0.004864 -0.012611 
-0.008952 0.000809 -0.008653 -0.002431 
0.022646 0.024477 0.030044 -0.014469 
0.024354 -0.046083 0.008340 -0.051451 
-0.026436 0.019170 0.016653 0.028090 
0.018237 0.024518 0.012620 -0.027828 
0.021709 0.010286 -0.023905 0.002374 
-0.022115 -0.001433 0.014392 -0.016853 
-0.033367 -0.000873 -0.010929 0.031538 
-0.007205 -0.001326 -0.006678 -0.003013 
0.005536 0.011935 -0.004456 0.012379 
-0.027825 0.003340 0.026951 0.007683 
-0.009867 0.004590 -0.010830 -0.001067 
-0.005233 0.012752 -0.013060 0.004406 
-0.003292 -0.008244 -0.000221 -0.008874 
-0.019700 0.038122 -0.026011 -0.034129 
-0.004656 0.006994 -0.006610 0.005187 
0.003227 0.011261 -0.003897 0.011046 
-0.005283 -0.011871 0.004358 -0.012241 
-0.033669 0.018337 -0.037854 0.006078 
-0.010235 0.008831 -0.013434 -0.001504 
0.017944 -0.024509 -0.030286 -0.002335 
-0.024014 -0.002734 0.022295 -0.009330 
0.031819 0.028524 -0.038167 0.019217 
-0.024445 0.013248 0.027471 -0.004292 
-0.036668 0.024811 0.016542 -0.041067 
-0.029179 0.018277 -0.002380 0.034348 
-0.024399 -0.009909 0.024563 0.009494 
0.021867 0.015596 -0.020043 -0.017881 
-0.007045 0.000857 -0.007057 -0.000750 
0.017524 -0.029040 -0.017929 -0.028791 
-0.011368 -0.013287 0.010858 -0.013707 
-0.028490 -0.036278 0.022259 0.040402 
0.000145 -0.036532 -0.009600 -0.035249 
0.019290 -0.015460 -0.012004 0.021610 
-0.005861 -0.019732 0.020559 0.001019 
-0.025502 0.001336 0.024706 -0.006459 
0.017825 -0.013216 -0.000217 0.022189 
0.003738 0.011461 -0.004015 0.011367 
-0.000425 0.003127 -0.000565 0.003105 
0.003551 0.035282 0.023324 0.026711 
0.010803 -0.036979 0.024466 -0.029759 
0.011565 -0.001355 0.010250 0.005524 
0.015863 0.005493 -0.000542 0.016778 
0.006199 -0.014801 0.016045 -0.000225 
-0.008920 -0.017708 0.019130 -0.005213 
-0.025732 0.043927 0.017886 0.047664 
0.015671 0.011094 -0.012462 0.014607 
-0.017342 -0.016664 0.023417 0.005489 
-0.002793 0.005102 -0.003535 0.004618 
0.013530 -0.019820 -0.001251 0.023965 
-0.041963 0.023008 0.044211 0.018320 
-0.000160 0.040378 -0.035360 0.019497 
-0.028286 0.005150 0.026450 0.011271 
0.014879 -0.014311 0.008351 0.018880 
-0.009114 -0.012342 0.006320 -0.013981 
0.016189 -0.005135 0.009284 0.014222 
0.016183 -0.011229 0.008199 0.017910 
-0.008023 -0.007209 -0.003338 -0.010256 
-0.003653 0.028651 0.019556 -0.021254 
-0.001894 -0.000107 -0.001892 -0.000138 
0.025800 -0.002470 -0.025347 0.005411 
-0.020562 -0.042598 -0.009690 0.046298 
-0.036581 0.032876 0.036239 0.033254 
-0.014599 0.011074 -0.011902 -0.013932 
0.007967 -0.021391 0.009669 0.020677 
-0.003934 0.012589 -0.011673 0.006139 
0.005050 0.000605 0.004945 0.001188 
0.004575 -0.005521 0.005720 -0.004323 
0.027973 -0.045573 0.040774 -0.034594 
-0.020595 0.000606 0.006333 -0.019606 
0.007337 0.030934 0.029389 -0.012125 
0.016846 -0.008209 0.008016 0.016938 
-0.016989 0.013073 -0.003336 -0.021175 
0.013672 -0.021935 -0.010678 0.023539 
-0.037310 -0.021199 0.035139 -0.024630 
-0.024635 0.009799 0.024877 -0.009169 
0.000319 -0.001629 0.000339 -0.001625 
0.000564 -0.034401 -0.027644 -0.020483 
0.003142 -0.020998 0.017417 0.012142 
-0.030288 -0.040059 -0.048275 0.013843 
-0.002726 0.026816 0.006230 -0.026224 
0.052269 0.015140 0.026692 0.047422 
0.003205 -0.031533 -0.031581 0.002685 
0.012457 -0.018972 0.005390 0.022046 
-0.000430 0.014250 -0.011563 0.008339 
0.006820 0.006425 0.003817 0.008557 
0.007240 0.018743 -0.019947 0.002413 
0.013607 -0.013785 0.012062 0.015156 
0.014950 0.015650 -0.021108 0.004783 
0.020295 0.010505 -0.021756 0.006992 
-0.014742 -0.003019 -0.005140 -0.014143 
0.002434 -0.002199 0.002538 -0.002078 
0.000515 0.002073 0.000472 0.002083 
-0.020587 -0.027023 -0.033519 0.005530 
0.012558 0.040143 -0.041338 0.007769 
0.009120 -0.001957 0.009176 0.001676 
0.006797 -0.007646 0.009529 -0.003723 
0.012066 -0.013463 0.014580 0.010690 
-0.027124 -0.022414 -0.035184 0.000493 
-0.023119 0.005344 0.015982 -0.017539 
-0.015768 -0.002625 -0.004026 -0.015470 
-0.038363 0.002924 -0.036637 -0.011746 
0.038658 0.024481 -0.038432 -0.024836 
0.032588 -0.006343 0.002038 -0.033137 
-0.012664 0.012920 -0.014075 -0.011366 
-0.015044 0.026210 0.030133 -0.002305 
0.002104 -0.011173 0.007902 -0.008174 
0.003833 -0.012753 0.011814 -0.006147 
-0.009195 0.004880 -0.010410 -0.000003 
0.011480 0.015682 -0.017049 0.009331 
0.029459 0.004796 -0.015272 -0.025644 
0.013370 -0.018156 0.004836 0.022023 
0.001884 -0.010060 0.006252 -0.008104 
-0.028582 0.001184 0.025049 0.013815 
0.034993 -0.003329 0.024214 -0.025481 
0.020150 -0.027911 -0.010782 -0.032692 
-0.003818 0.012807 -0.011877 0.006128 
-0.002421 -0.015845 0.013540 -0.008579 
-0.043501 0.050917 -0.058964 -0.031751 
0.036309 -0.020810 0.019444 0.037059 
0.019777 -0.015052 -0.013237 0.021035 
-0.020967 -0.013986 0.024012 0.007661 
-0.006342 -0.022221 0.019613 0.012220 
-0.015751 -0.008543 0.006526 -0.016688 
-0.019358 -0.014989 0.023903 0.005297 
0.007382 0.003299 0.006107 0.005300 
0.034333 -0.012617 0.030041 -0.020868 
-0.031396 -0.025674 0.009745 -0.039369 
-0.008153 0.024589 0.005204 -0.025377 
-0.006101 -0.003265 -0.005260 -0.004496 
-0.024289 0.027546 -0.018139 0.031934 
0.025676 0.035190 -0.043468 -0.002852 
-0.012521 -0.059475 -0.040472 0.045344 
-0.011895 0.007878 -0.013488 -0.004654 
-0.005224 0.045049 -0.001925 -0.045310 
-0.018685 -0.003121 0.003980 -0.018521 
-0.010379 -0.012331 0.007311 -0.014364 
-0.011576 0.006725 -0.012862 -0.003717 
-0.020132 -0.006589 0.014704 -0.015248 
0.030126 0.033382 -0.038977 -0.022423 
-0.025093 0.013827 0.028610 0.001521 
0.021440 -0.021222 -0.029688 -0.005352 
0.001312 -0.004014 0.001630 -0.003896 
-0.005841 -0.002981 -0.005158 -0.004049 
-0.011529 0.005843 -0.012409 -0.003617 
0.027696 0.029127 -0.009367 0.039086 
0.041013 -0.046396 -0.046455 -0.040946 
-0.021725 0.026914 0.007343 0.033799 
-0.001442 0.037273 -0.000909 0.037290 
0.039379 0.035032 0.041072 0.033032 
0.024118 -0.015161 -0.028457 0.001319 
-0.014143 -0.041944 0.035273 0.026742 
0.010119 -0.007267 0.012421 0.000951 
-0.005159 -0.005257 -0.003734 -0.006349 
-0.000692 -0.002356 -0.000628 -0.002374 
-0.001840 -0.017621 0.017119 -0.004565 
-0.011824 0.009402 -0.014157 -0.005271 
0.008285 -0.012471 0.014967 0.000383 
-0.003339 -0.007918 -0.000570 -0.008574 
0.021979 -0.007234 -0.011567 0.020040 
-0.037072 -0.004518 -0.037067 -0.004557 
0.006974 -0.006478 0.008972 -0.003177 
-0.035544 0.013680 -0.037833 0.004379 
0.038589 0.016473 -0.019425 0.037190 
0.010294 0.011093 -0.004237 0.014528 
0.002083 0.032316 0.032340 -0.001677 
0.018190 0.027506 0.030412 -0.012751 
0.040248 -0.011332 0.010384 0.040503 
0.006892 0.013476 -0.008035 0.012828 
-0.023924 0.007540 0.020531 -0.014411 
0.035398 0.010716 0.036427 0.006392 
-0.050033 -0.006259 -0.027811 0.042059 
0.006840 0.019223 -0.020389 0.000754 
0.036708 0.007236 0.036523 0.008118 
0.023231 0.000650 -0.018068 0.014617 
-0.051931 0.005397 -0.048336 0.019739 
0.021709 0.020899 0.004365 -0.029816 
0.010521 -0.005760 0.011865 0.001761 
0.016530 -0.002809 0.007630 0.014931 
0.006805 0.012080 -0.004794 0.013009 
0.022360 0.010688 -0.024719 -0.001774 
0.006426 0.003707 0.005319 0.005171 
-0.030757 -0.009463 -0.008021 0.031164 
-0.017435 0.017982 0.011005 -0.022499 
0.005740 0.019734 -0.020527 -0.001012 
0.043126 0.000350 -0.021972 0.037111 
0.018778 0.015147 -0.023819 -0.003834 
-0.023134 0.015762 0.027385 -0.005806 
0.012229 -0.037566 0.034534 -0.019187 
-0.037709 0.001706 -0.037589 -0.003457 
-0.018719 0.007593 -0.002371 -0.020060 
0.043139 0.020693 -0.011093 -0.046542 
-0.016658 -0.002801 -0.001997 -0.016774 
-0.008638 0.027782 0.024060 -0.016358 
0.005705 0.001608 0.005380 0.002487 
0.010500 -0.028683 -0.030164 0.004805 
-0.008732 0.016645 -0.016458 -0.009080 
0.015610 0.005829 -0.000625 0.016651 
-0.011491 0.000801 -0.009949 -0.005806 
-0.007393 -0.013116 0.007326 -0.013154 
-0.021833 0.025672 0.015004 0.030176 
-0.023889 -0.018527 -0.001966 0.030167 
-0.009665 0.018443 -0.013500 -0.015852 
-0.005453 -0.005859 -0.003559 -0.007169 
0.006633 0.006452 0.003717 0.008474 
0.003032 0.011645 -0.004660 0.011094 
-0.017081 -0.002275 -0.001728 -0.017145 
0.035422 0.044701 -0.056387 0.008566 
0.008113 0.000459 0.007622 0.002817 
-0.016437 -0.001826 -0.003737 -0.016110 
0.002627 0.032295 0.032337 -0.002046 
0.000685 0.022253 -0.017967 -0.013147 
0.026216 0.004545 -0.025967 -0.005802 
-0.012712 -0.028134 -0.020553 0.023037 
-0.008888 -0.031054 -0.030952 0.009239 
-0.039461 -0.002902 -0.026290 -0.029571 
-0.005318 -0.008096 -0.001528 -0.009565 
0.009486 -0.002205 0.009547 0.001925 
-0.016834 -0.001892 -0.002798 -0.016707 
0.003368 -0.019312 0.018524 0.006416 
-0.017339 -0.017206 0.023122 0.007878 
-0.000979 0.012138 -0.008289 0.008921 
-0.006509 -0.001176 -0.006153 -0.002428 
-0.036106 0.014395 -0.038463 -0.005612 
0.041415 0.021630 -0.029305 -0.036391 
0.031143 0.001452 -0.008803 -0.029908 
-0.001888 0.006324 -0.003085 0.005834 
-0.010943 -0.024563 0.008013 0.025669 
-0.004604 0.004386 -0.005322 0.003479 
0.010662 0.015362 -0.015411 0.010591 
0.021440 0.010807 -0.023939 0.001853 
-0.014138 -0.019288 0.022266 0.008725 
-0.014123 0.010167 -0.012845 -0.011740 
-0.020670 0.028023 0.006380 0.034233 
0.019361 -0.017140 -0.016996 0.019488 
-0.000932 0.000771 -0.000937 0.000765 
0.024261 -0.030686 0.037478 -0.011205 
0.006155 0.011359 -0.003265 0.012500 
0.020947 -0.023981 -0.026745 -0.017278 
-0.020553 0.018056 0.024135 -0.012881 
0.006512 -0.000624 0.006511 0.000635 
-0.010736 -0.012592 0.008334 -0.014296 
-0.024846 -0.017800 -0.003606 0.030351 
0.022114 0.000333 -0.013354 0.017630 
-0.028048 -0.029952 0.021478 -0.034964 
-0.035638 0.033371 0.041291 0.026052 
-0.017337 0.007359 -0.006879 -0.017534 
0.000446 -0.003035 0.000574 -0.003013 
0.002531 -0.022143 0.015828 0.015690 
-0.034564 -0.010012 -0.035484 0.005980 
0.028827 0.009282 -0.008037 -0.029198 
-0.017417 -0.007717 0.008819 -0.016885 
-0.002152 -0.016224 0.014394 -0.007787 
-0.003387 0.036834 0.000988 0.036976 
0.014778 0.010311 -0.008661 0.015801 
-0.024408 -0.010083 0.024401 0.010100 
-0.020491 0.002671 0.004581 -0.020150 
-0.035726 0.007138 -0.031971 0.017469 
0.016572 0.005706 -0.002532 0.017343 
-0.026919 -0.035728 0.038891 0.022106 
-0.034817 -0.013605 -0.034644 -0.014039 
0.019222 -0.015866 -0.012773 0.021402 
-0.001831 0.010284 -0.006468 0.008202 
-0.003889 -0.020838 0.020434 0.005640 
0.043741 -0.003267 -0.029574 0.032393 
-0.019687 -0.028289 -0.034448 -0.001091 
-0.021418 -0.001872 0.012122 -0.017756 
0.045060 0.015559 -0.019614 -0.043448 
0.001068 0.004481 0.000635 0.004562 
0.014921 -0.002637 0.009891 0.011479 
-0.001533 -0.005283 -0.000801 -0.005442 
0.029528 -0.006350 -0.021959 -0.020737 
-0.010641 -0.029714 -0.026606 0.016978 
-0.024620 -0.015501 0.009612 0.027460 
0.013103 -0.002684 0.011009 0.007595 
0.004422 -0.027313 -0.012486 0.024691 
0.017191 -0.011947 0.004231 0.020502 
0.023997 -0.036423 0.011648 0.042033 
-0.014683 -0.007337 0.001745 -0.016321 
0.017684 -0.003107 0.005171 0.017194 
-0.014966 -0.021335 0.016654 0.020045 
-0.023878 0.014178 0.027202 -0.005589 
0.005767 0.001287 0.005495 0.002175 
0.015050 -0.031602 -0.010955 -0.033244 
0.004705 -0.035829 -0.009600 -0.034838 
-0.031108 -0.015492 -0.032277 0.012881 
-0.013319 0.027455 0.030450 -0.001987 
0.006079 0.015185 -0.012010 0.011103 
-0.003711 0.004970 -0.004512 0.004256 
-0.022074 0.012337 0.018153 -0.017604 
-0.022779 0.019906 0.029207 0.007880 
0.015483 -0.005709 0.010594 0.012653 
-0.040264 -0.028030 -0.021663 0.044019 
-0.016903 -0.015201 0.022658 -0.001834 
0.021528 -0.008846 -0.010751 0.020643 
0.008709 -0.012753 0.015362 0.001587 
-0.001206 0.008810 -0.004203 0.007836 
0.030260 0.005813 -0.007466 -0.029895 
-0.003331 0.011070 -0.009015 0.007237 
-0.000200 -0.005333 0.000484 -0.005315 
0.003239 -0.006755 0.004826 -0.005730 
-0.013088 -0.023889 0.008045 0.026024 
0.034765 0.007793 0.033547 -0.011998 
-0.031316 -0.028957 0.037795 -0.019767 
0.004991 0.002013 0.004687 0.002645 
0.000287 0.029377 0.019750 -0.021748 
-0.007393 0.014459 -0.016173 -0.001460 
-0.013536 0.016889 -0.007527 -0.020293 
0.041437 0.023582 -0.011158 -0.046353 
0.027086 -0.007258 -0.027769 -0.003901 
-0.005682 0.005132 -0.006825 0.003470 
0.014111 0.004151 0.004485 0.014009 
0.008361 -0.016115 0.016772 0.006951 
-0.004277 -0.012198 0.005218 -0.011826 
-0.007301 -0.019844 0.021057 0.001924 
-0.015210 -0.009583 0.007780 -0.016206 
0.015073 0.024405 0.000358 -0.028683 
0.025400 -0.003229 -0.024351 0.007912 
-0.010722 -0.028575 -0.019582 0.023411 
0.014810 -0.005765 0.011445 0.011025 
0.005466 -0.007798 0.008114 -0.004985 
0.006447 0.005356 0.004459 0.007097 
-0.004195 -0.028375 -0.011662 0.026206 
-0.030513 -0.015204 -0.028431 0.018811 
0.006532 0.013859 -0.008868 0.012494 
-0.014040 0.002478 -0.010517 -0.009626 
-0.001005 0.045732 0.001143 -0.045729 
0.025177 -0.032501 0.037529 0.016785 
0.013887 0.003251 0.005871 0.012999 
0.011744 0.007026 0.002555 0.013445 
0.027222 -0.027513 0.036687 -0.012333 
-0.004675 -0.002887 -0.004240 -0.003494 
0.026796 0.010167 -0.017316 -0.022838 
-0.006598 -0.039084 0.023295 -0.032069 
-0.004014 0.003254 -0.004375 0.002749 
0.007077 0.029224 0.019245 -0.023103 
0.014565 0.011707 -0.011746 0.014534 
0.005764 -0.028456 -0.021936 0.019021 
0.004911 -0.016547 0.017229 0.001036 
-0.015502 -0.032087 -0.030207 -0.018906 
0.007634 0.027903 0.010245 -0.027054 
-0.035234 -0.008614 -0.036028 0.004190 
0.000765 0.039968 -0.031261 0.024915 
0.000335 0.006300 -0.000794 0.006258 
-0.014631 -0.025021 -0.003316 0.028795 
-0.015892 -0.000615 -0.006083 -0.014694 
-0.019285 0.017203 0.016845 -0.019599 
-0.003643 0.003684 -0.004061 0.003217 
-0.016575 -0.008008 0.007272 -0.016911 
-0.033256 0.004219 -0.007465 0.032680 
0.023563 0.025227 0.034365 -0.003264 
0.010336 -0.022629 -0.001874 0.024807 
0.004564 -0.002776 0.004883 -0.002168 
-0.006832 -0.010062 0.000851 -0.012133 
-0.010425 0.008526 -0.013351 -0.001769 
-0.004094 0.044109 -0.020871 -0.039074 
0.024609 0.015808 -0.008272 -0.028055 
-0.023527 0.005591 0.017857 -0.016307 
-0.011080 -0.007327 -0.002529 -0.013040 
0.012925 0.006362 0.002556 0.014177 
0.000420 -0.034126 -0.029131 -0.017782 
-0.021295 0.040126 0.016037 -0.042501 
0.001579 0.009673 -0.002624 0.009443 
-0.017061 0.028563 0.022856 0.024177 
-0.001699 0.026051 -0.000146 -0.026106 
-0.009590 -0.013225 0.008884 -0.013709 
-0.038889 -0.013519 0.004849 -0.040885 
-0.026690 -0.003663 0.026001 0.007051 
-0.003263 0.026886 0.007589 -0.025998 
0.005354 0.018987 -0.019644 0.001815 
-0.030673 0.001389 0.014984 0.026800 
-0.029827 0.001012 0.019975 0.022174 
-0.044767 -0.013852 0.033652 0.032612 
0.005678 -0.025930 -0.006535 0.025728 
0.001671 -0.030656 -0.028145 0.012266 
-0.011005 0.004282 -0.011420 -0.003004 
0.000929 -0.003882 0.001205 -0.003805 
0.012084 -0.006235 0.012742 0.004749 
0.005494 0.032433 0.032895 -0.000154 
-0.002416 -0.026965 -0.001933 0.027004 
-0.003244 0.039568 -0.031109 0.024667 
-0.000105 0.005556 -0.000875 0.005488 
0.004158 -0.011503 0.010429 -0.006391 
-0.017471 -0.002284 -0.000739 -0.017604 
0.004054 0.001069 0.003957 0.001386 
-0.004216 -0.012828 0.006520 -0.011824 
-0.027065 0.001040 0.026873 0.003388 
0.006194 0.022878 -0.018189 -0.015197 
-0.002452 0.027943 0.013225 -0.024737 
0.010655 -0.006643 0.012410 0.001912 
-0.003982 0.010924 -0.009516 0.006681 
0.031355 0.003365 -0.003925 -0.031290 
0.018115 0.015763 -0.023656 -0.004122 
-0.011263 -0.005949 -0.004413 -0.011949 
-0.003566 0.006678 -0.005153 0.005546 
0.007019 -0.008945 0.010781 -0.003609 
-0.024376 -0.015106 0.012534 0.025792 
0.021630 -0.027236 -0.005598 -0.034327 
0.007619 -0.011241 0.013438 -0.001952 
0.008589 -0.035008 -0.006750 -0.035408 
0.012033 -0.004396 0.011853 0.004861 
0.037434 0.007027 0.034482 0.016176 
-0.010389 0.022713 0.002447 -0.024856 
0.002571 0.041210 -0.040158 0.009603 
0.027798 0.000802 -0.025910 -0.010103 
0.016323 0.008239 -0.007170 0.016820 
-0.023332 -0.014940 0.017516 0.021466 
-0.003655 0.032671 0.031697 0.008722 
0.002316 0.018543 -0.018549 0.002268 
0.010924 0.000425 0.009160 0.005968 
0.003660 0.010455 -0.002375 0.010819 
0.002508 0.006911 0.000767 0.007312 
0.006712 -0.015552 0.016797 0.002185 
-0.000787 -0.003730 -0.000541 -0.003773 
-0.019351 -0.033279 -0.005093 -0.038158 
0.021160 0.023646 0.019580 -0.024970 
-0.017635 0.003301 -0.005395 -0.017111 
-0.028011 0.027628 -0.039194 0.003426 
0.014478 0.015197 -0.019739 0.007138 
0.030613 0.030636 -0.042548 0.008084 
-0.011013 0.004387 -0.011474 -0.002979 
0.002796 0.008157 -0.000041 0.008623 
0.008290 0.012659 -0.006608 0.013613 
-0.007368 0.031559 0.031408 0.007986 
0.029954 -0.033683 -0.019872 0.040459 
-0.012333 -0.021193 0.020081 0.014072 
-0.005277 -0.002912 -0.004732 -0.003733 
-0.043065 0.012598 0.036045 -0.026723 
0.034771 -0.002564 0.022217 -0.026869 
0.016505 -0.016574 -0.002494 0.023257 
-0.001660 -0.004954 -0.001040 -0.005120 
-0.012651 0.003152 -0.011303 -0.006498 
-0.011577 0.005611 -0.012311 -0.003733 
-0.019891 0.036867 -0.035768 -0.021806 
-0.025649 -0.009219 0.023228 0.014260 
0.007630 -0.014039 0.015931 0.001236 
-0.000443 0.009044 -0.003678 0.008274 
-0.006240 0.007185 -0.008578 0.004119 
0.002172 0.008341 -0.000689 0.008592 
-0.027303 0.015003 0.023237 0.020751 
0.001524 0.006018 0.000462 0.006191 
0.019391 -0.009719 -0.001829 0.021613 
0.001632 -0.006370 0.002834 -0.005934 
0.013483 0.045147 0.013364 -0.045182 
0.013067 -0.045007 -0.032080 0.034166 
0.013036 0.012113 -0.010117 0.014640 
0.015017 -0.012159 0.010414 0.016275 
-0.016292 0.028386 0.026346 0.019419 
0.002467 0.029992 0.022741 -0.019709 
0.003181 0.011977 -0.005192 0.011252 
-0.013515 -0.009801 0.005130 -0.015886 
0.015030 0.022980 -0.008732 -0.026033 
0.009198 -0.004103 0.010064 0.000377 
-0.017978 0.008634 -0.004475 -0.019435 
-0.000627 -0.005713 0.000227 -0.005743 
-0.007774 -0.008942 -0.000983 -0.011808 
-0.033170 -0.008113 -0.024050 0.024242 
-0.012212 -0.013181 0.011678 -0.013656 
0.001533 -0.000306 0.001536 -0.000289 
0.000377 -0.000434 0.000377 -0.000434 
0.009676 -0.012656 0.015528 0.003562 
0.001500 -0.020494 0.018888 0.008093 
0.014988 0.006443 -0.000560 0.016304 
-0.031742 -0.012054 -0.025392 0.022541 
-0.033439 -0.011885 -0.034228 0.009372 
-0.000902 -0.029214 -0.018304 0.022788 
-0.005128 -0.001745 -0.004853 -0.002405 
-0.002151 -0.000124 -0.002148 -0.000169 
0.023786 0.004430 -0.022967 0.007609 
-0.012730 -0.042068 0.037334 0.023193 
-0.011697 0.014897 -0.014349 -0.012363 
0.013297 0.024481 -0.003946 -0.027578 
-0.017081 -0.006350 0.005059 -0.017506 
-0.027764 0.014254 0.022349 0.021784 
0.015995 0.024208 0.001962 -0.028949 
-0.015513 0.008567 -0.010870 -0.013996 
-0.032818 0.005125 -0.003440 0.033037 
-0.000675 0.038066 -0.009990 0.036738 
-0.029343 -0.011410 -0.003906 0.031240 
-0.020552 0.043322 0.047059 -0.009203 
0.007831 -0.017022 0.016935 0.008018 
0.025084 0.013919 -0.013698 -0.025206 
-0.007467 0.044217 -0.008775 -0.043976 
0.024299 -0.006667 -0.021497 0.013145 
0.025201 -0.000059 -0.024203 0.007022 
-0.005766 -0.019976 0.020696 0.001990 
-0.031278 -0.003407 0.004507 0.031138 
-0.016336 -0.002553 -0.003025 -0.016255 
0.006216 -0.004748 0.007274 -0.002877 
-0.000440 0.014094 -0.011279 0.008463 
-0.004307 0.033197 0.029911 0.015032 
0.014543 0.019170 -0.022265 -0.009124 
0.026957 -0.026884 0.032716 -0.019470 
-0.029631 0.000636 0.020761 0.021151 
0.018485 0.016065 -0.023562 -0.006680 
0.018724 -0.033524 0.029342 -0.024769 
0.000489 -0.000233 0.000489 -0.000232 
0.006565 -0.015804 0.016940 0.002430 
-0.009194 -0.030271 -0.027800 0.015101 
-0.013433 0.000611 -0.009661 -0.009353 
0.005428 -0.002196 0.005701 -0.001335 
0.012137 -0.041228 0.031318 0.029431 
-0.034771 0.029224 0.030718 -0.033459 
-0.030166 0.034192 0.028166 -0.035858 
-0.012709 -0.033795 -0.025118 -0.025936 
-0.022490 -0.036451 0.042404 -0.006030 
-0.027879 -0.027317 -0.008306 -0.038138 
-0.021896 0.011988 0.016756 -0.018503 
-0.010915 -0.018928 0.021814 0.001247 
0.016331 -0.005370 0.009087 0.014593 
-0.007019 -0.025000 0.009564 0.024142 
0.027523 0.010115 -0.013698 -0.025927 
0.023661 -0.015196 -0.027807 0.004189 
-0.024349 -0.022489 -0.027586 0.018374 
-0.007813 -0.012848 0.006842 -0.013390 
-0.032052 -0.023279 -0.006131 -0.039136 
-0.005248 0.017092 -0.017629 -0.002979 
-0.013586 -0.008722 0.002800 -0.015900 
-0.013614 -0.010959 0.008119 -0.015476 
-0.011673 -0.001704 -0.008453 -0.008228 
0.014503 0.000538 0.008010 0.012103 
0.006797 -0.000747 0.006803 0.000691 
-0.010790 -0.015372 0.015569 -0.010504 
-0.007965 0.000633 -0.007818 -0.001653 
-0.036449 -0.009680 -0.034959 -0.014145 
-0.009001 -0.004214 -0.006310 -0.007679 
0.005735 -0.023970 0.004167 0.024291 
-0.037720 -0.013154 -0.012880 -0.037814 
-0.010316 -0.033955 -0.027885 -0.021950 
-0.023626 -0.029536 -0.018539 -0.032968 
-0.038895 0.005158 -0.034026 -0.019537 
-0.012411 0.028363 0.030954 0.000577 
0.002901 0.011970 -0.005310 0.011113 
0.017757 -0.015500 -0.005023 0.023029 
-0.037216 0.024762 0.023824 -0.037824 
0.003674 0.001815 0.003526 0.002087 
0.000402 0.032522 0.032497 0.001354 
0.011488 -0.006115 0.012529 0.003521 
0.012360 -0.010028 0.014263 0.007062 
-0.007610 -0.026614 -0.000891 0.027666 
0.008678 0.044152 -0.021425 -0.039568 
0.001940 0.025254 -0.008152 -0.023981 
-0.003035 0.011856 -0.009777 0.007361 
0.048205 0.014149 0.030870 -0.039635 
-0.009492 -0.002156 -0.007747 -0.005893 
-0.011303 -0.013631 0.011683 -0.013307 
0.021547 0.031467 0.012374 0.036074 
-0.030973 -0.033910 0.028215 0.036237 
0.014448 -0.019311 -0.002924 0.023940 
-0.019853 0.008291 0.002559 -0.021362 
0.026675 0.019376 0.023957 -0.022650 
0.007264 -0.005827 0.008935 -0.002622 
0.006234 0.004672 0.004741 0.006181 
0.015431 -0.005159 0.010490 0.012438 
0.014515 0.012283 -0.013108 0.013775 
0.001333 -0.042279 0.041092 0.010039 
-0.023976 -0.022507 -0.026042 0.020080 
0.018725 0.037166 -0.036173 0.020577 
-0.026025 0.006124 0.026427 -0.004050 
-0.015883 0.034049 -0.018450 0.032729 
0.020058 0.002862 -0.008272 0.018496 
-0.008951 -0.001361 -0.007856 -0.004500 
0.001580 0.000869 0.001567 0.000892 
0.002477 -0.016680 0.016693 -0.002389 
0.000067 -0.010446 0.004991 -0.009177 
0.013457 -0.007578 0.013070 0.008226 
0.013838 -0.000585 0.009428 0.010146 
-0.006998 -0.017425 0.017547 -0.006686 
0.004208 -0.010414 0.009153 -0.006511 
0.003545 0.038187 -0.009539 0.037146 
0.029137 -0.023115 0.027927 -0.024562 
0.018371 -0.020879 -0.024326 0.013479 
-0.026707 -0.028452 -0.006828 -0.038421 
-0.005397 -0.022236 0.019505 0.011963 
-0.010959 0.032079 0.023748 0.024192 
0.044232 -0.014233 -0.046464 0.000378 
0.024068 -0.000336 -0.020582 0.012481 
0.000698 0.014251 -0.010890 0.009219 
0.010712 -0.034172 -0.007147 -0.035092 
0.013207 -0.015810 0.010476 0.017738 
-0.004173 -0.008075 -0.000950 -0.009039 
-0.030732 -0.008130 -0.003151 0.031632 
0.028475 -0.043066 0.001433 -0.051609 
-0.019083 0.003860 -0.001216 -0.019431 
0.006236 -0.041788 0.039869 0.013986 
0.009594 0.002835 0.007400 0.006732 
-0.002505 -0.000292 -0.002496 -0.000363 
0.008731 0.012462 -0.006371 0.013818 
0.000739 0.023700 -0.014152 -0.019025 
0.020011 0.000807 -0.005469 0.019266 
-0.026128 0.005318 0.026407 -0.003694 
0.027659 0.017837 0.022211 -0.024287 
-0.008979 0.013358 -0.015811 -0.003011 
-0.000492 0.033543 0.031241 0.012223 
0.032830 -0.003247 0.003051 -0.032848 
0.008130 0.019165 -0.020814 0.000403 
0.025122 0.017544 0.003897 -0.030392 
-0.020410 -0.038622 0.042242 0.011126 
-0.033569 0.032333 0.042861 -0.018311 
-0.017445 0.022110 0.025102 -0.012769 
-0.031840 -0.000690 0.003837 0.031616 
-0.017387 -0.000047 -0.003556 -0.017020 
-0.010573 0.006433 -0.012249 -0.001770 
0.041069 0.031603 0.050897 0.009743 
-0.009291 -0.013272 0.008768 -0.013623 
0.034520 0.015509 0.031409 0.021110 
-0.010985 0.002905 -0.010775 -0.003608 
0.003617 -0.006828 0.005301 -0.005621 
0.000472 -0.031162 -0.029575 0.009829 
-0.034356 0.003808 -0.018383 0.029273 
0.006689 0.011713 -0.003997 0.012883 
-0.011473 -0.022479 0.017085 0.018576 
-0.010468 0.019511 -0.009434 -0.020032 
-0.007351 0.009267 -0.011401 0.003153 
-0.006347 -0.023970 0.014610 0.020035 
-0.041407 -0.024578 0.000621 0.048148 
-0.033322 0.015110 -0.028513 0.022928 
0.015365 -0.007446 0.011110 0.012966 
-0.007901 -0.027996 -0.011223 0.026838 
-0.018165 0.007668 -0.004275 -0.019249 
0.007310 -0.038046 0.024037 -0.030383 
-0.012760 -0.019568 0.022246 0.007130 
0.009908 -0.018997 0.011966 0.017772 
0.005017 0.005194 0.003670 0.006219 
-0.006997 -0.009286 -0.000426 -0.011619 
0.014078 0.015049 -0.018903 0.008205 
0.011372 -0.008200 0.013546 0.003617 
-0.015574 0.005663 -0.010449 -0.012862 
0.029742 0.008274 -0.004518 -0.030539 
0.003470 0.018471 -0.018539 0.003087 
-0.005107 0.033208 0.029049 0.016883 
0.004705 0.012297 -0.005316 0.012045 
0.014042 0.007434 -0.000850 0.015866 
-0.007314 0.012673 -0.014582 0.001208 
-0.004370 0.014143 -0.014211 0.004144 
0.013714 -0.011770 0.013071 0.012480 
-0.000745 0.024728 -0.008572 -0.023207 
-0.034799 -0.002686 -0.026298 0.022947 
0.000256 0.039329 -0.024720 0.030590 
0.035623 0.012479 0.033598 0.017202 
-0.008250 -0.037123 0.000534 -0.038025 
0.026136 -0.029674 0.039394 -0.003424 
-0.002488 -0.001295 -0.002441 -0.001382 
0.004571 -0.007512 0.006861 -0.005500 
-0.035009 0.013805 -0.036189 0.010324 
0.029973 0.007441 -0.005283 -0.030427 
0.017196 -0.006656 0.007320 0.016924 
0.003638 0.015973 -0.013653 0.009054 
-0.001006 -0.005388 -0.000270 -0.005474 
-0.016802 0.010961 -0.006604 -0.018944 
-0.002977 -0.008751 0.000527 -0.009228 
0.006581 -0.007202 0.008980 -0.003813 
-0.001063 -0.015943 0.014121 -0.007477 
-0.008453 0.018214 -0.015608 -0.012632 
0.018835 -0.012074 -0.002556 0.022227 
-0.001176 -0.018547 0.018528 -0.001447 
-0.002562 0.003902 -0.002933 0.003632 
0.026377 -0.009916 -0.028097 -0.002158 
-0.003225 -0.022911 0.017677 0.014928 
0.003411 -0.033478 -0.029669 -0.015880 
-0.043080 0.006987 0.023447 -0.036810 
-0.015628 0.027543 0.030039 0.010024 
-0.014035 0.037510 -0.038610 0.010641 
-0.004070 -0.005326 -0.002916 -0.006036 
-0.011699 -0.004927 -0.005477 -0.011452 
0.008287 0.007032 0.003573 0.010264 
0.013281 0.026081 0.007154 -0.028380 
0.028285 -0.013592 -0.020766 -0.023528 
0.037980 -0.011380 0.034629 0.019310 
0.029619 -0.008658 -0.020027 -0.023477 
0.004664 -0.036884 0.002611 -0.037086 
0.004047 0.036414 0.012419 0.034469 
-0.004528 0.015275 -0.015779 0.002205 
-0.003770 -0.005429 -0.002636 -0.006061 
-0.001642 0.000134 -0.001644 0.000114 
-0.028816 0.021194 -0.014539 0.032683 
-0.000688 0.034200 0.028617 0.018738 
-0.009927 0.007056 -0.012164 -0.000613 
0.015508 0.018657 -0.022461 -0.009170 
0.001351 0.000513 0.001346 0.000526 
-0.013679 0.001961 -0.010407 -0.009091 
-0.005366 0.014635 -0.015467 0.001937 
0.000966 0.005915 0.000000 0.005994 
-0.034440 0.019566 -0.038181 -0.010545 
0.023186 -0.008628 -0.018265 0.016686 
-0.026336 0.002749 0.026381 -0.002286 
0.001737 -0.008233 0.004231 -0.007273 
0.001926 0.005590 0.001026 0.005823 
0.001036 0.013941 -0.010089 0.009676 
0.031376 -0.016651 0.016548 -0.031431 
-0.021315 -0.003156 0.013349 -0.016914 
-0.008100 -0.005311 -0.005208 -0.008167 
0.004065 -0.012430 0.011575 -0.006087 
0.010364 -0.006248 0.012019 0.001417 
0.010504 0.003639 0.006995 0.008640 
0.032266 -0.041127 0.020864 -0.047929 
-0.028448 0.007454 0.025825 0.014068 
-0.012920 0.035566 -0.018690 0.032901 
0.043909 0.011839 -0.044917 -0.007115 
0.017919 -0.006165 0.005312 0.018191 
0.013665 -0.002873 0.010933 0.008686 
0.013078 0.004468 0.005140 0.012828 
0.008343 -0.010768 0.013582 -0.001029 
0.007548 0.018813 -0.020168 0.002042 
-0.020022 -0.033589 0.002695 -0.039011 
-0.039497 0.001896 -0.029888 -0.025890 
-0.016564 0.023210 0.025929 -0.011865 
-0.007743 0.010135 -0.012535 0.002352 
-0.007844 0.023289 -0.002349 -0.024462 
0.016904 -0.001356 0.005896 0.015900 
-0.038974 -0.023481 0.041057 0.019613 
0.016682 0.010365 -0.012995 0.014725 
0.008529 -0.038993 0.035762 -0.017728 
-0.005437 -0.022696 0.018605 0.014091 
-0.008690 -0.013780 0.009641 -0.013133 
-0.020410 0.004097 0.003802 -0.020467 
-0.009055 0.002811 -0.009430 -0.000985 
-0.027747 0.029376 -0.039050 -0.010391 
0.046236 0.016009 0.006079 -0.048550 
0.032311 -0.000624 -0.000846 -0.032306 
-0.009728 0.016783 -0.015443 -0.011738 
0.001463 -0.002062 0.001522 -0.002019 
-0.007523 -0.017233 0.017397 -0.007137 
-0.034286 0.036049 0.030276 0.039477 
-0.016425 0.018275 0.007512 -0.023394 
0.010526 -0.011852 0.015201 0.004495 
-0.040026 0.005427 -0.024040 -0.032460 
0.052452 -0.020424 0.012986 0.054770 
-0.006626 -0.003578 -0.005507 -0.005137 
-0.009080 0.048819 0.047466 0.014586 
-0.024122 -0.012934 0.020467 0.018174 
0.007375 -0.018019 0.016841 0.009771 
-0.007052 0.005256 -0.008423 0.002532 
-0.010441 -0.009385 0.000694 -0.014022 
0.013764 0.007230 -0.000031 0.015547 
0.007868 0.021000 -0.021167 -0.007409 
0.033541 -0.030710 -0.030083 0.034104 
-0.005038 0.030548 0.030147 -0.007054 
-0.008063 0.016837 -0.016842 -0.008054 
-0.027015 -0.021587 -0.033739 0.007584 
-0.012656 0.008146 -0.013561 -0.006530 
-0.011000 -0.030182 -0.029434 0.012869 
-0.015703 0.017221 0.001049 -0.023282 
0.034656 0.011330 0.036452 0.000831 
-0.013240 0.016522 -0.009139 -0.019098 
-0.045644 0.011524 0.044784 0.014512 
0.023525 -0.008327 -0.019470 0.015611 
0.015530 -0.020969 -0.013943 0.022057 
-0.013736 0.018648 -0.002078 -0.023067 
0.007233 0.010153 -0.001011 0.012425 
-0.023209 -0.010708 0.024862 0.005935 
0.003973 0.021945 -0.019666 -0.010518 
-0.043544 -0.008433 0.041349 -0.016043 
-0.012134 -0.006269 -0.003425 -0.013221 
-0.041691 -0.016284 0.044742 -0.001182 
-0.007692 0.009648 -0.012064 0.002593 
-0.000207 -0.016729 0.015870 -0.005296 
-0.006591 -0.025037 0.009579 0.024052 
-0.022130 -0.006554 0.020747 -0.010112 
-0.013390 -0.014747 0.017282 -0.009904 
-0.028715 0.035757 0.030506 -0.034242 
-0.008248 -0.008109 -0.002196 -0.011356 
0.026972 -0.014860 -0.024924 -0.018087 
-0.015114 0.025989 0.029871 -0.003398 
-0.016370 -0.013669 0.019670 -0.008240 
0.019119 -0.006884 0.001135 0.020289 
-0.041960 -0.017029 0.044379 0.009009 
0.023213 -0.005068 -0.016329 0.017259 
0.002012 -0.027856 -0.012023 0.025208 
0.005177 0.030838 0.027835 -0.014248 
0.035640 0.007156 0.036040 -0.004752 
-0.019811 0.014051 0.011004 -0.021652 
-0.011363 0.047109 0.047696 -0.008570 
0.022793 -0.012653 -0.021715 0.014425 
0.006214 0.007283 0.002768 0.009165 
0.018659 0.008064 -0.013076 0.015563 
-0.035320 0.000589 -0.027523 0.022143 
0.029003 0.033185 -0.043363 -0.007877 
-0.004329 0.012376 -0.011750 0.005818 
0.000911 -0.009715 0.004870 -0.008456 
-0.009459 0.003050 -0.009851 -0.001319 
-0.012745 -0.010906 0.006605 -0.015419 
-0.021659 0.035681 -0.035767 -0.021516 
-0.024925 -0.014276 0.013135 0.025544 
0.004498 -0.012399 0.011939 -0.005605 
-0.001985 0.005237 -0.002703 0.004906 
-0.001903 -0.004332 -0.001457 -0.004502 
0.029185 0.018828 0.033421 -0.009447 
-0.002805 0.016958 -0.017139 0.001301 
0.012506 -0.003502 0.011478 0.006076 
-0.021559 -0.015102 0.021854 0.014672 
0.024268 0.039859 -0.007422 -0.046072 
0.031078 -0.001499 -0.012080 -0.028673 
0.015293 0.009144 -0.006915 0.016422 
-0.003946 0.012216 -0.011167 0.006332 
0.016298 -0.016940 -0.002678 0.023354 
0.000242 0.013557 -0.009826 0.009344 
0.003953 -0.016601 0.017060 -0.000423 
0.008210 0.003106 0.006663 0.005713 
0.012367 0.011931 -0.008644 0.014851 
0.041743 -0.002419 0.001447 0.041788 
0.037569 0.006489 0.034545 0.016130 
-0.022029 0.007501 0.011985 -0.019947 
-0.004325 0.034434 0.023188 0.025821 
0.025442 -0.034578 0.020088 0.037939 
0.020892 0.014114 -0.023959 -0.007852 
-0.007251 0.036677 -0.007794 0.036566 
-0.025430 0.008180 0.025962 -0.006289 
-0.015012 0.019710 0.006729 -0.023844 
-0.016029 -0.027278 -0.023504 0.021180 
-0.021887 0.037107 -0.021755 -0.037185 
-0.010420 0.032030 0.025462 0.022049 
-0.016653 0.040547 -0.016171 -0.040742 
-0.014838 -0.007041 0.001437 -0.016361 
0.002050 0.021574 -0.019509 -0.009436 
0.002613 -0.007857 0.004878 -0.006690 
0.000797 0.001331 0.000783 0.001340 
0.018823 -0.026645 -0.024998 -0.020960 
-0.034381 0.004966 -0.019069 0.029036 
-0.003663 0.018081 -0.018205 -0.002985 
0.006954 0.012493 -0.005741 0.013095 
0.029030 -0.029925 0.030557 0.028365 
-0.029090 0.004608 0.024146 0.016864 
0.008257 0.009255 0.000438 0.012395 
0.024639 0.003781 -0.024481 0.004697 
0.031651 0.015809 0.034808 -0.006336 
0.026322 -0.038820 -0.041426 0.021994 
-0.012731 -0.024816 0.003081 0.027720 
-0.007584 -0.023701 0.015278 0.019643 
-0.016589 0.004847 -0.008425 -0.015090 
-0.035653 -0.006018 -0.035242 0.008085 
-0.019334 0.017649 0.018354 -0.018666 
-0.018681 0.038708 -0.026076 -0.034166 
-0.016104 0.012706 -0.006896 -0.019319 
0.007268 -0.009878 0.011855 -0.003139 
0.018638 -0.004647 0.002920 0.018986 
0.012226 0.007567 0.001222 0.014326 
0.018549 0.000102 0.000279 0.018547 
-0.011209 -0.005042 -0.005538 -0.010973 
0.017502 0.020169 -0.016018 -0.021367 
-0.005730 0.003217 -0.006244 0.002048 
0.026300 0.034011 -0.042269 0.007859 
0.023060 0.020538 0.009467 -0.029393 
-0.021074 0.011355 0.011832 -0.020810 
-0.007710 0.030966 0.031682 0.003816 
-0.024088 -0.024107 -0.032893 0.008913 
-0.027330 0.013107 0.025829 0.015861 
-0.006190 0.025767 0.006769 -0.025621 
-0.007721 -0.027354 -0.006290 0.027718 
0.000269 0.020992 -0.019319 -0.008216 
-0.023974 -0.003436 0.022696 -0.008451 
-0.019192 -0.014798 0.023919 0.003899 
0.010087 -0.007732 0.012675 0.000937 
-0.036815 -0.027765 0.032071 0.033132 
0.000555 0.040112 -0.032719 0.023211 
-0.019148 -0.004809 0.008255 -0.017934 
0.011250 0.005398 0.005109 0.011384 
0.002987 -0.011758 0.009592 -0.007427 
-0.017692 0.024258 0.030018 -0.000618 
-0.007212 0.004152 -0.008139 0.001737 
-0.036329 0.001242 -0.033970 0.012937 
0.031596 0.029811 -0.042840 0.007193 
0.004595 0.014765 -0.010827 0.011040 
-0.006391 -0.002818 -0.005623 -0.004144 
-0.011109 -0.002004 -0.008239 -0.007716 
-0.001321 -0.002647 -0.001216 -0.002697 
0.027478 0.018541 0.024511 -0.022318 
-0.015432 -0.002650 -0.004567 -0.014977 
0.009659 -0.004387 0.010574 0.000856 
-0.001203 0.008370 -0.003791 0.007559 
0.002784 -0.003927 0.003178 -0.003616 
0.029531 -0.001797 -0.021819 -0.019981 
0.000847 0.002352 0.000781 0.002375 
0.000991 -0.008315 0.003525 -0.007596 
-0.007455 -0.031691 -0.032098 0.005441 
-0.011036 0.011856 -0.015154 -0.005719 
0.016989 0.014466 -0.021900 0.004277 
0.005483 -0.003908 0.006162 -0.002714 
0.001331 0.021719 -0.019082 -0.010457 
-0.032771 -0.004083 -0.010565 0.031289 
-0.006645 -0.014297 0.009973 -0.012211 
-0.007086 0.030339 0.030970 -0.003399 
0.037354 -0.027417 -0.042956 0.017372 
0.037690 -0.032195 -0.029271 -0.040004 
-0.000491 -0.028854 -0.016142 0.023921 
0.008464 -0.026944 -0.019387 0.020537 
0.002557 -0.022305 0.015408 0.016328 
0.004989 -0.004203 0.005698 -0.003175 
0.004217 0.002522 0.003918 0.002964 
0.006756 0.028310 0.012417 -0.026323 
0.005975 -0.023314 0.006669 0.023125 
0.004001 0.010565 -0.002389 0.011042 
-0.004839 -0.030448 -0.025662 0.017087 
-0.002622 -0.022559 0.018252 0.013515 
-0.000106 -0.031014 -0.028778 0.011562 
-0.026197 0.015152 0.027108 0.013455 
0.001128 0.018316 -0.018230 0.002106 
0.013840 0.022854 -0.012096 -0.023822 
-0.013054 -0.033853 -0.023924 -0.027277 
-0.031495 0.029723 -0.006925 -0.042748 
-0.016169 -0.001151 -0.005035 -0.015408 
-0.001544 -0.018031 0.017802 -0.003251 
0.002021 -0.031542 -0.031265 0.004637 
-0.011405 -0.003753 -0.006812 -0.009887 
0.016057 0.029676 0.033636 -0.002657 
0.029218 -0.009402 -0.021565 -0.021841 
0.011235 -0.009251 0.014044 0.003818 
0.009458 0.018539 -0.020726 0.001892 
0.019631 -0.011977 -0.006003 0.022199 
-0.032513 -0.017405 -0.034813 -0.012169 
0.035046 0.023485 -0.028926 0.030709 
0.026361 -0.005552 -0.026855 0.002134 
-0.020773 -0.024516 -0.023223 0.022209 
-0.020358 0.035744 -0.039446 -0.011666 
0.034802 -0.003826 0.022588 -0.026751 
-0.013151 -0.016052 0.019718 -0.006468 
-0.009674 -0.028842 -0.019704 0.023178 
0.017709 -0.036555 0.040599 0.001255 
0.024050 -0.044339 -0.028710 -0.041474 
-0.018250 0.016641 0.010483 -0.022363 
-0.015500 0.016361 -0.002129 -0.022437 
-0.008691 -0.023265 0.016378 0.018670 
-0.008629 0.017968 -0.015661 -0.012331 
-0.001011 0.007765 -0.003091 0.007195 
-0.016139 0.008348 -0.009660 -0.015390 
0.028799 0.005518 -0.017719 -0.023364 
-0.021160 -0.009394 0.022056 -0.007037 
0.001793 0.001040 0.001773 0.001075 
-0.011522 -0.007284 -0.002304 -0.013435 
-0.017084 0.031772 -0.002649 0.035977 
0.012641 -0.055076 0.050232 0.025883 
-0.032525 0.000351 -0.001422 0.032496 
-0.032701 -0.006269 -0.015144 0.029653 
-0.034262 0.035629 0.035177 0.034726 
0.036009 0.028921 -0.030033 -0.035087 
-0.013618 -0.013238 0.013958 -0.012879 
0.014361 0.001892 0.006873 0.012751 
0.002393 0.007671 0.000092 0.008035 
0.008218 0.012328 -0.005784 0.013640 
-0.012622 0.038470 -0.040028 0.006088 
-0.002658 -0.005172 -0.001842 -0.005516 
0.018495 0.010722 -0.018146 0.011302 
-0.011679 -0.026713 -0.007942 0.028052 
-0.020596 -0.018493 0.013959 0.023903 
0.005988 0.003386 0.005136 0.004577 
0.028821 0.001579 -0.022676 -0.017859 
-0.027484 -0.027997 -0.004860 -0.038931 
-0.013994 0.044595 0.030895 -0.035072 
-0.019072 0.012676 0.004672 -0.022419 
-0.006523 0.015973 -0.017038 -0.002719 
0.004181 -0.004183 0.004785 -0.003475 
0.006021 0.006840 0.003105 0.008567 
-0.018198 -0.011826 0.019608 -0.009303 
0.006316 0.003960 0.005138 0.005401 
-0.017655 0.011843 -0.002656 -0.021093 
0.029343 0.012996 0.010849 -0.030202 
0.009855 -0.004822 0.010930 0.000957 
0.013338 0.022778 -0.013388 -0.022749 
0.020675 -0.023277 -0.028899 -0.011581 
-0.008536 -0.006588 -0.004095 -0.009975 
0.036646 0.032344 0.023088 -0.043082 
0.012080 -0.009847 0.014290 0.006219 
-0.010345 0.031491 0.028164 0.017479 
-0.004187 0.012345 -0.011574 0.005998 
-0.004747 0.001291 -0.004860 0.000767 
-0.006229 0.019376 -0.016720 -0.011605 
0.013743 -0.009129 0.013232 0.009854 
0.028139 -0.032280 0.018449 0.038645 
0.014509 -0.014738 0.008751 0.018739 
-0.005477 0.005235 -0.006634 0.003660 
-0.001737 -0.000742 -0.001725 -0.000770 
0.012050 -0.008596 0.013813 0.005318 
-0.000800 0.016830 -0.016350 0.004073 
0.030370 -0.014460 -0.001979 -0.033579 
0.010515 0.005341 0.005384 0.010494 
0.020598 -0.005367 -0.004555 0.020792 
0.007512 -0.004187 0.008468 -0.001499 
-0.001177 0.006960 -0.002698 0.006524 
-0.013523 0.001828 -0.010396 -0.008839 
0.009302 0.038793 -0.024205 0.031711 
0.039962 -0.032336 0.011743 -0.050046 
0.014953 -0.007216 0.011658 0.011822 
0.021289 -0.034168 0.040257 0.000212 
0.017757 -0.005123 0.005685 0.017585 
0.020470 0.024153 0.019707 -0.024780 
0.020595 -0.031567 0.024155 -0.028933 
-0.000222 0.028641 0.015269 -0.024232 
0.015717 -0.002461 0.008795 0.013256 
-0.000975 -0.037661 0.003226 -0.037535 
0.011387 -0.005322 0.012098 0.003408 
0.014007 -0.006290 0.012314 0.009172 
-0.006638 -0.019580 0.020666 0.000584 
-0.026140 -0.015132 0.002328 0.030114 
-0.017748 0.015642 0.005359 -0.023042 
0.001156 -0.011294 0.007163 -0.008808 
-0.012178 -0.009244 0.002008 -0.015157 
0.011360 -0.010446 0.014602 0.004996 
-0.006827 -0.011357 0.003277 -0.012839 
0.000544 0.011035 -0.005304 0.009692 
0.008714 -0.011706 0.014587 0.000418 
-0.007274 -0.012293 0.005365 -0.013239 
0.011733 -0.030118 -0.030177 -0.011580 
-0.007261 0.005123 -0.008590 0.002273 
-0.007264 -0.028430 -0.013753 0.025921 
-0.009513 -0.013916 0.010609 -0.013100 
0.009102 -0.002398 0.009318 0.001328 
-0.009641 0.007292 -0.012088 -0.000131 
0.011743 0.027194 0.011644 -0.027236 
-0.015111 0.018193 0.001694 -0.023589 
-0.004751 0.002606 -0.005053 0.001956 
0.008989 0.013199 -0.008362 0.013605 
0.012213 0.033041 0.030493 0.017636 
0.001516 -0.030488 -0.027295 0.013667 
-0.010612 0.004735 -0.011414 -0.002180 
-0.006932 0.002865 -0.007429 0.001035 
-0.006430 0.026239 0.010198 -0.025017 
0.029629 -0.017463 0.002905 -0.034270 
0.004427 -0.031146 -0.031263 0.003514 
0.011138 0.004132 0.006507 0.009940 
0.024080 0.004713 -0.023858 0.005731 
0.012939 0.020504 -0.021102 -0.011939 
0.026164 -0.016370 -0.025626 -0.017201 
-0.022702 -0.025533 -0.033617 0.006102 
0.011703 -0.013348 0.014956 0.009562 
-0.014478 0.015445 -0.007641 -0.019743 
-0.007368 -0.020286 0.021236 0.003856 
0.007560 -0.028932 -0.027208 0.012407 
0.008411 0.011332 -0.003612 0.013642 
0.004729 0.013596 -0.008114 0.011890 
0.014155 -0.026784 -0.030168 0.002760 
-0.027971 0.000347 0.026063 0.010160 
-0.028980 0.016725 0.006368 0.032848 
-0.010792 0.028657 0.030374 -0.003887 
0.010198 -0.016960 0.014679 0.013272 
0.001016 0.014322 -0.010863 0.009389 
0.029369 -0.017482 0.000479 -0.034175 
-0.038054 -0.000619 -0.036784 -0.009770 
0.013616 0.017277 -0.021961 0.001274 
0.000539 -0.014251 0.011634 -0.008248 
0.000870 0.005418 0.000129 0.005485 
0.028520 0.009710 -0.008751 -0.028828 
-0.020364 -0.022936 -0.011119 0.028585 
-0.008377 0.011511 -0.014231 0.000405 
0.001432 0.024324 -0.012221 -0.021079 
0.026479 0.000856 -0.026456 -0.001409 
-0.005205 0.015404 -0.016237 0.000873 
-0.017659 -0.005203 0.004425 -0.017870 
-0.018872 -0.005267 0.008187 -0.017801 
0.000988 0.014678 -0.011595 0.009054 
-0.001565 -0.006961 0.000059 -0.007134 
0.016471 0.009760 -0.011058 0.015630 
0.019337 -0.004529 0.000470 0.019855 
-0.014769 -0.023995 0.003272 0.027985 
0.028280 -0.026622 0.037711 -0.009293 
0.003984 0.006917 0.001863 0.007762 
-0.002183 0.032760 0.032104 0.006880 
-0.010867 -0.035558 -0.012785 -0.034914 
-0.008043 -0.004384 -0.005857 -0.007044 
0.039183 0.005610 0.024032 0.031452 
-0.006807 0.003785 -0.007576 0.001807 
0.009728 0.000710 0.008553 0.004690 
0.010974 0.017525 -0.020250 0.004184 
0.029329 -0.037582 -0.047463 0.004450 
-0.038481 -0.025524 0.033208 0.032086 
0.016456 -0.001909 0.007201 0.014920 
-0.037718 -0.016496 0.007946 -0.040393 
-0.010595 -0.019954 0.021940 0.005390 
0.019506 -0.009524 -0.002124 0.021603 
-0.005128 -0.008815 -0.000594 -0.010181 
-0.001514 0.001807 -0.001559 0.001769 
-0.033479 0.014258 -0.027366 0.023984 
0.028264 -0.035091 -0.017573 0.041490 
-0.012081 -0.019822 0.022108 0.007078 
0.002672 -0.006262 0.003912 -0.005572 
0.003968 -0.035365 -0.015971 -0.031802 
-0.031973 0.006140 0.004097 0.032299 
-0.009895 0.020534 -0.007850 -0.021399 
-0.008350 -0.009961 0.000826 -0.012972 
0.006279 0.001170 0.005959 0.002297 
-0.008167 -0.026939 -0.003771 0.027896 
0.013544 0.025982 0.007132 -0.028419 
0.001773 -0.019336 0.018952 0.004225 
-0.007428 -0.001252 -0.006870 -0.003090 
-0.012464 -0.025456 -0.000645 0.028336 
-0.007409 -0.004034 -0.005760 -0.006163 
-0.009917 0.003331 -0.010312 -0.001760 
-0.022178 0.014958 0.023337 -0.013076 
0.010680 0.008883 0.000105 0.013891 
-0.035816 -0.013857 -0.028598 -0.025631 
0.010395 -0.001744 0.009956 0.003458 
0.024148 0.000600 -0.021337 0.011322 
0.004249 -0.024821 0.002886 0.025016 
-0.000282 -0.005905 0.000648 -0.005876 
-0.004570 0.003619 -0.005069 0.002880 
0.004304 -0.004136 0.004909 -0.003395 
-0.002277 0.022382 -0.015494 -0.016312 
-0.002488 -0.012424 0.006358 -0.010960 
-0.003913 0.009482 -0.007811 0.006650 
0.004641 0.025166 -0.009332 -0.023829 
-0.020368 0.019319 0.026374 -0.009619 
-0.026665 0.000536 0.026646 0.001153 
-0.015441 -0.020822 0.017708 0.018931 
-0.029795 0.009150 0.018443 0.025126 
-0.001020 0.014433 -0.012282 0.007649 
-0.003195 -0.044288 0.025558 0.036310 
0.000536 -0.025638 0.004031 0.025325 
0.018066 0.005631 -0.006396 0.017809 
0.031072 -0.013178 0.000640 -0.033745 
-0.047191 -0.002972 0.035800 0.030890 
-0.027917 -0.018053 -0.024792 0.022150 
0.003717 -0.016519 0.016904 -0.000978 
-0.054489 -0.013232 0.014826 -0.054077 
0.027347 -0.000164 -0.026675 -0.006027 
0.005974 -0.036995 0.007599 -0.036695 
-0.004036 -0.023534 0.016146 0.017591 
0.003733 0.001631 0.003601 0.001905 
0.010049 0.015156 -0.014295 0.011240 
0.032587 -0.028239 0.008166 0.042340 
-0.041022 0.002422 -0.012313 -0.039205 
-0.017934 0.007169 -0.005159 -0.018612 
0.003463 -0.012238 0.010734 -0.006823 
-0.050106 -0.014705 -0.052219 -0.000278 
0.004914 0.009760 -0.000781 0.010899 
0.016302 -0.018077 -0.006303 0.023512 
-0.029126 -0.032571 0.043687 0.000812 
-0.035191 0.046619 0.017848 -0.055616 
0.033028 0.032080 -0.028692 -0.036010 
-0.026315 0.011521 0.028342 0.004682 
-0.026270 0.004002 0.026408 -0.002952 
-0.010540 -0.024517 0.008872 0.025168 
0.007202 -0.007366 0.009784 -0.003226 
-0.009533 -0.005641 -0.005151 -0.009806 
-0.004491 -0.002742 -0.004115 -0.003280 
-0.009776 0.031870 0.027660 0.018606 
0.004106 0.026504 -0.001458 -0.026780 
0.030044 -0.001845 -0.019194 -0.023186 
-0.002083 -0.002262 -0.001985 -0.002348 
-0.007781 -0.002192 -0.006810 -0.004356 
-0.007722 -0.018332 0.019546 -0.003692 
-0.016285 0.020897 0.016716 -0.020553 
0.001314 -0.009221 0.004728 -0.008025 
-0.022374 -0.010449 0.024671 0.001057 
0.028479 -0.024986 0.032574 -0.019347 
-0.018931 -0.014961 0.023857 0.003619 
-0.001651 0.010040 -0.005990 0.008224 
-0.017635 0.035498 -0.037698 0.012246 
-0.008572 0.003719 -0.009343 0.000149 
0.010375 -0.007310 0.012612 0.001418 
0.006051 -0.001587 0.006235 -0.000501 
0.025143 0.009782 -0.023559 -0.013146 
0.000688 -0.038653 0.017452 -0.034495 
0.006630 -0.016695 0.017354 0.004638 
-0.013909 0.006454 -0.012436 -0.008971 
0.039388 -0.001305 0.030607 0.024826 
0.020726 0.000260 -0.007640 0.019268 
-0.008908 -0.043422 0.030994 0.031689 
