-0.005199 0.005382 -0.006250 0.004115 
-0.002846 -0.007987 -0.000503 -0.008464 
-0.012857 0.001574 -0.011120 -0.006643 
-0.009836 0.006221 -0.011633 0.000359 
-0.004965 0.003657 -0.005455 0.002876 
-0.003085 0.005379 -0.003861 0.004852 
0.007577 0.000765 0.007207 0.002460 
0.005600 -0.006289 0.007117 -0.004503 
-0.010184 -0.005346 -0.006175 -0.009703 
-0.004045 -0.006754 -0.002294 -0.007531 
0.003795 -0.011115 0.008992 -0.007556 
-0.000047 -0.009476 0.003236 -0.008907 
0.002865 -0.001586 0.002929 -0.001463 
0.003116 0.007136 0.001341 0.007671 
0.001590 -0.005718 0.002365 -0.005444 
-0.000001 0.001130 -0.000007 0.001130 
0.004715 -0.002991 0.005046 -0.002391 
0.010611 -0.004397 0.011394 0.001448 
0.004995 -0.009457 0.008613 -0.006341 
0.002377 -0.000216 0.002382 -0.000163 
-0.001421 0.000969 -0.001432 0.000952 
-0.004208 -0.000128 -0.004189 -0.000421 
0.003210 -0.005113 0.003908 -0.004601 
-0.006232 -0.008345 -0.002218 -0.010177 
0.004681 -0.000161 0.004678 0.000244 
0.005212 -0.000891 0.005279 -0.000314 
-0.002591 0.006573 -0.003824 0.005940 
0.009073 0.009743 0.000696 0.013295 
0.007620 -0.002897 0.008110 -0.000828 
-0.006605 -0.004373 -0.005336 -0.005855 
0.004140 0.005222 0.003169 0.005863 
-0.003580 -0.010192 0.001309 -0.010722 
-0.009727 0.007021 -0.011975 0.000705 
-0.001597 0.002142 -0.001657 0.002096 
-0.007052 -0.003651 -0.005939 -0.005272 
0.002283 -0.003480 0.002515 -0.003316 
-0.002326 -0.003616 -0.002057 -0.003776 
-0.002058 0.009824 -0.005693 0.008267 
0.004308 0.006169 0.002839 0.006968 
0.004246 0.008174 0.001332 0.009115 
-0.009014 -0.001260 -0.008135 -0.004080 
0.002495 0.012936 -0.006229 0.011608 
0.003282 0.006001 0.002128 0.006501 
0.007842 -0.008011 0.010704 -0.003329 
0.001485 -0.004417 0.001857 -0.004274 
0.004659 -0.007860 0.006946 -0.005936 
-0.004435 -0.004685 -0.003612 -0.005346 
-0.001177 -0.007037 0.000247 -0.007130 
-0.003595 0.001344 -0.003667 0.001133 
0.006084 -0.000237 0.006054 0.000650 
-0.003897 -0.001722 -0.003764 -0.001996 
0.013578 0.002429 0.008293 0.011023 
0.003943 -0.007973 0.006195 -0.006382 
-0.006326 -0.004095 -0.005261 -0.005395 
0.005763 0.005799 0.004057 0.007098 
0.003899 -0.003262 0.004211 -0.002850 
-0.001482 -0.013806 0.008424 -0.011038 
-0.013212 0.001817 -0.011276 -0.007122 
-0.000738 -0.005345 -0.000122 -0.005394 
-0.006265 -0.007860 -0.002733 -0.009673 
-0.006843 0.000872 -0.006886 -0.000417 
0.001510 -0.002080 0.001564 -0.002040 
0.003551 -0.005176 0.004307 -0.004566 
0.002322 0.000507 0.002310 0.000558 
0.000995 0.007184 -0.000502 0.007235 
0.007485 -0.001200 0.007563 0.000508 
-0.003070 0.006942 -0.004552 0.006074 
0.000822 -0.006393 0.001852 -0.006174 
-0.001305 -0.007000 0.000109 -0.007120 
0.002673 0.002401 0.002548 0.002534 
0.009796 0.005995 0.005531 0.010065 
-0.008772 -0.011324 0.002118 -0.014167 
-0.001033 -0.005550 -0.000330 -0.005636 
0.001445 0.001896 0.001402 0.001928 
0.008710 -0.001885 0.008868 0.000885 
-0.003207 -0.004051 -0.002764 -0.004365 
0.000409 0.007870 -0.001507 0.007735 
0.004635 0.007040 0.002512 0.008046 
-0.000083 0.004439 -0.000427 0.004419 
0.004893 -0.004723 0.005667 -0.003759 
-0.004617 -0.001630 -0.004443 -0.002057 
0.003752 0.001907 0.003610 0.002164 
0.007978 0.001353 0.007369 0.003342 
-0.000260 -0.003905 -0.000024 -0.003914 
-0.000167 0.003187 -0.000295 0.003178 
0.003639 -0.004344 0.004157 -0.003851 
0.005511 -0.011812 0.011647 -0.005852 
-0.013205 0.002644 -0.011712 -0.006647 
-0.013647 0.001078 -0.010825 -0.008379 
-0.006927 0.002561 -0.007314 0.001026 
0.001474 0.008684 -0.001204 0.008725 
0.005952 0.003202 0.005283 0.004215 
0.004024 -0.000122 0.004024 0.000135 
-0.009766 0.001498 -0.009615 -0.002272 
-0.001681 0.004599 -0.002107 0.004420 
0.001513 -0.002521 0.001598 -0.002468 
0.004416 0.001904 0.004225 0.002297 
0.001551 -0.002583 0.001642 -0.002526 
0.004400 0.000251 0.004368 0.000586 
0.001039 -0.008737 0.003612 -0.008023 
-0.011018 0.001573 -0.010471 -0.003772 
-0.004845 0.004677 -0.005598 0.003743 
-0.003818 0.000094 -0.003817 -0.000125 
-0.000952 -0.005041 -0.000426 -0.005112 
0.000052 -0.004162 0.000336 -0.004149 
-0.000479 -0.000010 -0.000479 -0.000010 
0.007928 0.004892 0.005831 0.007265 
0.002715 0.002867 0.002534 0.003028 
-0.006262 0.004232 -0.007048 0.002730 
-0.005084 -0.001732 -0.004855 -0.002297 
-0.006288 0.004271 -0.007089 0.002743 
0.002469 -0.002413 0.002580 -0.002294 
-0.008404 -0.000548 -0.007928 -0.002842 
-0.011296 0.001667 -0.010660 -0.004092 
0.004124 0.009521 -0.000154 0.010374 
0.009428 -0.009354 0.013230 -0.001158 
0.006896 -0.002057 0.007170 -0.000619 
0.009809 0.007445 0.003929 0.011671 
0.004632 -0.007740 0.006833 -0.005888 
-0.002485 -0.007889 -0.000297 -0.008266 
-0.007277 -0.000142 -0.007090 -0.001645 
-0.003170 0.004620 -0.003716 0.004194 
-0.003516 0.004417 -0.004041 0.003942 
0.000759 0.008571 -0.001736 0.008428 
0.010169 -0.009974 0.014240 0.000323 
-0.000190 -0.003228 -0.000057 -0.003233 
-0.003246 0.002648 -0.003421 0.002418 
-0.004894 -0.006605 -0.002986 -0.007659 
-0.003492 0.005799 -0.004476 0.005079 
0.007075 0.001094 0.006712 0.002489 
-0.002469 -0.002357 -0.002358 -0.002468 
0.001904 -0.005069 0.002475 -0.004816 
-0.001369 -0.006013 -0.000457 -0.006150 
-0.000607 -0.003861 -0.000373 -0.003891 
-0.001187 0.002404 -0.001255 0.002370 
-0.013100 -0.000755 -0.009732 -0.008801 
-0.010983 0.006424 -0.012650 -0.001371 
0.011523 0.001829 0.008975 0.007455 
0.005124 -0.009028 0.008384 -0.006120 
0.010851 -0.006693 0.012701 0.001108 
-0.004039 -0.005630 -0.002910 -0.006289 
-0.001613 0.002565 -0.001705 0.002505 
-0.003650 -0.005176 -0.002791 -0.005685 
-0.006991 -0.001451 -0.006562 -0.002815 
-0.000224 0.008770 -0.002829 0.008304 
-0.005072 0.003341 -0.005502 0.002572 
0.006570 0.002488 0.005966 0.003710 
0.000802 -0.000092 0.000802 -0.000090 
-0.000384 0.003817 -0.000604 0.003789 
-0.001286 -0.003402 -0.001108 -0.003464 
-0.002147 0.003509 -0.002376 0.003358 
-0.001963 0.003495 -0.002180 0.003364 
0.000108 0.007449 -0.001509 0.007296 
-0.000391 -0.001365 -0.000380 -0.001368 
-0.001220 0.008556 -0.003647 0.007836 
-0.006271 0.004659 -0.007199 0.003034 
-0.008452 0.000702 -0.008312 -0.001687 
0.001434 -0.001211 0.001451 -0.001191 
-0.013422 0.007281 -0.013939 -0.006236 
-0.006484 0.006246 -0.008115 0.003898 
0.000816 0.003738 0.000599 0.003779 
-0.005804 -0.014582 0.008741 -0.013036 
-0.014387 0.001933 -0.011142 -0.009305 
-0.009958 0.009363 -0.013665 0.000265 
-0.001072 0.015668 -0.013536 0.007964 
0.002328 0.005047 0.001699 0.005292 
0.007440 -0.010989 0.012745 -0.003699 
-0.002910 -0.001081 -0.002867 -0.001191 
0.005052 0.001012 0.004919 0.001534 
0.001036 -0.005548 0.001721 -0.005375 
-0.008103 -0.009735 -0.000795 -0.012641 
0.001185 0.000884 0.001177 0.000894 
-0.005677 -0.013799 0.006969 -0.013194 
-0.007062 -0.007544 -0.003369 -0.009769 
-0.005871 0.007670 -0.008233 0.005051 
0.001535 0.009134 -0.001577 0.009127 
0.001787 0.013759 -0.008158 0.011223 
0.010910 0.009715 0.000049 0.014609 
0.003827 0.007050 0.001939 0.007784 
-0.004490 0.009148 -0.007756 0.006610 
0.011713 0.001389 0.009277 0.007283 
-0.010784 -0.011836 0.004271 -0.015431 
-0.002530 -0.006651 -0.001163 -0.007020 
-0.007649 -0.012795 0.004912 -0.014075 
-0.011458 0.003619 -0.011605 -0.003115 
0.002855 0.000073 0.002851 0.000165 
0.002479 -0.005970 0.003423 -0.005484 
-0.001692 -0.012490 0.005939 -0.011117 
-0.009859 -0.009343 -0.001169 -0.013533 
-0.004420 -0.003455 -0.003959 -0.003975 
-0.000842 0.007067 -0.002225 0.006760 
0.007502 -0.003184 0.008070 -0.001137 
-0.006339 -0.003385 -0.005525 -0.004595 
-0.001582 0.000626 -0.001589 0.000607 
0.000322 -0.002765 0.000406 -0.002754 
-0.013785 0.006633 -0.013621 -0.006963 
0.003459 0.007816 0.001101 0.008476 
0.002511 0.002916 0.002336 0.003058 
0.005827 0.009747 0.000356 0.011350 
0.011941 -0.001739 0.010976 0.005013 
-0.000270 0.003793 -0.000485 0.003772 
0.004677 -0.004020 0.005224 -0.003278 
-0.009536 -0.009290 -0.001342 -0.013245 
-0.004441 -0.001165 -0.004329 -0.001529 
-0.005651 -0.002835 -0.005137 -0.003686 
-0.000039 0.002930 -0.000138 0.002927 
-0.004869 -0.004588 -0.003990 -0.005370 
0.001553 0.010410 -0.002988 0.010092 
0.005341 0.002808 0.004885 0.003542 
-0.002081 0.004399 -0.002481 0.004186 
0.003621 0.007033 0.001797 0.007704 
0.000449 0.001836 0.000424 0.001842 
0.000217 0.006003 -0.000635 0.005973 
-0.002688 -0.003354 -0.002437 -0.003540 
-0.009777 -0.004891 -0.006499 -0.008791 
-0.004848 0.003360 -0.005261 0.002666 
0.011361 0.000595 0.009629 0.006060 
0.002606 -0.006703 0.003908 -0.006038 
-0.008958 0.000030 -0.008524 -0.002753 
0.009876 0.004904 0.006508 0.008901 
0.002430 -0.000635 0.002445 -0.000575 
-0.001983 0.002772 -0.002107 0.002678 
-0.001794 0.013445 -0.010251 0.008883 
0.001827 0.005910 0.000920 0.006117 
-0.007037 0.000189 -0.006940 -0.001178 
-0.002571 0.002784 -0.002724 0.002634 
-0.005955 -0.001701 -0.005631 -0.002577 
-0.001742 0.001979 -0.001796 0.001931 
-0.002865 0.004917 -0.003466 0.004513 
0.004780 -0.004209 0.005388 -0.003396 
-0.005095 -0.003369 -0.004548 -0.004078 
-0.001494 -0.001183 -0.001477 -0.001204 
0.009229 0.002921 0.007555 0.006052 
0.002971 -0.000298 0.002979 -0.000193 
-0.007770 0.000050 -0.007563 -0.001780 
-0.007471 0.003256 -0.008059 0.001215 
-0.002875 -0.001671 -0.002800 -0.001795 
-0.001658 0.014119 -0.011244 0.008699 
0.001803 0.007811 -0.000209 0.008014 
-0.006081 0.002349 -0.006388 0.001303 
-0.005289 -0.002055 -0.004987 -0.002707 
0.012205 0.003967 0.007334 0.010532 
0.006883 -0.001789 0.007101 -0.000393 
0.001213 0.004144 0.000906 0.004222 
0.007656 0.001657 0.007038 0.003440 
0.001508 -0.002239 0.001572 -0.002195 
-0.004014 0.007423 -0.005910 0.006023 
0.004580 0.000692 0.004505 0.001075 
-0.004400 -0.005916 -0.003044 -0.006715 
-0.003757 0.000045 -0.003754 -0.000163 
0.010856 -0.002094 0.010593 0.003168 
0.004541 -0.008579 0.007341 -0.006350 
-0.005131 -0.006091 -0.003467 -0.007170 
-0.009257 0.010717 -0.014128 0.000978 
0.002431 0.011364 -0.003664 0.011028 
0.012715 0.002622 0.008405 0.009894 
0.007688 0.001463 0.007117 0.003255 
0.015023 -0.004992 0.012452 0.009775 
0.005036 -0.007689 0.007269 -0.005624 
0.003573 -0.000618 0.003601 -0.000433 
-0.010834 -0.004324 -0.007111 -0.009247 
-0.000392 -0.001360 -0.000382 -0.001363 
-0.009253 -0.006520 -0.004951 -0.010180 
-0.006740 0.000889 -0.006790 -0.000345 
-0.002713 -0.002281 -0.002597 -0.002412 
0.002707 -0.002216 0.002811 -0.002083 
-0.000777 0.008128 -0.002858 0.007648 
0.010387 0.002950 0.008006 0.007245 
0.005553 -0.005559 0.006727 -0.004060 
0.000373 -0.007704 0.002149 -0.007407 
-0.012360 0.000015 -0.010201 -0.006980 
0.002406 0.014631 -0.009577 0.011319 
0.009373 -0.012084 0.015292 0.000143 
-0.004683 -0.006207 -0.003088 -0.007136 
-0.001647 0.005825 -0.002467 0.005528 
0.006072 0.003481 0.005292 0.004580 
0.000292 0.002699 0.000214 0.002706 
0.001658 -0.007545 0.003369 -0.006952 
-0.011851 0.001991 -0.011060 -0.004700 
-0.004941 0.006304 -0.006359 0.004869 
0.002016 0.008930 -0.000985 0.009101 
0.002272 -0.013826 0.011278 -0.008314 
-0.009046 -0.006968 -0.004460 -0.010512 
-0.011505 -0.009503 -0.000060 -0.014922 
-0.001622 -0.008776 0.001163 -0.008848 
0.000823 -0.012508 0.007921 -0.009714 
-0.002984 0.000524 -0.003001 0.000415 
0.000362 -0.007406 0.001944 -0.007156 
-0.000244 -0.007984 0.001748 -0.007794 
0.001969 0.001329 0.001939 0.001373 
0.007540 0.008021 0.003016 0.010588 
0.007243 -0.000668 0.007224 0.000843 
0.002335 -0.005031 0.002925 -0.004712 
0.000564 -0.003324 0.000713 -0.003296 
-0.001495 -0.010570 0.003236 -0.010173 
-0.004687 0.009293 -0.008110 0.006523 
0.010986 0.002955 0.008151 0.007937 
-0.000408 -0.001604 -0.000391 -0.001609 
-0.001280 0.011393 -0.006746 0.009269 
0.011249 0.011191 -0.003198 0.015542 
0.001069 0.002447 0.001000 0.002476 
-0.003078 0.007660 -0.004998 0.006570 
0.009532 -0.003738 0.010231 0.000398 
-0.007324 -0.011965 0.003133 -0.013674 
-0.011302 -0.002246 -0.008673 -0.007587 
-0.006852 0.000505 -0.006828 -0.000769 
-0.002236 0.004642 -0.002708 0.004383 
0.009338 0.009901 0.000369 0.013605 
0.007289 -0.004679 0.008335 -0.002355 
-0.001632 -0.009907 0.002323 -0.009768 
-0.005634 -0.002972 -0.005090 -0.003831 
0.001758 0.006298 0.000678 0.006504 
0.009692 0.000618 0.008808 0.004091 
0.000096 -0.013645 0.009199 -0.010078 
-0.001445 0.000030 -0.001445 0.000018 
0.008046 -0.004885 0.009231 -0.001842 
0.003840 -0.005156 0.004625 -0.004466 
-0.007084 -0.001553 -0.006614 -0.002976 
-0.004843 0.000099 -0.004832 -0.000348 
0.006038 0.003049 0.005394 0.004081 
0.005951 -0.009022 0.009336 -0.005445 
0.003888 0.000813 0.003830 0.001053 
-0.003112 0.000125 -0.003114 0.000006 
0.003181 0.003071 0.002936 0.003306 
0.003858 0.001743 0.003726 0.002011 
0.003022 -0.014409 0.012841 -0.007201 
-0.010837 0.003676 -0.011241 -0.002142 
-0.005245 0.003883 -0.005819 0.002954 
-0.010487 0.005859 -0.011993 -0.000702 
-0.002297 0.002371 -0.002397 0.002270 
-0.001840 -0.002603 -0.001735 -0.002675 
0.005470 -0.009445 0.009148 -0.005954 
0.005575 -0.009006 0.008889 -0.005760 
0.003578 -0.008706 0.006337 -0.006960 
-0.000348 -0.000042 -0.000348 -0.000042 
0.006508 0.003327 0.005670 0.004612 
0.005541 0.002571 0.005106 0.003354 
0.000575 -0.003714 0.000780 -0.003677 
0.006399 0.003653 0.005479 0.004927 
0.000798 0.007428 -0.000840 0.007423 
0.002572 0.013978 -0.008178 0.011625 
0.005827 0.000730 0.005675 0.001512 
-0.007937 -0.009426 -0.001258 -0.012258 
-0.004775 0.008185 -0.007313 0.006026 
0.009317 0.004911 0.006367 0.008389 
0.003733 -0.011452 0.009330 -0.007618 
-0.013896 0.000718 -0.010549 -0.009073 
-0.008567 0.008112 -0.011539 0.002462 
0.008273 0.007439 0.003829 0.010446 
0.001429 -0.013737 0.010416 -0.009070 
-0.012575 -0.001605 -0.009194 -0.008728 
-0.002592 0.005494 -0.003360 0.005061 
0.006326 -0.010360 0.010969 -0.005200 
-0.003439 -0.002375 -0.003268 -0.002605 
-0.006556 -0.001607 -0.006164 -0.002751 
-0.006074 0.009306 -0.009718 0.005391 
-0.007618 0.007739 -0.010276 0.003511 
0.014870 -0.000164 0.009710 0.011264 
0.006881 0.000880 0.006592 0.002160 
0.008542 0.002839 0.007222 0.005374 
0.007836 0.001712 0.007158 0.003620 
-0.006576 -0.013659 0.006672 -0.013612 
-0.001245 -0.009025 0.001717 -0.008947 
-0.002773 -0.014741 0.009658 -0.011477 
-0.002822 -0.013433 0.006992 -0.011812 
-0.006803 0.004307 -0.007670 0.002451 
0.006767 -0.001400 0.006909 -0.000111 
0.001369 -0.002237 0.001429 -0.002199 
0.004910 0.007629 0.002226 0.008795 
0.006039 -0.006115 0.007538 -0.004128 
-0.000176 -0.004454 0.000172 -0.004454 
-0.006981 0.000114 -0.006875 -0.001220 
0.002178 0.005734 0.001308 0.005993 
0.006004 -0.002632 0.006361 -0.001584 
0.007973 0.001688 0.007266 0.003692 
-0.000291 0.001879 -0.000318 0.001875 
0.006707 0.004728 0.005235 0.006320 
0.003602 -0.006472 0.004906 -0.005550 
-0.007273 0.000827 -0.007285 -0.000714 
-0.002845 0.001793 -0.002922 0.001665 
0.003313 -0.008985 0.006273 -0.007236 
-0.001713 0.003400 -0.001904 0.003296 
0.010157 -0.001038 0.009728 0.003099 
0.011005 -0.009907 0.014683 0.001920 
0.009853 -0.001018 0.009511 0.002768 
0.010995 -0.010796 0.015216 0.002427 
0.006278 -0.004662 0.007208 -0.003031 
0.010950 0.001860 0.008817 0.006754 
0.006745 0.002977 0.005959 0.004341 
0.006002 0.004194 0.004990 0.005357 
0.003799 -0.000251 0.003808 -0.000034 
0.002615 -0.002992 0.002796 -0.002824 
0.003212 0.000573 0.003185 0.000706 
-0.000381 0.001796 -0.000405 0.001791 
-0.005860 -0.006439 -0.003709 -0.007876 
-0.003094 0.002433 -0.003236 0.002240 
-0.002639 0.000213 -0.002644 0.000140 
0.004111 0.000690 0.004054 0.000970 
-0.002494 0.009535 -0.005870 0.007916 
0.000236 0.001973 0.000205 0.001977 
0.000377 -0.001735 0.000399 -0.001731 
-0.003650 -0.005777 -0.002533 -0.006347 
0.011798 0.002561 0.008520 0.008553 
0.004730 -0.008530 0.007522 -0.006209 
0.009795 -0.006797 0.011909 -0.000563 
-0.011558 -0.005359 -0.006085 -0.011193 
0.002934 0.009840 -0.001282 0.010188 
0.011350 0.002519 0.008504 0.007927 
0.006383 0.003191 0.005620 0.004398 
-0.000560 0.005015 -0.001059 0.004934 
0.007068 -0.000944 0.007114 0.000480 
-0.000978 -0.010479 0.003537 -0.009912 
-0.001449 -0.000666 -0.001442 -0.000681 
0.011836 0.003598 0.007715 0.009670 
0.006195 0.004883 0.004827 0.006239 
0.011930 -0.009201 0.014647 0.003527 
0.003442 -0.012656 0.010610 -0.007709 
0.006168 -0.007242 0.008306 -0.004637 
-0.001239 -0.002210 -0.001183 -0.002240 
-0.003424 0.004341 -0.003920 0.003899 
-0.003079 0.005934 -0.004070 0.005304 
0.007560 -0.000791 0.007544 0.000934 
0.000643 -0.012561 0.007847 -0.009830 
0.000808 -0.008045 0.002829 -0.007575 
0.001380 -0.001022 0.001392 -0.001006 
0.004649 -0.004496 0.005322 -0.003673 
-0.012028 0.001865 -0.011067 -0.005065 
-0.002173 -0.004712 -0.001663 -0.004916 
-0.008966 -0.006206 -0.005203 -0.009583 
0.000251 0.001876 0.000225 0.001879 
0.003632 -0.012940 0.011196 -0.007436 
-0.007598 0.001080 -0.007643 -0.000695 
0.002131 0.004461 0.001692 0.004645 
0.009305 0.000959 0.008435 0.004044 
0.004856 -0.004422 0.005533 -0.003538 
0.012639 -0.006617 0.013548 0.004469 
-0.006712 -0.000416 -0.006532 -0.001598 
-0.001769 0.001714 -0.001809 0.001671 
0.005193 0.003119 0.004690 0.003834 
0.009743 -0.008679 0.013026 -0.000752 
-0.000739 -0.013028 0.007512 -0.010670 
0.003706 0.000442 0.003676 0.000644 
-0.001166 0.002021 -0.001209 0.001995 
-0.004545 -0.001499 -0.004391 -0.001902 
0.004535 0.000312 0.004495 0.000680 
0.000113 -0.004595 0.000494 -0.004570 
-0.002777 -0.001721 -0.002702 -0.001836 
0.004773 -0.004890 0.005586 -0.003935 
-0.010501 0.004699 -0.011447 -0.001150 
-0.007198 0.005303 -0.008485 0.002816 
-0.002304 0.001000 -0.002329 0.000942 
0.006229 0.000077 0.006145 0.001023 
-0.001982 -0.010152 0.002341 -0.010076 
-0.001293 -0.000546 -0.001289 -0.000556 
-0.007764 -0.004465 -0.005994 -0.006655 
-0.006518 0.005079 -0.007633 0.003166 
-0.001102 0.003229 -0.001249 0.003175 
0.005380 -0.004687 0.006206 -0.003522 
0.002560 -0.004963 0.003149 -0.004612 
-0.006280 -0.006595 -0.003834 -0.008261 
-0.001512 -0.000820 -0.001503 -0.000837 
-0.006279 -0.006217 -0.004104 -0.007825 
0.000003 -0.004794 0.000436 -0.004774 
-0.002705 -0.002264 -0.002591 -0.002394 
0.002391 -0.002665 0.002522 -0.002541 
0.007814 -0.009597 0.011878 -0.003475 
-0.012198 0.000912 -0.010650 -0.006016 
0.006851 0.001514 0.006431 0.002805 
-0.001894 -0.000730 -0.001882 -0.000760 
0.004362 0.008586 0.001010 0.009578 
0.000055 -0.015294 0.012207 -0.009214 
-0.013863 -0.002818 -0.007784 -0.011812 
-0.003895 -0.005352 -0.002919 -0.005941 
-0.000648 -0.006862 0.000638 -0.006863 
-0.009258 0.000386 -0.008862 -0.002705 
0.002637 0.006082 0.001551 0.006446 
0.010434 -0.006204 0.012127 0.000527 
-0.001897 -0.012018 0.005029 -0.011079 
-0.008413 -0.002753 -0.007181 -0.005177 
-0.002718 0.000099 -0.002719 0.000020 
0.004117 0.000491 0.004075 0.000768 
0.000389 -0.007572 0.002078 -0.007292 
-0.010600 -0.004664 -0.006809 -0.009368 
0.004542 -0.001256 0.004635 -0.000854 
-0.001976 -0.012228 0.005316 -0.011187 
-0.010060 -0.009338 -0.001112 -0.013681 
-0.000067 0.001746 -0.000088 0.001745 
-0.005466 0.001113 -0.005561 0.000437 
-0.002233 0.000517 -0.002244 0.000471 
-0.002599 0.000198 -0.002603 0.000128 
0.003792 0.006665 0.002162 0.007357 
-0.002011 0.003568 -0.002242 0.003427 
0.001075 0.006391 0.000009 0.006480 
-0.001438 -0.000766 -0.001430 -0.000781 
0.015477 0.001698 0.007565 0.013609 
0.005580 -0.010102 0.009887 -0.005953 
0.011298 -0.001543 0.010606 0.004187 
0.010260 -0.009381 0.013899 0.000278 
0.006898 -0.005152 0.008088 -0.002951 
0.011257 0.003004 0.008159 0.008316 
0.007237 0.001610 0.006723 0.003126 
0.009517 -0.000331 0.009033 0.003015 
0.000763 -0.008552 0.003177 -0.007976 
0.002766 -0.004069 0.003141 -0.003787 
0.001102 -0.002694 0.001191 -0.002656 
0.010345 -0.004963 0.011445 0.000811 
-0.010547 -0.004905 -0.006597 -0.009580 
-0.002049 -0.001545 -0.002009 -0.001598 
0.002968 -0.005667 0.003838 -0.005118 
-0.003584 -0.011691 0.003508 -0.011714 
-0.012781 0.002623 -0.011647 -0.005880 
-0.004231 0.003522 -0.004620 0.002994 
-0.007950 0.009017 -0.011555 0.003316 
0.003122 -0.007006 0.004646 -0.006103 
-0.000122 -0.003534 0.000052 -0.003536 
0.001131 -0.008355 0.003394 -0.007718 
-0.013931 0.008557 -0.014339 -0.007856 
0.000312 0.014391 -0.010262 0.010093 
0.003149 0.010570 -0.002074 0.010832 
0.001430 0.003760 0.001188 0.003844 
0.000893 -0.004759 0.001327 -0.004657 
-0.013426 0.002485 -0.011636 -0.007145 
-0.013077 0.000426 -0.010485 -0.007827 
-0.002939 -0.000437 -0.002922 -0.000539 
-0.002299 0.002312 -0.002393 0.002214 
0.002277 0.006666 0.000940 0.006981 
-0.004742 -0.003127 -0.004308 -0.003703 
-0.001836 0.001770 -0.001881 0.001722 
0.001986 -0.010491 0.006339 -0.008591 
-0.002210 -0.001061 -0.002184 -0.001113 
0.006091 -0.002576 0.006442 -0.001495 
-0.006727 -0.005462 -0.004845 -0.007184 
-0.005267 0.000354 -0.005274 -0.000224 
0.001279 0.001123 0.001267 0.001137 
-0.008263 -0.000982 -0.007694 -0.003169 
-0.010002 -0.000452 -0.009060 -0.004262 
-0.005817 0.009660 -0.009739 0.005685 
-0.000819 0.000343 -0.000820 0.000341 
0.006190 -0.003762 0.006830 -0.002413 
0.004338 0.003265 0.003931 0.003745 
0.007532 0.001776 0.006909 0.003485 
0.002918 -0.010802 0.007681 -0.008136 
-0.002411 -0.002241 -0.002313 -0.002341 
0.002692 0.003338 0.002444 0.003524 
-0.004633 0.005204 -0.005537 0.004229 
0.005263 0.000291 0.005200 0.000864 
-0.007658 -0.000167 -0.007417 -0.001915 
-0.002173 0.005899 -0.003061 0.005491 
0.007587 -0.005261 0.008896 -0.002470 
-0.011860 -0.003822 -0.007521 -0.009934 
-0.004911 -0.001410 -0.004741 -0.001907 
0.000986 -0.008595 0.003438 -0.007938 
0.002867 0.003109 0.002642 0.003303 
0.004354 -0.007756 0.006521 -0.006049 
-0.005287 -0.006177 -0.003520 -0.007329 
-0.004742 0.007528 -0.006821 0.005712 
0.004060 0.006405 0.002520 0.007152 
0.004317 -0.003799 0.004773 -0.003206 
0.007935 0.000462 0.007578 0.002401 
0.002756 0.003176 0.002528 0.003360 
-0.002046 -0.002827 -0.001908 -0.002922 
-0.004036 -0.007154 -0.002017 -0.007962 
-0.000108 -0.004468 0.000243 -0.004463 
-0.003379 0.002944 -0.003601 0.002668 
0.007692 -0.004819 0.008827 -0.002118 
0.011382 0.000724 0.009568 0.006207 
-0.008909 -0.012955 0.005693 -0.014656 
-0.006491 -0.003539 -0.005586 -0.004843 
-0.004532 -0.002550 -0.004235 -0.003016 
-0.003704 0.000150 -0.003706 -0.000051 
-0.000188 -0.006788 0.001040 -0.006710 
-0.006312 0.000574 -0.006324 -0.000427 
-0.001968 0.011637 -0.007743 0.008906 
0.000356 0.008869 -0.002367 0.008555 
-0.003743 0.002420 -0.003920 0.002120 
0.001849 -0.004336 0.002221 -0.004158 
0.001433 0.002584 0.001343 0.002631 
-0.001833 -0.002658 -0.001723 -0.002731 
0.002271 0.008174 -0.000104 0.008483 
0.006487 -0.002735 0.006894 -0.001425 
-0.003992 0.000187 -0.003996 -0.000064 
0.012107 -0.000708 0.010522 0.006030 
-0.007358 -0.013353 0.006093 -0.013975 
-0.002422 -0.006707 -0.001040 -0.007055 
0.005647 -0.001435 0.005788 -0.000670 
0.006766 0.001021 0.006464 0.002244 
-0.003745 0.004375 -0.004282 0.003850 
0.005937 0.008050 0.002394 0.009712 
-0.001625 0.001112 -0.001642 0.001087 
-0.003418 -0.000169 -0.003407 -0.000327 
0.004861 0.000430 0.004799 0.000883 
-0.007884 0.004000 -0.008725 0.001425 
0.012020 -0.008842 0.014487 0.003576 
0.004263 0.002717 0.003968 0.003131 
0.001512 0.011024 -0.003826 0.010449 
0.000146 0.008019 -0.001867 0.007800 
-0.005216 -0.001292 -0.005035 -0.001875 
0.010482 0.011741 -0.003834 0.015265 
0.013329 0.001746 0.008958 0.010023 
0.011023 -0.002677 0.010938 0.003005 
-0.011125 -0.004778 -0.006718 -0.010074 
-0.001883 -0.001950 -0.001825 -0.002003 
-0.010594 -0.009008 -0.001458 -0.013830 
-0.013028 0.011067 -0.015423 -0.007372 
-0.002894 -0.002115 -0.002783 -0.002259 
-0.009720 -0.006778 -0.004716 -0.010871 
-0.009670 -0.000253 -0.008931 -0.003717 
-0.012299 -0.000885 -0.009663 -0.007660 
-0.003122 0.000012 -0.003120 -0.000108 
-0.001165 -0.003198 -0.001018 -0.003248 
0.004005 0.000048 0.003994 0.000300 
-0.009406 -0.004847 -0.006440 -0.008396 
-0.011218 -0.002245 -0.008657 -0.007480 
-0.010681 0.001934 -0.010418 -0.003048 
-0.009413 -0.000997 -0.008490 -0.004187 
-0.002062 -0.000256 -0.002057 -0.000291 
-0.007827 0.002991 -0.008347 0.000742 
0.003921 0.006457 0.002385 0.007168 
0.009288 0.013018 -0.006032 0.014810 
0.014141 -0.001863 0.011183 0.008853 
0.013367 -0.000065 0.010238 0.008595 
0.010978 -0.003951 0.011457 0.002206 
0.004394 -0.006918 0.006049 -0.005530 
-0.003593 -0.000480 -0.003563 -0.000665 
0.001473 0.001454 0.001448 0.001478 
-0.002809 0.009532 -0.006211 0.007756 
-0.007168 0.002082 -0.007449 0.000473 
0.002744 -0.005225 0.003432 -0.004801 
0.003139 0.002815 0.002935 0.003027 
-0.005996 0.003427 -0.006530 0.002248 
0.010497 0.008799 0.001841 0.013573 
-0.000730 -0.006460 0.000349 -0.006491 
-0.001757 -0.000673 -0.001748 -0.000698 
0.000392 0.011136 -0.004881 0.010017 
0.002313 -0.006592 0.003529 -0.006029 
-0.005284 -0.007603 -0.002469 -0.008924 
0.005745 0.001329 0.005510 0.002100 
-0.002505 -0.013582 0.007433 -0.011640 
0.007872 -0.003630 0.008589 -0.001178 
0.002971 -0.011478 0.008558 -0.008205 
-0.000996 -0.006948 0.000361 -0.007009 
0.001816 -0.002424 0.001902 -0.002357 
0.001605 0.001639 0.001570 0.001672 
-0.007190 -0.002161 -0.006539 -0.003690 
0.009092 0.002441 0.007710 0.005402 
0.005520 -0.010102 0.009818 -0.006009 
-0.011076 -0.011095 0.002849 -0.015416 
0.000942 0.005834 0.000134 0.005908 
0.005436 0.006615 0.003329 0.007889 
0.001501 0.004179 0.001173 0.004282 
-0.004527 0.003877 -0.005023 0.003208 
0.005924 -0.001690 0.006110 -0.000790 
0.000755 -0.007553 0.002434 -0.007190 
-0.013081 -0.002491 -0.008422 -0.010315 
0.006239 -0.002314 0.006546 -0.001197 
0.006694 -0.005030 0.007812 -0.003016 
0.005729 -0.010609 0.010561 -0.005817 
-0.001462 -0.006174 -0.000470 -0.006327 
0.005044 0.000222 0.004996 0.000726 
0.010497 0.005615 0.005934 0.010320 
-0.005508 -0.001349 -0.005293 -0.002033 
-0.001723 0.002322 -0.001799 0.002264 
0.008764 0.000683 0.008157 0.003276 
0.007181 -0.006015 0.008793 -0.003229 
0.006332 -0.010915 0.011531 -0.005127 
-0.012569 0.000888 -0.010713 -0.006633 
-0.008198 0.008292 -0.011280 0.002953 
0.001069 0.003609 0.000866 0.003663 
-0.000363 -0.009606 0.003079 -0.009107 
-0.001321 0.005892 -0.002150 0.005643 
0.002247 0.004740 0.001722 0.004955 
-0.005776 0.004679 -0.006650 0.003322 
0.005610 0.005419 0.004164 0.006595 
-0.003212 0.004191 -0.003652 0.003814 
0.002237 0.003654 0.001967 0.003806 
-0.003647 -0.000234 -0.003630 -0.000425 
-0.000913 -0.000840 -0.000908 -0.000845 
-0.001650 0.004591 -0.002073 0.004416 
0.002474 -0.005518 0.003240 -0.005107 
-0.003637 0.000318 -0.003648 0.000127 
0.014623 -0.005514 0.012893 0.008831 
0.000501 -0.013184 0.008729 -0.009892 
0.004759 -0.004262 0.005380 -0.003446 
0.010219 -0.006126 0.011913 0.000222 
-0.008683 -0.005320 -0.005858 -0.008329 
-0.006311 0.001340 -0.006445 0.000293 
0.003510 -0.004515 0.004061 -0.004027 
0.002038 -0.007762 0.003919 -0.007003 
-0.010856 -0.004432 -0.007022 -0.009390 
-0.004313 0.009376 -0.007756 0.006808 
-0.010606 0.009946 -0.014495 -0.001143 
-0.007629 0.004977 -0.008822 0.002267 
-0.009571 -0.004837 -0.006492 -0.008536 
0.003967 0.006889 0.002149 0.007653 
0.000057 0.009987 -0.003768 0.009249 
0.001686 0.014965 -0.010596 0.010702 
-0.003329 -0.000355 -0.003311 -0.000501 
-0.001865 -0.000910 -0.001850 -0.000942 
0.004037 0.006138 0.002652 0.006852 
-0.000559 0.002947 -0.000663 0.002926 
-0.004570 -0.001837 -0.004374 -0.002264 
0.005070 -0.003076 0.005446 -0.002347 
-0.005178 -0.003883 -0.004471 -0.004680 
-0.006631 -0.002785 -0.005931 -0.004069 
-0.002642 0.005260 -0.003332 0.004852 
-0.005178 -0.002424 -0.004824 -0.003069 
-0.003798 -0.002578 -0.003571 -0.002883 
-0.010387 0.009128 -0.013821 -0.000436 
-0.005485 0.009738 -0.009433 0.005995 
-0.009109 -0.000178 -0.008570 -0.003092 
-0.004610 -0.006059 -0.003121 -0.006944 
-0.006591 -0.003251 -0.005757 -0.004568 
0.009127 0.003931 0.006957 0.007096 
-0.011280 -0.004315 -0.007129 -0.009749 
0.003789 0.007201 0.001805 0.007934 
0.008709 -0.008771 0.012143 -0.002307 
-0.002165 0.000138 -0.002167 0.000098 
0.009874 0.005077 0.006367 0.009095 
0.008550 0.003885 0.006719 0.006562 
0.007521 0.004546 0.005816 0.006589 
0.002786 0.002383 0.002656 0.002527 
0.008482 0.006210 0.005076 0.009205 
0.013481 -0.006599 0.013634 0.006275 
-0.006006 0.001108 -0.006103 0.000217 
0.001052 0.013644 -0.008390 0.010810 
-0.001526 0.002767 -0.001633 0.002705 
-0.001355 -0.008594 0.001227 -0.008613 
-0.007930 -0.004159 -0.006247 -0.006415 
-0.002245 -0.006927 -0.000761 -0.007242 
0.007519 0.002229 0.006765 0.003966 
0.007351 -0.003452 0.007990 -0.001450 
0.004668 0.001203 0.004538 0.001624 
-0.006378 -0.004951 -0.004912 -0.006408 
0.002965 -0.005294 0.003698 -0.004811 
-0.003149 -0.001602 -0.003067 -0.001754 
0.003219 0.009102 -0.000260 0.009651 
0.003196 -0.013803 0.012055 -0.007445 
-0.004538 -0.007853 -0.001804 -0.008889 
-0.002363 -0.011244 0.003531 -0.010934 
-0.013178 0.006336 -0.013506 -0.005603 
-0.009112 0.006243 -0.010966 0.001328 
-0.001119 0.001125 -0.001130 0.001114 
-0.000707 -0.002572 -0.000634 -0.002591 
0.004578 0.003691 0.004035 0.004277 
0.000013 -0.004372 0.000342 -0.004359 
-0.003627 0.004331 -0.004141 0.003843 
-0.000591 0.001813 -0.000617 0.001804 
0.001056 0.014276 -0.009575 0.010642 
0.012749 -0.009567 0.014939 0.005557 
0.003145 -0.003350 0.003412 -0.003078 
-0.006971 0.005463 -0.008301 0.003087 
0.002699 0.002311 0.002581 0.002443 
-0.006003 0.003973 -0.006683 0.002675 
-0.010467 0.002414 -0.010465 -0.002422 
-0.005985 0.008383 -0.008871 0.005235 
0.003234 -0.002316 0.003372 -0.002110 
-0.001659 0.004836 -0.002147 0.004640 
0.004946 0.003168 0.004472 0.003809 
0.001462 0.006999 0.000034 0.007150 
-0.007011 0.005903 -0.008548 0.003307 
0.001622 0.001196 0.001603 0.001221 
-0.008875 -0.010208 0.000060 -0.013526 
-0.006144 -0.006781 -0.003619 -0.008405 
-0.005844 -0.006323 -0.003778 -0.007737 
0.000040 0.004404 -0.000296 0.004394 
0.002308 -0.005137 0.002929 -0.004810 
-0.001041 -0.004024 -0.000765 -0.004085 
-0.004109 0.003643 -0.004511 0.003131 
-0.002726 0.005342 -0.003452 0.004904 
0.007441 0.002097 0.006748 0.003773 
0.001963 0.002742 0.001839 0.002827 
0.001026 0.001101 0.001016 0.001110 
-0.005075 -0.001541 -0.004874 -0.002092 
0.002379 -0.006067 0.003355 -0.005587 
-0.009657 0.009230 -0.013334 0.000808 
-0.005918 0.001136 -0.006019 0.000282 
0.003332 -0.004207 0.003786 -0.003803 
-0.001496 -0.009949 0.002480 -0.009750 
-0.001862 0.006402 -0.002948 0.005980 
0.001200 0.001691 0.001171 0.001711 
0.004256 0.001906 0.004077 0.002262 
0.003966 -0.007086 0.005652 -0.005831 
-0.010270 -0.005849 -0.005701 -0.010353 
0.005809 -0.001014 0.005893 -0.000213 
0.005834 -0.005182 0.006897 -0.003650 
0.000568 -0.003857 0.000798 -0.003816 
-0.010181 0.006234 -0.011937 -0.000137 
0.010680 0.001547 0.008893 0.006112 
-0.010966 -0.010518 0.001554 -0.015115 
-0.009695 0.005865 -0.011322 0.000439 
-0.002814 -0.005847 -0.001811 -0.006231 
0.002423 -0.002155 0.002510 -0.002053 
0.009478 -0.011931 0.015236 0.000218 
-0.001339 -0.013774 0.008450 -0.010960 
-0.009948 -0.011984 0.004033 -0.015044 
-0.007699 -0.003120 -0.006580 -0.005071 
0.002467 -0.004096 0.002826 -0.003857 
-0.002740 -0.007506 -0.000787 -0.007952 
0.008050 -0.002158 0.008334 0.000096 
-0.007708 -0.000989 -0.007259 -0.002776 
0.014758 0.001051 0.008814 0.011884 
0.001835 -0.001592 0.001871 -0.001549 
0.000765 0.006455 -0.000314 0.006493 
0.004496 -0.000100 0.004490 0.000258 
-0.002710 -0.002321 -0.002590 -0.002454 
0.003197 0.003399 0.002894 0.003661 
-0.001763 0.001498 -0.001794 0.001460 
0.004504 -0.005827 0.005636 -0.004741 
0.002850 -0.000108 0.002852 -0.000017 
-0.004976 -0.002043 -0.004712 -0.002595 
-0.004341 -0.001882 -0.004159 -0.002257 
0.001203 0.007437 -0.000474 0.007519 
0.009913 -0.007797 0.012601 -0.000511 
-0.009071 -0.009024 -0.001832 -0.012663 
-0.000504 -0.007204 0.000975 -0.007156 
0.001560 0.003971 0.001272 0.004073 
0.009217 0.004713 0.006480 0.008074 
0.013831 -0.001861 0.011254 0.008252 
0.002760 -0.001229 0.002802 -0.001129 
-0.007312 -0.002408 -0.006558 -0.004032 
0.000329 0.004252 0.000025 0.004265 
0.005631 -0.008138 0.008278 -0.005424 
-0.004060 -0.009729 0.000443 -0.010533 
-0.011163 0.001544 -0.010537 -0.003995 
-0.006425 -0.003766 -0.005457 -0.005068 
-0.001622 -0.009118 0.001489 -0.009141 
-0.001088 -0.013893 0.008829 -0.010782 
0.007522 -0.005377 0.008876 -0.002592 
0.002499 0.003973 0.002146 0.004175 
-0.002038 0.000177 -0.002040 0.000143 
0.008222 -0.000104 0.007960 0.002062 
-0.000060 -0.012992 0.007963 -0.010266 
-0.000494 0.006905 -0.001780 0.006690 
0.014236 0.002761 0.007599 0.012351 
0.010825 -0.000993 0.010121 0.003967 
0.000988 -0.002581 0.001065 -0.002550 
0.000948 -0.003012 0.001065 -0.002973 
-0.010678 0.006065 -0.012244 -0.000944 
-0.002439 0.002360 -0.002544 0.002247 
-0.002166 0.002109 -0.002240 0.002029 
0.005211 0.002380 0.004861 0.003031 
-0.001915 -0.002110 -0.001847 -0.002170 
-0.002284 0.000075 -0.002285 0.000029 
0.004591 -0.008982 0.007729 -0.006482 
0.003726 -0.000690 0.003759 -0.000478 
-0.003067 -0.009923 0.001293 -0.010306 
-0.011653 0.000925 -0.010482 -0.005175 
-0.003422 0.005305 -0.004208 0.004705 
0.007760 -0.001273 0.007838 0.000634 
0.000288 -0.004853 0.000738 -0.004806 
0.001239 -0.000825 0.001246 -0.000814 
0.007588 0.002465 0.006740 0.004269 
-0.004479 -0.005372 -0.003369 -0.006130 
-0.009012 0.007648 -0.011681 0.001811 
0.013408 0.002484 0.008315 0.010807 
0.003090 -0.012045 0.009422 -0.008116 
0.001403 -0.001519 0.001429 -0.001495 
0.000549 0.002131 0.000508 0.002142 
-0.008537 -0.000221 -0.008125 -0.002628 
-0.008754 0.006800 -0.010912 0.001950 
-0.001711 -0.002833 -0.001587 -0.002904 
-0.008999 -0.004402 -0.006612 -0.007526 
-0.002864 0.001530 -0.002925 0.001410 
0.009509 0.001120 0.008501 0.004404 
0.000311 -0.003788 0.000526 -0.003764 
-0.003524 0.012113 -0.009955 0.007748 
-0.002035 0.008391 -0.004376 0.007444 
0.001783 0.012666 -0.006178 0.011200 
0.011792 0.003333 0.007935 0.009337 
0.008703 0.000634 0.008128 0.003175 
0.008701 0.005695 0.005574 0.008779 
0.009283 0.006144 0.005322 0.009777 
0.004251 0.006987 0.002287 0.007852 
-0.002833 0.004273 -0.003259 0.003958 
-0.000612 0.002438 -0.000672 0.002422 
-0.009931 0.006803 -0.012032 0.000365 
0.002307 0.005081 0.001668 0.005324 
-0.001803 0.003785 -0.002060 0.003652 
0.006759 0.006950 0.003789 0.008924 
-0.003742 0.003671 -0.004116 0.003246 
0.005170 0.000950 0.005037 0.001506 
-0.004115 -0.007120 -0.002097 -0.007952 
0.001759 0.005379 0.001069 0.005557 
0.001762 0.004918 0.001224 0.005079 
0.009681 0.004004 0.007116 0.007689 
0.000548 -0.002736 0.000632 -0.002718 
-0.005136 -0.005918 -0.003571 -0.006975 
-0.007752 -0.010332 0.000167 -0.012916 
-0.013472 0.008916 -0.014599 -0.006918 
0.002924 0.014464 -0.009019 0.011680 
-0.003131 0.006335 -0.004308 0.005602 
-0.003946 -0.002051 -0.003774 -0.002351 
-0.005490 0.005786 -0.006752 0.004245 
0.001789 0.008051 -0.000404 0.008238 
0.008737 -0.008471 0.011957 -0.002264 
-0.005569 0.004022 -0.006216 0.002924 
0.011124 0.012144 -0.005271 0.015602 
0.004033 0.006277 0.002572 0.007003 
-0.002459 -0.000710 -0.002440 -0.000773 
-0.009434 -0.003384 -0.007403 -0.006756 
-0.006207 0.004957 -0.007235 0.003280 
-0.003227 0.006470 -0.004481 0.005674 
-0.007640 0.006284 -0.009442 0.002953 
-0.005662 -0.000744 -0.005520 -0.001462 
-0.002040 0.005291 -0.002692 0.004991 
-0.002582 0.002644 -0.002720 0.002501 
-0.008857 0.010120 -0.013316 0.001878 
0.001689 0.010968 -0.003615 0.010492 
0.002136 0.006767 0.000762 0.007055 
0.001630 -0.001656 0.001664 -0.001621 
-0.010130 0.002562 -0.010276 -0.001891 
-0.006116 -0.001315 -0.005842 -0.002237 
-0.002236 -0.005541 -0.001438 -0.005799 
-0.007940 -0.004957 -0.005797 -0.007350 
0.001226 0.013473 -0.007966 0.010935 
-0.010978 0.001884 -0.010579 -0.003485 
-0.014670 0.001478 -0.010736 -0.010106 
-0.010529 0.011964 -0.015757 -0.002390 
0.000719 0.002370 0.000662 0.002387 
0.002046 -0.001527 0.002084 -0.001474 
-0.002210 0.000686 -0.002224 0.000639 
-0.001428 -0.004001 -0.001140 -0.004093 
-0.000948 -0.008370 0.001395 -0.008307 
-0.003242 -0.015190 0.010464 -0.011479 
0.001544 -0.013921 0.010819 -0.008896 
0.006792 -0.003417 0.007388 -0.001797 
0.004596 -0.009624 0.008309 -0.006687 
-0.009276 -0.003301 -0.007380 -0.006518 
-0.003474 -0.003022 -0.003210 -0.003301 
-0.001154 0.004349 -0.001496 0.004243 
0.003061 0.001836 0.002965 0.001987 
0.001643 0.006900 0.000253 0.007089 
0.001941 -0.006373 0.003019 -0.005939 
0.004393 0.004582 0.003615 0.005218 
0.004858 -0.005437 0.005881 -0.004310 
0.001852 -0.003933 0.002139 -0.003785 
-0.000076 -0.002780 0.000009 -0.002781 
-0.005860 0.009527 -0.009668 0.005625 
0.007703 -0.002772 0.008159 -0.000668 
-0.005869 -0.010483 0.000692 -0.011994 
-0.004530 -0.002034 -0.004312 -0.002463 
0.004166 -0.000279 0.004176 0.000007 
-0.014825 0.005424 -0.012756 -0.009299 
-0.006203 0.008976 -0.009588 0.005208 
-0.007917 -0.002017 -0.007122 -0.004004 
-0.002356 -0.004182 -0.001968 -0.004379 
0.000935 -0.004544 0.001316 -0.004448 
0.001770 0.001900 0.001719 0.001946 
0.004051 -0.005125 0.004851 -0.004376 
-0.007083 0.001608 -0.007262 0.000114 
-0.001525 0.011911 -0.007688 0.009224 
-0.001195 0.004939 -0.001690 0.004793 
0.006898 0.000413 0.006699 0.001694 
-0.000311 -0.012462 0.006901 -0.010382 
-0.013186 0.006262 -0.013472 -0.005620 
-0.002802 0.000696 -0.002823 0.000603 
0.002105 -0.002679 0.002225 -0.002581 
0.004291 -0.001050 0.004359 -0.000718 
-0.000279 0.001633 -0.000297 0.001630 
0.001727 -0.004825 0.002216 -0.004621 
0.007013 -0.009938 0.011323 -0.004444 
-0.011324 0.002469 -0.011023 -0.003579 
-0.000830 0.013132 -0.008916 0.009676 
0.007149 0.002144 0.006511 0.003647 
-0.005588 -0.000708 -0.005457 -0.001398 
0.006678 -0.001243 0.006793 -0.000016 
-0.009072 -0.010003 -0.000255 -0.013502 
-0.013563 0.001982 -0.011357 -0.007676 
-0.000365 -0.000887 -0.000362 -0.000888 
0.002460 -0.011024 0.007463 -0.008479 
0.001936 -0.007659 0.003741 -0.006958 
-0.004640 -0.014122 0.007796 -0.012656 
-0.010310 0.005461 -0.011653 -0.000567 
0.009653 0.012503 -0.005037 0.014971 
0.011998 -0.011496 0.015759 0.005269 
0.008256 -0.001004 0.008222 0.001253 
0.006519 0.003174 0.005727 0.004446 
0.001091 0.001978 0.001051 0.001999 
0.004076 0.007156 0.002044 0.007978 
0.001321 0.000605 0.001316 0.000616 
0.003655 0.004838 0.002919 0.005314 
0.003845 -0.001826 0.003965 -0.001547 
-0.005429 -0.001232 -0.005238 -0.001883 
-0.000344 -0.001585 -0.000328 -0.001589 
-0.002593 -0.002850 -0.002422 -0.002996 
-0.003532 -0.009766 0.000804 -0.010354 
0.001175 0.014004 -0.008984 0.010806 
0.013017 0.001284 0.009375 0.009121 
0.005885 -0.002205 0.006155 -0.001267 
0.002079 -0.003398 0.002287 -0.003261 
-0.007317 -0.010316 0.000160 -0.012647 
-0.008888 -0.000155 -0.008414 -0.002868 
-0.007139 -0.004367 -0.005681 -0.006144 
-0.010294 0.000220 -0.009500 -0.003970 
0.009597 0.013360 -0.007036 0.014869 
0.009161 0.005711 0.005685 0.009177 
-0.001591 0.002669 -0.001691 0.002606 
-0.010818 0.007165 -0.012937 -0.001007 
-0.000186 -0.002693 -0.000109 -0.002698 
-0.006147 -0.005548 -0.004445 -0.006986 
-0.005316 0.000265 -0.005313 -0.000328 
-0.000366 0.004405 -0.000703 0.004364 
0.007723 0.002025 0.006978 0.003879 
-0.003689 -0.008307 -0.000842 -0.009050 
-0.002421 -0.001903 -0.002349 -0.001992 
-0.007837 -0.002129 -0.007028 -0.004069 
0.011531 0.002628 0.008453 0.008271 
0.005975 -0.008445 0.008905 -0.005264 
0.001789 -0.000072 0.001789 -0.000050 
-0.001858 -0.003574 -0.001627 -0.003686 
-0.013563 0.007552 -0.014043 -0.006617 
0.005764 -0.001508 0.005918 -0.000690 
-0.000534 0.000871 -0.000538 0.000869 
-0.001564 -0.004884 -0.001051 -0.005020 
-0.008041 0.001700 -0.008205 -0.000473 
0.000036 0.003266 -0.000102 0.003264 
-0.004145 -0.006421 -0.002573 -0.007197 
-0.003954 0.005435 -0.004853 0.004650 
0.007659 -0.002202 0.007965 -0.000239 
-0.007469 -0.009349 -0.001320 -0.011893 
-0.009124 0.007353 -0.011607 0.001611 
-0.001589 0.000761 -0.001599 0.000742 
-0.009061 0.007052 -0.011366 0.001630 
0.001099 0.012243 -0.005948 0.010757 
0.003913 -0.011943 0.010135 -0.007431 
-0.000297 0.007122 -0.001706 0.006921 
0.001188 0.005492 0.000498 0.005597 
-0.004677 -0.002694 -0.004338 -0.003212 
-0.006849 -0.002804 -0.006091 -0.004204 
-0.003711 0.000680 -0.003743 0.000471 
-0.004408 0.001276 -0.004498 0.000907 
0.002649 0.014656 -0.009528 0.011447 
0.000290 0.001142 0.000284 0.001144 
0.005009 -0.003254 0.005416 -0.002521 
0.006887 -0.000238 0.006811 0.001046 
0.000030 -0.003198 0.000159 -0.003194 
-0.001647 0.004631 -0.002080 0.004454 
0.006191 0.011168 -0.001725 0.012652 
0.012207 -0.006927 0.013567 0.003597 
-0.006562 0.002670 -0.006958 0.001330 
-0.000408 0.011768 -0.006457 0.009847 
0.007867 0.013672 -0.006961 0.014155 
0.013761 -0.001721 0.011186 0.008198 
0.003241 -0.013600 0.011789 -0.007516 
-0.007221 -0.002934 -0.006321 -0.004561 
-0.001498 -0.003204 -0.001338 -0.003274 
-0.002390 -0.001824 -0.002324 -0.001908 
-0.004848 -0.004967 -0.003825 -0.005792 
-0.003465 0.001412 -0.003537 0.001219 
-0.002365 -0.004210 -0.001969 -0.004409 
0.002484 -0.001965 0.002559 -0.001866 
0.001899 -0.002311 0.001979 -0.002242 
-0.008757 -0.005354 -0.005858 -0.008428 
0.000754 0.000606 0.000752 0.000609 
-0.005431 0.001477 -0.005572 0.000791 
0.011090 0.010489 -0.001581 0.015183 
0.002494 0.010502 -0.002412 0.010521 
0.001608 0.013523 -0.007819 0.011150 
0.002580 0.011435 -0.003675 0.011131 
0.014992 0.003146 0.006530 0.013857 
0.003671 -0.006859 0.005186 -0.005799 
-0.005093 -0.003913 -0.004393 -0.004685 
0.007977 0.009999 0.000378 0.012785 
-0.007905 -0.001626 -0.007235 -0.003577 
0.005861 0.000511 0.005738 0.001302 
0.005522 -0.002363 0.005801 -0.001558 
0.005540 0.005341 0.004157 0.006477 
-0.010745 -0.002369 -0.008462 -0.007034 
0.009433 0.011637 -0.003005 0.014676 
0.014505 -0.000144 0.009916 0.010587 
0.007659 -0.000409 0.007548 0.001360 
0.001333 0.002056 0.001284 0.002087 
0.009494 0.004578 0.006662 0.008168 
0.001122 -0.002432 0.001191 -0.002400 
-0.009274 -0.003683 -0.007164 -0.006945 
-0.009770 0.004279 -0.010659 -0.000372 
0.000422 0.006491 -0.000660 0.006471 
0.011055 0.005498 0.006021 0.010779 
0.003025 -0.003518 0.003312 -0.003249 
-0.007556 0.003436 -0.008200 0.001287 
0.002315 -0.006842 0.003661 -0.006226 
-0.012606 -0.000993 -0.009607 -0.008222 
-0.009554 -0.001773 -0.008258 -0.005121 
0.005801 0.007802 0.002568 0.009377 
-0.007293 0.002562 -0.007689 0.000792 
0.001141 0.013158 -0.007457 0.010901 
0.001858 0.005178 0.001230 0.005362 
0.005016 -0.005448 0.006066 -0.004248 
-0.006123 0.007798 -0.008613 0.004912 
0.005426 0.005031 0.004225 0.006075 
-0.000623 0.004055 -0.000891 0.004005 
-0.000631 -0.005360 -0.000014 -0.005397 
-0.007607 0.004521 -0.008620 0.002000 
-0.003809 -0.000768 -0.003756 -0.000992 
0.001658 0.000621 0.001650 0.000641 
-0.003422 -0.004311 -0.002885 -0.004688 
0.001836 0.010957 -0.003492 0.010546 
0.005251 0.003632 0.004603 0.004424 
-0.002613 0.001204 -0.002650 0.001118 
0.006005 0.014091 -0.007618 0.013289 
0.010313 -0.002827 0.010516 0.001941 
-0.004251 -0.002964 -0.003914 -0.003396 
-0.001571 0.011747 -0.007505 0.009172 
-0.001250 0.008993 -0.004052 0.008125 
0.006079 0.004241 0.005027 0.005447 
-0.002714 -0.009125 0.000643 -0.009498 
-0.000182 -0.010760 0.004573 -0.009742 
-0.015289 -0.002833 -0.006567 -0.014095 
-0.003307 0.006879 -0.004784 0.005947 
0.000616 -0.000559 0.000618 -0.000557 
-0.004144 0.000014 -0.004136 -0.000266 
0.001381 -0.008501 0.003769 -0.007744 
-0.004160 -0.006044 -0.002796 -0.006783 
-0.005421 0.007156 -0.007382 0.005108 
-0.001928 0.002474 -0.002022 0.002398 
-0.007585 0.002085 -0.007864 0.000195 
0.010747 0.010891 -0.002175 0.015145 
0.012413 0.003931 0.007319 0.010769 
0.004215 0.000666 0.004156 0.000966 
-0.001428 -0.008827 0.001375 -0.008836 
-0.007579 0.000447 -0.007485 -0.001269 
-0.000892 0.003994 -0.001153 0.003927 
0.006891 0.001381 0.006495 0.002686 
-0.003780 -0.006311 -0.002361 -0.006967 
-0.004180 0.003480 -0.004555 0.002971 
-0.008480 0.007899 -0.011306 0.002544 
0.006494 0.000161 0.006378 0.001232 
0.003110 -0.006186 0.004215 -0.005493 
0.006527 -0.005357 0.007755 -0.003340 
0.005163 0.002602 0.004777 0.003257 
0.007170 -0.005787 0.008672 -0.003115 
-0.006474 0.003926 -0.007188 0.002379 
0.002822 -0.002209 0.002930 -0.002063 
-0.006597 -0.003174 -0.005787 -0.004485 
-0.004903 -0.006878 -0.002805 -0.007967 
0.001759 0.002422 0.001673 0.002483 
-0.006646 -0.010233 0.000121 -0.012201 
-0.014576 0.005783 -0.013030 -0.008725 
-0.007621 0.007294 -0.009996 0.003373 
0.000214 0.001339 0.000205 0.001341 
0.001621 -0.010345 0.005799 -0.008719 
-0.007954 -0.003911 -0.006387 -0.006146 
0.007007 0.005357 0.005066 0.007219 
-0.003914 -0.004962 -0.003089 -0.005513 
-0.002449 0.000738 -0.002467 0.000674 
-0.004117 0.010513 -0.008665 0.007238 
0.010660 -0.003391 0.010997 0.002053 
-0.003933 -0.010287 0.001233 -0.010944 
-0.007504 -0.001214 -0.007037 -0.002875 
-0.012188 -0.001119 -0.009509 -0.007707 
0.001611 0.000417 0.001606 0.000434 
-0.004562 -0.015002 0.009768 -0.012266 
-0.009012 -0.007103 -0.004311 -0.010634 
0.003240 -0.004630 0.003794 -0.004188 
0.000124 0.001600 0.000108 0.001602 
0.001852 -0.003021 0.001999 -0.002926 
0.008215 0.000002 0.007927 0.002158 
-0.010997 -0.009713 -0.000002 -0.014672 
0.000626 -0.007253 0.002114 -0.006966 
0.007591 -0.002546 0.007986 -0.000571 
0.000267 0.004398 -0.000069 0.004406 
0.003859 0.002168 0.003680 0.002459 
0.001594 -0.002329 0.001667 -0.002278 
0.006916 -0.001480 0.007072 -0.000098 
-0.001895 -0.010607 0.002979 -0.010355 
-0.008103 -0.004859 -0.005936 -0.007351 
0.004082 0.004595 0.003357 0.005148 
0.004293 -0.009679 0.008015 -0.006919 
0.007082 -0.004212 0.007943 -0.002192 
0.004827 -0.011595 0.010672 -0.006623 
-0.001936 -0.006889 -0.000518 -0.007137 
0.003057 -0.007003 0.004572 -0.006123 
-0.002339 -0.008527 0.000353 -0.008835 
-0.010120 0.002219 -0.010140 -0.002125 
-0.000529 0.001018 -0.000534 0.001016 
0.004896 -0.010312 0.009325 -0.006583 
0.003879 -0.011239 0.009229 -0.007495 
-0.008077 -0.008849 -0.002084 -0.011798 
-0.009412 0.007370 -0.011892 0.001216 
0.000219 0.009283 -0.002883 0.008826 
-0.001627 0.002751 -0.001736 0.002683 
-0.007194 0.004906 -0.008318 0.002574 
-0.005743 0.003431 -0.006255 0.002372 
0.005520 0.002732 0.005052 0.003523 
-0.009408 -0.007933 -0.003332 -0.011847 
-0.004481 0.003639 -0.004918 0.003022 
0.007590 -0.001649 0.007765 0.000183 
0.003940 -0.006269 0.005190 -0.005280 
0.002185 0.002528 0.002072 0.002622 
0.009861 0.005944 0.005586 0.010068 
0.002370 0.004521 0.001895 0.004740 
-0.001394 -0.001579 -0.001367 -0.001603 
-0.002523 -0.002198 -0.002424 -0.002307 
-0.003658 -0.010968 0.002344 -0.011321 
0.005217 -0.002159 0.005446 -0.001489 
-0.010161 -0.009731 -0.000395 -0.014063 
-0.009935 0.004639 -0.010958 -0.000398 
-0.003713 0.010717 -0.008444 0.007572 
-0.004077 0.006655 -0.005540 0.005497 
-0.002265 0.004782 -0.002777 0.004504 
0.011097 0.008944 0.001323 0.014191 
0.014173 0.000476 0.009622 0.010418 
0.001342 -0.000861 0.001350 -0.000847 
-0.000517 0.003822 -0.000740 0.003785 
0.004532 -0.009104 0.007765 -0.006566 
0.001017 0.001940 0.000980 0.001959 
0.000916 -0.006719 0.002111 -0.006444 
-0.006355 0.005011 -0.007422 0.003225 
0.002233 0.010796 -0.002987 0.010612 
0.007579 0.004153 0.006050 0.006171 
0.003856 -0.012315 0.010563 -0.007414 
0.003081 -0.004388 0.003557 -0.004012 
-0.000532 -0.001006 -0.000527 -0.001009 
0.004210 0.005009 0.003311 0.005644 
0.002571 -0.011513 0.008191 -0.008490 
-0.007438 -0.010069 -0.000244 -0.012516 
-0.003823 0.006279 -0.005063 0.005330 
0.003401 -0.000348 0.003414 -0.000192 
-0.004637 0.012587 -0.011710 0.006544 
0.013602 -0.002462 0.011616 0.007494 
-0.002245 0.002060 -0.002319 0.001977 
0.008027 -0.000816 0.007971 0.001244 
0.005305 -0.005482 0.006411 -0.004134 
0.004619 0.000871 0.004526 0.001269 
0.005731 0.001884 0.005403 0.002683 
0.001822 -0.013023 0.009610 -0.008975 
0.001539 0.004325 0.001176 0.004437 
0.006035 0.007320 0.003121 0.008959 
0.004474 0.006882 0.002514 0.007814 
0.003739 -0.009116 0.006869 -0.007064 
0.005304 -0.006566 0.006914 -0.004842 
-0.001760 -0.008479 0.000782 -0.008624 
-0.000773 0.005734 -0.001519 0.005583 
-0.006347 -0.002376 -0.005816 -0.003478 
-0.001001 0.013313 -0.009355 0.009524 
0.000878 0.001359 0.000864 0.001368 
-0.005193 -0.009613 -0.000279 -0.010922 
-0.007781 -0.005910 -0.005070 -0.008353 
-0.007650 0.004310 -0.008589 0.001827 
0.001566 0.004982 0.001023 0.005121 
-0.005089 -0.004216 -0.004293 -0.005024 
-0.008392 0.001038 -0.008350 -0.001334 
0.007861 0.008735 0.002211 0.011541 
0.008528 -0.007316 0.010985 -0.002366 
0.002335 -0.006289 0.003406 -0.005779 
0.000472 -0.003401 0.000629 -0.003376 
-0.005031 0.004799 -0.005847 0.003761 
-0.001109 0.015017 -0.012389 0.008560 
0.004813 0.005326 0.003642 0.006186 
-0.006737 0.003582 -0.007375 0.001958 
-0.004203 -0.003022 -0.003862 -0.003448 
-0.000582 0.000538 -0.000584 0.000536 
0.002909 -0.012014 0.009195 -0.008261 
-0.003428 0.007633 -0.005375 0.006413 
-0.000682 0.001439 -0.000697 0.001432 
-0.008945 0.007562 -0.011560 0.001888 
-0.002788 0.010950 -0.007717 0.008254 
-0.002382 -0.001987 -0.002305 -0.002075 
-0.009460 -0.010024 -0.000121 -0.013783 
-0.008609 -0.005714 -0.005529 -0.008729 
-0.001544 0.006797 -0.002808 0.006380 
-0.001475 0.003673 -0.001698 0.003575 
-0.008636 -0.001100 -0.007931 -0.003589 
-0.009228 -0.003185 -0.007419 -0.006344 
-0.010135 -0.005636 -0.005903 -0.009982 
0.001420 -0.007395 0.003022 -0.006898 
0.003571 -0.011418 0.009117 -0.007747 
-0.005208 -0.002071 -0.004913 -0.002697 
0.000621 0.005276 0.000033 0.005312 
0.004728 0.000540 0.004662 0.000959 
0.004991 0.002933 0.004562 0.003563 
0.008325 -0.002262 0.008623 0.000237 
0.000711 0.006113 -0.000204 0.006150 
-0.000162 0.003715 -0.000364 0.003701 
0.005691 -0.006699 0.007436 -0.004688 
-0.003722 -0.002194 -0.003551 -0.002461 
0.004062 0.002531 0.003817 0.002886 
0.000171 -0.005431 0.000799 -0.005375 
-0.007990 0.001959 -0.008224 -0.000213 
0.000271 0.007565 -0.001428 0.007434 
-0.002847 0.011419 -0.008356 0.008288 
0.002528 0.000629 0.002510 0.000696 
-0.005767 0.003829 -0.006383 0.002680 
0.010366 0.005472 0.006071 0.010027 
0.003841 0.004666 0.003133 0.005168 
-0.000088 0.002980 -0.000192 0.002975 
-0.000326 0.000337 -0.000327 0.000336 
0.007275 -0.002168 0.007576 -0.000476 
-0.004851 -0.005343 -0.003662 -0.006219 
-0.000578 -0.003167 -0.000448 -0.003188 
0.002278 -0.003404 0.002498 -0.003247 
0.010037 -0.010365 0.014426 0.000257 
0.007177 -0.000933 0.007216 0.000556 
0.008999 0.005860 0.005519 0.009212 
-0.003457 0.006971 -0.005005 0.005958 
-0.000861 0.014698 -0.011638 0.009018 
0.011996 0.004046 0.007301 0.010342 
0.002982 -0.006772 0.004361 -0.005978 
-0.006291 -0.005430 -0.004602 -0.006919 
-0.002931 0.010094 -0.006909 0.007920 
0.001352 0.009851 -0.002487 0.009628 
0.008155 0.002049 0.007279 0.004210 
0.002678 0.001641 0.002613 0.001743 
-0.001347 0.002728 -0.001446 0.002677 
0.001325 -0.004506 0.001711 -0.004374 
0.001516 -0.002346 0.001587 -0.002299 
-0.004304 -0.007121 -0.002229 -0.008017 
0.009232 0.011350 -0.002324 0.014445 
0.002287 0.002055 0.002209 0.002138 
-0.006848 0.005632 -0.008237 0.003280 
0.003146 0.006577 0.001712 0.007087 
0.006820 0.013017 -0.005278 0.013715 
0.007704 -0.003197 0.008282 -0.000995 
-0.001533 -0.006505 -0.000372 -0.006673 
0.000128 0.003028 0.000019 0.003031 
0.001746 0.004097 0.001422 0.004220 
0.011683 -0.011103 0.015566 0.004180 
0.001197 -0.013539 0.009894 -0.009320 
0.000569 -0.004699 0.000981 -0.004631 
-0.009935 0.000740 -0.009469 -0.003099 
0.008139 0.000585 0.007710 0.002673 
-0.001907 -0.000006 -0.001907 -0.000034 
0.002091 -0.000417 0.002098 -0.000380 
-0.007380 -0.004801 -0.005597 -0.006796 
-0.004739 0.003805 -0.005240 0.003079 
-0.011108 0.009813 -0.014675 -0.002083 
-0.006687 0.004004 -0.007445 0.002306 
0.001257 -0.003306 0.001418 -0.003240 
0.000634 -0.003720 0.000841 -0.003678 
-0.003357 0.004429 -0.003869 0.003990 
-0.000890 0.002296 -0.000945 0.002274 
-0.011505 0.005926 -0.012724 -0.002362 
-0.000351 0.003465 -0.000516 0.003444 
0.003199 -0.005908 0.004193 -0.005250 
0.002268 -0.000038 0.002268 0.000007 
0.003266 0.006914 0.001603 0.007476 
0.006224 -0.009358 0.009933 -0.005257 
0.004223 0.003357 0.003811 0.003818 
0.003018 -0.001316 0.003072 -0.001186 
-0.005910 0.009086 -0.009343 0.005495 
0.006879 0.006911 0.003877 0.008947 
-0.000732 0.003588 -0.000920 0.003544 
-0.000771 -0.002001 -0.000734 -0.002015 
0.008252 0.008180 0.002970 0.011233 
0.002583 0.001580 0.002524 0.001672 
-0.002455 0.005305 -0.003145 0.004928 
-0.000941 -0.002539 -0.000868 -0.002565 
-0.004899 -0.004585 -0.004014 -0.005376 
-0.013905 -0.002489 -0.008074 -0.011591 
-0.003835 0.007261 -0.005604 0.006001 
0.000496 0.002471 0.000434 0.002482 
0.001528 -0.002730 0.001632 -0.002669 
0.005056 -0.005603 0.006175 -0.004339 
0.000366 -0.006151 0.001277 -0.006028 
0.000465 0.001269 0.000456 0.001272 
-0.009458 -0.005744 -0.005719 -0.009474 
-0.005605 -0.000252 -0.005531 -0.000943 
0.001066 -0.009238 0.004088 -0.008352 
-0.007037 -0.004838 -0.005380 -0.006632 
-0.001755 -0.002666 -0.001647 -0.002734 
0.003569 -0.001356 0.003640 -0.001149 
0.001114 -0.013435 0.009652 -0.009412 
0.000830 0.005084 0.000295 0.005143 
0.001495 0.000979 0.001482 0.000998 
-0.009010 -0.000059 -0.008536 -0.002886 
-0.008927 0.000855 -0.008750 -0.001966 
0.002647 0.011061 -0.003079 0.010948 
-0.003335 0.005201 -0.004076 0.004643 
-0.009578 -0.000571 -0.008754 -0.003928 
-0.005419 0.009068 -0.008760 0.005903 
-0.008181 -0.003988 -0.006473 -0.006398 
-0.009730 0.011444 -0.015018 -0.000328 
0.007219 -0.002138 0.007513 -0.000488 
-0.000082 -0.000090 -0.000082 -0.000090 
-0.005110 0.010046 -0.009301 0.006367 
0.013275 0.000280 0.010027 0.008704 
0.008173 0.001778 0.007382 0.003932 
0.004046 -0.006335 0.005344 -0.005287 
-0.006715 -0.003734 -0.005675 -0.005180 
-0.006720 0.003067 -0.007219 0.001564 
0.006870 0.005205 0.005078 0.006964 
0.002620 -0.000884 0.002645 -0.000805 
0.000365 0.009936 -0.003430 0.009332 
0.004792 0.008375 0.001473 0.009536 
0.007542 -0.006635 0.009521 -0.003202 
-0.011607 0.000319 -0.010172 -0.005599 
0.000553 0.005544 -0.000127 0.005570 
0.009419 -0.008722 0.012775 -0.001262 
0.003206 -0.006943 0.004705 -0.006028 
0.002308 -0.005594 0.003088 -0.005205 
-0.001642 -0.009492 0.001856 -0.009452 
-0.005635 -0.003593 -0.004920 -0.004523 
0.001814 0.007291 0.000163 0.007511 
0.005326 -0.011882 0.011537 -0.006038 
-0.013549 0.001928 -0.011328 -0.007680 
-0.013778 0.002656 -0.011702 -0.007743 
-0.001550 -0.011045 0.003826 -0.010476 
-0.001435 -0.013472 0.007832 -0.011056 
-0.011846 -0.010594 0.002419 -0.015707 
-0.013225 -0.000355 -0.009984 -0.008681 
-0.001379 -0.001687 -0.001347 -0.001712 
0.004366 -0.003744 0.004815 -0.003146 
0.000386 -0.005433 0.001017 -0.005351 
0.005701 0.002463 0.005263 0.003297 
0.006987 -0.005700 0.008425 -0.003213 
-0.005125 -0.007926 -0.002091 -0.009204 
-0.003544 0.003696 -0.003906 0.003311 
-0.005333 -0.007476 -0.002607 -0.008805 
0.003149 0.010067 -0.001416 0.010453 
-0.004478 0.001709 -0.004614 0.001298 
-0.001472 0.003023 -0.001605 0.002955 
-0.000592 -0.001518 -0.000576 -0.001524 
0.005637 0.002509 0.005200 0.003323 
0.002243 -0.003378 0.002457 -0.003226 
-0.000008 -0.006244 0.000947 -0.006172 
-0.007164 -0.001343 -0.006729 -0.002801 
-0.009354 -0.005266 -0.006102 -0.008831 
-0.008772 -0.001909 -0.007739 -0.004549 
-0.000758 -0.005048 -0.000237 -0.005099 
-0.007907 -0.005416 -0.005480 -0.007863 
-0.002463 -0.010475 0.002398 -0.010490 
-0.005345 -0.011814 0.003043 -0.012605 
-0.013442 -0.001975 -0.008736 -0.010405 
-0.009207 0.007017 -0.011487 0.001430 
-0.001254 0.008765 -0.003856 0.007970 
0.003890 -0.000600 0.003920 -0.000362 
-0.014771 0.004579 -0.012399 -0.009243 
-0.004203 0.007298 -0.006051 0.005857 
-0.000648 0.010062 -0.004516 0.009015 
0.010573 -0.002001 0.010375 0.002856 
0.005927 -0.003277 0.006419 -0.002160 
0.003737 -0.009008 0.006771 -0.007018 
-0.003013 0.011652 -0.008826 0.008183 
-0.000974 0.009979 -0.004745 0.008833 
0.006010 0.000805 0.005831 0.001664 
0.006625 -0.000973 0.006693 0.000205 
-0.000631 0.002521 -0.000698 0.002503 
-0.000215 -0.005945 0.000613 -0.005918 
0.004368 0.007613 0.001895 0.008570 
-0.001194 -0.013250 0.007585 -0.010930 
0.000474 -0.001251 0.000483 -0.001248 
-0.004591 0.003161 -0.004942 0.002577 
0.003728 0.009186 -0.000013 0.009914 
-0.001607 -0.007875 0.000425 -0.008025 
-0.005865 0.001342 -0.005996 0.000495 
0.002622 -0.001328 0.002666 -0.001238 
0.002642 -0.000818 0.002666 -0.000738 
0.002460 -0.011800 0.008454 -0.008592 
-0.004374 -0.009276 -0.000274 -0.010252 
-0.002386 0.014600 -0.012631 0.007701 
0.003525 0.001904 0.003397 0.002123 
-0.007952 0.004423 -0.008950 0.001645 
0.006688 -0.002569 0.007067 -0.001174 
-0.007244 -0.003479 -0.006136 -0.005189 
0.001113 0.004410 0.000751 0.004486 
0.000196 -0.007895 0.002109 -0.007611 
0.001543 -0.004382 0.001909 -0.004235 
0.002806 -0.005486 0.003591 -0.005007 
0.004053 0.000247 0.004028 0.000510 
0.000095 -0.004364 0.000422 -0.004344 
-0.001300 -0.001885 -0.001260 -0.001911 
-0.001682 0.010565 -0.006113 0.008779 
0.013096 -0.001447 0.011070 0.007144 
-0.003723 -0.006122 -0.002419 -0.006744 
-0.003622 -0.005591 -0.002595 -0.006135 
-0.002842 -0.011472 0.003570 -0.011266 
-0.008883 0.005402 -0.010321 0.001255 
0.014809 0.002940 0.006941 0.013408 
0.006247 -0.004702 0.007187 -0.003078 
0.001608 0.002525 0.001518 0.002580 
0.006402 -0.009276 0.010065 -0.005072 
-0.007127 -0.004941 -0.005376 -0.006806 
-0.002036 -0.002265 -0.001952 -0.002338 
-0.007077 -0.003598 -0.005977 -0.005226 
0.000611 -0.006452 0.001665 -0.006264 
-0.001399 -0.007080 0.000071 -0.007216 
0.004948 -0.009676 0.008761 -0.006431 
-0.000458 -0.001189 -0.000450 -0.001192 
0.002434 0.005889 0.001466 0.006202 
0.003098 -0.001457 0.003162 -0.001313 
-0.000942 0.006781 -0.002170 0.006493 
0.006718 0.005990 0.004502 0.007794 
-0.001789 0.004111 -0.002109 0.003956 
0.003631 0.005715 0.002546 0.006274 
-0.002466 0.006299 -0.003554 0.005756 
-0.000586 0.010038 -0.004430 0.009027 
0.013287 0.003155 0.007752 0.011242 
0.002916 0.006774 0.001410 0.007239 
0.004977 0.007212 0.002605 0.008367 
-0.001487 -0.011814 0.004994 -0.010809 
-0.014207 0.007123 -0.013718 -0.008025 
-0.006576 0.005572 -0.007902 0.003440 
-0.012448 -0.003887 -0.007350 -0.010772 
-0.008760 -0.002120 -0.007650 -0.004765 
-0.005119 -0.000166 -0.005075 -0.000693 
0.009909 0.007061 0.004389 0.011348 
0.007611 -0.002269 0.007935 -0.000329 
0.005379 0.005624 0.003900 0.006735 
0.003337 0.005067 0.002571 0.005495 
0.004575 -0.006351 0.005959 -0.005074 
-0.000030 -0.007328 0.001508 -0.007171 
-0.011994 -0.002155 -0.008814 -0.008415 
0.000018 0.002704 -0.000060 0.002703 
-0.003240 -0.010273 0.001622 -0.010649 
-0.010303 0.005788 -0.011809 -0.000446 
-0.004025 0.000987 -0.004083 0.000712 
-0.003522 -0.006454 -0.002080 -0.007053 
-0.010238 -0.010911 0.001901 -0.014841 
-0.013859 -0.001154 -0.009238 -0.010394 
0.006367 -0.000806 0.006413 0.000232 
-0.001019 -0.012671 0.006707 -0.010799 
-0.006392 0.000970 -0.006464 -0.000090 
0.001066 -0.007627 0.002801 -0.007174 
-0.000140 -0.006519 0.000947 -0.006451 
-0.004957 -0.006148 -0.003315 -0.007168 
-0.003862 0.007354 -0.005693 0.006048 
0.004765 -0.000032 0.004749 0.000393 
0.003869 0.003483 0.003476 0.003875 
0.005917 -0.007985 0.008502 -0.005147 
-0.002775 0.002127 -0.002874 0.001991 
0.008407 0.004316 0.006407 0.006947 
0.002756 0.007252 0.000977 0.007696 
-0.002310 0.009266 -0.005417 0.007864 
0.009068 -0.000605 0.008787 0.002323 
0.000656 -0.003744 0.000867 -0.003701 
-0.002122 0.002179 -0.002200 0.002100 
-0.001451 0.004759 -0.001907 0.004595 
0.001547 -0.001391 0.001571 -0.001364 
-0.001717 0.006069 -0.002642 0.005727 
-0.007292 -0.001342 -0.006834 -0.002877 
0.000835 0.013864 -0.008938 0.010631 
0.009318 0.007730 0.003594 0.011562 
0.003341 -0.013718 0.012056 -0.007348 
-0.002496 -0.005961 -0.001487 -0.006289 
0.002385 -0.001147 0.002415 -0.001081 
-0.003086 -0.001004 -0.003041 -0.001131 
-0.008908 0.001612 -0.008959 -0.001294 
0.009587 0.009154 0.001547 0.013165 
0.005604 0.000893 0.005446 0.001594 
0.007244 0.004134 0.005856 0.005939 
-0.001711 -0.000526 -0.001704 -0.000548 
-0.003691 0.007734 -0.005741 0.006361 
-0.001823 -0.003561 -0.001596 -0.003668 
0.000245 -0.003721 0.000448 -0.003702 
-0.000146 -0.006691 0.001030 -0.006613 
-0.002519 0.003780 -0.002818 0.003563 
0.006250 -0.003100 0.006726 -0.001854 
0.002187 -0.003890 0.002485 -0.003707 
-0.002394 0.004801 -0.002922 0.004499 
0.006615 -0.001827 0.006838 -0.000577 
0.001249 -0.008258 0.003441 -0.007610 
0.001705 -0.009802 0.005300 -0.008420 
-0.013784 -0.002085 -0.008501 -0.011049 
-0.005058 0.012077 -0.011494 0.006271 
0.001203 0.005784 0.000400 0.005894 
-0.002289 -0.002860 -0.002135 -0.002977 
-0.002765 -0.004182 -0.002338 -0.004434 
0.003730 -0.002488 0.003915 -0.002185 
0.002121 0.008412 -0.000427 0.008665 
0.010618 -0.001557 0.010228 0.003250 
0.010572 -0.001675 0.010245 0.003100 
0.010383 -0.000358 0.009608 0.003954 
0.003344 -0.009156 0.006458 -0.007302 
-0.004221 0.010887 -0.009193 0.007199 
0.006254 0.004310 0.005123 0.005607 
-0.001348 0.000127 -0.001349 0.000117 
-0.001166 0.004641 -0.001579 0.004517 
-0.011701 0.006640 -0.013196 -0.002624 
-0.003665 0.010301 -0.007936 0.007521 
-0.004233 0.005018 -0.005020 0.004231 
0.002999 0.007903 0.000688 0.008425 
0.005055 -0.004517 0.005785 -0.003534 
-0.005160 -0.000365 -0.005093 -0.000906 
-0.001803 0.003826 -0.002067 0.003690 
-0.001281 0.002846 -0.001390 0.002795 
-0.007032 0.002053 -0.007306 0.000533 
0.006551 -0.004721 0.007535 -0.002903 
-0.011321 -0.002163 -0.008729 -0.007526 
-0.004890 -0.001048 -0.004763 -0.001523 
0.002650 0.001437 0.002597 0.001531 
-0.001042 0.005089 -0.001576 0.004949 
0.008256 -0.003922 0.009080 -0.001046 
-0.009491 0.000935 -0.009217 -0.002450 
0.000210 0.003930 -0.000030 0.003935 
0.001431 -0.003287 0.001595 -0.003211 
0.002865 -0.007255 0.004504 -0.006368 
0.004021 0.002053 0.003844 0.002368 
0.006374 -0.009301 0.010055 -0.005103 
-0.014061 0.000286 -0.010212 -0.009669 
-0.007660 0.008539 -0.010883 0.003627 
0.010915 0.010378 -0.001235 0.015010 
0.013797 0.000138 0.010008 0.009499 
0.008928 0.000777 0.008244 0.003513 
0.002968 0.001432 0.002904 0.001557 
0.004236 0.000041 0.004223 0.000340 
-0.000889 0.001826 -0.000919 0.001812 
-0.005861 -0.010688 0.001012 -0.012147 
-0.012858 -0.002207 -0.008709 -0.009713 
-0.008237 0.007582 -0.010846 0.002778 
-0.002029 0.006600 -0.003224 0.006106 
-0.004476 0.005846 -0.005612 0.004766 
0.007678 0.000851 0.007269 0.002615 
-0.006278 -0.006862 -0.003626 -0.008565 
0.005755 -0.002092 0.006000 -0.001223 
0.001220 -0.013808 0.010362 -0.009207 
-0.001989 -0.011684 0.004443 -0.010988 
-0.003424 -0.004479 -0.002839 -0.004872 
-0.008990 -0.005847 -0.005528 -0.009189 
-0.004452 0.004048 -0.004981 0.003375 
-0.008946 0.006622 -0.011006 0.001660 
0.011963 0.005240 0.006108 0.011544 
0.001327 -0.000257 0.001329 -0.000247 
-0.001883 0.007558 -0.003617 0.006898 
-0.001346 0.002822 -0.001453 0.002768 
-0.001344 -0.005230 -0.000737 -0.005349 
-0.008283 0.008926 -0.011830 0.002885 
0.003140 0.003929 0.002734 0.004222 
0.002517 -0.002895 0.002681 -0.002744 
-0.008632 -0.005313 -0.005846 -0.008280 
0.011484 0.002944 0.008225 0.008539 
-0.005316 0.003194 -0.005736 0.002356 
-0.005313 0.007391 -0.007400 0.005300 
-0.002084 -0.001003 -0.002062 -0.001046 
0.001581 -0.008807 0.004232 -0.007884 
-0.001941 0.001459 -0.001975 0.001413 
0.000770 -0.002283 0.000822 -0.002265 
0.004600 0.004000 0.003968 0.004627 
0.001949 0.005381 0.001241 0.005587 
0.012690 -0.001397 0.011004 0.006474 
0.000694 0.007049 -0.000702 0.007048 
-0.004182 0.005286 -0.005055 0.004458 
-0.002947 -0.001543 -0.002877 -0.001670 
-0.002972 0.000002 -0.002970 -0.000101 
-0.002316 -0.010115 0.002049 -0.010173 
-0.007245 -0.000065 -0.007077 -0.001550 
0.009103 0.009896 0.000432 0.013439 
0.002266 0.005914 0.001308 0.006196 
-0.010302 -0.000042 -0.009400 -0.004218 
0.007116 0.000286 0.006918 0.001691 
-0.003555 -0.008903 -0.000174 -0.009585 
-0.011086 0.001279 -0.010383 -0.004090 
-0.003751 0.007803 -0.005858 0.006375 
-0.002795 -0.003208 -0.002560 -0.003399 
0.003259 0.006805 0.001665 0.007359 
-0.007888 -0.002595 -0.006904 -0.004614 
-0.001569 -0.003372 -0.001383 -0.003452 
-0.009137 -0.008318 -0.002834 -0.012026 
-0.009822 0.005783 -0.011396 0.000238 
-0.001445 -0.004606 -0.001017 -0.004719 
-0.006418 -0.007246 -0.003375 -0.009072 
-0.004064 -0.007852 -0.001495 -0.008714 
-0.007421 -0.001923 -0.006783 -0.003573 
-0.013955 0.000820 -0.010598 -0.009117 
-0.000862 -0.009333 0.002352 -0.009073 
-0.001025 0.000863 -0.001031 0.000856 
-0.004853 0.003798 -0.005365 0.003033 
-0.004455 -0.001624 -0.004294 -0.002011 
0.003193 -0.004004 0.003588 -0.003654 
-0.005557 -0.008210 -0.002049 -0.009700 
0.005047 -0.001326 0.005159 -0.000778 
-0.004895 -0.009014 -0.000855 -0.010222 
-0.000857 0.011610 -0.006641 0.009562 
0.007990 0.005135 0.005707 0.007593 
-0.002373 0.004151 -0.002736 0.003921 
-0.005545 0.010607 -0.010356 0.006002 
0.013740 -0.000110 0.010193 0.009215 
0.001661 0.001957 0.001609 0.001999 
0.008290 0.008412 0.002682 0.011502 
-0.007926 -0.000812 -0.007479 -0.002746 
0.002715 0.013653 -0.007469 0.011747 
0.000114 -0.000020 0.000114 -0.000020 
-0.003463 -0.008808 -0.000208 -0.009462 
-0.009966 -0.000403 -0.009058 -0.004175 
-0.003920 -0.001523 -0.003805 -0.001792 
-0.008984 0.009290 -0.012789 0.001865 
-0.006211 0.001734 -0.006411 0.000699 
0.001622 -0.004324 0.001979 -0.004172 
-0.001572 0.001070 -0.001587 0.001048 
0.006146 0.003049 0.005479 0.004129 
0.004927 0.006574 0.003028 0.007637 
0.001293 0.011686 -0.004942 0.010668 
0.007049 0.005510 0.004995 0.007423 
-0.001170 -0.002765 -0.001071 -0.002804 
0.007546 0.014946 -0.009940 0.013472 
0.013660 0.002189 0.008468 0.010940 
0.006067 0.004610 0.004865 0.005865 
0.001244 0.002168 0.001190 0.002198 
0.005576 -0.003160 0.006012 -0.002221 
-0.003171 0.002525 -0.003327 0.002315 
0.004809 -0.007094 0.006632 -0.005429 
-0.000727 0.002886 -0.000827 0.002859 
0.005914 0.003288 0.005229 0.004295 
0.015121 0.001839 0.007787 0.013092 
0.009368 0.004478 0.006694 0.007938 
0.003346 0.002807 0.003126 0.003050 
-0.004963 0.008148 -0.007504 0.005891 
0.013466 -0.000962 0.010780 0.008126 
0.000876 0.009397 -0.002404 0.009126 
-0.001900 0.013687 -0.010732 0.008704 
-0.007466 0.004043 -0.008300 0.001791 
-0.007627 0.004068 -0.008478 0.001683 
0.001168 -0.002861 0.001275 -0.002815 
-0.009205 0.011346 -0.014593 0.000717 
-0.006638 0.009212 -0.010277 0.004826 
-0.009137 0.009634 -0.013186 0.001563 
0.003208 0.007328 0.001281 0.007896 
0.004632 0.003057 0.004228 0.003595 
0.002084 0.000327 0.002078 0.000363 
-0.003771 -0.001769 -0.003642 -0.002022 
0.006178 -0.006410 0.007847 -0.004205 
-0.011415 -0.002441 -0.008566 -0.007930 
-0.003437 0.005148 -0.004171 0.004574 
0.006319 0.002225 0.005829 0.003301 
0.007609 -0.006849 0.009716 -0.003225 
-0.012756 0.000830 -0.010706 -0.006985 
0.000322 0.005560 -0.000357 0.005558 
0.006129 0.001043 0.005900 0.001959 
0.009416 0.004881 0.006417 0.008445 
0.010997 -0.012349 0.016089 0.003816 
0.003071 -0.013207 0.011045 -0.007865 
0.000044 -0.011805 0.006193 -0.010051 
-0.007267 -0.003241 -0.006243 -0.004933 
-0.009717 -0.000865 -0.008727 -0.004360 
-0.007627 0.006816 -0.009717 0.003194 
-0.006764 0.011334 -0.012412 0.004490 
0.002880 0.004472 0.002365 0.004764 
0.001632 -0.001836 0.001675 -0.001796 
0.008053 -0.003791 0.008828 -0.001138 
0.004999 0.001606 0.004796 0.002138 
0.007450 0.001504 0.006920 0.003145 
-0.000849 -0.001924 -0.000816 -0.001939 
0.005275 0.011012 -0.001705 0.012091 
-0.000159 0.002762 -0.000242 0.002756 
0.006870 0.014633 -0.008987 0.013437 
0.006260 0.007917 0.002674 0.009733 
-0.006047 0.004372 -0.006853 0.002953 
-0.002722 0.006619 -0.003993 0.005940 
-0.003800 -0.003207 -0.003471 -0.003561 
-0.007089 0.006803 -0.009106 0.003689 
-0.003192 0.006443 -0.004428 0.005665 
0.001849 -0.007437 0.003503 -0.006816 
-0.000460 0.006136 -0.001365 0.005999 
-0.005002 -0.004085 -0.004267 -0.004847 
-0.003276 0.004480 -0.003794 0.004051 
0.004593 -0.000394 0.004610 -0.000009 
-0.009791 -0.007326 -0.004078 -0.011528 
-0.006072 0.008570 -0.009114 0.005220 
-0.002179 -0.002111 -0.002101 -0.002189 
-0.001468 -0.003178 -0.001313 -0.003245 
0.001015 -0.001841 0.001047 -0.001823 
-0.009561 0.007539 -0.012133 0.001024 
-0.004021 0.005994 -0.005158 0.005049 
-0.010857 -0.000160 -0.009638 -0.005001 
0.012081 0.012548 -0.007223 0.015850 
0.000145 0.002045 0.000111 0.002047 
-0.004901 0.007136 -0.006764 0.005403 
0.005363 0.005082 0.004156 0.006109 
-0.000622 -0.002763 -0.000535 -0.002781 
0.003257 0.004262 0.002755 0.004602 
-0.001075 -0.001095 -0.001065 -0.001105 
0.001747 0.002732 0.001632 0.002802 
-0.002305 -0.000024 -0.002304 -0.000072 
0.003277 -0.000653 0.003302 -0.000509 
0.008147 -0.005061 0.009412 -0.001847 
0.002479 -0.002039 0.002560 -0.001937 
-0.001423 -0.001986 -0.001376 -0.002019 
-0.002169 -0.007598 -0.000256 -0.007897 
-0.008311 -0.000978 -0.007731 -0.003203 
0.004988 -0.001091 0.005073 -0.000574 
0.006497 -0.001043 0.006580 0.000074 
-0.001298 -0.000606 -0.001293 -0.000617 
-0.011168 -0.003702 -0.007633 -0.008953 
-0.004039 -0.005880 -0.002789 -0.006566 
-0.006849 0.006345 -0.008584 0.003672 
0.013089 -0.001601 0.011154 0.007034 
0.011243 -0.010870 0.015345 0.003014 
0.006108 -0.008548 0.009138 -0.005183 
0.002511 -0.014211 0.012100 -0.007864 
-0.005736 -0.007348 -0.002939 -0.008847 
0.001825 -0.001277 0.001850 -0.001241 
0.003625 -0.003496 0.003956 -0.003117 
0.001648 0.007450 -0.000087 0.007629 
0.003187 -0.001084 0.003232 -0.000941 
0.001272 0.001509 0.001249 0.001528 
-0.001284 -0.010260 0.003019 -0.009890 
0.000875 -0.009343 0.003997 -0.008490 
0.000810 -0.007536 0.002479 -0.007163 
-0.008744 0.003166 -0.009299 0.000065 
-0.000566 0.007966 -0.002527 0.007575 
0.003272 0.008475 0.000396 0.009076 
0.003556 -0.008669 0.006282 -0.006952 
-0.014348 0.007206 -0.013695 -0.008380 
-0.002829 0.000121 -0.002832 0.000031 
0.000297 -0.008562 0.002724 -0.008123 
0.000997 -0.008682 0.003523 -0.007997 
-0.008279 -0.004115 -0.006457 -0.006617 
0.005203 0.009004 0.001021 0.010349 
0.009861 -0.005666 0.011372 -0.000142 
0.004491 -0.000105 0.004485 0.000251 
0.002437 0.002727 0.002291 0.002852 
0.006849 -0.004448 0.007769 -0.002518 
-0.006902 -0.005902 -0.004659 -0.007795 
0.010455 0.012145 -0.004734 0.015310 
0.009484 0.004909 0.006414 0.008538 
-0.002218 -0.007298 -0.000503 -0.007611 
-0.010095 0.011102 -0.014984 -0.000799 
0.010139 0.011511 -0.003106 0.015021 
0.009493 -0.005706 0.011057 -0.000647 
0.003661 -0.009867 0.007484 -0.007399 
0.006352 -0.009659 0.010342 -0.005165 
0.009110 -0.009729 0.013234 -0.001584 
-0.006968 0.002480 -0.007337 0.000934 
0.003822 0.008723 0.000533 0.009509 
0.003958 -0.004458 0.004541 -0.003863 
-0.008501 0.003734 -0.009259 0.000692 
-0.002698 0.005503 -0.003479 0.005046 
-0.004094 0.008358 -0.006653 0.006508 
0.005930 0.004348 0.004878 0.005502 
-0.006519 -0.001972 -0.006053 -0.003122 
0.001260 0.001446 0.001239 0.001464 
-0.006835 -0.005740 -0.004731 -0.007568 
-0.005611 0.005381 -0.006720 0.003908 
0.004767 -0.011478 0.010468 -0.006699 
-0.012589 -0.001915 -0.008971 -0.009038 
-0.008189 -0.005462 -0.005568 -0.008118 
-0.014661 0.007256 -0.013560 -0.009149 
0.001288 0.012740 -0.006633 0.010953 
-0.003337 0.002483 -0.003499 0.002250 
0.005383 0.003314 0.004797 0.004116 
0.001215 0.001682 0.001187 0.001702 
-0.002132 0.007077 -0.003593 0.006459 
-0.005268 0.009651 -0.009103 0.006166 
-0.005213 0.001383 -0.005336 0.000778 
0.005354 0.003580 0.004701 0.004403 
-0.001372 -0.009839 0.002456 -0.009626 
-0.007215 -0.008847 -0.001945 -0.011249 
-0.004606 0.000680 -0.004647 0.000285 
0.007852 0.000678 0.007454 0.002558 
-0.003827 -0.009463 0.000264 -0.010204 
-0.009704 0.010212 -0.014081 0.000422 
-0.007512 0.005043 -0.008722 0.002405 
-0.002350 0.006192 -0.003379 0.005696 
0.003387 0.000138 0.003377 0.000291 
0.001138 0.000118 0.001137 0.000124 
-0.006002 -0.004031 -0.005052 -0.005173 
0.000204 -0.003657 0.000396 -0.003641 
-0.001574 0.004068 -0.001873 0.003938 
0.008136 0.008253 0.002864 0.011230 
0.003631 0.003385 0.003286 0.003721 
0.007312 0.007121 0.003868 0.009445 
0.008048 -0.006709 0.010118 -0.002723 
-0.006904 -0.003271 -0.005978 -0.004757 
0.004825 0.007318 0.002426 0.008423 
-0.001309 -0.001968 -0.001266 -0.001996 
-0.004005 0.010830 -0.008893 0.007366 
-0.006162 0.006244 -0.007744 0.004122 
-0.001717 0.001610 -0.001751 0.001572 
-0.003643 0.003641 -0.004003 0.003242 
0.005107 -0.003822 0.005650 -0.002959 
0.007418 -0.008750 0.010777 -0.003930 
-0.004425 -0.003784 -0.003883 -0.004339 
-0.001522 0.002095 -0.001577 0.002054 
-0.004970 0.003986 -0.005541 0.003145 
0.003643 -0.000848 0.003684 -0.000646 
0.001839 0.002862 0.001707 0.002943 
0.008150 -0.006137 0.009920 -0.002384 
0.004065 0.001484 0.003945 0.001780 
0.007457 0.000067 0.007264 0.001685 
0.003336 -0.001350 0.003401 -0.001178 
-0.006290 0.001732 -0.006491 0.000659 
-0.001694 0.001770 -0.001735 0.001730 
0.000295 0.012134 -0.006400 0.010313 
0.013549 -0.006305 0.013499 0.006411 
0.005737 -0.006416 0.007339 -0.004496 
0.007827 -0.008984 0.011400 -0.003468 
-0.002639 -0.003139 -0.002426 -0.003307 
0.001853 0.008517 -0.000738 0.008685 
0.009927 -0.006518 0.011872 -0.000308 
0.000940 0.006060 0.000036 0.006133 
0.001246 -0.005743 0.002013 -0.005522 
-0.005998 -0.005835 -0.004184 -0.007247 
0.001782 -0.002345 0.001861 -0.002283 
0.002720 0.001277 0.002673 0.001372 
-0.000833 -0.005534 -0.000146 -0.005594 
-0.008330 -0.000620 -0.007850 -0.002856 
-0.003316 0.001541 -0.003392 0.001365 
-0.007972 -0.003559 -0.006564 -0.005756 
-0.002075 -0.000026 -0.002074 -0.000061 
0.002098 -0.002804 0.002231 -0.002699 
-0.001287 -0.008866 0.001530 -0.008827 
-0.001173 0.002296 -0.001233 0.002265 
0.002742 -0.006816 0.004117 -0.006084 
-0.002079 -0.003785 -0.001796 -0.003927 
0.000279 -0.002343 0.000330 -0.002336 
-0.000263 0.001797 -0.000287 0.001794 
0.002681 -0.011689 0.008532 -0.008428 
-0.008371 0.005039 -0.009636 0.001616 
0.008281 0.004275 0.006369 0.006804 
-0.002817 -0.001594 -0.002748 -0.001709 
-0.000070 0.008622 -0.002554 0.008235 
-0.004095 0.004874 -0.004817 0.004161 
-0.003961 0.004943 -0.004689 0.004259 
0.006198 0.003254 0.005460 0.004382 
0.001488 0.008563 -0.001086 0.008623 
0.004108 -0.005952 0.005237 -0.004986 
-0.006497 0.007319 -0.008735 0.004414 
0.002412 0.002652 0.002275 0.002770 
-0.002998 0.004799 -0.003577 0.004384 
0.011415 -0.003976 0.011741 0.002871 
0.005213 -0.008342 0.007941 -0.005807 
0.002974 -0.000379 0.002985 -0.000274 
0.010074 0.004865 0.006576 0.009051 
0.003162 0.006087 0.001987 0.006565 
0.010656 -0.000513 0.009827 0.004153 
-0.002052 -0.013082 0.006745 -0.011395 
-0.000510 -0.000697 -0.000508 -0.000698 
-0.003752 0.000964 -0.003802 0.000741 
0.000090 -0.002842 0.000180 -0.002838 
0.004769 -0.008534 0.007569 -0.006186 
0.004103 -0.003024 0.004391 -0.002590 
-0.000265 0.004999 -0.000756 0.004949 
0.005460 -0.004076 0.006110 -0.003016 
-0.010002 -0.002965 -0.007867 -0.006852 
-0.011488 0.010280 -0.015092 -0.003142 
-0.005366 0.005208 -0.006373 0.003911 
-0.001932 -0.002257 -0.001853 -0.002323 
0.001517 0.000994 0.001504 0.001014 
0.008941 -0.001262 0.008883 0.001623 
-0.008439 -0.005632 -0.005536 -0.008503 
0.003370 0.009838 -0.000993 0.010352 
0.005165 -0.006820 0.006890 -0.005072 
-0.004909 -0.002563 -0.004565 -0.003136 
0.006507 0.004871 0.005036 0.006380 
-0.005208 -0.009603 -0.000297 -0.010921 
-0.005884 0.000672 -0.005921 -0.000144 
-0.000794 0.007684 -0.002560 0.007288 
0.004180 0.005364 0.003140 0.006032 
-0.000810 0.004058 -0.001081 0.003995 
-0.009112 -0.001203 -0.008220 -0.004112 
-0.004527 -0.002375 -0.004259 -0.002827 
-0.000480 0.001130 -0.000486 0.001127 
0.001949 -0.003834 0.002222 -0.003682 
0.005562 0.002224 0.005194 0.002985 
0.010289 -0.002736 0.010463 0.001971 
0.003290 -0.009231 0.006465 -0.007365 
0.007124 -0.004276 0.008010 -0.002207 
0.007067 0.003937 0.005831 0.005607 
-0.004372 0.005238 -0.005254 0.004354 
-0.001676 -0.005462 -0.000962 -0.005632 
0.002661 0.004739 0.002093 0.005016 
0.012302 0.001558 0.009231 0.008281 
0.004797 0.000596 0.004722 0.001034 
-0.000530 0.001733 -0.000553 0.001726 
0.005381 0.000873 0.005242 0.001495 
0.010978 -0.011616 0.015690 0.003044 
-0.001989 -0.013280 0.007144 -0.011370 
0.001635 -0.006745 0.002877 -0.006316 
-0.009734 -0.006615 -0.004894 -0.010703 
-0.003641 0.002734 -0.003851 0.002428 
0.008448 -0.002150 0.008706 0.000434 
-0.000350 -0.005062 0.000164 -0.005071 
0.004385 0.000390 0.004343 0.000723 
-0.008052 0.004047 -0.008916 0.001312 
0.003052 -0.007667 0.004973 -0.006585 
-0.000699 -0.003254 -0.000557 -0.003281 
0.005379 -0.003915 0.005976 -0.002923 
0.000850 -0.009428 0.004054 -0.008555 
-0.013261 0.001524 -0.011115 -0.007391 
-0.007823 0.008370 -0.010936 0.003414 
-0.001995 0.004788 -0.002490 0.004550 
0.001425 -0.001346 0.001445 -0.001324 
0.002370 -0.003839 0.002670 -0.003637 
0.002500 0.006157 0.001397 0.006497 
-0.002239 -0.010692 0.002842 -0.010548 
-0.002832 -0.000919 -0.002798 -0.001017 
-0.001073 -0.009657 0.002506 -0.009387 
-0.000717 -0.001406 -0.000704 -0.001413 
0.001529 0.003516 0.001323 0.003598 
-0.007971 0.001549 -0.008102 -0.000549 
-0.000158 0.004967 -0.000639 0.004929 
-0.008061 0.001362 -0.008138 -0.000781 
0.001406 -0.000736 0.001413 -0.000722 
0.007725 0.000790 0.007323 0.002585 
0.005564 -0.008729 0.008650 -0.005687 
-0.001902 -0.002537 -0.001800 -0.002610 
0.000889 0.006331 -0.000136 0.006391 
0.002909 -0.000216 0.002914 -0.000118 
-0.001468 0.003064 -0.001606 0.002994 
0.003129 -0.002456 0.003276 -0.002256 
0.000968 0.002196 0.000918 0.002217 
-0.003180 0.009571 -0.006658 0.007575 
-0.007594 0.003315 -0.008204 0.001168 
-0.009700 -0.003750 -0.007286 -0.007421 
-0.003613 -0.006640 -0.002042 -0.007278 
-0.011579 -0.003261 -0.007993 -0.008990 
0.004200 0.009975 -0.000675 0.010802 
0.003201 -0.011004 0.008220 -0.007985 
0.000002 -0.002746 0.000084 -0.002745 
0.007374 0.002641 0.006528 0.004328 
0.007278 -0.000557 0.007234 0.000971 
-0.014382 -0.003846 -0.006304 -0.013487 
-0.007669 0.003001 -0.008189 0.000872 
0.002164 -0.004891 0.002700 -0.004617 
-0.010867 -0.006569 -0.004857 -0.011733 
0.006116 -0.001417 0.006261 -0.000455 
0.001055 -0.013440 0.009610 -0.009454 
-0.001793 -0.013385 0.007453 -0.011262 
-0.002267 0.001696 -0.002319 0.001624 
0.005931 0.002729 0.005392 0.003681 
0.006380 -0.005701 0.007737 -0.003653 
-0.013514 -0.001380 -0.009187 -0.010007 
-0.009952 0.003334 -0.010432 -0.001156 
0.001423 0.002737 0.001319 0.002788 
-0.010734 -0.006280 -0.005216 -0.011289 
0.002918 0.007787 0.000717 0.008285 
0.011276 -0.005756 0.012501 0.002002 
-0.002175 -0.012277 0.005270 -0.011299 
-0.014329 0.008331 -0.014091 -0.008728 
0.002526 0.013068 -0.006454 0.011641 
-0.007318 0.005280 -0.008609 0.002706 
-0.009343 -0.000805 -0.008516 -0.003926 
-0.004778 0.003664 -0.005250 0.002947 
0.004963 -0.001436 0.005086 -0.000908 
-0.000881 -0.003750 -0.000660 -0.003795 
-0.001583 0.002114 -0.001640 0.002070 
-0.004506 0.009631 -0.008213 0.006754 
0.001258 0.011993 -0.005438 0.010763 
0.008701 0.005323 0.005862 0.008347 
0.004940 0.002759 0.004554 0.003358 
-0.002378 -0.002744 -0.002233 -0.002864 
-0.003296 -0.002116 -0.003162 -0.002311 
-0.000606 0.009646 -0.004032 0.008784 
0.004243 0.001476 0.004112 0.001808 
-0.007626 -0.004706 -0.005786 -0.006844 
0.000308 -0.003746 0.000515 -0.003723 
-0.000667 -0.002170 -0.000623 -0.002183 
0.001017 -0.000666 0.001021 -0.000661 
-0.007322 0.010612 -0.012268 0.003965 
0.006566 0.006060 0.004372 0.007792 
0.005229 -0.000124 0.005212 0.000438 
0.002407 -0.002575 0.002530 -0.002455 
0.008975 0.000715 0.008298 0.003494 
0.003748 -0.012794 0.011105 -0.007377 
0.005222 -0.007182 0.007166 -0.005245 
-0.003470 0.000291 -0.003480 0.000126 
0.011258 0.003290 0.007952 0.008621 
0.007605 0.000896 0.007198 0.002611 
0.004888 -0.011246 0.010331 -0.006606 
