-0.006029 0.008539 -0.009392 0.004590 
-0.034741 -0.007990 -0.034739 0.008000 
-0.012246 0.037873 -0.038340 0.010694 
-0.015966 0.006115 -0.009589 -0.014155 
-0.011311 0.011719 -0.014911 -0.006552 
0.002401 0.002638 0.002243 0.002774 
0.011789 0.004855 0.005365 0.011566 
0.003639 -0.023375 0.009632 0.021607 
-0.016683 0.007099 -0.008127 -0.016208 
-0.027900 -0.008839 0.013399 0.026019 
0.000256 -0.019251 0.019056 0.002748 
-0.005629 -0.023737 0.014641 0.019514 
0.005849 0.006684 0.003103 0.008322 
0.013666 0.023504 -0.007423 -0.026155 
-0.007177 -0.020361 0.021026 0.004897 
-0.002253 -0.000995 -0.002224 -0.001057 
0.012133 -0.010993 0.014417 0.007759 
0.012774 -0.027984 -0.030711 -0.001771 
-0.007066 -0.023564 0.015009 0.019491 
0.007704 -0.013158 0.015243 0.000390 
-0.002351 0.011709 -0.008992 0.007859 
-0.013205 -0.008865 0.002864 -0.015645 
0.011901 -0.002855 0.011011 0.005343 
-0.035891 -0.006117 -0.036389 0.001175 
0.012409 0.006012 0.003376 0.013369 
0.025112 -0.002033 -0.023994 0.007683 
-0.006797 0.018581 -0.016593 -0.010776 
0.040815 0.000236 0.008287 0.039966 
0.007220 -0.008265 0.010483 -0.003245 
-0.008903 0.004392 -0.009927 0.000061 
0.014744 -0.005042 0.011027 0.011010 
-0.015316 -0.013090 0.016943 -0.010903 
-0.011053 0.019868 -0.005893 -0.021959 
-0.006988 0.002262 -0.007329 0.000481 
-0.008594 0.002126 -0.008792 -0.001034 
0.004109 -0.014966 0.015218 -0.003047 
0.000884 -0.006681 0.002247 -0.006354 
0.005928 0.026619 0.001405 -0.027234 
0.022509 0.012289 -0.023855 -0.009414 
0.009218 0.005977 0.004696 0.009932 
-0.019989 0.027749 0.009864 0.032745 
0.043878 0.013745 -0.038480 -0.025170 
0.002183 0.016802 -0.015716 0.006330 
0.005527 -0.007300 0.007863 -0.004692 
0.006557 -0.003261 0.007154 -0.001565 
0.000959 -0.014928 0.013269 -0.006906 
-0.016344 -0.009229 0.009966 -0.015906 
0.001274 -0.003148 0.001438 -0.003076 
-0.000608 0.006960 -0.002139 0.006651 
0.018868 0.003942 -0.006425 0.018173 
-0.019749 0.003735 0.001921 -0.020007 
0.029736 -0.011730 -0.012441 -0.029445 
0.015258 -0.004120 0.010042 0.012204 
-0.017001 0.001636 -0.005507 -0.016167 
0.018186 -0.001187 0.002036 0.018111 
0.014114 -0.002880 0.010533 0.009826 
-0.019383 -0.028348 -0.034173 -0.003385 
-0.011200 0.036512 -0.024802 0.029042 
-0.005083 -0.022018 0.019320 0.011721 
-0.025303 -0.006634 0.025317 0.006582 
-0.024597 0.004035 0.022406 -0.010920 
0.006840 -0.001380 0.006976 0.000170 
0.001510 -0.012689 0.009748 -0.008262 
0.009125 0.004886 0.005738 0.008615 
-0.000449 0.002118 -0.000495 0.002108 
0.021890 -0.015717 -0.024467 0.011293 
0.010304 0.027629 0.013907 -0.026003 
0.005494 -0.012137 0.012598 -0.004334 
-0.001651 -0.031109 -0.029643 0.009580 
0.000525 0.004990 -0.000053 0.005017 
0.046675 0.005196 -0.032518 -0.033885 
-0.032722 -0.002387 -0.009674 0.031350 
0.009079 -0.029822 -0.031146 -0.001310 
0.002650 0.003879 0.002245 0.004127 
0.020621 -0.020887 -0.029346 -0.000567 
-0.005766 -0.018047 0.018433 -0.004377 
0.004184 0.014690 -0.010882 0.010718 
0.005800 0.014394 -0.010255 0.011647 
0.002326 0.011991 -0.005779 0.010760 
0.010923 -0.020584 0.003763 0.022997 
-0.002419 -0.008193 0.000408 -0.008534 
0.007609 0.004533 0.005525 0.006922 
0.018769 -0.002863 0.001296 0.018941 
-0.005691 -0.017908 0.018166 -0.004804 
0.000202 0.004342 -0.000175 0.004343 
0.011900 -0.004942 0.012022 0.004638 
-0.001412 -0.032890 -0.032147 -0.007095 
-0.014598 0.037281 -0.039721 0.005025 
-0.025839 0.004715 0.025945 -0.004096 
-0.004053 0.002744 -0.004329 0.002283 
0.009189 0.018265 -0.020302 0.002424 
0.008513 0.007502 0.002892 0.010972 
0.018662 -0.010678 -0.000657 0.021491 
-0.020298 0.004256 0.004040 -0.020342 
-0.016850 -0.005361 0.003023 -0.017422 
0.006815 0.000614 0.006528 0.002053 
0.010326 -0.002957 0.010406 0.002662 
0.003069 -0.004274 0.003586 -0.003850 
0.013752 -0.003790 0.011228 0.008798 
-0.003805 -0.026183 0.001958 0.026385 
-0.021165 0.001075 0.009009 -0.019182 
-0.006345 0.017729 -0.017345 -0.007330 
0.003198 -0.013671 0.012723 -0.005937 
-0.010999 -0.011743 0.006781 -0.014591 
-0.006186 -0.018549 0.019366 -0.002700 
-0.013106 -0.007446 -0.000177 -0.015072 
0.023038 -0.000304 -0.017335 0.015177 
0.008895 0.011360 -0.004138 0.013822 
-0.018486 0.004405 -0.002797 -0.018797 
-0.012497 -0.005956 -0.003380 -0.013425 
-0.017179 0.023859 0.029182 -0.003584 
0.000681 -0.015597 0.014324 -0.006207 
-0.020799 0.007039 0.006806 -0.020877 
-0.016705 0.016266 0.003521 -0.023049 
0.024179 0.005479 -0.024672 0.002438 
-0.000074 -0.040498 0.038304 -0.013148 
0.019843 -0.000593 -0.004092 0.019426 
0.035789 0.005271 0.035857 -0.004783 
0.010255 -0.008514 0.013229 0.001624 
-0.014520 -0.018012 0.022643 0.004745 
-0.003282 -0.001279 -0.003204 -0.001464 
-0.007392 0.014416 -0.016108 -0.001734 
-0.004941 0.013551 -0.013914 0.003800 
0.009974 0.025049 -0.004965 -0.026501 
0.007435 -0.040187 0.040868 -0.000302 
0.012035 -0.009552 0.014077 0.006158 
-0.017115 -0.000908 -0.002899 -0.016892 
-0.021391 -0.008008 0.021129 -0.008676 
0.001758 0.003913 0.001422 0.004047 
0.022270 0.001140 -0.015392 0.016135 
-0.018878 0.003889 -0.001337 -0.019228 
0.000372 -0.012209 0.008008 -0.009223 
-0.004187 -0.025050 0.008652 0.023878 
-0.008248 -0.005721 -0.004830 -0.008799 
-0.009254 0.000266 -0.008650 -0.003301 
-0.025777 0.012716 0.028222 0.005446 
-0.010002 0.031900 0.025144 0.022033 
0.033379 -0.018507 0.037951 -0.004040 
-0.002421 -0.034614 -0.025579 -0.023446 
0.014795 -0.021900 -0.016149 0.020921 
-0.011900 0.004285 -0.011706 -0.004789 
-0.008116 0.001496 -0.008183 -0.001072 
-0.012329 -0.012636 0.010783 -0.013979 
-0.005421 0.005056 -0.006511 0.003543 
0.006306 0.019968 -0.020749 -0.002825 
-0.012315 0.007636 -0.013299 -0.005753 
0.024957 -0.005278 -0.023835 0.009090 
0.015149 -0.016480 0.002215 0.022275 
-0.021169 -0.004425 0.015230 -0.015355 
0.000787 0.000050 0.000787 0.000053 
-0.000445 0.011116 -0.006354 0.009132 
-0.002566 0.007014 -0.004258 0.006136 
0.004991 0.008261 0.001117 0.009587 
-0.004953 -0.009481 0.000467 -0.010687 
0.010943 0.021026 -0.020484 -0.011928 
-0.016527 0.008666 -0.008216 -0.016756 
-0.021668 0.013276 0.018961 -0.016918 
-0.003293 -0.020214 0.020103 0.003914 
-0.020596 0.034041 -0.039744 0.001854 
-0.016132 0.004347 -0.008779 -0.014214 
0.013110 0.006961 0.001064 0.014805 
-0.042582 -0.023117 -0.013081 0.046653 
-0.018715 0.020783 0.025862 -0.010646 
-0.001485 0.039408 -0.030646 0.024819 
0.015881 0.020775 -0.015965 -0.020710 
0.005861 0.000009 0.005787 0.000928 
0.001040 -0.039813 0.033953 -0.020817 
-0.006810 -0.005952 -0.004154 -0.008035 
-0.000306 -0.000814 -0.000303 -0.000815 
0.007298 -0.012631 0.014552 -0.001027 
-0.030877 -0.011857 -0.020634 0.025850 
0.015928 -0.004218 0.009084 0.013747 
-0.033202 -0.018251 -0.026234 -0.027336 
-0.009172 -0.010937 0.003352 -0.013875 
-0.002991 0.020483 -0.017752 -0.010647 
0.016470 0.016915 -0.023068 -0.005025 
0.033584 0.019810 0.013200 0.036689 
0.033194 0.014511 0.035817 0.005437 
0.023164 0.016236 -0.011784 -0.025716 
-0.000972 0.029404 0.022348 -0.019133 
0.023335 -0.025030 -0.005452 -0.033783 
-0.043347 -0.003076 0.033539 -0.027633 
-0.008816 -0.010678 0.002609 -0.013599 
-0.037616 -0.012039 -0.014900 -0.036578 
0.001868 0.003250 0.001654 0.003364 
-0.003969 -0.014951 0.011502 -0.010343 
0.002552 -0.023218 0.011784 0.020167 
-0.016821 -0.027747 -0.029540 0.013426 
-0.043371 0.001678 0.029617 -0.031728 
0.008810 -0.012504 0.015192 0.001777 
0.003473 0.020525 -0.020170 -0.005145 
0.002019 -0.012053 0.009191 -0.008054 
0.004593 -0.003209 0.005006 -0.002516 
-0.003295 0.000367 -0.003309 0.000200 
0.002134 -0.011915 0.009090 -0.007993 
-0.017571 0.035695 -0.039428 0.005317 
-0.007641 0.010230 -0.012559 0.002302 
0.005824 0.013348 -0.007758 0.012325 
0.023627 0.013757 -0.018742 -0.019906 
0.015313 -0.018559 -0.004884 0.023559 
0.012936 0.015243 -0.018082 0.008528 
0.004855 -0.007043 0.006904 -0.005051 
-0.035798 0.001897 -0.032438 0.015260 
0.012893 -0.005138 0.012149 0.006710 
-0.027305 0.006252 0.027251 0.006481 
0.001953 0.009576 -0.002294 0.009500 
-0.005291 -0.001825 -0.004975 -0.002564 
0.001621 0.010846 -0.004306 0.010086 
0.004770 0.014129 -0.009546 0.011456 
-0.005357 0.010758 -0.010842 0.005185 
0.016332 0.018743 -0.021218 -0.012955 
-0.004313 0.003022 -0.004662 0.002450 
0.002408 0.029249 0.019532 -0.021905 
-0.010772 -0.012260 0.007842 -0.014313 
-0.029039 0.000482 0.021987 0.018976 
-0.002440 0.014170 -0.012936 0.006276 
0.022597 -0.004857 -0.014326 0.018137 
-0.007521 0.002185 -0.007832 0.000010 
-0.022674 0.007532 0.015890 -0.017842 
0.039798 -0.010640 0.013289 0.038994 
0.008221 -0.019024 0.014323 0.014978 
-0.013936 0.007037 -0.012421 -0.009458 
0.013230 0.028291 0.024398 -0.019498 
0.000806 0.030679 0.028057 -0.012436 
-0.016743 0.004164 -0.007486 -0.015544 
-0.007413 0.004683 -0.008574 0.001834 
-0.001484 -0.001257 -0.001462 -0.001282 
-0.004932 0.002441 -0.005222 0.001735 
-0.003757 0.005049 -0.004607 0.004287 
0.007704 -0.020707 0.011468 0.018884 
-0.012904 -0.008064 0.000762 -0.015197 
-0.004851 0.000581 -0.004886 0.000047 
0.018229 0.000769 0.000024 0.018245 
0.005443 -0.005992 0.006973 -0.004111 
-0.019658 -0.001091 0.005123 -0.019010 
-0.014572 0.006770 -0.011760 -0.010949 
-0.014134 -0.011807 0.011600 -0.014305 
0.018364 0.033354 0.005122 0.037729 
0.021640 -0.004356 -0.009924 0.019718 
-0.026086 0.004723 0.026388 -0.002542 
-0.020417 0.005816 0.004624 -0.020720 
0.033282 -0.018425 0.037620 -0.005643 
0.029350 0.006540 -0.010151 -0.028305 
0.006892 0.007217 0.003001 0.009517 
0.029188 -0.002079 -0.022077 -0.019206 
0.008488 -0.011761 0.014501 0.000284 
-0.010423 0.006489 -0.012166 -0.001649 
0.007118 -0.004794 0.008305 -0.002163 
-0.010433 -0.015928 0.016826 -0.008913 
-0.012065 0.011261 -0.014493 -0.007894 
0.021064 -0.018036 -0.026311 0.008758 
-0.010274 -0.027448 -0.012521 0.026499 
-0.012232 -0.004818 -0.005151 -0.012096 
0.003967 0.035328 0.019964 0.029415 
0.008399 0.011525 -0.004260 0.013609 
0.020077 -0.013715 -0.012552 0.020824 
0.016398 0.000290 0.005142 0.015574 
0.021608 -0.034999 0.036823 0.018328 
0.007602 0.001901 0.006774 0.003941 
0.009591 -0.005188 0.010891 0.000542 
-0.040646 0.011394 0.002052 -0.042163 
-0.010170 0.011272 -0.014813 -0.003325 
-0.019203 -0.008451 0.015947 -0.013633 
-0.013681 0.006990 -0.012587 -0.008809 
-0.005054 -0.013339 0.007713 -0.011999 
0.009024 0.004386 0.006124 0.007948 
0.000750 0.023247 -0.014836 -0.017913 
0.023207 -0.011571 -0.022521 0.012855 
-0.001883 -0.010797 0.004050 -0.010184 
-0.003110 -0.022439 0.018087 0.013639 
-0.022925 0.012279 0.022438 -0.013148 
0.036573 0.033111 0.038878 -0.030372 
-0.006060 -0.027444 -0.007372 0.027121 
0.009734 -0.006310 0.011590 0.000491 
-0.000470 -0.005634 0.000359 -0.005642 
0.007008 0.018160 -0.019076 0.003877 
0.005070 -0.002933 0.005468 -0.002102 
0.001035 -0.024404 0.008644 0.022845 
-0.019730 0.003131 0.002051 -0.019871 
-0.002811 0.006219 -0.004066 0.005481 
0.015503 0.020050 -0.019084 -0.016678 
-0.023318 -0.037495 0.037984 0.022513 
-0.027824 -0.006591 0.019034 0.021338 
-0.032572 -0.000877 -0.006028 0.032022 
-0.023677 -0.013228 0.019974 0.018347 
-0.008394 -0.023886 0.012984 0.021735 
0.004218 0.010632 -0.002526 0.011156 
-0.017738 -0.028328 -0.033067 0.004868 
-0.009037 0.003372 -0.009622 -0.000673 
0.014892 -0.016627 0.002785 0.022147 
0.013535 0.010047 -0.006119 0.015707 
-0.006064 0.000327 -0.006033 -0.000699 
0.000440 -0.012524 0.008593 -0.009121 
0.005692 0.001545 0.005374 0.002430 
-0.013731 -0.028883 -0.028606 0.014299 
0.004746 0.015902 -0.013722 0.009333 
0.023585 -0.005268 -0.018763 0.015230 
-0.013498 0.005690 -0.012208 -0.008097 
0.008351 0.031987 0.033023 0.001548 
0.042714 0.002957 -0.025098 0.034688 
0.002655 0.012738 -0.007036 0.010945 
0.001120 0.009593 -0.002962 0.009192 
0.008540 -0.016473 0.016396 0.008685 
-0.023418 -0.011094 0.024047 0.009655 
-0.026535 0.011729 0.027681 0.008684 
-0.002628 0.010380 -0.007484 0.007657 
-0.007088 0.018061 -0.016736 -0.009816 
0.038788 0.006998 0.020518 0.033653 
0.011463 -0.005776 0.012303 0.003662 
-0.012486 -0.018231 0.022044 0.001522 
-0.006162 0.007085 -0.008453 0.004088 
0.003142 -0.000537 0.003164 -0.000390 
0.029554 -0.007474 -0.019551 -0.023389 
-0.015279 -0.022485 0.009260 0.025559 
0.005772 0.005189 0.004137 0.006568 
0.001679 -0.017847 0.017926 -0.000045 
0.002142 -0.021621 0.016704 0.013893 
-0.015302 -0.000950 -0.006396 -0.013933 
-0.024500 0.004018 0.022067 -0.011377 
0.018097 0.002312 -0.001521 0.018181 
-0.004819 -0.035135 -0.021432 -0.028255 
0.003572 0.017998 -0.017899 0.004039 
-0.000592 0.001075 -0.000599 0.001071 
0.008084 0.009351 0.000145 0.012360 
0.009660 0.010105 -0.001865 0.013855 
-0.015539 -0.040595 0.039150 0.018886 
-0.016340 -0.000303 -0.005246 -0.015478 
-0.007243 0.013043 -0.014905 0.000636 
-0.011848 0.024195 0.016172 -0.021546 
-0.006557 0.001878 -0.006806 0.000446 
0.000512 -0.011832 0.007509 -0.009158 
0.003346 -0.029370 -0.024565 0.016441 
-0.009723 -0.026798 -0.006753 0.027696 
0.010169 -0.007433 0.012537 0.001217 
-0.000749 0.001587 -0.000772 0.001576 
0.009554 0.010919 -0.003547 0.014068 
0.016845 0.006228 -0.004673 0.017341 
0.000985 -0.003249 0.001155 -0.003192 
0.013055 0.008440 -0.001737 0.015448 
0.025493 0.008222 -0.023972 -0.011951 
0.007760 0.026392 0.001227 -0.027482 
0.007112 -0.002296 0.007461 -0.000419 
-0.022184 -0.006257 0.020960 -0.009589 
0.013502 0.017195 -0.021842 0.000949 
0.021829 0.000426 -0.012966 0.017566 
-0.014201 -0.035059 -0.003898 -0.037624 
-0.025288 0.014871 0.028229 0.007983 
-0.000366 0.026065 -0.000256 -0.026066 
0.025152 -0.005021 -0.024344 0.008075 
-0.032135 -0.035657 -0.019293 0.043953 
-0.028630 0.014620 0.013777 0.029045 
0.004944 0.013465 -0.008007 0.011902 
-0.014284 -0.021332 0.016687 0.019510 
0.003562 -0.010813 0.009009 -0.006961 
-0.023543 -0.002220 0.020955 -0.010958 
0.006379 0.031831 0.032373 -0.002420 
-0.004477 0.018383 -0.018015 -0.005783 
0.015114 -0.028122 -0.028643 -0.014101 
0.014349 -0.015303 0.007572 0.019563 
0.035139 -0.003692 0.027916 -0.021659 
0.004815 -0.004521 0.005618 -0.003474 
-0.032667 -0.008346 -0.023070 0.024587 
-0.019259 -0.027451 -0.033079 0.005501 
-0.031291 -0.020436 -0.028485 -0.024194 
-0.037114 -0.018836 0.022242 -0.035179 
0.002876 0.013362 -0.008219 0.010921 
-0.001320 0.005438 -0.002085 0.005193 
0.023489 -0.003983 -0.018142 0.015443 
0.023710 0.004892 -0.023464 0.005964 
0.009719 -0.006562 0.011719 0.000436 
-0.004593 -0.008443 -0.000714 -0.009585 
-0.023840 0.000173 0.020436 -0.012277 
0.009091 0.011641 -0.004897 0.013935 
0.016054 -0.003858 0.008712 0.014026 
0.019578 -0.001020 -0.002746 0.019411 
-0.000077 0.006177 -0.001152 0.006070 
0.010579 0.011532 -0.005824 0.014525 
0.001034 -0.017202 0.017044 -0.002543 
-0.017057 0.007139 -0.007173 -0.017043 
0.008189 0.006466 0.004091 0.009598 
0.003904 -0.021187 0.015896 0.014541 
0.012258 -0.000008 0.009463 0.007792 
0.026871 -0.015981 -0.021633 -0.022571 
0.002365 -0.036361 -0.004591 -0.036147 
0.020987 -0.020468 -0.029303 -0.000841 
0.008878 -0.039319 0.039680 -0.007092 
0.010985 -0.016152 0.013926 0.013697 
0.021231 -0.008817 -0.010215 0.020595 
0.020260 -0.007393 -0.004568 0.021077 
0.001992 0.011612 -0.005304 0.010520 
0.005777 -0.002008 0.006035 -0.000992 
0.003851 -0.003656 0.004290 -0.003129 
0.004614 -0.005928 0.005978 -0.004549 
0.005123 0.009512 -0.000449 0.010795 
-0.015956 -0.014428 0.020656 -0.006009 
-0.008676 -0.006032 -0.004605 -0.009510 
-0.008300 0.007513 -0.011051 0.001790 
0.011754 -0.003169 0.011132 0.004927 
-0.004129 0.013733 -0.013543 0.004716 
0.005829 0.001383 0.005524 0.002320 
0.006021 0.000245 0.005897 0.001240 
-0.023264 -0.002865 0.020592 -0.011198 
0.025564 -0.009301 -0.027081 0.002582 
-0.001337 -0.034728 -0.024434 -0.024715 
0.013653 -0.025376 -0.026441 0.011455 
-0.035898 0.018888 -0.028778 -0.028588 
0.002348 0.021328 -0.019486 -0.008982 
0.018834 -0.008132 0.000971 0.020492 
0.005993 0.014355 -0.010195 0.011748 
0.005754 0.010268 -0.001466 0.011678 
0.019689 -0.009949 -0.004258 0.021645 
-0.012363 -0.019811 0.021743 0.008519 
0.001201 0.004662 0.000700 0.004763 
0.023802 -0.009793 -0.022679 0.012170 
0.025569 0.009517 -0.022046 -0.016072 
0.012056 -0.038260 0.039568 -0.006601 
-0.007209 -0.024253 0.011980 0.022286 
0.003728 -0.005722 0.004858 -0.004800 
0.001587 0.004329 0.001158 0.004463 
-0.006271 0.010898 -0.011922 0.003994 
-0.000538 0.017760 -0.017693 0.001633 
0.011350 -0.004262 0.011527 0.003758 
-0.010559 -0.031400 -0.033128 0.000041 
-0.010595 -0.019870 0.021727 0.005917 
0.014405 0.005894 0.001102 0.015525 
-0.006760 -0.013801 0.009031 -0.012434 
-0.020936 0.012135 0.013477 -0.020098 
-0.004966 -0.019582 0.020173 0.001078 
-0.027399 0.007104 0.027197 0.007842 
0.011653 0.005323 0.004862 0.011853 
-0.012438 -0.025706 -0.004256 0.028238 
-0.014977 -0.002646 -0.004995 -0.014365 
-0.003671 -0.004732 -0.002846 -0.005269 
0.023826 -0.005677 -0.019890 0.014292 
0.008111 -0.011034 0.013654 -0.001046 
0.010552 -0.035062 0.005858 -0.036144 
0.009507 0.009156 0.000065 0.013198 
-0.020022 -0.005259 0.012567 -0.016450 
0.016168 0.002969 0.002446 0.016255 
0.007114 -0.039051 0.035838 -0.017065 
-0.032501 -0.015515 -0.035783 -0.004067 
0.009262 -0.017927 0.014426 0.014109 
-0.005814 0.021591 -0.012340 -0.018646 
0.001345 -0.015500 0.014486 -0.005678 
0.008208 -0.002161 0.008465 0.000619 
-0.003424 -0.008522 0.000045 -0.009184 
-0.007217 0.006359 -0.009196 0.002822 
0.011509 -0.020944 0.000449 0.023893 
-0.016524 0.017605 0.006833 -0.023157 
-0.012620 0.005280 -0.012244 -0.006102 
-0.000291 0.003937 -0.000571 0.003906 
0.020235 -0.002438 -0.004353 0.019911 
-0.013512 -0.027165 -0.017642 0.024684 
-0.004633 -0.007548 -0.001678 -0.008696 
-0.011891 -0.008441 0.000324 -0.014579 
-0.017175 0.006384 -0.006902 -0.016973 
0.004861 0.010117 -0.001456 0.011129 
0.004075 -0.010495 0.009170 -0.006531 
0.002431 -0.013008 0.011051 -0.007280 
-0.022509 -0.020314 -0.007202 0.029452 
0.004362 0.003099 0.003919 0.003644 
-0.013086 -0.024624 0.001736 0.027831 
-0.003696 -0.007791 -0.000877 -0.008578 
-0.004974 -0.004249 -0.004050 -0.005138 
-0.001674 -0.002002 -0.001610 -0.002053 
0.013998 -0.035964 0.030744 -0.023328 
-0.020506 0.018880 0.026451 -0.008791 
0.021479 -0.017759 -0.026870 0.007398 
0.003151 0.002854 0.002904 0.003105 
0.016638 0.006844 -0.005394 0.017163 
-0.026999 -0.027294 -0.011366 -0.036670 
-0.030501 0.013155 0.001897 0.033162 
-0.015094 -0.012060 0.014074 -0.013236 
-0.005015 -0.002102 -0.004685 -0.002761 
-0.028540 0.012942 0.018519 0.025281 
0.012021 0.012924 -0.011102 0.013722 
0.012869 -0.018178 0.005501 0.021582 
-0.025355 -0.013827 0.010879 0.026753 
-0.027306 0.012948 0.024838 0.017216 
-0.004456 -0.012507 0.005972 -0.011858 
-0.005723 0.003735 -0.006386 0.002433 
-0.008575 -0.020072 0.021341 0.004581 
-0.022940 0.006027 0.016226 -0.017299 
0.015719 -0.014386 0.004829 0.020754 
-0.019959 -0.023016 -0.011929 0.028032 
-0.045457 0.003611 0.045570 0.001676 
0.002421 -0.001185 0.002459 -0.001104 
-0.014949 0.017564 0.000100 -0.023064 
-0.011296 0.014013 -0.014915 -0.010075 
0.009092 -0.008466 0.012412 -0.000517 
0.007225 0.017610 -0.018197 0.005584 
-0.005681 0.017490 -0.017596 -0.005347 
0.004740 0.005618 0.003216 0.006610 
-0.018232 -0.002667 0.002429 -0.018265 
0.038021 -0.015752 0.018835 0.036592 
-0.001373 -0.028004 -0.011338 0.025643 
0.023177 -0.014753 -0.026654 0.006664 
0.004845 -0.038302 0.024326 -0.029980 
0.010572 -0.022272 -0.002227 0.024553 
0.023433 -0.005331 -0.018139 0.015764 
0.019684 -0.005408 -0.001491 0.020359 
0.012796 -0.010109 0.013889 0.008545 
-0.001068 -0.012388 0.007259 -0.010095 
0.007730 -0.009541 0.012040 -0.002415 
0.005003 0.000272 0.004939 0.000845 
0.014247 -0.025458 -0.027893 0.008546 
-0.034718 0.017686 -0.038097 -0.008168 
-0.015911 0.005798 -0.009624 -0.013933 
0.001352 -0.024340 0.008576 0.022819 
-0.011008 -0.017342 0.020129 -0.004092 
-0.009391 0.013145 -0.015664 -0.003949 
-0.009891 0.009620 -0.013726 -0.001404 
-0.005306 0.024918 0.001182 -0.025450 
-0.016697 -0.032790 -0.018969 -0.031530 
-0.005320 -0.010225 0.001492 -0.011429 
-0.014618 -0.005617 -0.001232 -0.015611 
-0.004915 0.039453 -0.035313 0.018267 
0.035159 0.010444 0.036099 0.006492 
0.000997 0.014492 -0.011375 0.009035 
-0.013422 0.013166 -0.012463 -0.014077 
-0.006340 -0.022316 0.018856 0.013515 
-0.019269 0.034291 -0.038178 0.009469 
-0.028627 0.006502 0.024405 0.016315 
-0.001475 -0.006205 -0.000298 -0.006371 
-0.005375 0.017234 -0.017590 -0.004061 
0.003333 0.022945 -0.016940 -0.015831 
-0.013358 -0.012668 0.012454 -0.013557 
0.007319 -0.000823 0.007296 0.001006 
-0.004391 -0.027496 -0.007085 0.026928 
-0.000283 0.006156 -0.001345 0.006014 
0.001574 -0.002748 0.001698 -0.002673 
-0.007378 -0.008972 -0.000803 -0.011588 
-0.011095 0.007837 -0.013221 -0.003119 
0.007705 -0.007152 0.010209 -0.002510 
-0.019331 0.002491 0.000860 -0.019472 
-0.025467 0.003312 0.024917 -0.006222 
0.006093 0.036157 0.010183 0.035224 
-0.010940 -0.006465 -0.003709 -0.012154 
0.014493 -0.004220 0.010919 0.010422 
0.010551 0.005988 0.004492 0.011269 
0.023370 0.002612 -0.020716 0.011129 
-0.001284 -0.023671 0.013722 0.019331 
-0.005523 0.000475 -0.005535 -0.000305 
-0.002052 0.009774 -0.006160 0.007861 
-0.006601 0.017265 -0.017286 -0.006547 
0.002539 0.003824 0.002158 0.004052 
-0.021809 0.002124 0.011176 -0.018848 
0.001804 0.007732 -0.000476 0.007926 
0.011963 -0.022215 -0.006813 0.024294 
-0.030148 0.005611 0.016849 0.025622 
-0.010543 -0.002575 -0.007716 -0.007632 
-0.002136 -0.014539 0.010990 -0.009755 
0.014660 0.005708 0.001005 0.015700 
0.011794 -0.010534 0.014450 0.006424 
-0.021551 -0.011625 0.024354 0.002546 
-0.004152 0.012081 -0.011266 0.006023 
0.021031 0.013214 -0.024066 -0.006145 
0.004982 -0.010771 0.010463 -0.005600 
0.022505 -0.008386 -0.015819 0.018071 
-0.002393 0.010926 -0.007942 0.007876 
-0.004554 -0.005240 -0.003294 -0.006111 
-0.008967 -0.014801 0.012763 -0.011687 
-0.003821 -0.010543 0.002548 -0.010920 
0.000151 0.013688 -0.010273 0.009047 
0.011724 -0.007525 0.013224 0.004380 
0.033912 -0.005232 0.017545 -0.029488 
-0.032990 -0.004329 -0.015886 0.029236 
0.001638 -0.011927 0.008649 -0.008375 
-0.012628 -0.000295 -0.009196 -0.008659 
-0.009179 -0.003637 -0.006703 -0.007248 
-0.006340 -0.004183 -0.005025 -0.005696 
-0.021917 0.004146 0.011183 -0.019300 
0.009459 0.030749 0.031071 -0.008338 
0.006707 0.021607 -0.020102 -0.010381 
-0.015247 -0.006737 0.002000 -0.016549 
0.002087 -0.010931 0.007641 -0.008090 
0.019671 0.009694 -0.019482 0.010069 
0.003212 -0.013111 0.011882 -0.006406 
0.000673 0.011961 -0.006788 0.009872 
-0.002765 -0.000530 -0.002744 -0.000631 
-0.012650 0.012928 -0.013778 -0.011719 
0.029403 -0.015203 -0.005351 -0.032665 
-0.034316 -0.013325 -0.035114 -0.011052 
-0.017457 -0.002324 -0.000272 -0.017609 
0.030412 -0.000772 -0.014356 -0.026821 
0.018763 -0.004846 0.001944 0.019281 
-0.003667 0.017337 -0.017666 -0.001388 
0.017227 0.020921 -0.012045 -0.024277 
-0.006944 0.004862 -0.008144 0.002352 
-0.002392 0.004176 -0.002821 0.003899 
0.011145 -0.004791 0.011694 0.003227 
-0.019336 0.026481 0.021607 0.024663 
0.009799 -0.038962 0.039361 -0.008051 
0.013838 -0.005239 0.011845 0.008868 
0.018817 0.020399 -0.009586 -0.026045 
-0.001608 0.010751 -0.006925 0.008379 
-0.025797 0.003497 0.025672 -0.004320 
0.049312 0.003737 0.014688 -0.047222 
0.020124 -0.014744 -0.015149 0.019822 
0.017050 -0.017663 -0.009364 0.022693 
-0.033426 0.027692 0.004294 -0.043194 
-0.019507 -0.004404 0.009344 -0.017680 
-0.036064 0.000126 -0.034245 0.011311 
-0.001240 0.036785 0.001248 0.036785 
-0.021889 0.001335 0.011924 -0.018405 
-0.015418 -0.005284 -0.000355 -0.016295 
-0.019390 0.004868 0.000339 -0.019989 
-0.026232 0.008653 0.027599 0.001119 
-0.006578 -0.005483 -0.004399 -0.007347 
0.009154 0.003674 0.006671 0.007266 
0.008486 -0.011582 0.014358 0.000107 
-0.026842 -0.003719 0.025309 0.009684 
-0.029219 0.005726 0.022135 0.019915 
-0.022723 0.016476 0.027734 -0.004314 
-0.015553 0.000590 -0.007424 -0.013680 
-0.002444 -0.007409 -0.000307 -0.007795 
-0.025255 0.024660 -0.008073 0.034362 
0.018008 0.009702 -0.015275 0.013605 
0.030732 0.011826 0.019403 -0.026605 
0.016477 -0.033726 0.022290 -0.030201 
0.027962 -0.006374 -0.026323 -0.011383 
0.011551 -0.017156 0.011445 0.017227 
0.001645 -0.011129 0.007481 -0.008403 
-0.015532 0.011531 -0.009147 -0.017044 
0.000203 0.002526 0.000129 0.002531 
0.017264 0.025967 0.020863 -0.023174 
-0.029477 -0.001925 0.017722 0.023633 
0.002221 -0.011695 0.008848 -0.007964 
0.019491 -0.004469 -0.000772 0.019982 
-0.012489 0.019414 -0.002875 -0.022905 
0.040855 -0.000960 0.008706 0.039929 
-0.012018 0.012067 -0.014578 -0.008806 
0.000198 -0.018414 0.018415 -0.000076 
0.021654 0.025338 0.031613 -0.010560 
-0.012730 -0.008998 0.002477 -0.015391 
-0.021490 -0.019826 0.001304 0.029210 
0.014372 -0.009500 0.012275 0.012089 
-0.034520 -0.017207 -0.020674 -0.032562 
0.011830 -0.016914 0.011251 0.017304 
-0.004919 -0.019483 0.020083 0.000695 
-0.029791 -0.000190 0.017641 0.024007 
0.023941 0.006017 -0.024564 0.002447 
0.007711 -0.003362 0.008381 -0.000726 
-0.012313 0.013593 -0.013925 -0.011937 
0.007854 -0.015119 0.016549 0.004054 
0.000933 -0.026468 -0.002962 0.026319 
-0.039935 0.003044 -0.021621 -0.033713 
0.000034 -0.006948 0.001559 -0.006770 
0.015028 0.024588 0.003450 -0.028610 
0.003747 0.002702 0.003465 0.003055 
-0.005210 0.018041 -0.017776 -0.006055 
0.018133 -0.003827 0.003736 0.018152 
0.000319 -0.017135 0.016781 -0.003480 
-0.021290 0.023249 0.026216 0.017508 
0.008490 -0.004665 0.009662 -0.000695 
0.019427 -0.015239 -0.013141 0.020904 
0.003591 -0.034363 -0.022309 -0.026382 
-0.018822 0.000965 0.000146 -0.018846 
0.025047 0.000507 -0.024324 0.005996 
0.032369 -0.009750 0.007989 -0.032848 
-0.003691 0.009472 -0.007609 0.006741 
-0.013006 0.002266 -0.010689 -0.007748 
0.023924 -0.013550 -0.027009 0.005146 
0.007977 -0.015175 0.016560 0.004436 
-0.002788 -0.037271 0.001921 -0.037325 
-0.022747 0.017335 0.028577 -0.001139 
-0.005195 0.020461 -0.015834 -0.013962 
-0.006875 -0.011989 0.004812 -0.012955 
-0.014587 -0.030276 -0.033599 -0.000693 
-0.004283 0.014522 -0.014734 0.003485 
0.012141 0.028298 0.022170 -0.021371 
-0.006940 0.015054 -0.016453 -0.002016 
0.013704 -0.000840 0.009529 0.009885 
-0.010589 0.021228 -0.002293 -0.023611 
0.020123 0.012724 -0.023802 -0.000548 
-0.003063 -0.011831 0.005116 -0.011098 
-0.006540 -0.001242 -0.006154 -0.002537 
-0.008167 0.000652 -0.007981 -0.001855 
0.003947 -0.011697 0.010549 -0.006412 
-0.017054 0.008801 -0.006714 -0.017978 
0.028025 -0.030620 0.029132 0.029569 
-0.017570 -0.026718 -0.026348 0.018119 
0.011031 -0.014583 0.014978 0.010488 
0.015676 -0.022628 -0.022246 0.016212 
-0.032576 0.010690 -0.012199 0.032041 
-0.031977 0.007282 0.000039 0.032796 
0.002526 -0.015546 0.015173 -0.004225 
0.000771 -0.019553 0.019073 0.004375 
-0.034276 0.009121 -0.025440 0.024715 
0.004576 0.030643 0.027814 -0.013649 
-0.003772 0.035442 0.012166 0.033502 
-0.014498 0.024778 0.026423 -0.011222 
-0.036153 0.007566 -0.035966 0.008410 
0.020133 0.002404 -0.008532 0.018393 
0.026674 0.016427 0.010513 -0.029509 
0.031667 0.014434 0.033263 -0.010232 
-0.011844 0.017949 -0.009091 -0.019489 
0.009572 -0.013108 0.015648 0.004308 
0.002031 0.017301 -0.016665 0.005071 
0.004813 -0.000650 0.004855 -0.000126 
-0.020786 0.010685 0.010388 -0.020936 
0.013123 -0.011850 0.013523 0.011391 
-0.018220 -0.011014 0.018496 -0.010544 
-0.007547 -0.007812 -0.002443 -0.010584 
-0.018624 0.011226 0.001228 -0.021711 
-0.011707 -0.003773 -0.006584 -0.010389 
-0.014302 -0.006885 0.000538 -0.015864 
-0.008763 0.035845 -0.007482 0.036134 
0.006129 0.036314 0.008300 0.035880 
-0.025003 0.010053 0.026455 -0.005136 
-0.005512 -0.016419 0.015045 -0.008581 
-0.022668 0.003081 0.014656 -0.017565 
0.028481 -0.006843 -0.024826 -0.015546 
-0.026868 0.008827 0.027656 0.005911 
0.000690 0.018191 -0.018133 0.001604 
0.002543 -0.011343 0.008661 -0.007754 
0.009795 0.013222 -0.009356 0.013536 
0.028408 0.003727 -0.020859 -0.019642 
0.028011 -0.009518 -0.025276 -0.015373 
0.004371 0.004392 0.003534 0.005090 
0.012018 0.007132 0.001937 0.013840 
0.026576 0.007351 -0.022491 -0.015953 
0.014902 -0.045265 -0.046080 0.012148 
-0.005263 0.014574 -0.015380 0.001894 
0.009894 0.029495 0.025760 -0.017444 
-0.009614 -0.004984 -0.005701 -0.009207 
-0.007863 -0.022282 0.018786 0.014332 
-0.020946 0.014297 0.017859 -0.018006 
-0.005843 -0.028107 -0.012091 0.026037 
0.015909 -0.002263 0.008087 0.013886 
0.013290 -0.007479 0.012965 0.008029 
0.011127 -0.004538 0.011564 0.003266 
-0.032075 -0.004654 -0.008071 0.031390 
-0.000304 -0.009364 0.003390 -0.008734 
-0.002960 -0.013206 0.007862 -0.011016 
0.014194 0.016833 -0.021994 0.001034 
-0.025205 -0.038450 0.013884 0.043829 
-0.016964 -0.010599 0.014673 -0.013595 
-0.012557 -0.020451 0.020813 0.011948 
-0.013570 0.037567 -0.039246 0.007427 
-0.020423 0.007870 0.005613 -0.021155 
0.001469 0.000060 0.001468 0.000074 
-0.013357 -0.007027 -0.000623 -0.015080 
0.013297 0.007942 -0.001057 0.015452 
0.006439 -0.000584 0.006432 0.000654 
-0.006729 0.009754 -0.011239 0.003757 
-0.012107 -0.001164 -0.008693 -0.008507 
0.023564 0.031238 -0.003729 0.038951 
-0.001804 -0.021838 0.018683 0.011450 
0.019871 0.015451 -0.022917 -0.010411 
-0.005172 0.014688 -0.015460 0.001860 
0.000737 0.002721 0.000637 0.002746 
-0.009709 0.010675 -0.014321 -0.001764 
-0.024111 0.019307 0.026156 0.016430 
-0.000719 0.016441 -0.015795 0.004618 
-0.013737 -0.002643 -0.006495 -0.012390 
0.010867 -0.000820 0.009718 0.004932 
0.008968 0.008206 0.001838 0.012016 
0.022916 -0.003294 -0.015711 0.017006 
-0.024251 0.014761 0.028389 0.000276 
0.007312 -0.006572 0.009425 -0.002799 
-0.040054 -0.008062 0.000155 -0.040857 
-0.013677 -0.016320 0.020918 -0.003979 
-0.023451 -0.012051 0.022844 0.013167 
0.001620 -0.001403 0.001649 -0.001368 
0.010680 -0.007087 0.012637 0.002143 
-0.007875 -0.015430 0.013625 -0.010699 
-0.009073 0.015039 -0.016262 -0.006638 
-0.009083 0.003226 -0.009604 -0.000819 
0.019041 0.006242 -0.011119 0.016670 
0.003628 0.002703 0.003358 0.003031 
0.006517 -0.006653 0.008586 -0.003608 
-0.005147 -0.002527 -0.004709 -0.003271 
-0.003164 -0.027374 -0.006212 0.026847 
0.001054 0.041386 -0.041394 0.000650 
-0.024060 -0.003009 0.023020 -0.007618 
0.005390 -0.014993 0.015903 -0.000971 
-0.010023 -0.021010 0.020750 0.010552 
0.007247 0.018850 -0.020151 0.001341 
-0.003334 0.012256 -0.010727 0.006800 
0.021095 -0.001634 -0.008355 0.019439 
0.004169 -0.011934 0.011084 -0.006078 
-0.037166 0.013307 -0.034191 -0.019733 
0.017730 -0.008719 0.004633 0.019207 
0.005450 -0.031328 -0.031642 -0.003150 
-0.008944 0.003858 -0.009737 -0.000273 
-0.006959 0.024763 0.004301 -0.025360 
0.029514 -0.031993 -0.000594 0.043524 
-0.039437 -0.004330 -0.019796 -0.034383 
-0.003175 -0.005489 -0.002114 -0.005978 
-0.023723 -0.015256 0.013292 0.024877 
0.006185 -0.022517 0.008481 0.021756 
-0.003717 -0.034484 -0.026535 -0.022334 
-0.031747 -0.016380 -0.035681 -0.001729 
-0.032991 -0.009745 -0.029029 0.018458 
0.004365 -0.010632 0.009644 -0.006252 
-0.001508 -0.014697 0.011566 -0.009192 
-0.000422 -0.022731 0.016127 0.016025 
0.017847 -0.015697 -0.007019 0.022708 
-0.020680 0.020640 0.029217 -0.000266 
0.037591 -0.015629 0.024431 0.032565 
0.025289 -0.014314 -0.028372 -0.006282 
-0.004843 0.001425 -0.004977 0.000850 
0.011240 -0.005770 0.012216 0.003226 
-0.015279 -0.000357 -0.007000 -0.013586 
0.007353 0.011542 -0.003940 0.013105 
-0.001258 0.007588 -0.003247 0.006973 
0.013677 -0.013964 0.011255 0.015981 
0.002260 0.000494 0.002247 0.000550 
-0.011101 -0.002523 -0.007782 -0.008309 
-0.011999 -0.000062 -0.009436 -0.007411 
0.008287 0.027496 0.009836 -0.026981 
0.012084 -0.029061 -0.030668 -0.007070 
-0.038197 0.002596 -0.035635 -0.013996 
0.004894 -0.022486 0.010980 0.020224 
0.013116 0.009960 -0.005229 0.015617 
0.028604 -0.000718 -0.023779 -0.015916 
0.019638 -0.033073 0.033184 -0.019449 
0.011763 0.011361 -0.006733 0.014903 
-0.005586 -0.008692 -0.000840 -0.010298 
0.008124 0.008929 0.000839 0.012043 
0.003090 -0.029971 -0.027203 0.012954 
-0.015280 -0.013242 0.017219 -0.010599 
-0.017345 0.019932 0.018537 -0.018828 
-0.020105 -0.009006 0.019401 -0.010438 
-0.023471 -0.016816 0.007579 0.027861 
-0.031504 -0.015517 -0.034630 0.005835 
0.012821 -0.033583 0.000376 -0.035945 
-0.009276 0.019475 -0.011494 -0.018254 
-0.000901 0.002678 -0.000999 0.002643 
0.028313 -0.004686 -0.025545 -0.013076 
-0.018291 -0.026499 -0.027287 0.017094 
0.008866 0.019686 -0.021364 -0.003117 
0.031130 -0.015577 0.013023 -0.032282 
0.013142 -0.007885 0.013167 0.007843 
0.005058 0.006193 0.003051 0.007392 
-0.005790 -0.006259 -0.003421 -0.007810 
-0.017375 0.022958 0.027816 -0.007430 
-0.000629 0.003667 -0.000860 0.003620 
-0.000027 -0.004812 0.000484 -0.004788 
-0.000176 0.011219 -0.006274 0.009302 
-0.004328 -0.005791 -0.002829 -0.006653 
-0.005187 0.012590 -0.012886 0.004403 
0.005575 -0.024960 -0.002024 0.025495 
0.013874 -0.011724 0.012495 0.013184 
-0.004774 -0.024440 0.011703 0.021981 
-0.009456 0.008651 -0.012815 -0.000162 
0.000903 -0.002375 0.000973 -0.002347 
0.014890 -0.012445 0.009963 0.016653 
-0.003283 0.003378 -0.003609 0.003027 
-0.000276 -0.017183 0.016726 -0.003947 
0.022767 -0.000230 -0.016294 0.015903 
-0.013345 -0.010643 0.007260 -0.015449 
-0.009611 0.024425 0.010087 -0.024232 
0.028277 -0.021242 0.013203 -0.032811 
-0.012844 -0.030627 -0.033172 0.001615 
0.009625 -0.008105 0.012578 0.000334 
-0.009054 0.007790 -0.011925 0.000668 
-0.025548 0.009160 0.026988 -0.002874 
-0.017112 0.019727 0.016866 -0.019938 
-0.006743 -0.007650 -0.002476 -0.009892 
-0.027750 0.000045 0.025665 0.010555 
0.000318 -0.000031 0.000318 -0.000030 
0.016057 0.000200 0.005884 0.014941 
-0.010813 -0.014873 0.014661 -0.011099 
0.004771 0.030481 0.027073 -0.014796 
0.003976 0.021907 -0.019275 -0.011145 
0.015361 0.021564 -0.013708 -0.022651 
0.024625 -0.008741 -0.024546 0.008958 
0.021198 -0.002164 -0.008509 0.019536 
0.025683 0.003617 -0.025843 -0.002197 
0.029398 0.004058 -0.015115 -0.025539 
0.003545 0.012804 -0.006827 0.011397 
-0.009097 0.008517 -0.012452 0.000497 
-0.002245 0.004039 -0.002629 0.003801 
-0.012356 0.022173 0.008062 -0.024070 
0.008284 -0.003429 0.008963 -0.000212 
-0.011736 0.013449 -0.014645 -0.010206 
0.032878 0.006372 0.019598 -0.027157 
-0.007042 -0.006803 -0.003475 -0.009154 
0.004088 -0.005777 0.005296 -0.004694 
-0.022864 -0.013739 0.021004 0.016442 
0.017985 0.004901 -0.005322 0.017865 
0.006793 0.012932 -0.006945 0.012851 
0.031453 -0.011886 0.003813 -0.033407 
-0.008839 0.003878 -0.009652 -0.000135 
-0.016098 -0.013576 0.019345 -0.008321 
-0.027750 -0.009216 0.013210 0.026087 
-0.010573 0.041217 -0.032418 -0.027562 
0.039355 0.010459 -0.000581 0.040717 
-0.007268 0.006558 -0.009368 0.002841 
-0.015096 0.005310 -0.010720 -0.011881 
-0.007665 0.004578 -0.008796 0.001534 
0.018209 0.014395 -0.023211 0.000015 
-0.000942 -0.040586 0.038598 -0.012583 
-0.004305 0.024884 -0.001114 -0.025229 
0.040322 0.007088 -0.000434 0.040938 
0.022153 0.010447 -0.024460 -0.001262 
-0.022125 0.003259 0.012213 -0.018735 
-0.025229 0.012782 0.028232 0.001681 
-0.008665 0.003844 -0.009479 0.000050 
0.005256 0.016800 -0.015833 0.007692 
-0.024170 0.013217 0.027195 -0.004392 
-0.008186 0.003339 -0.008837 0.000254 
-0.007795 0.011187 -0.013554 0.001486 
-0.006190 -0.003215 -0.005325 -0.004505 
-0.003783 0.035232 0.014294 0.032423 
0.000945 0.012239 -0.007076 0.010031 
0.003650 0.014535 -0.010588 0.010606 
-0.002437 -0.007963 0.000177 -0.008326 
-0.020019 0.016714 0.019661 -0.017133 
-0.011235 0.008520 -0.013614 -0.003670 
0.002833 -0.026500 -0.005914 0.025986 
-0.016091 0.005746 -0.009282 -0.014345 
0.036888 0.007282 0.034656 0.014585 
-0.018924 0.025455 0.027155 0.016393 
-0.020207 0.030839 -0.018773 0.031733 
-0.011026 0.033327 0.010702 0.033432 
-0.025578 0.003346 0.025183 -0.005591 
0.020879 0.009106 -0.021400 0.007804 
-0.006059 0.002826 -0.006507 0.001533 
-0.006211 -0.022760 0.017789 0.015497 
-0.021512 -0.012602 0.024215 0.005935 
-0.032505 -0.017772 -0.032255 -0.018222 
-0.007950 -0.029476 -0.023363 0.019652 
0.016311 -0.016767 -0.003277 0.023161 
-0.008133 -0.013256 0.008254 -0.013181 
-0.023751 0.015659 0.028447 -0.000317 
0.007874 -0.020153 0.012593 0.017594 
0.002470 0.008000 -0.000185 0.008370 
0.002472 0.004908 0.001771 0.005203 
0.011044 0.027374 0.013443 -0.026279 
-0.006150 -0.025195 0.007538 0.024815 
0.004720 -0.005658 0.005970 -0.004320 
0.011060 -0.000904 0.009825 0.005159 
0.004175 -0.011242 0.010190 -0.006323 
-0.003936 -0.014280 0.009964 -0.010961 
-0.010722 0.037621 -0.033251 0.020607 
0.018839 0.002560 -0.004200 0.018543 
-0.018086 -0.011031 0.018226 -0.010797 
0.006409 0.005473 0.004320 0.007237 
0.005099 -0.016160 0.016922 0.000887 
-0.027731 0.033799 0.001414 -0.043697 
0.007841 0.027943 0.012611 -0.026139 
-0.024152 0.005071 0.020987 -0.012984 
0.006807 -0.015334 0.016617 0.002315 
-0.012105 -0.008781 0.001238 -0.014903 
0.008171 -0.005586 0.009786 -0.001481 
0.000020 -0.022945 0.015216 0.017174 
-0.007163 -0.000329 -0.006887 -0.001993 
0.008244 0.030518 0.029225 -0.012051 
-0.003334 -0.002826 -0.003074 -0.003107 
0.020957 -0.004524 -0.006861 0.020313 
-0.025442 -0.029083 -0.005817 -0.038200 
-0.015261 0.038989 -0.035416 -0.022333 
-0.011737 0.010373 -0.014415 -0.006128 
0.006502 -0.015811 0.016877 0.002730 
-0.004799 0.010356 -0.009795 0.005859 
0.005345 0.001105 0.005145 0.001823 
0.006484 -0.006907 0.008706 -0.003735 
0.005421 -0.044106 0.010646 0.043144 
-0.023114 0.012020 0.022775 -0.012649 
0.011002 0.021703 -0.018973 -0.015235 
0.010780 -0.011898 0.015092 0.005476 
-0.004829 0.014944 -0.015580 0.001982 
0.005993 -0.017614 0.017506 0.006299 
-0.037643 -0.006758 -0.031445 -0.021769 
-0.020885 0.015846 0.021072 -0.015597 
0.000053 -0.002917 0.000167 -0.002912 
-0.002564 -0.025689 0.004696 0.025386 
0.003099 -0.018539 0.018360 0.004027 
-0.037730 -0.024012 0.042461 0.014043 
0.004858 0.013732 -0.008621 0.011740 
0.043925 -0.002335 -0.036294 0.024851 
-0.008459 -0.031224 -0.031854 0.005641 
0.004130 -0.027769 -0.016365 0.022811 
0.006615 0.015010 -0.011986 0.011198 
0.006813 0.005011 0.004834 0.006939 
0.009021 0.015030 -0.013391 0.011312 
0.004275 -0.019099 0.017973 0.007747 
0.009912 0.002364 0.007724 0.006647 
0.017351 0.005827 -0.005241 0.017537 
-0.009037 -0.000103 -0.008372 -0.003404 
0.003323 -0.006350 0.004714 -0.005398 
0.003299 -0.005907 0.004458 -0.005089 
-0.019864 -0.017097 0.019693 0.017294 
0.023445 0.026387 0.033944 0.009683 
0.018757 -0.006645 0.001876 0.019811 
-0.002093 -0.005574 -0.001162 -0.005839 
0.010428 -0.011689 0.015039 0.004380 
-0.024543 -0.013719 0.015296 0.023593 
-0.016697 0.005614 -0.007999 -0.015695 
-0.010184 0.000637 -0.009336 -0.004117 
-0.032274 0.012900 -0.015122 0.031295 
0.043176 0.003598 -0.032320 0.028854 
0.023169 -0.007206 -0.017886 0.016395 
-0.008773 0.009496 -0.012907 0.000749 
-0.008259 0.022449 -0.003898 -0.023601 
-0.008037 -0.006675 -0.003845 -0.009714 
-0.001298 -0.011869 0.006192 -0.010209 
-0.008073 0.004984 -0.009395 0.001325 
0.005545 0.010500 -0.001904 0.011720 
0.023758 -0.001217 -0.019685 0.013357 
-0.001134 -0.021736 0.018547 0.011391 
-0.007625 -0.016359 0.015731 -0.008848 
-0.019638 0.011480 0.006161 -0.021897 
0.025280 -0.010786 -0.027399 0.002166 
0.001891 -0.038929 0.026143 -0.028907 
-0.002943 0.015353 -0.015107 0.004021 
-0.006451 -0.011284 0.003289 -0.012575 
-0.012791 0.044929 0.035560 -0.030294 
0.001859 -0.026089 -0.001784 0.026094 
0.000896 -0.011217 0.006906 -0.008885 
-0.022317 -0.002649 0.017100 -0.014582 
-0.014954 -0.003452 -0.003993 -0.014819 
-0.019530 0.000645 0.002883 -0.019326 
-0.022613 -0.007226 0.023021 -0.005794 
0.004670 0.002888 0.004227 0.003505 
0.022133 -0.014910 -0.023832 0.012009 
-0.032208 -0.012202 -0.030578 0.015851 
-0.001868 0.021872 -0.016425 -0.014564 
-0.007069 0.002024 -0.007350 0.000226 
-0.013178 0.025911 0.027157 -0.010369 
0.026239 0.018028 0.016359 -0.027310 
-0.029936 -0.028955 0.031926 -0.026745 
-0.002320 0.011461 -0.008607 0.007916 
0.008519 0.030115 0.027557 -0.014836 
-0.014635 -0.000668 -0.007537 -0.012563 
-0.010464 -0.011067 0.004601 -0.014519 
-0.008526 0.009456 -0.012677 0.001186 
-0.013591 0.012962 -0.012300 -0.014193 
0.042651 0.011390 -0.043062 0.009720 
-0.011447 0.016800 -0.012260 -0.016216 
0.014234 -0.021713 -0.013156 0.022382 
-0.002962 -0.000363 -0.002945 -0.000484 
-0.004774 0.000740 -0.004826 0.000225 
-0.008282 0.011773 -0.014394 0.000101 
0.024614 0.015246 -0.008875 -0.027559 
0.005185 -0.049583 -0.043462 -0.024421 
0.000966 0.024923 -0.007987 -0.023629 
0.018080 0.030458 0.030943 0.017237 
0.040858 0.010509 -0.022551 0.035655 
0.014528 -0.015038 0.007511 0.019514 
-0.019598 -0.025028 -0.023466 0.021444 
0.000420 -0.013740 0.010748 -0.008571 
-0.003787 -0.005599 -0.002539 -0.006264 
-0.003264 -0.005919 -0.001961 -0.006468 
-0.007202 -0.015331 0.013026 -0.010828 
-0.012803 0.010231 -0.013901 -0.008680 
0.008246 -0.012833 0.015219 0.001036 
-0.002129 -0.002657 -0.001985 -0.002767 
0.012620 -0.015627 0.011525 0.016451 
-0.035390 0.004237 -0.029940 0.019338 
0.006352 0.000089 0.006227 0.001257 
-0.015010 0.028618 0.027341 0.017228 
0.040856 -0.005969 0.007266 0.040645 
0.021062 0.008894 -0.021525 0.007705 
0.009621 0.026146 0.001870 -0.027797 
0.019091 0.016855 -0.021613 -0.013469 
0.026738 -0.021809 0.002281 -0.034429 
0.013696 0.000789 0.008299 0.010923 
-0.018230 0.006505 -0.003741 -0.018991 
0.032578 0.006298 0.016777 -0.028627 
-0.029283 0.018775 -0.009252 0.033532 
0.018583 0.001894 -0.002454 0.018518 
0.029024 -0.004997 -0.023127 -0.018235 
0.017184 -0.004738 0.006644 0.016541 
-0.039230 0.024990 0.046415 -0.003024 
0.036520 0.010095 0.031829 0.020555 
0.012093 -0.004274 0.011737 0.005172 
0.009445 -0.002841 0.009746 0.001515 
0.009032 0.008034 0.002086 0.011907 
0.026513 -0.003118 -0.026694 -0.000299 
0.006238 0.003161 0.005378 0.004470 
-0.026085 -0.000776 0.026094 0.000335 
-0.007579 0.017198 -0.016799 -0.008426 
0.001047 0.019873 -0.019528 -0.003829 
0.026310 -0.013433 -0.027318 -0.011243 
0.016369 -0.001698 0.006882 0.014949 
-0.013719 0.019408 0.001556 -0.023716 
-0.010192 -0.026089 -0.002391 0.027907 
-0.026187 0.017907 0.020301 0.024378 
-0.011948 0.003350 -0.011263 -0.005208 
0.033094 0.001360 0.011740 -0.030972 
-0.016379 0.006044 -0.008762 -0.015101 
0.011546 0.028122 0.019796 -0.023071 
-0.000318 -0.001553 -0.000300 -0.001557 
-0.000072 -0.022012 0.017536 0.013305 
-0.006254 0.019173 -0.016522 -0.011564 
0.015959 0.006724 -0.003509 0.016959 
-0.010060 0.004642 -0.010984 -0.001446 
-0.005259 -0.010582 0.002109 -0.011627 
-0.014336 0.023180 0.019939 -0.018582 
-0.016512 0.004575 -0.008126 -0.015084 
-0.003322 0.010134 -0.007931 0.007130 
-0.006531 -0.004474 -0.004994 -0.006142 
0.006127 0.010041 -0.001022 0.011718 
0.005068 0.013369 -0.007782 0.011994 
-0.015597 0.001999 -0.008403 -0.013291 
0.039395 0.022504 -0.038943 -0.023278 
0.013543 -0.004595 0.011711 0.008208 
-0.013829 0.004364 -0.011463 -0.008882 
0.009275 0.027777 0.013287 -0.026097 
0.001031 0.013254 -0.008898 0.009877 
0.021233 -0.000219 -0.009949 0.018759 
-0.013394 -0.019315 0.022016 0.008232 
-0.012494 -0.021322 0.018879 0.015947 
-0.032379 0.012686 -0.015534 0.031113 
-0.013608 0.004141 -0.011469 -0.008413 
0.002256 -0.011513 0.008617 -0.007961 
-0.013573 0.000153 -0.009119 -0.010055 
-0.000505 -0.018007 0.017906 -0.001975 
-0.019235 -0.013539 0.023521 0.000243 
-0.001798 0.010703 -0.007050 0.008252 
-0.004165 0.000686 -0.004207 0.000343 
-0.027158 0.014183 0.023743 0.019365 
0.038795 0.004186 0.026897 0.028269 
0.027196 -0.007687 -0.027399 -0.006926 
0.000513 0.004577 0.000066 0.004606 
-0.011369 -0.017682 0.020884 -0.002402 
-0.003143 0.001271 -0.003205 0.001104 
0.008376 0.010331 -0.001729 0.013187 
0.023176 0.003062 -0.020484 0.011265 
-0.013361 -0.010410 0.006710 -0.015552 
-0.010153 0.010898 -0.014606 -0.002917 
-0.008380 0.024754 0.008188 -0.024819 
0.005705 -0.014968 0.016012 -0.000469 
0.000546 -0.012251 0.008219 -0.009101 
0.011459 -0.031566 -0.023149 -0.024328 
0.004394 0.006089 0.002690 0.007010 
0.011136 -0.024888 -0.017358 0.021026 
-0.008914 0.018210 -0.014548 -0.014122 
0.004241 -0.000516 0.004270 -0.000160 
-0.014123 -0.008270 0.003058 -0.016078 
-0.025928 -0.009103 0.021696 0.016865 
0.014443 -0.008386 0.012177 0.011431 
-0.026311 -0.020483 -0.028934 0.016574 
-0.017570 0.036368 -0.040257 -0.003276 
-0.016666 0.009675 -0.007377 -0.017803 
-0.000709 -0.002396 -0.000640 -0.002416 
-0.001290 -0.018394 0.018379 -0.001489 
-0.029076 -0.002635 0.019056 0.022119 
0.026387 0.001849 -0.026197 -0.003660 
-0.014159 -0.001843 -0.006919 -0.012490 
-0.014881 -0.008095 0.004094 -0.016438 
0.009846 0.030671 0.031114 -0.008342 
0.022470 -0.004126 -0.013688 0.018292 
-0.014299 -0.003271 -0.005150 -0.013734 
-0.019803 0.000677 0.003870 -0.019433 
-0.024796 0.010303 0.026161 -0.006050 
0.015613 -0.009870 0.009954 0.015559 
-0.031231 -0.022764 -0.014019 -0.036015 
-0.033049 0.000007 -0.009727 0.031585 
0.013494 -0.009314 0.013254 0.009653 
-0.002147 0.010057 -0.006589 0.007895 
-0.011687 -0.013027 0.010923 -0.013673 
0.022405 -0.024337 -0.016389 -0.028734 
-0.038339 -0.004123 -0.030790 -0.023213 
-0.027205 0.000125 0.026361 0.006725 
0.038990 0.000105 0.029952 0.024962 
0.000152 0.002676 0.000064 0.002679 
0.013365 -0.003048 0.011012 0.008164 
-0.000534 -0.001717 -0.000509 -0.001725 
0.023103 -0.007103 -0.017529 0.016641 
-0.015629 -0.023321 0.003246 0.027885 
-0.022456 -0.000821 0.015843 -0.015935 
0.007353 0.000170 0.007086 0.001971 
0.003124 -0.024602 0.004766 0.024338 
0.008814 -0.008342 0.012095 -0.000995 
0.009256 -0.041509 0.033493 0.026208 
-0.027538 0.002856 0.026668 0.007434 
0.013794 -0.009144 0.012959 0.010293 
-0.012475 -0.014987 0.016920 -0.009694 
-0.020205 0.012383 0.010439 -0.021275 
0.004990 -0.001326 0.005115 -0.000707 
0.005443 -0.030425 -0.030550 0.004688 
-0.004248 -0.029875 -0.023543 0.018876 
-0.023725 -0.006389 0.024425 -0.002664 
-0.006434 0.023244 -0.004855 -0.023624 
0.004652 0.011135 -0.003247 0.011622 
-0.006080 0.002499 -0.006453 0.001252 
-0.011250 0.015607 -0.014050 -0.013143 
-0.014925 0.018298 0.002378 -0.023493 
0.010703 -0.003305 0.010777 0.003056 
-0.036157 -0.008915 -0.035330 -0.011775 
-0.018761 -0.003763 0.005784 -0.018240 
0.015525 -0.010046 0.010075 0.015506 
0.008005 -0.011109 0.013642 -0.001178 
-0.001630 0.007909 -0.003888 0.007077 
0.027394 0.000578 -0.025972 -0.008730 
-0.001958 0.007702 -0.004077 0.006821 
0.004602 -0.007397 0.006850 -0.005383 
0.001341 -0.005044 0.001959 -0.004838 
-0.015020 -0.017695 0.022760 0.004546 
0.025561 -0.022791 -0.002039 -0.034185 
-0.042224 -0.003844 0.019758 -0.037513 
-0.006633 -0.004373 -0.005108 -0.006085 
0.004589 0.024925 -0.009321 -0.023568 
0.000258 0.013015 -0.008946 0.009456 
-0.007788 0.017699 -0.016390 -0.010260 
0.036661 0.009707 0.031830 0.020619 
0.021929 -0.010709 -0.015860 0.018547 
-0.003915 0.006984 -0.005772 0.005549 
0.010401 0.003829 0.006747 0.008793 
0.000305 -0.021632 0.017968 0.012049 
0.000583 -0.000074 0.000583 -0.000073 
-0.017543 -0.007351 0.008886 -0.016818 
-0.012639 0.007782 -0.013307 -0.006574 
0.016500 0.018700 -0.021132 -0.013243 
0.014688 -0.008859 0.011861 0.012391 
-0.010512 -0.025319 0.002373 0.027312 
-0.000235 -0.017037 0.016499 -0.004257 
0.001232 -0.001115 0.001246 -0.001100 
0.009371 -0.002924 0.009721 0.001367 
-0.008691 -0.023007 0.016355 0.018368 
-0.027350 -0.006257 0.021547 0.017969 
0.009662 0.004927 0.005757 0.009192 
-0.007900 0.004955 -0.009204 0.001496 
0.008226 0.033392 0.030620 0.015655 
0.009405 -0.042532 0.020927 0.038203 
0.001165 0.005603 0.000314 0.005714 
0.013491 -0.007225 0.012776 0.008425 
0.010501 -0.029382 -0.031053 -0.003050 
-0.010575 -0.000856 -0.008773 -0.005967 
0.022619 0.000817 -0.016482 0.015511 
-0.019283 -0.030183 -0.029454 -0.020379 
0.005523 0.003947 0.004572 0.005018 
0.015064 0.021439 -0.014881 -0.021566 
0.015577 0.008627 -0.006765 0.016471 
0.001015 -0.025895 0.000547 0.025909 
0.002982 -0.013275 0.011937 -0.006529 
-0.017054 -0.022818 0.001711 0.028435 
0.016574 0.018737 -0.020977 -0.013628 
-0.023196 0.012038 0.023098 -0.012224 
0.020290 0.030826 0.021333 0.030114 
0.002247 0.000972 0.002220 0.001033 
-0.022060 -0.016710 0.014466 0.023593 
-0.010941 -0.002179 -0.008027 -0.007747 
-0.012940 0.017729 -0.006499 -0.020965 
-0.002653 0.008175 -0.005220 0.006828 
-0.014083 -0.006935 0.000274 -0.015695 
-0.026527 0.008194 0.027637 0.002646 
0.022184 0.014053 -0.021861 -0.014550 
0.007605 -0.017642 0.016579 0.009707 
0.008608 -0.006785 0.010886 -0.001272 
-0.007634 -0.013498 0.008611 -0.012897 
-0.009530 0.010454 -0.014093 -0.001222 
0.009630 0.032196 0.033071 0.005967 
0.031226 0.011449 0.021787 -0.025129 
-0.017885 0.007414 -0.004674 -0.018788 
-0.014611 -0.009413 0.006570 -0.016091 
0.011786 0.000007 0.009468 0.007020 
-0.007279 -0.028808 -0.018262 0.023439 
0.010963 0.034537 0.019433 0.030584 
0.001910 0.008667 -0.001278 0.008782 
-0.006115 0.021806 -0.011152 -0.019711 
0.009538 0.028143 0.016359 -0.024807 
-0.016806 -0.007531 0.007283 -0.016915 
-0.033949 0.001769 -0.017424 0.029191 
-0.026048 0.002543 0.026052 -0.002510 
0.017405 0.019492 -0.017566 -0.019348 
0.007332 0.014741 -0.011605 0.011679 
-0.022410 0.007093 0.014372 -0.018601 
-0.025865 0.008435 0.027156 -0.001653 
-0.035890 0.002260 -0.032943 0.014420 
0.001874 -0.022653 0.014441 0.017554 
-0.004238 -0.026544 -0.000410 0.026877 
-0.006156 0.007005 -0.008394 0.004062 
-0.002131 -0.001420 -0.002088 -0.001484 
0.007214 -0.009005 0.011074 -0.003239 
0.019269 0.017785 -0.019033 -0.018037 
-0.012555 -0.028946 -0.026831 0.016601 
0.009148 0.032362 0.032951 0.006723 
0.002537 0.003602 0.002206 0.003813 
0.004343 -0.013586 0.013503 -0.004595 
-0.014235 0.003574 -0.010815 -0.009921 
0.000889 0.004554 0.000435 0.004620 
-0.005513 -0.011911 0.004585 -0.012298 
-0.023507 0.005963 0.018681 -0.015465 
0.008301 0.017933 -0.019316 0.004170 
0.006699 0.024148 -0.012684 -0.021613 
-0.001591 -0.008767 0.001637 -0.008759 
0.002282 0.009829 -0.002390 0.009804 
0.021904 -0.001355 -0.011977 0.018390 
0.016387 0.010112 -0.012160 0.014931 
-0.011013 0.002256 -0.010449 -0.004147 
0.001621 0.004739 0.001066 0.004894 
0.003234 -0.005737 0.004305 -0.004984 
-0.024004 -0.010468 0.023952 0.010588 
-0.005992 -0.016277 0.014849 -0.008964 
0.002510 -0.016622 0.016681 -0.002083 
-0.001756 -0.030912 -0.028858 0.011217 
0.009828 -0.017130 0.014589 0.013311 
0.033278 -0.003207 0.010510 -0.031737 
0.000809 0.027043 0.005029 -0.026583 
0.017511 0.031007 0.029554 0.019866 
0.019383 -0.008238 -0.001315 0.021020 
0.013758 -0.004371 0.011505 0.008719 
-0.021770 -0.006469 0.020078 -0.010613 
0.003033 0.028811 0.016458 -0.023841 
0.004387 0.013774 -0.008754 0.011504 
0.010735 0.002081 0.008074 0.007374 
0.004217 0.007927 0.001066 0.008915 
0.003777 0.006634 0.001890 0.007396 
0.001508 -0.011175 0.007414 -0.008496 
-0.000701 -0.000255 -0.000701 -0.000257 
-0.027050 -0.018266 -0.022710 0.023443 
0.035559 0.001266 0.032216 -0.015107 
-0.012320 0.016784 -0.010335 -0.018075 
-0.007257 0.029926 0.030558 -0.003802 
0.014593 0.008845 -0.005208 0.016250 
0.031608 0.014338 0.032836 -0.011246 
0.001015 0.013876 -0.010127 0.009541 
0.008586 0.002224 0.007248 0.005113 
0.009942 0.008781 0.000530 0.013254 
0.013595 0.022287 -0.013917 -0.022088 
0.003421 -0.040518 0.039980 -0.007416 
-0.011819 -0.022554 0.015397 0.020280 
-0.000206 0.003741 -0.000446 0.003720 
-0.025868 0.018902 0.018974 0.025815 
0.019769 -0.015052 -0.014257 0.020350 
-0.000241 -0.015547 0.013813 -0.007139 
-0.006189 -0.007015 -0.002955 -0.008876 
-0.012192 0.004852 -0.012028 -0.005246 
-0.011067 0.002841 -0.010742 -0.003893 
-0.004246 0.036782 -0.004508 0.036751 
-0.025128 -0.004691 0.025540 0.001047 
0.007369 -0.013013 0.014949 -0.000439 
-0.000541 0.005272 -0.001215 0.005159 
-0.009718 0.007882 -0.012504 -0.000461 
0.001430 0.004045 0.001084 0.004151 
-0.018357 0.020921 0.025206 -0.011803 
0.000246 0.001369 0.000234 0.001371 
0.012604 -0.011286 0.014123 0.009316 
0.000742 -0.003212 0.000901 -0.003171 
0.023675 0.027564 0.029235 0.021578 
-0.006773 -0.041836 0.041296 0.009526 
0.007600 0.010736 -0.002328 0.012946 
0.008908 -0.014192 0.016113 0.004598 
-0.004126 0.029566 0.026412 -0.013913 
0.017341 0.021952 -0.006090 -0.027304 
0.004254 0.006179 0.002535 0.007061 
-0.013611 -0.005790 -0.002426 -0.014591 
0.019576 0.018938 -0.013998 -0.023364 
0.008111 0.000890 0.007468 0.003288 
-0.014826 0.008271 -0.011661 -0.012339 
-0.001324 -0.009658 0.002879 -0.009314 
-0.008364 -0.005933 -0.004657 -0.009136 
-0.030082 0.005305 0.017395 0.025109 
-0.016934 0.000376 -0.004627 -0.016294 
-0.000407 -0.002526 -0.000331 -0.002538 
0.003028 0.000701 0.002994 0.000834 
0.006413 -0.012861 0.014186 -0.002298 
-0.007355 -0.014400 0.010753 -0.012076 
0.014384 -0.003571 0.010697 0.010258 
-0.028621 0.005246 0.024622 0.015506 
-0.024142 0.005835 0.021195 -0.012947 
-0.013520 -0.022582 0.012679 0.023064 
-0.004705 -0.001528 -0.004504 -0.002046 
-0.000982 -0.007396 0.000919 -0.007404 
0.015241 -0.012952 0.008515 0.018097 
-0.022112 -0.028685 -0.028838 -0.021913 
0.009001 0.011974 -0.005625 0.013883 
0.012960 0.015095 -0.017790 0.008907 
-0.011446 -0.004179 -0.006259 -0.010454 
-0.020504 0.014711 0.016807 -0.018825 
0.014555 0.019646 -0.021041 -0.012453 
-0.012485 0.008587 -0.013638 -0.006606 
-0.026310 0.009783 0.027876 0.003294 
0.005587 0.030221 0.026013 -0.016366 
-0.032182 0.003823 0.000371 0.032407 
0.002228 0.038698 -0.020370 0.032979 
-0.006545 -0.011494 0.003720 -0.012693 
0.021872 -0.000445 -0.012439 0.017996 
0.005178 0.032175 0.032589 0.000036 
0.020559 -0.016482 -0.021267 0.015558 
0.023869 -0.002115 -0.019839 0.013439 
-0.010447 -0.011277 0.005082 -0.014507 
-0.024198 0.008367 0.022866 -0.011519 
-0.013723 0.004735 -0.011690 -0.008608 
0.000569 0.000102 0.000569 0.000103 
0.008070 0.008575 0.001397 0.011691 
0.010155 0.030196 0.029585 -0.011817 
0.013549 0.013672 -0.015303 0.011676 
0.008810 -0.029758 -0.031035 0.000160 
-0.027602 0.020690 -0.003592 0.034309 
0.019975 0.005589 -0.012980 0.016179 
0.002828 -0.036608 -0.000750 -0.036709 
0.004582 -0.002318 0.004828 -0.001748 
0.000476 -0.016607 0.015986 -0.004523 
-0.013680 -0.023228 0.008979 0.025418 
-0.008148 0.001863 -0.008320 -0.000799 
0.000018 0.001696 -0.000004 0.001696 
-0.001164 -0.030557 -0.027402 0.013573 
-0.017866 0.037446 -0.036620 -0.019502 
-0.014653 0.035320 -0.027929 0.026117 
-0.032138 -0.021950 -0.011691 -0.037121 
-0.029817 -0.021369 -0.031961 -0.018004 
-0.035916 -0.010292 -0.034403 -0.014572 
-0.019140 0.011624 0.004104 -0.022014 
-0.008476 -0.012513 0.006609 -0.013592 
0.017370 -0.012772 0.001550 0.021505 
-0.013634 -0.012957 0.013652 -0.012937 
0.017415 -0.002554 0.005117 0.016841 
0.011802 -0.015295 0.013475 0.013844 
-0.024561 -0.007615 0.025237 0.004933 
-0.011005 -0.002188 -0.008025 -0.007842 
-0.033816 -0.008540 -0.031337 0.015312 
0.006746 0.019773 -0.020781 -0.002150 
-0.007751 0.008889 -0.011521 0.002522 
-0.014758 -0.003295 -0.004498 -0.014436 
-0.009493 0.005764 -0.011104 -0.000225 
0.014735 0.000793 0.007305 0.012821 
0.010514 -0.006352 0.012148 0.001822 
-0.009206 -0.004485 -0.006085 -0.008237 
-0.010067 0.002854 -0.010197 -0.002346 
-0.033261 -0.001521 -0.013570 0.030405 
-0.010574 -0.002110 -0.008032 -0.007193 
-0.014452 -0.017538 0.022589 0.002483 
-0.032824 0.000316 -0.007223 0.032021 
-0.013075 -0.024421 0.003106 0.027526 
-0.025403 -0.014528 0.007629 0.028251 
-0.029094 0.011532 0.017561 0.025905 
-0.007736 0.023140 -0.002132 -0.024306 
0.000323 0.009056 -0.003031 0.008539 
0.007937 -0.015651 0.016704 0.005379 
-0.018457 0.034803 -0.038211 0.009584 
-0.003508 -0.000601 -0.003467 -0.000803 
0.009743 0.029493 0.025548 -0.017664 
0.014411 -0.013424 0.010144 0.016881 
0.009612 -0.010407 0.014102 0.001355 
-0.011206 -0.015683 0.017040 -0.009011 
0.027279 0.027577 0.006167 0.038296 
0.026414 0.007036 -0.023346 -0.014218 
0.003224 0.012706 -0.006738 0.011244 
0.034071 -0.003241 0.018387 -0.028866 
-0.004646 -0.002088 -0.004366 -0.002625 
-0.005046 -0.010447 0.001935 -0.011439 
0.024380 0.018690 0.008239 -0.029594 
-0.046694 -0.012792 -0.001280 0.048397 
0.006081 -0.014912 0.016104 0.000102 
-0.017060 0.008820 -0.006688 -0.018002 
0.023753 0.013220 -0.019762 -0.018667 
-0.002522 -0.016324 0.014710 -0.007514 
0.000478 -0.002511 0.000553 -0.002495 
0.009522 -0.009760 0.013615 0.000754 
0.013401 -0.004994 0.011949 0.007858 
-0.009648 -0.034494 -0.022232 -0.028082 
-0.020137 -0.010260 0.021404 -0.007256 
0.028387 0.019673 0.033821 -0.006999 
-0.011500 0.015427 -0.013832 -0.013376 
-0.004073 0.029236 0.024753 -0.016081 
0.015817 -0.008974 0.009805 0.015316 
-0.010288 -0.003253 -0.007198 -0.008038 
-0.000642 0.000891 -0.000647 0.000888 
0.002202 -0.017397 0.017526 -0.000596 
0.005117 -0.008032 0.007927 -0.005278 
0.011472 -0.010696 0.014575 0.005793 
0.009271 -0.001404 0.009078 0.002348 
-0.005062 -0.013219 0.007442 -0.012041 
-0.002147 -0.010898 0.004032 -0.010349 
0.015286 0.022876 -0.007003 -0.026607 
0.016170 -0.040145 0.018734 0.039014 
-0.002812 -0.021133 0.019780 0.007956 
-0.028956 -0.012702 -0.008993 0.030314 
-0.009582 -0.015524 0.015090 -0.010252 
-0.001486 0.023777 -0.010896 -0.021186 
0.028191 -0.022799 0.021623 -0.029103 
0.021427 -0.011216 -0.014260 0.019533 
0.005080 0.010120 -0.001390 0.011237 
-0.004159 -0.027752 -0.008900 0.026613 
-0.006877 -0.016545 0.015794 -0.008460 
-0.002632 -0.008467 0.000526 -0.008851 
-0.026564 0.002585 0.026677 0.000791 
-0.006599 -0.031600 -0.031981 0.004398 
-0.017713 0.008414 -0.004847 -0.019002 
-0.003174 -0.032850 -0.032417 -0.006193 
0.005670 0.005555 0.003851 0.006941 
0.000199 0.001261 0.000190 0.001262 
0.013561 0.008597 -0.002829 0.015805 
0.005498 0.018764 -0.019451 0.001986 
0.016884 -0.000054 0.004439 0.016290 
-0.012994 0.016222 -0.009672 -0.018397 
0.028392 0.004655 -0.019650 -0.021015 
-0.003764 0.007134 -0.005696 0.005712 
0.004920 0.027465 0.006992 -0.027012 
0.028412 -0.010799 -0.022567 -0.020361 
0.007236 0.012514 -0.006086 0.013112 
0.023900 0.006312 -0.024641 0.001970 
-0.022223 -0.025220 -0.032565 0.008331 
-0.017561 0.036741 -0.039906 -0.008112 
-0.009218 0.021121 -0.006667 -0.022059 
-0.026842 0.004620 0.027122 0.002491 
-0.014709 -0.000739 -0.007387 -0.012741 
-0.009670 0.004860 -0.010795 -0.000775 
0.038800 0.015462 -0.021101 0.036046 
-0.006987 -0.014103 0.009854 -0.012272 
0.033544 0.004606 0.021403 -0.026236 
-0.005487 0.005548 -0.006805 0.003820 
0.002404 -0.005848 0.003431 -0.005311 
-0.002416 -0.025214 0.007326 0.024247 
-0.028782 0.009436 0.022138 0.020674 
0.008310 0.001148 0.007516 0.003725 
-0.014586 -0.017327 0.022571 0.001883 
-0.011898 0.018316 -0.008035 -0.020309 
-0.001555 0.002089 -0.001620 0.002039 
-0.014460 -0.019734 0.020946 0.012640 
-0.037925 -0.005395 -0.031811 -0.021341 
-0.025098 0.017630 0.025948 0.016352 
0.008595 -0.016135 0.016444 0.007988 
-0.013795 -0.021417 0.017103 0.018881 
-0.006482 0.017508 -0.017316 -0.006978 
-0.018696 -0.026917 -0.030296 0.012499 
-0.020653 0.001738 0.006447 -0.019698 
0.000716 -0.016246 0.015469 -0.005015 
0.001237 -0.000287 0.001239 -0.000278 
-0.006423 -0.004101 -0.005117 -0.005648 
0.014754 0.008040 -0.003724 0.016384 
0.011015 -0.012217 0.015122 0.006473 
-0.009661 0.006993 -0.011922 -0.000311 
0.029900 0.001597 -0.015535 -0.025597 
0.003742 0.013723 -0.008746 0.011218 
0.004535 0.025965 -0.003334 -0.026146 
0.011449 0.006933 0.002716 0.013106 
0.016144 0.002491 0.003140 0.016030 
-0.004372 0.010640 -0.009662 0.006244 
-0.003882 0.010008 -0.008400 0.006683 
0.004774 -0.008298 0.007746 -0.005626 
0.011104 0.016438 -0.018571 0.006975 
-0.020604 0.014523 0.016826 -0.018771 
0.022716 0.026258 0.034527 0.003654 
0.028975 0.001713 -0.020572 -0.020476 
-0.020226 -0.024397 -0.022154 0.022660 
0.004690 -0.032070 -0.031381 -0.008107 
-0.003727 -0.001808 -0.003573 -0.002096 
-0.000405 -0.010616 0.004903 -0.009424 
-0.023866 0.017375 0.028759 0.006662 
0.021246 0.000327 -0.010487 0.018480 
0.017124 -0.008478 0.006648 0.017914 
0.007955 0.010641 -0.002220 0.013099 
-0.002456 -0.002628 -0.002296 -0.002770 
-0.012960 0.009713 -0.013719 -0.008608 
-0.005642 -0.004850 -0.004242 -0.006112 
0.002952 -0.007488 0.005016 -0.006295 
-0.002207 -0.012640 0.007060 -0.010715 
-0.000843 0.015165 -0.013631 0.006699 
0.013953 -0.011723 0.012366 0.013385 
-0.004189 -0.012921 0.006901 -0.011699 
-0.004172 0.003982 -0.004728 0.003302 
0.020288 -0.011942 -0.010029 0.021299 
-0.002245 -0.016212 0.014522 -0.007549 
-0.006637 -0.032258 -0.032872 -0.002016 
-0.029723 0.019713 -0.018297 0.030616 
0.005830 0.022415 -0.018632 -0.013759 
0.001852 0.030122 0.024994 -0.016913 
-0.003594 -0.006773 -0.001659 -0.007486 
-0.008649 -0.005826 -0.004807 -0.009254 
0.009323 0.003823 0.006612 0.007603 
0.011522 0.019037 -0.021979 -0.003477 
0.019662 -0.015555 -0.015050 0.020051 
0.025285 -0.012820 -0.028266 -0.002171 
0.024024 -0.013578 -0.027235 0.004449 
-0.010337 -0.029342 -0.025490 0.017834 
0.012516 0.025963 0.006312 -0.028123 
0.009783 0.010792 -0.003421 0.014158 
-0.008351 0.001574 -0.008409 -0.001229 
-0.001827 0.005651 -0.002713 0.005282 
-0.018659 0.023068 0.029669 0.000199 
-0.000040 0.024268 -0.010285 -0.021981 
-0.007171 0.009334 -0.011313 0.003253 
0.016406 0.014701 -0.021656 0.004038 
0.004167 -0.000790 0.004218 -0.000443 
-0.011086 0.001318 -0.010035 -0.004892 
-0.003648 0.012157 -0.010886 0.006527 
-0.000208 0.004802 -0.000715 0.004753 
-0.023544 0.021470 0.022707 0.022354 
0.011779 -0.012402 0.014748 0.008664 
-0.026773 0.005326 0.027208 0.002212 
0.003369 -0.009343 0.007116 -0.006929 
-0.002248 0.002938 -0.002428 0.002791 
0.004726 0.011791 -0.004465 0.011892 
0.020836 -0.019742 -0.028498 0.003430 
-0.017839 0.002481 -0.003940 -0.017575 
-0.012325 -0.002283 -0.007752 -0.009850 
0.002619 -0.012869 0.010995 -0.007182 
0.008940 -0.006488 0.011021 -0.000749 
0.010876 0.005038 0.005511 0.010644 
0.013123 -0.036304 0.030267 -0.023961 
-0.022879 0.020909 0.026810 0.015553 
-0.000910 0.029843 0.024779 -0.016656 
0.035745 -0.003298 0.032121 -0.016026 
0.018155 -0.007922 0.003584 0.019482 
0.012625 -0.002921 0.011094 0.006698 
0.011474 0.006055 0.003994 0.012344 
0.007441 -0.007557 0.010201 -0.002901 
0.009995 0.007939 0.001933 0.012617 
-0.020311 -0.020930 0.000268 0.029164 
-0.028405 0.009255 0.023991 0.017802 
-0.006547 0.023878 -0.001515 -0.024713 
-0.007391 0.007807 -0.010325 0.002996 
-0.003012 0.018656 -0.018409 -0.004268 
0.014524 0.001069 0.007289 0.012608 
-0.027311 -0.006350 0.021550 0.017939 
0.016768 -0.003741 0.007257 0.015572 
-0.013081 -0.035400 -0.003845 -0.037544 
-0.010198 -0.016563 0.018013 -0.007338 
-0.013175 -0.014848 0.017528 -0.009317 
-0.015119 0.006951 -0.011112 -0.012387 
-0.010846 0.004586 -0.011449 -0.002756 
-0.013094 0.025864 0.026837 -0.010962 
0.034476 -0.013909 0.035227 -0.011880 
0.023363 -0.016438 -0.028565 0.000298 
-0.003043 0.014198 -0.013417 0.005551 
-0.000148 -0.000972 -0.000143 -0.000973 
-0.005650 -0.013732 0.008644 -0.012074 
-0.014715 0.033614 -0.011095 0.034976 
-0.002621 0.020037 -0.018343 -0.008479 
0.007017 -0.010777 0.012507 -0.002992 
-0.025223 0.012572 0.028160 0.001134 
0.024555 -0.028993 0.032821 -0.019139 
-0.013036 -0.002977 -0.006713 -0.011565 
0.012046 0.034557 0.016687 0.032571 
-0.018784 -0.003829 0.005966 -0.018218 
0.003018 -0.015167 0.014874 -0.004231 
-0.003280 0.010745 -0.008626 0.007198 
-0.006770 -0.000303 -0.006557 -0.001712 
0.013052 -0.000362 0.009514 0.008943 
0.020150 0.011002 -0.022387 0.005089 
0.013702 -0.037433 0.038965 -0.008406 
-0.001127 0.024749 -0.006846 -0.023810 
-0.005417 0.015433 -0.016356 0.000095 
-0.026513 0.005616 0.027096 0.000530 
-0.010443 0.011075 -0.014755 -0.003741 
-0.014647 -0.021649 0.014794 0.021549 
-0.003991 0.015940 -0.016370 0.001422 
0.038472 0.000814 0.033158 0.019527 
-0.004497 0.020019 -0.017142 -0.011275 
-0.025536 0.021571 0.009458 0.032062 
0.012752 -0.014540 0.012539 0.014725 
-0.005637 -0.026468 -0.000239 0.027061 
-0.005345 0.012306 -0.012671 0.004412 
0.002383 0.006130 0.001128 0.006480 
-0.018861 0.000430 0.000746 -0.018852 
0.015616 0.016533 -0.022719 -0.001031 
-0.024440 0.019902 0.023426 0.021085 
-0.011845 -0.001696 -0.008344 -0.008576 
-0.035336 -0.001715 -0.031182 0.016711 
-0.006558 0.007998 -0.009554 0.003962 
-0.012026 -0.008413 0.000410 -0.014671 
-0.010549 -0.021667 0.019319 0.014405 
-0.013058 -0.008021 0.000882 -0.015299 
-0.021874 -0.006963 0.021001 -0.009268 
-0.011863 0.031062 0.024883 0.022055 
-0.019839 -0.005910 0.013094 -0.016033 
0.015390 -0.017339 -0.001170 0.023154 
-0.007290 0.022571 -0.005820 -0.022994 
-0.015994 -0.009296 0.009287 -0.015999 
0.015214 -0.007676 0.011052 0.012970 
-0.032671 0.000905 -0.005250 0.032260 
0.015682 -0.012418 0.007875 0.018388 
-0.017504 -0.021238 0.009582 0.025800 
0.017313 0.015276 -0.023081 -0.000634 
0.033912 -0.007003 0.019140 -0.028857 
-0.016062 0.012938 -0.006038 -0.019721 
0.003690 0.040302 -0.036780 0.016884 
0.021325 -0.017084 -0.025259 0.010421 
0.007501 0.005250 0.004983 0.007681 
0.019113 0.005810 -0.010533 0.016975 
-0.024687 0.023977 0.001689 0.034373 
0.045165 0.014701 -0.015380 -0.044938 
0.001082 0.007685 -0.001056 0.007688 
0.001961 -0.011525 0.008351 -0.008181 
-0.008559 -0.001831 -0.007405 -0.004666 
-0.013194 -0.010039 0.005541 -0.015626 
-0.004900 0.037520 -0.015291 0.034611 
-0.027159 -0.005262 0.023421 0.014722 
0.004221 -0.009867 0.008620 -0.006393 
0.000138 0.005570 -0.000654 0.005534 
0.005955 0.000970 0.005711 0.001946 
0.028072 0.009382 -0.010709 -0.027593 
0.001156 0.015590 -0.013538 0.007816 
0.005417 -0.000090 0.005380 0.000638 
-0.018656 -0.007566 0.012566 -0.015729 
0.036182 0.025730 -0.043150 -0.010452 
0.026433 -0.012271 -0.027658 -0.009184 
0.010372 0.003903 0.006684 0.008839 
-0.000469 0.013156 -0.009722 0.008877 
0.007640 -0.018785 0.015480 0.013099 
0.003524 0.007266 0.001225 0.007982 
0.000883 -0.015199 0.013714 -0.006612 
0.012554 -0.001900 0.010554 0.007059 
0.019479 0.002289 -0.006006 0.018671 
0.033045 -0.015223 0.029155 -0.021765 
0.031864 -0.010178 0.003745 -0.033240 
-0.012101 0.013352 -0.014286 -0.010983 
0.008009 0.020095 -0.021214 -0.004233 
0.010678 -0.041264 0.031625 0.028575 
0.025596 0.002970 -0.025762 -0.000525 
0.007444 0.032211 0.032966 0.002484 
-0.016184 0.009602 -0.008713 -0.016680 
-0.009697 0.020150 -0.008680 -0.020609 
-0.018958 -0.011907 0.021507 -0.006214 
-0.005503 0.038942 -0.032090 0.022738 
-0.004076 0.025198 0.000212 -0.025525 
0.003681 0.036701 0.005174 0.036521 
-0.008736 0.002772 -0.009137 -0.000716 
0.009022 0.017348 -0.018703 0.005704 
-0.000917 -0.008644 0.002075 -0.008441 
-0.001822 0.000619 -0.001832 0.000588 
0.014506 -0.021531 -0.013434 0.022216 
-0.031824 0.008084 0.000470 0.032832 
0.003556 0.011013 -0.003444 0.011049 
0.008581 0.010286 -0.001709 0.013285 
0.012311 -0.030936 -0.024294 -0.022768 
-0.027847 0.020572 -0.005219 0.034227 
0.007036 0.004751 0.005112 0.006778 
0.022932 0.000306 -0.017318 0.015035 
0.031462 0.003769 0.000440 -0.031684 
0.005625 -0.042984 0.026987 0.033926 
-0.013903 -0.023741 0.005424 0.026972 
-0.010993 -0.016586 0.018763 -0.006625 
-0.010635 0.000806 -0.009621 -0.004603 
-0.030220 0.009449 0.012778 0.028970 
-0.010125 0.020620 -0.005991 -0.022177 
-0.001696 0.036183 0.007774 0.035378 
-0.003962 0.017398 -0.017727 -0.002029 
0.006220 -0.004113 0.007056 -0.002411 
0.013903 -0.007873 0.012661 0.009745 
0.010757 0.006975 0.003064 0.012449 
0.014687 -0.002436 0.009797 0.011210 
-0.011696 -0.005605 -0.004472 -0.012175 
0.019341 0.013711 -0.023674 -0.001281 
-0.007535 0.006277 -0.009494 0.002457 
0.032738 0.020480 0.016899 0.034722 
0.023837 0.012385 -0.021410 -0.016223 
-0.017778 0.010249 -0.003302 -0.020253 
0.005152 0.025528 -0.005911 -0.025363 
-0.015990 -0.006608 0.003345 -0.016975 
-0.015646 0.019601 0.010182 -0.022920 
0.001294 0.018287 -0.018243 0.001818 
-0.011294 -0.016371 0.018615 -0.007002 
0.008414 0.014608 -0.011873 0.011968 
-0.011673 0.003650 -0.011343 -0.004573 
-0.014593 -0.006301 -0.000061 -0.015896 
0.005027 -0.004820 0.005967 -0.003591 
-0.037442 -0.010563 -0.023071 -0.031324 
0.012296 0.035630 0.003646 0.037516 
-0.015411 -0.003850 -0.002661 -0.015660 
0.009153 0.002225 0.007524 0.005668 
-0.001132 -0.009818 0.003234 -0.009339 
-0.010049 0.022143 -0.000062 -0.024316 
-0.008017 0.002749 -0.008475 0.000007 
-0.029615 0.010420 0.015831 0.027110 
0.044571 0.006381 -0.045017 -0.000873 
0.007528 0.014146 -0.010191 0.012367 
-0.008340 0.001827 -0.008477 -0.001011 
-0.011317 0.000344 -0.009606 -0.005993 
-0.006016 -0.002444 -0.005434 -0.003555 
0.025195 0.012580 -0.016147 -0.023071 
-0.008545 -0.000887 -0.007766 -0.003675 
0.004781 0.003295 0.004216 0.003992 
-0.006100 -0.001251 -0.005782 -0.002311 
0.001560 -0.007600 0.003573 -0.006886 
0.024288 -0.007524 -0.022606 0.011640 
0.002286 -0.000933 0.002311 -0.000869 
-0.000955 -0.005454 -0.000181 -0.005534 
-0.008159 -0.022669 0.017678 0.016369 
-0.014573 0.005567 -0.011396 -0.010653 
0.021973 -0.006881 -0.012198 0.019529 
0.003287 -0.016393 0.016651 -0.001508 
0.008625 0.015707 -0.014794 0.010112 
-0.028404 0.002351 0.024971 0.013740 
-0.005621 -0.016671 0.015639 -0.008059 
0.000106 0.022252 -0.017071 -0.014273 
0.019516 -0.038984 0.010374 0.042343 
0.011523 -0.041026 0.031133 0.029097 
-0.005397 -0.022609 0.018162 0.014506 
-0.003702 -0.023155 0.016444 0.016718 
-0.011422 -0.024877 0.003654 0.027129 
0.006534 -0.004352 0.007488 -0.002356 
0.004691 0.001806 0.004450 0.002337 
0.011161 0.022301 -0.017039 -0.018209 
-0.003434 -0.010930 0.003362 -0.010952 
0.003511 0.003232 0.003155 0.003581 
-0.013091 -0.025483 -0.004275 0.028328 
-0.001821 -0.017523 0.017069 -0.004363 
-0.006470 -0.026066 0.002020 0.026781 
-0.021437 0.018287 0.027588 -0.005733 
0.003716 0.018741 -0.019025 0.001750 
0.016271 0.013638 -0.019750 0.007791 
-0.017621 -0.020945 0.010745 0.025175 
-0.016007 0.036066 -0.037786 0.011367 
-0.014694 0.002647 -0.009915 -0.011164 
-0.000733 -0.011268 0.005612 -0.009799 
-0.007849 -0.025402 0.005227 0.026069 
-0.015150 -0.002923 -0.004381 -0.014794 
0.019769 0.015728 -0.022652 -0.011184 
0.017418 -0.020347 -0.020264 0.017515 
0.006563 -0.006246 0.008400 -0.003395 
0.013124 0.008346 -0.001637 0.015466 
0.010354 -0.015780 0.015090 0.011336 
-0.027313 -0.003878 0.024323 0.013017 
0.046267 -0.000230 -0.042752 -0.017690 
0.020532 -0.007073 -0.005611 0.020979 
-0.028402 -0.005488 0.018238 0.022453 
0.006971 0.043631 -0.025878 -0.035814 
0.028640 -0.010000 -0.022305 -0.020560 
-0.006037 -0.001276 -0.005724 -0.002306 
-0.009481 -0.026012 -0.000716 0.027677 
0.001443 -0.027353 -0.009486 0.025696 
0.000430 -0.042005 0.040673 0.010504 
-0.003654 0.013766 -0.013224 0.005290 
0.002948 0.024207 -0.012418 -0.020987 
-0.017090 -0.009616 0.012723 -0.014921 
-0.006844 0.012626 -0.014245 0.001829 
0.004560 0.014211 -0.009747 0.011303 
-0.009862 0.009566 -0.013676 -0.001317 
0.020438 -0.006260 -0.004840 0.020820 
-0.023053 0.003028 0.016338 -0.016544 
-0.000497 0.005742 -0.001363 0.005600 
-0.010858 -0.004451 -0.006133 -0.010005 
-0.005661 0.023711 -0.004379 -0.023981 
-0.008823 -0.039493 0.034283 -0.021500 
-0.034915 0.014685 -0.037695 0.003720 
-0.023755 0.000327 0.020054 -0.012736 
-0.016522 0.035455 -0.036062 0.015152 
0.040913 0.011763 -0.028737 0.031407 
-0.014283 -0.008152 0.003086 -0.016154 
0.012174 0.002945 0.007212 0.010240 
0.002094 0.010353 -0.003245 0.010051 
0.006875 0.013169 -0.007529 0.012807 
0.003517 0.036200 0.011120 0.034629 
-0.002680 -0.005067 -0.001889 -0.005412 
0.018007 0.003571 -0.003130 0.018089 
-0.014251 -0.022953 0.009214 0.025398 
-0.018910 -0.010468 0.019045 -0.010220 
0.006263 -0.004999 0.007445 -0.002964 
0.023110 -0.002125 -0.016789 0.016023 
-0.026209 -0.015830 -0.004044 0.030350 
0.000137 0.036460 0.006801 0.035820 
-0.016950 0.007819 -0.007344 -0.017161 
-0.003649 0.014246 -0.013922 0.004735 
0.000856 0.000626 0.000852 0.000630 
0.003473 0.000771 0.003422 0.000972 
-0.018353 -0.008068 0.012723 -0.015494 
0.006134 0.002013 0.005640 0.003142 
-0.010638 0.013275 -0.015444 -0.007132 
0.026898 0.004228 -0.024907 -0.010999 
0.011234 -0.006241 0.012449 0.003187 
0.019437 0.017712 -0.018872 -0.018313 
0.005692 -0.021547 0.012665 0.018338 
-0.010594 -0.002650 -0.007669 -0.007775 
0.031447 0.005968 0.005600 -0.031514 
-0.000274 -0.013090 0.009074 -0.009439 
0.000111 0.025345 -0.004999 -0.024847 
-0.005202 0.008604 -0.008502 0.005368 
-0.005129 0.002171 -0.005385 0.001421 
0.000668 0.016953 -0.016261 0.004841 
0.007977 -0.011145 0.013653 -0.001201 
0.011082 -0.032272 -0.019560 -0.027958 
0.001988 -0.014607 0.013347 -0.006258 
-0.007986 0.002868 -0.008484 0.000122 
0.002397 -0.001337 0.002442 -0.001253 
0.012599 -0.006690 0.012872 0.006148 
0.006475 0.009433 0.000010 0.011442 
0.021578 -0.020234 -0.029368 -0.003539 
0.009205 0.004108 0.006376 0.007807 
0.017743 -0.003982 0.004927 0.017504 
-0.000514 -0.003199 -0.000360 -0.003220 
-0.002341 0.004578 -0.002878 0.004261 
-0.011859 0.000822 -0.009949 -0.006507 
0.016199 0.029934 0.033842 0.003628 
0.019468 -0.036556 0.036232 0.020063 
0.011533 -0.011552 0.014794 0.006898 
0.003397 -0.032909 -0.030310 -0.013260 
0.003691 -0.012624 0.011588 -0.006221 
0.017329 0.014185 -0.022127 0.003448 
0.012767 -0.028927 -0.030294 -0.009059 
0.011798 0.015230 -0.016652 0.009688 
0.006569 -0.007652 0.009310 -0.003878 
-0.014484 -0.024420 -0.000618 0.028385 
0.008680 -0.007329 0.011293 -0.001236 
0.011425 -0.005698 0.012251 0.003593 
-0.008397 -0.014069 0.010474 -0.012599 
-0.030328 -0.000329 0.014027 0.026891 
-0.012364 0.016534 -0.010681 -0.017668 
-0.005361 -0.006317 -0.003140 -0.007666 
-0.012508 -0.009516 0.003320 -0.015362 
0.008267 -0.012257 0.014780 0.000377 
-0.005498 -0.008672 -0.000834 -0.010234 
0.002749 0.008555 -0.000535 0.008970 
0.007081 -0.011064 0.012848 -0.002735 
-0.012990 -0.010882 0.007282 -0.015302 
-0.009147 -0.017946 0.019815 -0.003617 
0.003539 0.002826 0.003258 0.003146 
-0.013304 -0.017438 0.021931 -0.000333 
-0.015984 -0.000025 -0.006179 -0.014742 
0.005820 -0.001605 0.006006 -0.000613 
-0.005087 0.011415 -0.011333 0.005266 
0.010247 0.017874 -0.020390 0.002951 
-0.012910 0.018306 -0.005001 -0.021835 
-0.001446 0.006027 -0.002481 0.005680 
0.011481 0.012322 -0.008821 0.014346 
0.015699 0.025944 0.015417 -0.026112 
-0.004453 -0.015925 0.013751 -0.009184 
-0.013716 0.010272 -0.013056 -0.011099 
-0.005717 0.007861 -0.008491 0.004732 
-0.001874 0.020280 -0.018559 -0.008387 
0.021299 -0.018102 -0.027005 0.007214 
-0.000774 -0.023067 0.015409 0.017183 
0.009128 0.004345 0.006179 0.008002 
0.029006 -0.001885 -0.022779 -0.018057 
0.017818 0.016876 -0.022790 -0.009105 
0.007315 -0.019927 0.014033 0.015927 
-0.037996 -0.016686 0.018474 -0.037159 
0.002993 -0.010350 0.007833 -0.007397 
-0.009850 0.008733 -0.013132 -0.000917 
-0.006978 -0.009629 0.000258 -0.011888 
0.003073 -0.027981 -0.015976 0.023177 
0.012410 0.008818 -0.001677 0.015131 
0.002707 0.007963 0.000027 0.008410 
0.005204 -0.019419 0.017186 0.010430 
-0.028625 0.004460 0.024626 0.015259 
-0.009124 0.031154 0.029802 0.012869 
-0.005180 0.029138 0.025715 -0.014648 
0.007925 -0.015742 0.016725 0.005558 
0.001797 0.014763 -0.011591 0.009318 
0.021181 -0.019074 -0.028195 0.004178 
-0.024574 0.002872 0.022287 -0.010745 
0.009822 0.012027 -0.006353 0.014169 
-0.000297 -0.013011 0.008912 -0.009484 
-0.000570 -0.000559 -0.000568 -0.000561 
0.026598 0.003116 -0.025841 -0.007031 
-0.021290 -0.017687 0.013369 0.024236 
-0.000305 0.006263 -0.001424 0.006107 
0.006000 0.017272 -0.017040 0.006632 
0.016981 -0.001759 0.005642 0.016112 
-0.002482 0.014099 -0.012852 0.006307 
-0.013367 -0.002239 -0.007222 -0.011468 
-0.012569 -0.002717 -0.007253 -0.010619 
0.005721 0.014474 -0.010438 0.011545 
0.001792 -0.004301 0.002211 -0.004102 
0.021784 0.001890 -0.014245 0.016589 
0.014703 -0.009648 0.011760 0.013076 
-0.015871 -0.021589 0.012403 0.023752 
0.012472 -0.028516 -0.030799 -0.004490 
0.005042 0.008506 0.000854 0.009851 
0.010141 0.023130 -0.014841 -0.020435 
-0.022153 -0.010248 0.024401 0.000616 
-0.003282 0.008026 -0.005802 0.006443 
0.030804 -0.012973 0.000495 -0.033420 
-0.004890 0.008033 -0.007664 0.005450 
0.004282 -0.003026 0.004629 -0.002463 
0.019001 0.007704 -0.013876 0.015095 
0.006152 -0.039441 0.036949 -0.015106 
-0.037710 -0.003817 -0.034772 -0.015085 
0.014011 -0.009589 0.012737 0.011226 
-0.030930 0.001204 0.010765 0.029021 
-0.013346 -0.004220 -0.005004 -0.013073 
0.017439 -0.008407 0.005726 0.018494 
-0.000263 -0.006763 0.001154 -0.006669 
-0.003275 0.001601 -0.003366 0.001398 
-0.023262 0.017324 0.028916 0.002265 
-0.002622 -0.027876 -0.009906 0.026188 
-0.012561 -0.010760 0.006329 -0.015281 
-0.000504 -0.000226 -0.000504 -0.000227 
-0.008335 -0.029323 -0.022812 0.020223 
-0.025701 0.015990 0.026481 0.014662 
-0.006135 0.018403 -0.017228 -0.008916 
-0.010963 -0.007747 -0.001724 -0.013313 
0.005396 0.002097 0.005011 0.002898 
-0.008368 -0.019001 0.020761 -0.000162 
0.015696 0.016178 -0.022539 0.000222 
-0.005024 -0.017963 0.018086 -0.004563 
-0.005051 -0.005817 -0.003301 -0.006961 
-0.015420 -0.020718 0.017050 0.019398 
-0.000799 0.004709 -0.001286 0.004600 
-0.008881 0.006150 -0.010776 0.000758 
-0.017497 0.012267 -0.001858 -0.021288 
0.010569 0.010305 -0.002957 0.014462 
-0.032509 -0.000529 -0.004990 0.032128 
0.009987 -0.002015 0.009800 0.002788 
0.019311 -0.001594 -0.001346 0.019330 
0.000442 -0.022275 0.016653 0.014801 
-0.000266 -0.005172 0.000371 -0.005166 
-0.003060 0.005767 -0.004122 0.005062 
0.001594 -0.003567 0.001840 -0.003447 
0.001948 0.018347 -0.018329 0.002111 
-0.000194 -0.006106 0.000849 -0.006050 
-0.000524 0.015362 -0.013823 0.006722 
0.008757 0.023295 -0.015247 -0.019669 
-0.014333 0.020001 0.006286 -0.023790 
-0.023758 0.006695 0.020077 -0.014358 
-0.017026 -0.015744 0.023129 0.001669 
-0.018076 0.017256 0.012688 -0.021530 
0.009448 0.016249 -0.016704 0.008620 
-0.020120 -0.025907 -0.029735 0.013850 
-0.010692 -0.015628 0.016380 -0.009501 
0.012247 0.002362 0.007711 0.009803 
0.023215 -0.013607 -0.025283 0.009213 
-0.035435 0.013617 -0.037933 0.001448 
-0.032686 -0.000621 -0.006824 0.031971 
0.002153 -0.012941 0.010705 -0.007583 
-0.036371 0.002921 -0.035312 0.009190 
0.017914 -0.008028 0.004361 0.019140 
-0.013828 -0.036906 0.018374 -0.034866 
-0.011702 -0.020001 0.021657 0.008244 
0.008014 -0.001559 0.008112 0.000926 
0.007639 0.012374 -0.005894 0.013294 
0.014814 -0.029563 -0.023758 -0.023000 
-0.031212 0.017376 -0.021188 0.028761 
-0.011975 0.008528 -0.013691 -0.005353 
-0.004806 -0.009147 0.000063 -0.010332 
-0.039845 0.000687 -0.021992 -0.033233 
0.008890 0.010115 -0.001492 0.013383 
0.012752 -0.013709 0.013219 0.013259 
-0.021637 -0.016878 0.015377 0.022728 
-0.008701 0.047714 0.048489 -0.001063 
0.038605 0.015265 -0.017297 0.037738 
-0.015589 0.013362 -0.006948 -0.019320 
-0.020886 0.012848 0.014578 -0.019717 
-0.014491 -0.012017 0.012801 -0.013804 
0.004380 -0.005373 0.005449 -0.004285 
-0.006138 -0.000839 -0.005896 -0.001902 
-0.002958 -0.000725 -0.002924 -0.000850 
0.000846 0.026628 0.002217 -0.026549 
0.007104 0.019550 -0.020755 -0.001368 
0.023661 -0.000769 -0.019502 0.013420 
-0.002579 -0.000653 -0.002557 -0.000737 
-0.006132 0.001978 -0.006396 0.000782 
-0.014523 -0.007603 0.002361 -0.016222 
-0.000909 0.020585 -0.018802 -0.008430 
-0.005580 -0.004155 -0.004527 -0.005282 
-0.020736 -0.006602 0.017185 -0.013351 
-0.005247 -0.024310 0.012279 0.021627 
-0.013615 -0.009287 0.004460 -0.015866 
0.000623 0.007592 -0.001396 0.007488 
-0.003006 0.033042 0.030170 0.013805 
-0.001825 0.008871 -0.004957 0.007579 
0.009308 -0.005301 0.010712 0.000094 
0.002354 -0.001127 0.002388 -0.001053 
0.024551 -0.000385 -0.022702 0.009356 
-0.008361 -0.030488 -0.029188 0.012146 
0.002457 -0.008732 0.005503 -0.007211 
-0.012388 0.007971 -0.013427 -0.006060 
0.033085 -0.005994 0.009794 -0.032165 
0.017158 -0.000244 0.003978 0.016692 
-0.015534 -0.024806 -0.006658 0.028501 
