-0.004758 0.006128 -0.006251 0.004594 
-0.030841 -0.008321 -0.007766 0.030985 
-0.014015 0.037448 -0.039591 0.005599 
-0.020954 0.004870 0.006970 -0.020352 
-0.009589 0.015946 -0.015731 -0.009938 
-0.001419 -0.000839 -0.001408 -0.000857 
0.013080 0.003351 0.006250 0.011969 
0.002224 -0.025147 0.003059 0.025059 
-0.020719 0.004826 0.005926 -0.020431 
-0.028135 -0.008436 0.012829 0.026423 
-0.000479 -0.025743 0.002837 0.025590 
-0.003065 -0.024277 0.011999 0.021326 
0.009958 0.006509 0.003976 0.011212 
0.014151 0.022798 -0.010069 -0.024872 
-0.004302 -0.017930 0.017900 -0.004422 
-0.002932 0.001112 -0.002980 0.000978 
0.009097 -0.013532 0.015822 0.003942 
0.011410 -0.027676 -0.029347 0.005905 
-0.003972 -0.027112 -0.004562 0.027019 
0.008122 -0.009604 0.012453 -0.001768 
-0.004014 0.013187 -0.012690 0.005383 
-0.011014 -0.007936 -0.001337 -0.013509 
0.012582 -0.005998 0.012557 0.006050 
-0.032545 -0.008800 -0.023727 0.023950 
0.016704 0.003372 0.000607 0.017030 
0.023108 -0.005542 -0.016911 0.016695 
-0.004736 0.020059 -0.016830 -0.011896 
0.038639 0.000699 0.031775 0.021994 
0.003856 -0.010994 0.009556 -0.006665 
-0.007962 0.004228 -0.008956 0.001028 
0.012101 -0.005507 0.012317 0.005007 
-0.016751 -0.013108 0.019621 -0.008211 
-0.010742 0.020132 -0.005779 -0.022074 
-0.007633 0.003446 -0.008332 0.000848 
-0.010947 -0.000160 -0.009241 -0.005871 
0.003315 -0.015572 0.015620 -0.003083 
-0.001064 -0.004671 -0.000566 -0.004757 
0.003621 0.026015 -0.002782 -0.026118 
0.021593 0.010971 -0.024211 -0.000661 
0.008879 0.007356 0.003046 0.011121 
-0.020035 0.028779 0.000631 0.035061 
0.045085 0.012099 -0.030374 -0.035447 
0.004706 0.016909 -0.015991 0.007236 
0.009043 -0.008369 0.012307 -0.000594 
0.005303 -0.004206 0.006065 -0.003004 
0.005441 -0.018746 0.017451 0.008747 
-0.016519 -0.010892 0.014378 -0.013595 
-0.001600 -0.001708 -0.001556 -0.001748 
-0.002316 0.005618 -0.003233 0.005146 
0.024471 0.003052 -0.024069 0.005373 
-0.019224 0.006362 -0.000081 -0.020249 
0.030881 -0.009107 -0.007350 -0.031346 
0.016482 -0.002854 0.007351 0.015026 
-0.017424 0.004888 -0.005995 -0.017075 
0.018353 -0.001892 0.001978 0.018344 
0.014566 -0.005299 0.011274 0.010636 
-0.021754 -0.026332 -0.034134 0.001220 
-0.014371 0.036604 -0.036726 0.014056 
-0.004016 -0.021136 0.020052 0.007796 
-0.024422 -0.006871 0.025259 0.002377 
-0.022993 0.002517 0.016293 -0.016418 
0.006556 -0.001407 0.006705 -0.000030 
0.002327 -0.014339 0.013148 -0.006176 
0.009615 0.005008 0.005666 0.009243 
0.001485 0.002032 0.001425 0.002074 
0.023082 -0.012371 -0.023247 0.012058 
0.010230 0.028268 0.018639 -0.023586 
0.009086 -0.012402 0.015204 0.002279 
-0.005961 -0.030687 -0.028689 0.012417 
0.001117 0.007628 -0.000985 0.007647 
0.040421 0.002719 0.009483 0.039387 
-0.028760 -0.003413 0.019431 0.021476 
0.006267 -0.029224 -0.027628 0.011401 
0.000343 0.006294 -0.000807 0.006252 
0.019050 -0.024574 -0.028702 -0.011959 
-0.004893 -0.018843 0.019403 -0.001581 
0.005323 0.018602 -0.019192 0.002456 
0.005414 0.013273 -0.007591 0.012160 
0.002643 0.011327 -0.004456 0.010744 
0.011298 -0.022045 -0.003824 0.024474 
-0.008171 -0.007804 -0.002477 -0.011025 
0.006731 0.006998 0.003167 0.009178 
0.016922 0.001785 0.002268 0.016864 
-0.007926 -0.017418 0.018205 -0.005895 
0.001802 0.007388 -0.000204 0.007602 
0.014276 -0.005708 0.011689 0.009988 
0.000145 -0.031032 -0.029846 0.008498 
-0.013824 0.037140 -0.038166 0.010670 
-0.026406 0.004602 0.026803 -0.000234 
-0.003843 0.005853 -0.005055 0.004846 
0.008972 0.019724 -0.021384 -0.003503 
0.010332 0.004500 0.006136 0.009452 
0.016690 -0.009134 0.007517 0.017478 
-0.018421 0.002348 -0.002058 -0.018456 
-0.013144 -0.001781 -0.007779 -0.010744 
0.004234 -0.003399 0.004655 -0.002795 
0.009813 0.002536 0.007583 0.006725 
0.003535 -0.003196 0.003849 -0.002810 
0.012391 -0.005016 0.012109 0.005662 
-0.004692 -0.024001 0.013467 0.020414 
-0.018132 0.004780 -0.003926 -0.018336 
-0.009686 0.017282 -0.014554 -0.013442 
0.006076 -0.011874 0.012821 -0.003678 
-0.014524 -0.010537 0.009196 -0.015408 
-0.006695 -0.016334 0.015266 -0.008864 
-0.012524 -0.004594 -0.005201 -0.012284 
0.023847 -0.000117 -0.020575 0.012058 
0.007840 0.010273 -0.001502 0.012836 
-0.016621 0.007718 -0.008145 -0.016416 
-0.012569 -0.005762 -0.003574 -0.013357 
-0.020446 0.026701 0.013916 0.030615 
0.003440 -0.012507 0.011202 -0.006539 
-0.022593 0.006125 0.014818 -0.018122 
-0.020404 0.018905 0.026321 -0.008995 
0.023593 0.004415 -0.022886 0.007234 
0.000131 -0.036923 -0.000276 -0.036923 
0.016176 0.000692 0.005125 0.015358 
0.036456 0.002410 0.036429 -0.002784 
0.011200 -0.008307 0.013489 0.003537 
-0.011490 -0.019053 0.021951 0.003634 
-0.003392 0.002140 -0.003541 0.001883 
-0.002852 0.010732 -0.008172 0.007518 
-0.004385 0.014094 -0.014238 0.003893 
0.008620 0.025438 -0.004002 -0.026559 
0.000549 -0.039989 0.035435 -0.018542 
0.011529 -0.012233 0.014872 0.007836 
-0.018307 -0.001972 0.001770 -0.018328 
-0.022889 -0.007239 0.023602 -0.004390 
0.003815 0.001201 0.003717 0.001479 
0.021336 0.000714 -0.011328 0.018095 
-0.019474 0.005902 0.000810 -0.020332 
-0.001497 -0.012903 0.007972 -0.010256 
-0.000863 -0.021928 0.018044 0.012490 
-0.010729 -0.007979 -0.001454 -0.013291 
-0.005013 -0.004066 -0.004146 -0.004946 
-0.030839 0.011624 0.002496 0.032863 
-0.006985 0.029786 0.030122 -0.005353 
0.034347 -0.017480 0.038419 0.003042 
-0.003719 -0.035171 -0.020947 -0.028497 
0.015908 -0.024190 -0.027868 0.007847 
-0.015300 0.000367 -0.007567 -0.013303 
-0.006661 0.004499 -0.007686 0.002351 
-0.013883 -0.011973 0.011628 -0.014173 
-0.007846 0.004786 -0.009074 0.001456 
0.005431 0.018927 -0.019647 0.001310 
-0.009766 0.008827 -0.013138 -0.000819 
0.023697 -0.004262 -0.019131 0.014619 
0.018780 -0.015410 -0.010724 0.021799 
-0.020133 -0.003086 0.009586 -0.017972 
-0.000237 0.000651 -0.000238 0.000650 
-0.001809 0.009737 -0.005873 0.007974 
-0.007795 0.009102 -0.011740 0.002404 
0.004267 0.009361 -0.000609 0.010270 
-0.004393 -0.006904 -0.002093 -0.007911 
0.006901 0.020950 -0.020725 -0.007550 
-0.015239 0.010591 -0.010382 -0.015383 
-0.024567 0.013935 0.028242 0.000349 
-0.003661 -0.015824 0.013545 -0.008963 
-0.019575 0.033658 -0.036542 0.013443 
-0.014002 0.008592 -0.012657 -0.010473 
0.008458 0.003432 0.006561 0.006347 
-0.038062 -0.025266 0.033027 0.031564 
-0.018533 0.022799 0.029332 -0.001709 
0.001119 0.039791 -0.033028 0.022220 
0.011081 0.019399 -0.021867 -0.004577 
0.004024 0.000421 0.003981 0.000722 
0.000047 -0.040771 0.039913 -0.008320 
-0.004796 -0.006446 -0.002700 -0.007568 
-0.003134 0.001987 -0.003253 0.001784 
0.005698 -0.014078 0.015069 -0.001894 
-0.030087 -0.012077 -0.015683 0.028375 
0.017749 -0.005428 0.005177 0.017824 
-0.032285 -0.020071 -0.022976 -0.030287 
-0.012757 -0.013716 0.014257 -0.012150 
-0.003264 0.018994 -0.018365 -0.005844 
0.020526 0.013994 -0.023762 -0.007246 
0.031472 0.018692 0.033469 0.014821 
0.037494 0.010398 0.022564 0.031698 
0.023319 0.009977 -0.024740 -0.005591 
0.000591 0.028035 0.012318 -0.025191 
0.017639 -0.029645 -0.009269 -0.033227 
-0.039297 -0.002052 -0.024679 -0.030650 
-0.012583 -0.012447 0.010716 -0.014087 
-0.035965 -0.012706 -0.027914 -0.025994 
-0.005014 0.007271 -0.007249 0.005047 
-0.005566 -0.013513 0.008155 -0.012128 
0.006282 -0.023967 0.001511 0.024731 
-0.017011 -0.028751 -0.033195 0.003751 
-0.038511 0.006717 -0.032808 -0.021257 
0.008850 -0.015094 0.016326 0.006294 
0.005244 0.021363 -0.020134 -0.008860 
0.002611 -0.013482 0.011973 -0.006726 
0.004755 -0.001474 0.004892 -0.000923 
-0.008298 -0.000465 -0.007737 -0.003035 
0.002678 -0.013610 0.012229 -0.006545 
-0.017519 0.035402 -0.038576 0.008491 
-0.002356 0.006615 -0.003783 0.005916 
0.006986 0.012192 -0.005316 0.013007 
0.024388 0.014208 -0.014021 -0.024497 
0.013829 -0.020751 -0.007537 0.023771 
0.009270 0.017598 -0.019341 0.004642 
0.005964 -0.011144 0.011898 -0.004268 
-0.039831 0.006129 -0.020546 -0.034669 
0.013025 -0.007332 0.013007 0.007364 
-0.024434 0.009508 0.024627 -0.008995 
0.005383 0.010641 -0.002204 0.011720 
-0.006229 -0.001273 -0.005886 -0.002403 
-0.000133 0.012435 -0.008221 0.009331 
0.004952 0.015613 -0.013102 0.009830 
-0.006296 0.010820 -0.011872 0.003972 
0.019288 0.019189 -0.013613 -0.023557 
0.000922 0.001227 0.000908 0.001236 
0.003583 0.028687 0.015822 -0.024196 
-0.005886 -0.010972 0.002727 -0.012148 
-0.025505 0.000634 0.025137 -0.004363 
-0.006636 0.017436 -0.017226 -0.007164 
0.019590 -0.006086 -0.001309 0.020472 
-0.007667 0.000304 -0.007468 -0.001758 
-0.024820 0.010822 0.026640 -0.004843 
0.040836 -0.013804 -0.015520 0.040215 
0.005927 -0.016843 0.017368 0.004144 
-0.014732 0.006627 -0.011509 -0.011335 
0.016345 0.032204 0.024688 0.026358 
-0.001368 0.027215 0.008695 -0.025825 
-0.015834 0.002099 -0.008058 -0.013791 
-0.006684 0.006920 -0.008945 0.003541 
0.000321 -0.000187 0.000321 -0.000187 
-0.006954 0.004747 -0.008108 0.002268 
-0.003128 0.005875 -0.004252 0.005121 
0.009078 -0.019443 0.011876 0.017872 
-0.012494 -0.010705 0.006147 -0.015261 
-0.003316 0.002709 -0.003532 0.002420 
0.016574 0.004679 -0.001185 0.017181 
0.005544 -0.005348 0.006781 -0.003656 
-0.018277 0.004357 -0.003377 -0.018483 
-0.014547 0.010561 -0.011746 -0.013608 
-0.010009 -0.012531 0.007820 -0.014002 
0.019650 0.037185 -0.041198 0.008459 
0.023745 -0.000249 -0.020145 0.012572 
-0.027222 0.001398 0.026569 0.006088 
-0.020034 0.005115 0.003008 -0.020456 
0.033965 -0.017181 0.037921 -0.003282 
0.032510 0.004239 0.011621 -0.030657 
0.007311 0.010074 -0.001057 0.012402 
0.029568 -0.005559 -0.020153 -0.022339 
0.008342 -0.014756 0.016356 0.004449 
-0.007292 0.010869 -0.012848 0.002495 
0.009390 -0.005945 0.011113 0.000042 
-0.009016 -0.014078 0.010975 -0.012611 
-0.012092 0.009498 -0.014028 -0.006296 
0.023651 -0.018281 -0.028455 -0.009159 
-0.009583 -0.026868 -0.007320 0.027571 
-0.012632 0.000148 -0.009477 -0.008354 
0.003380 0.036736 0.004188 0.036653 
0.009887 0.009305 -0.000438 0.013570 
0.021021 -0.010928 -0.012020 0.020416 
0.020060 -0.001259 -0.004485 0.019592 
0.020252 -0.036243 0.034604 0.022940 
0.002789 0.004249 0.002265 0.004549 
0.014779 -0.005972 0.011277 0.011265 
-0.042683 0.010774 0.032014 -0.030216 
-0.009620 0.011339 -0.014703 -0.002223 
-0.017814 -0.008733 0.012717 -0.015228 
-0.016233 0.009429 -0.008597 -0.016689 
-0.006077 -0.010647 0.002107 -0.012077 
0.008462 0.006917 0.003603 0.010319 
0.000607 0.021590 -0.018444 -0.011240 
0.026946 -0.007483 -0.027486 -0.005159 
-0.001256 -0.012973 0.008246 -0.010093 
-0.001224 -0.025034 0.007418 0.023941 
-0.026546 0.014018 0.026072 0.014881 
0.033978 0.031432 -0.017705 -0.042767 
-0.008838 -0.025201 0.005247 0.026186 
0.006215 -0.003247 0.006785 -0.001770 
-0.002630 -0.009202 0.001364 -0.009473 
0.007835 0.015937 -0.014885 0.009685 
0.004959 -0.000497 0.004983 0.000071 
0.000411 -0.022900 0.014933 0.017366 
-0.020479 0.003503 0.005052 -0.020153 
-0.005777 0.007462 -0.008271 0.004543 
0.017944 0.022855 0.002240 -0.028971 
-0.021855 -0.038578 0.034623 0.027697 
-0.027291 -0.006312 0.021505 0.017949 
-0.033249 -0.003001 -0.016154 0.029216 
-0.019840 -0.014395 0.023748 0.006071 
-0.011652 -0.027671 -0.017126 0.024661 
0.003116 0.010163 -0.002344 0.010369 
-0.018163 -0.027297 -0.030755 0.011363 
-0.009220 -0.001360 -0.007964 -0.004839 
0.013628 -0.015583 0.009030 0.018629 
0.007844 0.013197 -0.008000 0.013104 
-0.005094 0.000687 -0.005140 0.000065 
0.002852 -0.010111 0.007408 -0.007449 
0.004054 0.004999 0.003034 0.005677 
-0.011330 -0.025604 -0.001354 0.027966 
0.001364 0.013254 -0.008727 0.010068 
0.024647 -0.006033 -0.023173 0.010336 
-0.013966 0.005795 -0.011959 -0.009252 
0.012210 0.030411 0.032385 -0.005012 
0.044725 0.004681 -0.044963 0.000761 
-0.002280 0.014946 -0.014108 0.005436 
0.000646 0.008958 -0.002647 0.008583 
0.007855 -0.017594 0.016355 0.010187 
-0.025855 -0.012152 0.014152 0.024817 
-0.025999 0.011301 0.028049 0.004117 
-0.000160 0.006026 -0.001160 0.005915 
-0.008861 0.015444 -0.016340 -0.007074 
0.038377 0.001792 0.032678 0.020202 
0.009076 -0.002553 0.009343 0.001267 
-0.010964 -0.021125 0.020210 0.012571 
-0.006328 0.009669 -0.010744 0.004254 
0.006250 -0.001719 0.006464 -0.000487 
0.029005 -0.006373 -0.022725 -0.019117 
-0.016279 -0.022748 0.004536 0.027603 
0.004477 0.004149 0.003704 0.004852 
0.004003 -0.013478 0.013095 -0.005119 
0.003937 -0.020859 0.016388 0.013493 
-0.013085 0.003904 -0.011512 -0.007344 
-0.026996 0.006238 0.027339 0.004501 
0.015666 0.003537 0.002593 0.015849 
-0.004054 -0.035625 -0.016625 -0.031767 
-0.001065 0.015403 -0.014191 0.006084 
0.000591 0.003239 0.000429 0.003265 
0.012611 0.005935 0.003276 0.013547 
0.007452 0.012261 -0.005600 0.013210 
-0.012970 -0.038407 0.033010 -0.023531 
-0.019816 -0.000366 0.004996 -0.019179 
-0.007529 0.011523 -0.013665 0.001654 
-0.008655 0.022605 -0.001948 -0.024127 
-0.006752 -0.000065 -0.006591 -0.001469 
-0.000813 -0.010192 0.003995 -0.009412 
0.002991 -0.027098 -0.010307 0.025239 
-0.011170 -0.024152 0.008298 0.025283 
0.012906 -0.007264 0.013023 0.007053 
-0.004839 0.002881 -0.005207 0.002147 
0.010430 0.008123 0.001387 0.013147 
0.016069 0.003727 0.001501 0.016427 
0.004312 0.000133 0.004285 0.000501 
0.012613 0.008969 -0.002302 0.015304 
0.024091 0.009004 -0.024860 -0.006590 
0.008807 0.030506 0.029769 -0.011045 
0.010551 -0.000160 0.009275 0.005032 
-0.022885 -0.006324 0.022827 -0.006529 
0.017372 0.016532 -0.023145 -0.006278 
0.022019 0.000568 -0.013968 0.017031 
-0.015967 -0.035036 0.004209 -0.038273 
-0.025037 0.021248 0.014438 0.029494 
-0.000339 0.024415 -0.009166 -0.022631 
0.024284 -0.001340 -0.021625 0.011131 
-0.030874 -0.032329 0.037461 0.024393 
-0.023669 0.014465 0.027427 -0.004152 
0.005435 0.016687 -0.015657 0.007929 
-0.017765 -0.018332 0.020207 0.015599 
0.002349 -0.007967 0.004719 -0.006836 
-0.018625 -0.003423 0.004883 -0.018297 
0.005288 0.030911 0.029380 -0.010968 
-0.004110 0.020314 -0.017046 -0.011789 
0.022534 -0.029417 0.023518 -0.028636 
0.015269 -0.012690 0.008649 0.017871 
0.035387 -0.004482 0.030298 -0.018823 
0.006239 -0.003749 0.006959 -0.002133 
-0.034522 -0.004763 -0.029545 0.018481 
-0.019947 -0.025188 -0.025904 0.019007 
-0.033239 -0.020151 -0.013621 -0.036405 
-0.034437 -0.014963 -0.030719 -0.021591 
-0.000289 0.013289 -0.009849 0.008926 
-0.002562 0.004812 -0.003194 0.004418 
0.020613 0.000348 -0.008055 0.018977 
0.023202 0.003615 -0.021143 0.010218 
0.009049 -0.009236 0.012926 -0.000342 
-0.004412 -0.012136 0.005247 -0.011799 
-0.026367 -0.000409 0.026300 0.001927 
0.008259 0.009183 0.000378 0.012345 
0.017165 -0.007666 0.006710 0.017561 
0.019290 -0.000918 -0.001877 0.019220 
0.000376 0.004844 -0.000151 0.004856 
0.010368 0.012936 -0.009206 0.013787 
-0.000330 -0.015466 0.013641 -0.007296 
-0.014213 0.004541 -0.011266 -0.009783 
0.003675 0.007487 0.001133 0.008263 
0.002269 -0.018725 0.018535 0.003500 
0.010612 0.003016 0.007389 0.008192 
0.024705 -0.015094 -0.028553 -0.004785 
0.001117 -0.036460 -0.004769 -0.036164 
0.022376 -0.017082 -0.027844 0.004144 
0.011165 -0.035669 0.016153 -0.033705 
0.013253 -0.015540 0.010085 0.017760 
0.025091 -0.006865 -0.024885 0.007578 
0.021610 -0.005224 -0.009989 0.019862 
-0.000110 0.012828 -0.008891 0.009248 
0.006780 0.000209 0.006585 0.001629 
0.006730 -0.005609 0.008254 -0.002936 
0.010530 -0.005049 0.011489 0.002094 
0.007991 0.010017 -0.001050 0.012771 
-0.015393 -0.013677 0.018408 -0.009226 
-0.007623 -0.004544 -0.005517 -0.006951 
-0.009734 0.006869 -0.011905 -0.000459 
0.013118 -0.001826 0.010392 0.008211 
-0.006709 0.013159 -0.014703 0.001411 
0.003675 0.000967 0.003602 0.001209 
0.006022 0.002814 0.005330 0.003972 
-0.023577 -0.001583 0.020672 -0.011447 
0.025079 -0.010880 -0.027164 0.003075 
-0.002885 -0.032914 -0.032226 -0.007290 
0.008379 -0.024107 -0.004810 0.025065 
-0.034301 0.016136 -0.037669 0.004244 
0.006297 0.023715 -0.014482 -0.019807 
0.020157 -0.008440 -0.004973 0.021279 
0.010770 0.012075 -0.007415 0.014381 
0.003919 0.012012 -0.005141 0.011542 
0.025271 -0.007767 -0.025776 0.005877 
-0.008851 -0.021143 0.020641 0.009966 
0.001197 0.006797 -0.000309 0.006895 
0.025374 -0.011705 -0.027939 -0.000515 
0.024009 0.007739 -0.025105 -0.002457 
0.012280 -0.038994 0.040481 0.005706 
-0.010226 -0.022063 0.018352 0.015954 
0.007149 -0.006944 0.009479 -0.003077 
0.003788 0.002706 0.003500 0.003069 
-0.005614 0.010824 -0.011190 0.004842 
0.000449 0.019910 -0.019385 -0.004563 
0.007379 -0.002185 0.007695 -0.000119 
-0.009292 -0.028345 -0.017694 0.024014 
-0.007928 -0.017152 0.017676 -0.006677 
0.013090 0.001130 0.008369 0.010128 
-0.007795 -0.015765 0.014445 -0.010032 
-0.018368 0.014249 0.005876 -0.022492 
-0.007765 -0.019769 0.021059 0.002758 
-0.028205 0.008501 0.024991 0.015597 
0.011186 0.000680 0.008999 0.006679 
-0.013179 -0.024663 0.000974 0.027947 
-0.009154 -0.003315 -0.006897 -0.006871 
-0.003929 -0.003482 -0.003457 -0.003951 
0.025858 -0.005550 -0.026206 0.003562 
0.009684 -0.015970 0.015632 0.010222 
0.014958 -0.035389 0.030275 -0.023654 
0.007840 0.009658 -0.000373 0.012434 
-0.019872 -0.003363 0.009049 -0.018009 
0.019502 0.003767 -0.008371 0.018013 
0.007512 -0.039294 0.038193 -0.011906 
-0.032978 -0.014272 -0.035856 -0.002352 
0.006025 -0.018726 0.017064 0.009786 
-0.004171 0.019479 -0.017798 -0.008947 
0.000732 -0.015986 0.015049 -0.005441 
0.005814 0.001716 0.005442 0.002670 
-0.004616 -0.010666 0.002456 -0.011359 
-0.011578 0.006331 -0.012604 -0.003909 
0.013853 -0.022522 -0.015500 0.021422 
-0.019120 0.020394 0.026125 -0.009950 
-0.012471 0.009834 -0.013993 -0.007513 
-0.002444 0.002615 -0.002594 0.002467 
0.022843 0.000648 -0.017321 0.014907 
-0.011405 -0.023913 0.009270 0.024819 
-0.008161 -0.009146 -0.000457 -0.012250 
-0.015035 -0.007845 0.003920 -0.016500 
-0.015420 0.006233 -0.010487 -0.012909 
0.003442 0.010165 -0.002167 0.010511 
0.006553 -0.011128 0.012442 -0.003461 
-0.001231 -0.011930 0.006359 -0.010168 
-0.025857 -0.024625 -0.033623 -0.012019 
0.000285 0.004295 -0.000081 0.004304 
-0.009453 -0.020412 0.021328 0.007149 
-0.003421 -0.005654 -0.002224 -0.006223 
-0.005914 -0.006701 -0.003112 -0.008378 
0.002236 -0.001727 0.002298 -0.001644 
0.012553 -0.038115 0.039804 -0.005098 
-0.023297 0.021391 0.023826 0.020801 
0.022517 -0.015849 -0.026563 0.007256 
0.002383 0.002574 0.002233 0.002704 
0.012346 0.002909 0.007154 0.010474 
-0.032352 -0.025351 0.022614 -0.034321 
-0.025395 0.013190 0.028309 0.004180 
-0.021197 -0.017531 0.014154 0.023586 
-0.007057 -0.000757 -0.006694 -0.002358 
-0.027013 0.014080 0.024304 0.018365 
0.008620 0.011558 -0.004476 0.013706 
0.009371 -0.018965 0.012360 0.017167 
-0.023751 -0.019054 -0.006921 0.029653 
-0.026420 0.010842 0.027863 0.006262 
-0.006243 -0.010753 0.002291 -0.012222 
-0.010381 0.005235 -0.011487 -0.001793 
-0.004884 -0.021093 0.020277 0.007590 
-0.024172 0.004236 0.020993 -0.012710 
0.015784 -0.013129 0.006565 0.019453 
-0.017579 -0.024096 -0.009411 0.028303 
-0.046711 0.001841 0.038861 0.025983 
0.002981 -0.003332 0.003274 -0.003045 
-0.016895 0.019196 0.014194 -0.021270 
-0.009043 0.011406 -0.014516 -0.001081 
0.005364 -0.007317 0.007689 -0.004815 
0.004795 0.018423 -0.018799 0.002998 
-0.006732 0.014497 -0.015971 -0.000628 
0.008465 0.000344 0.007897 0.003070 
-0.014187 0.000500 -0.008914 -0.011048 
0.037452 -0.015477 0.025826 0.031228 
0.001842 -0.027868 -0.013706 0.024335 
0.025770 -0.013794 -0.027946 -0.008566 
0.006806 -0.038869 0.034305 -0.019501 
0.011095 -0.019752 0.006012 0.021842 
0.023538 -0.002964 -0.018484 0.014872 
0.020204 -0.003369 -0.003951 0.020098 
0.012905 -0.008645 0.013482 0.007716 
0.001289 -0.012760 0.009697 -0.008393 
0.007567 -0.007486 0.010290 -0.002724 
0.004925 -0.002670 0.005258 -0.001934 
0.015411 -0.024923 -0.028670 0.006059 
-0.036930 0.017230 -0.024678 -0.032430 
-0.017850 0.006307 -0.004895 -0.018288 
0.000432 -0.022149 0.016852 0.014379 
-0.009168 -0.017688 0.019429 -0.004406 
-0.011798 0.011589 -0.014655 -0.007663 
-0.011053 0.009216 -0.013916 -0.003669 
-0.007678 0.028260 0.025675 -0.014085 
-0.019733 -0.031684 -0.015573 -0.033923 
-0.001769 -0.010260 0.003353 -0.009857 
-0.011806 -0.004367 -0.005897 -0.011122 
-0.005798 0.038307 -0.027044 0.027743 
0.038612 0.011923 0.001679 0.040376 
-0.000897 0.015171 -0.013690 0.006599 
-0.013337 0.013956 -0.011905 -0.015196 
-0.005149 -0.022354 0.018620 0.013399 
-0.014409 0.037974 -0.040421 -0.003974 
-0.028285 0.006987 0.025264 0.014510 
-0.000734 -0.006736 0.000694 -0.006740 
-0.004223 0.015301 -0.015713 0.002252 
0.005653 0.022752 -0.017716 -0.015355 
-0.008493 -0.009953 0.001061 -0.013041 
0.005981 -0.000189 0.005931 0.000794 
-0.002121 -0.026509 -0.000858 0.026580 
-0.000133 0.004595 -0.000578 0.004560 
0.008581 -0.004324 0.009601 -0.000403 
-0.008419 -0.007125 -0.003352 -0.010507 
-0.008467 0.002094 -0.008671 -0.000936 
0.006182 -0.006557 0.008149 -0.003848 
-0.017076 0.002275 -0.005711 -0.016253 
-0.024096 0.004755 0.020791 -0.013074 
0.007954 0.033246 0.031091 0.014208 
-0.013269 -0.007457 0.000107 -0.015220 
0.017518 -0.006431 0.005880 0.017710 
0.010895 0.004625 0.005930 0.010244 
0.022588 0.003513 -0.019082 0.012588 
-0.000034 -0.023832 0.012048 0.020563 
-0.007249 -0.003831 -0.005739 -0.005855 
-0.000175 0.010181 -0.004830 0.008964 
-0.002388 0.021217 -0.017145 -0.012725 
0.001718 -0.000747 0.001730 -0.000719 
-0.021367 0.001948 0.009450 -0.019262 
0.002307 0.007182 0.000370 0.007534 
0.012618 -0.023334 -0.014791 0.022021 
-0.025902 0.006434 0.026534 -0.002876 
-0.007737 -0.000083 -0.007423 -0.002184 
-0.001145 -0.018261 0.018218 -0.001703 
0.010950 0.001499 0.008468 0.007103 
0.011012 -0.008504 0.013537 0.003212 
-0.019497 -0.012279 0.022825 -0.003150 
-0.004344 0.011990 -0.011341 0.005832 
0.018861 0.013977 -0.023463 -0.000737 
0.006722 -0.014633 0.016081 0.000851 
0.022810 -0.007004 -0.016275 0.017449 
-0.006619 0.012002 -0.013427 0.002757 
-0.000992 -0.001967 -0.000948 -0.001989 
-0.006392 -0.018142 0.018824 -0.003959 
-0.006417 -0.009160 -0.000398 -0.011177 
0.000660 0.014017 -0.010624 0.009167 
0.013821 -0.005947 0.012112 0.008926 
0.032047 -0.006458 0.000179 -0.032691 
-0.032952 -0.006356 -0.020561 0.026523 
0.003009 -0.010544 0.008100 -0.007391 
-0.012291 -0.005617 -0.004020 -0.012902 
-0.004012 -0.004054 -0.003363 -0.004607 
-0.007990 -0.007133 -0.003310 -0.010187 
-0.023389 0.003602 0.017822 -0.015569 
0.007480 0.028318 0.015231 -0.025018 
0.009892 0.021091 -0.020585 -0.010906 
-0.012333 -0.006814 -0.002143 -0.013926 
0.003130 -0.011051 0.008874 -0.007292 
0.018003 0.006093 -0.007704 0.017374 
0.001615 -0.012596 0.009702 -0.008194 
0.002191 0.015086 -0.012174 0.009175 
-0.004837 0.000621 -0.004876 0.000089 
-0.011291 0.014631 -0.014625 -0.011298 
0.027301 -0.015613 -0.019809 -0.024428 
-0.035351 -0.010671 -0.035456 -0.010315 
-0.020629 0.002647 0.005979 -0.019920 
0.031791 0.001040 -0.000794 -0.031799 
0.018545 -0.007542 0.002260 0.019892 
-0.000638 0.013224 -0.009987 0.008692 
0.016454 0.020281 -0.016530 -0.020220 
-0.008830 0.000781 -0.008535 -0.002393 
0.000694 0.004795 0.000173 0.004841 
0.010097 -0.004167 0.010788 0.001713 
-0.016204 0.025357 0.030085 0.000670 
0.005203 -0.041235 0.040573 0.009013 
0.016754 -0.005696 0.007823 0.015872 
0.014944 0.020249 -0.019132 -0.016350 
0.000670 0.010999 -0.005261 0.009682 
-0.029746 0.006222 0.018867 0.023824 
0.047185 0.004680 -0.024918 -0.040341 
0.020975 -0.015495 -0.020771 0.015767 
0.016345 -0.016269 -0.002138 0.022962 
-0.030985 0.029162 -0.011750 -0.040895 
-0.016513 -0.007470 0.006474 -0.016929 
-0.039180 0.001717 -0.028728 -0.026696 
-0.002302 0.036274 0.005140 0.035982 
-0.015104 -0.002450 -0.005000 -0.014461 
-0.013528 -0.001248 -0.008001 -0.010980 
-0.015902 0.005703 -0.009569 -0.013923 
-0.022568 0.008771 0.016605 -0.017622 
-0.008973 -0.006660 -0.003914 -0.010467 
0.009885 0.002964 0.007327 0.007267 
0.011560 -0.012948 0.014851 0.008985 
-0.027236 -0.002969 0.025015 0.011174 
-0.026422 0.005639 0.027017 0.000167 
-0.023162 0.018538 0.028868 0.006838 
-0.014653 0.000116 -0.008163 -0.012170 
-0.007046 -0.007912 -0.002221 -0.010359 
-0.022936 0.024641 0.010589 0.031955 
0.017518 0.006194 -0.006501 0.017407 
0.032869 0.012142 0.033667 -0.009711 
0.016232 -0.036853 0.040260 0.000850 
0.026416 -0.006860 -0.027279 -0.000849 
0.011965 -0.021144 -0.002153 0.024199 
-0.001076 -0.006095 0.000010 -0.006189 
-0.014434 0.007876 -0.012094 -0.011141 
-0.001061 0.000917 -0.001070 0.000908 
0.017155 0.028548 0.032932 -0.004979 
-0.028451 -0.002454 0.021912 0.018313 
0.002454 -0.012794 0.010749 -0.007361 
0.023462 -0.000637 -0.018903 0.013912 
-0.014525 0.020863 0.010818 -0.023004 
0.038833 -0.001111 0.031354 0.022939 
-0.010605 0.010580 -0.014521 -0.003680 
0.004595 -0.017866 0.017890 0.004503 
0.016658 0.023380 0.000878 -0.028693 
-0.013903 -0.012953 0.014155 -0.012677 
-0.015381 -0.022719 0.007415 0.026415 
0.018179 -0.009952 0.001979 0.020630 
-0.039163 -0.015693 0.027694 -0.031828 
0.012629 -0.017797 0.007146 0.020619 
-0.007765 -0.018636 0.020107 -0.001823 
-0.029020 0.000552 0.021915 0.019030 
0.022004 0.004629 -0.018452 0.012849 
0.007756 -0.003344 0.008420 -0.000666 
-0.012813 0.011086 -0.013912 -0.009671 
0.007925 -0.014170 0.016049 0.002455 
0.000429 -0.027067 -0.006584 0.026258 
-0.040566 0.004474 -0.012102 -0.038976 
0.001228 -0.006914 0.002752 -0.006461 
0.017342 0.025420 0.017778 -0.025116 
0.001310 -0.000214 0.001312 -0.000203 
-0.006207 0.015041 -0.016259 -0.000627 
0.015617 -0.003525 0.009219 0.013088 
-0.001014 -0.019939 0.019517 0.004202 
-0.018801 0.024298 0.029453 0.008742 
0.008576 -0.001719 0.008643 0.001342 
0.018985 -0.016220 -0.013906 0.020739 
0.003136 -0.032341 -0.031550 -0.007770 
-0.013131 -0.003446 -0.006104 -0.012126 
0.023310 -0.000961 -0.018159 0.014647 
0.034087 -0.010822 0.027204 -0.023215 
-0.008523 0.008280 -0.011796 0.001438 
-0.015061 -0.000014 -0.007566 -0.013023 
0.022711 -0.013190 -0.023118 0.012463 
0.010123 -0.015209 0.015555 0.009583 
0.001279 -0.036513 -0.003904 -0.036327 
-0.025789 0.016251 0.025651 0.016468 
0.000930 0.022020 -0.017917 -0.012834 
-0.006190 -0.012294 0.005425 -0.012650 
-0.018321 -0.025524 -0.022031 0.022400 
-0.001702 0.017359 -0.017396 0.001278 
0.012058 0.029143 0.027237 -0.015902 
-0.004427 0.016154 -0.016749 0.000211 
0.011562 0.000025 0.009429 0.006691 
-0.010478 0.021828 0.000074 -0.024213 
0.021601 0.015638 -0.019390 -0.018307 
-0.000626 -0.010963 0.005241 -0.009649 
-0.006270 -0.003335 -0.005335 -0.004688 
-0.010194 -0.001357 -0.008376 -0.005965 
0.001253 -0.009347 0.004868 -0.008077 
-0.016408 0.011777 -0.006288 -0.019194 
0.025486 -0.031264 0.038351 0.012499 
-0.014662 -0.024538 -0.002255 0.028496 
0.012443 -0.011772 0.014213 0.009562 
0.013101 -0.021912 -0.009845 0.023556 
-0.035427 0.011533 -0.036422 0.007841 
-0.026372 0.010554 0.027896 0.005357 
0.002723 -0.010768 0.008085 -0.007616 
-0.002569 -0.017317 0.016681 -0.005310 
-0.032737 0.009116 -0.010976 0.032161 
0.000753 0.030661 0.028138 -0.012205 
-0.001730 0.033530 0.029051 0.016831 
-0.016038 0.024204 0.028143 -0.007144 
-0.037701 0.012220 -0.032038 -0.023329 
0.015739 -0.002612 0.008532 0.013481 
0.025902 0.016970 0.008532 -0.029768 
0.033065 0.014348 0.035853 0.003710 
-0.011388 0.021815 0.003079 -0.024415 
0.010789 -0.010775 0.014633 0.004285 
0.002218 0.017234 -0.016549 0.005296 
0.003459 -0.001054 0.003517 -0.000844 
-0.019098 0.011281 0.003512 -0.021901 
0.012937 -0.012665 0.013453 0.012115 
-0.017781 -0.011108 0.017751 -0.011155 
-0.004763 -0.002079 -0.004468 -0.002653 
-0.016629 0.014677 -0.000680 -0.022170 
-0.012057 -0.002459 -0.007670 -0.009622 
-0.014881 -0.008310 0.004627 -0.016404 
-0.007876 0.034523 0.010144 0.033926 
0.009520 0.031930 0.033135 0.003493 
-0.023717 0.008831 0.021555 -0.013261 
-0.006776 -0.014817 0.011600 -0.011441 
-0.022391 0.005109 0.013556 -0.018538 
0.029221 -0.008096 -0.020730 -0.022129 
-0.028101 0.009702 0.024671 0.016587 
-0.000474 0.017627 -0.017520 0.001996 
0.002776 -0.013231 0.011710 -0.006755 
0.006306 0.009838 -0.000680 0.011666 
0.030229 0.000219 -0.014520 -0.026514 
0.029956 -0.004336 -0.018106 -0.024256 
0.009079 0.009546 -0.000503 0.013165 
0.006971 0.007988 0.002110 0.010390 
0.025994 0.004284 -0.025740 -0.005613 
0.014453 -0.045388 -0.046165 0.011737 
-0.000315 0.013051 -0.009440 0.009018 
0.014125 0.029037 0.030124 -0.011628 
-0.008509 -0.000409 -0.007905 -0.003174 
-0.010418 -0.021381 0.019917 0.012999 
-0.022792 0.015317 0.026507 -0.007171 
-0.002919 -0.028078 -0.011538 0.025764 
0.015946 -0.001646 0.007563 0.014135 
0.014752 -0.005337 0.011097 0.011089 
0.011020 -0.003713 0.011119 0.003404 
-0.034993 -0.003497 -0.030967 0.016668 
0.001764 -0.012612 0.009856 -0.008064 
-0.000954 -0.013703 0.009839 -0.009585 
0.013451 0.017705 -0.022203 -0.001201 
-0.022320 -0.040501 0.004158 0.046057 
-0.017906 -0.010361 0.016493 -0.012488 
-0.009662 -0.020068 0.021509 0.005784 
-0.013374 0.037604 -0.039238 0.007299 
-0.019546 0.005083 0.001033 -0.020169 
-0.000276 0.001735 -0.000301 0.001731 
-0.012315 -0.008241 0.000431 -0.014812 
0.017367 0.005399 -0.004540 0.017611 
0.011150 0.000100 0.009321 0.006120 
-0.005452 0.010244 -0.010387 0.005174 
-0.010949 -0.002621 -0.007696 -0.008217 
0.025362 0.035093 -0.042844 -0.006254 
-0.001910 -0.021100 0.019482 0.008325 
0.017636 0.012598 -0.020282 0.007640 
-0.004740 0.013875 -0.014197 0.003664 
-0.000145 0.006416 -0.001351 0.006274 
-0.007015 0.012527 -0.014267 0.001605 
-0.022211 0.018504 0.028908 0.000252 
-0.000989 0.016641 -0.016219 0.003849 
-0.018083 -0.004019 0.004160 -0.018051 
0.010544 0.002412 0.007817 0.007475 
0.007199 0.004482 0.005353 0.006578 
0.025393 -0.001696 -0.024788 0.005765 
-0.023849 0.014082 0.027401 -0.004031 
0.007586 -0.008617 0.011145 -0.002757 
-0.037416 -0.006461 -0.032945 -0.018876 
-0.016267 -0.014439 0.021131 -0.005154 
-0.021674 -0.015437 0.019743 0.017841 
0.001336 0.001285 0.001316 0.001306 
0.011366 -0.009489 0.014087 0.004559 
-0.007380 -0.014724 0.011623 -0.011670 
-0.006718 0.014082 -0.015602 0.000090 
-0.004369 0.005742 -0.005606 0.004542 
0.016599 0.004104 -0.000284 0.017096 
0.004513 0.005280 0.003240 0.006144 
0.004829 -0.004373 0.005586 -0.003353 
-0.006127 -0.002115 -0.005606 -0.003253 
-0.003035 -0.024688 0.010086 0.022738 
0.000439 0.037284 -0.003759 0.037096 
-0.020400 -0.002000 0.009097 -0.018368 
0.005567 -0.015128 0.016116 -0.000367 
-0.011834 -0.023491 0.010850 0.023961 
0.007109 0.020590 -0.020936 -0.006014 
-0.004081 0.011554 -0.010506 0.006306 
0.021017 -0.002217 -0.007817 0.019635 
0.004065 -0.011015 0.009801 -0.006465 
-0.036752 0.011307 -0.037521 -0.008411 
0.018399 -0.010240 0.000818 0.021041 
0.002116 -0.033177 -0.030138 -0.014032 
-0.010941 0.007939 -0.013213 -0.002857 
-0.009342 0.025068 0.013002 -0.023380 
0.030363 -0.031529 -0.006814 0.043238 
-0.036319 -0.002764 -0.036230 0.003762 
-0.002269 -0.007451 -0.000128 -0.007788 
-0.022328 -0.017220 0.010921 0.025996 
0.006186 -0.027049 -0.016238 0.022499 
-0.005690 -0.034198 -0.027555 -0.021038 
-0.029271 -0.016702 -0.028911 0.017318 
-0.031507 -0.009797 -0.018568 0.027275 
0.001984 -0.012404 0.009718 -0.007959 
-0.001004 -0.014152 0.010708 -0.009308 
-0.001337 -0.022649 0.016779 0.015271 
0.018473 -0.018152 -0.017431 0.019154 
-0.020333 0.019516 0.027291 -0.007036 
0.034797 -0.016613 0.038320 0.004290 
0.023252 -0.013494 -0.025324 0.009026 
-0.005267 0.002749 -0.005642 0.001861 
0.009569 -0.003950 0.010299 0.001049 
-0.017236 0.001439 -0.004745 -0.016632 
0.005687 0.008163 0.001517 0.009833 
0.001435 0.006482 0.000101 0.006638 
0.013051 -0.011731 0.013595 0.011096 
0.002152 -0.001850 0.002219 -0.001769 
-0.013434 -0.003026 -0.006320 -0.012234 
-0.014413 0.004139 -0.010922 -0.010275 
0.006670 0.028145 0.013220 -0.025727 
0.014043 -0.029373 -0.026686 -0.018651 
-0.038981 0.000697 -0.030023 -0.024872 
0.012422 -0.022601 -0.010533 0.023540 
0.011190 0.011495 -0.006424 0.014700 
0.029832 0.001918 -0.015295 -0.025684 
0.019521 -0.032630 0.029959 -0.023415 
0.011682 0.009930 -0.003274 0.014979 
-0.006290 -0.010189 0.001274 -0.011906 
0.005868 0.008173 0.001573 0.009937 
0.003652 -0.026527 -0.007755 0.025629 
-0.018510 -0.011899 0.020726 -0.007393 
-0.016910 0.016650 0.005696 -0.023037 
-0.021526 -0.006361 0.019295 -0.011470 
-0.021840 -0.014957 0.020541 0.016696 
-0.033349 -0.018989 -0.020418 -0.032494 
0.017509 -0.032421 0.016295 -0.033048 
-0.009761 0.019397 -0.010527 -0.018992 
0.004218 0.001963 0.004002 0.002372 
0.027533 -0.004453 -0.026830 -0.007618 
-0.016755 -0.027856 -0.030034 0.012435 
0.009160 0.020248 -0.021379 -0.006068 
0.028702 -0.014261 -0.013876 -0.028891 
0.013282 -0.009225 0.013383 0.009077 
0.002770 0.006599 0.001152 0.007064 
-0.007760 -0.010772 0.002463 -0.013046 
-0.018058 0.022363 0.027973 -0.006612 
-0.005578 -0.000089 -0.005508 -0.000884 
0.000570 -0.003302 0.000740 -0.003268 
-0.001859 0.011156 -0.007738 0.008248 
-0.002587 -0.003597 -0.002252 -0.003815 
-0.000371 0.009294 -0.003944 0.008424 
0.002151 -0.026587 -0.005624 0.026074 
0.016695 -0.009920 0.007058 0.018092 
-0.007334 -0.023530 0.014899 0.019633 
-0.011098 0.008062 -0.013332 -0.003225 
0.005656 -0.003204 0.006168 -0.002051 
0.022051 -0.013673 -0.021420 0.014642 
-0.002131 0.001608 -0.002182 0.001537 
-0.002298 -0.020025 0.019816 0.003690 
0.019286 -0.004837 -0.000046 0.019883 
-0.013650 -0.007539 0.000818 -0.015572 
-0.009685 0.023706 0.006664 -0.024726 
0.029991 -0.018858 0.016996 -0.031084 
-0.011985 -0.027783 -0.018624 0.023847 
0.014894 -0.009400 0.011436 0.013395 
-0.009884 0.008066 -0.012731 -0.000820 
-0.023590 0.007665 0.020109 -0.014521 
-0.016613 0.018523 0.010542 -0.022537 
-0.004662 -0.007359 -0.001863 -0.008510 
-0.025664 -0.000977 0.025622 -0.001769 
-0.001185 -0.000031 -0.001185 -0.000039 
0.016922 0.000808 0.003411 0.016594 
-0.013942 -0.012579 0.013279 -0.013277 
0.005971 0.030755 0.028994 -0.011869 
0.005067 0.020006 -0.020434 -0.002892 
0.017693 0.020397 -0.012991 -0.023671 
0.022668 -0.009354 -0.017666 0.017007 
0.019934 -0.006076 -0.002726 0.020660 
0.029554 0.001625 -0.017366 -0.023969 
0.026116 0.004116 -0.025740 -0.006037 
0.005625 0.012867 -0.006673 0.012356 
-0.004926 0.008851 -0.008411 0.005644 
0.002408 0.005162 0.001614 0.005462 
-0.011773 0.024406 0.017162 -0.020970 
0.008009 -0.003678 0.008790 -0.000644 
-0.013537 0.016448 -0.007608 -0.019898 
0.030514 0.007700 0.002866 -0.031340 
-0.007990 -0.003748 -0.006168 -0.006312 
0.009621 -0.005968 0.011315 0.000391 
-0.023378 -0.013265 0.020586 0.017283 
0.020378 0.008428 -0.019223 0.010806 
0.005434 0.009861 -0.000894 0.011223 
0.030105 -0.006494 -0.016396 -0.026070 
-0.007826 0.009066 -0.011741 0.002365 
-0.013981 -0.012955 0.014294 -0.012609 
-0.026583 -0.009310 0.018692 0.021071 
-0.010651 0.043646 0.004506 -0.044700 
0.038738 0.012863 -0.005362 0.040465 
-0.009392 0.008230 -0.012488 0.000027 
-0.015173 0.005461 -0.010632 -0.012124 
-0.004608 0.007713 -0.007093 0.005515 
0.017403 0.017940 -0.021528 -0.012699 
0.000718 -0.040145 0.036671 -0.016352 
-0.007812 0.024155 0.003448 -0.025152 
0.036149 0.007962 0.035980 0.008698 
0.020969 0.007002 -0.018602 0.011946 
-0.023997 0.002838 0.020306 -0.013099 
-0.026723 0.007519 0.027528 0.003588 
-0.008779 0.005453 -0.010313 0.000666 
0.009132 0.015306 -0.014217 0.010748 
-0.021927 0.009286 0.014168 -0.019139 
-0.009587 0.005677 -0.011135 -0.000407 
-0.008120 0.009776 -0.012593 0.001706 
-0.008764 -0.002374 -0.007262 -0.005451 
-0.005948 0.032587 0.028808 0.016352 
-0.001080 0.012495 -0.009082 0.008649 
0.001100 0.010433 -0.004098 0.009658 
-0.001752 -0.007367 0.000230 -0.007569 
-0.017651 0.018141 0.013818 -0.021206 
-0.011153 0.005399 -0.011989 -0.003133 
0.002383 -0.024813 0.004642 0.024491 
-0.019082 0.002882 -0.000141 -0.019298 
0.036531 0.012200 0.025029 0.029273 
-0.018373 0.024188 0.029874 0.005492 
-0.017824 0.032446 -0.018521 0.032054 
-0.009229 0.035182 -0.002168 0.036308 
-0.028574 0.005798 0.024560 0.015713 
0.019825 0.010954 -0.021788 0.006187 
-0.011711 0.004463 -0.011736 -0.004397 
-0.005013 -0.023345 0.015927 0.017789 
-0.018185 -0.013074 0.021902 -0.004682 
-0.033762 -0.016935 -0.027761 -0.025612 
-0.008941 -0.029404 -0.024236 0.018898 
0.015728 -0.016031 0.001019 0.022435 
-0.007995 -0.014994 0.012635 -0.011361 
-0.026678 0.014329 0.025258 0.016706 
0.009309 -0.020509 0.008393 0.020900 
0.004291 0.007219 0.001765 0.008210 
0.002312 0.006667 0.000738 0.007018 
0.012635 0.022082 -0.016066 -0.019727 
-0.005683 -0.023325 0.015992 0.017906 
0.005196 -0.005173 0.006304 -0.003744 
0.011408 -0.005801 0.012289 0.003575 
0.004382 -0.010503 0.009522 -0.006233 
-0.006827 -0.012439 0.005841 -0.012931 
-0.010727 0.041097 -0.032459 -0.027395 
0.016620 0.001572 0.003223 0.016380 
-0.016580 -0.010456 0.013495 -0.014216 
0.003620 0.002160 0.003431 0.002449 
0.006752 -0.019124 0.016011 0.012448 
-0.028453 0.037923 0.047408 -0.000516 
0.006567 0.028822 0.017993 -0.023453 
-0.026280 0.005847 0.026914 -0.000697 
0.007229 -0.012552 0.014435 -0.001202 
-0.011877 -0.011231 0.006605 -0.014953 
0.005193 -0.009412 0.009248 -0.005481 
-0.001911 -0.020190 0.019760 0.004562 
-0.007197 0.002390 -0.007571 0.000425 
0.010618 0.032787 0.031201 0.014636 
-0.004605 -0.001916 -0.004356 -0.002429 
0.020652 -0.001163 -0.006923 0.019492 
-0.025467 -0.029224 -0.003373 -0.038616 
-0.012662 0.039700 -0.037643 -0.017872 
-0.010378 0.010266 -0.014305 -0.002905 
0.009748 -0.014279 0.015902 0.006786 
-0.001510 0.009350 -0.005134 0.007959 
0.006783 0.001052 0.006398 0.002487 
0.003318 -0.007515 0.005456 -0.006142 
0.007367 -0.040365 0.040925 0.002950 
-0.016593 0.012600 -0.004613 -0.020317 
0.013350 0.024491 -0.001705 -0.027842 
0.009648 -0.014147 0.015923 0.006300 
-0.005731 0.013746 -0.014713 0.002306 
0.004288 -0.020592 0.016487 0.013062 
-0.038436 -0.005628 -0.026944 -0.027982 
-0.021390 0.014325 0.019975 -0.016241 
0.002908 -0.003270 0.003185 -0.003001 
-0.006312 -0.023174 0.016434 0.017515 
0.001287 -0.017159 0.017053 -0.002295 
-0.037998 -0.020431 0.040245 -0.015544 
0.004494 0.014958 -0.011530 0.010536 
0.042140 0.001440 -0.014830 0.039471 
-0.005589 -0.030900 -0.029442 0.010918 
0.002964 -0.026098 -0.003805 0.025989 
0.003512 0.018503 -0.018683 0.002376 
0.007495 0.006052 0.004316 0.008613 
0.009642 0.014348 -0.012196 0.012252 
0.005838 -0.017133 0.017469 0.004739 
0.009403 0.003918 0.006552 0.007800 
0.019285 0.003769 -0.007625 0.018110 
-0.010679 -0.002760 -0.007584 -0.008009 
0.002267 -0.005824 0.003271 -0.005325 
0.002394 -0.002800 0.002565 -0.002645 
-0.022848 -0.014934 0.017706 0.020773 
0.026937 0.022322 0.034957 0.001373 
0.019216 -0.002910 -0.000325 0.019433 
-0.000151 -0.005850 0.000769 -0.005802 
0.006864 -0.013178 0.014817 -0.001111 
-0.028118 -0.015168 -0.014699 0.028366 
-0.018608 0.007491 -0.002051 -0.019954 
-0.010868 -0.002974 -0.007427 -0.008474 
-0.030737 0.009495 0.007988 0.031162 
0.044874 0.006610 -0.044571 -0.008417 
0.024495 -0.005892 -0.022602 0.011130 
-0.011759 0.009918 -0.014240 -0.005819 
-0.011495 0.022667 0.007496 -0.024285 
-0.009692 -0.006448 -0.004105 -0.010893 
-0.002011 -0.011221 0.004654 -0.010406 
-0.004975 0.005381 -0.006140 0.004001 
0.007645 0.012827 -0.007007 0.013187 
0.022759 -0.003578 -0.015106 0.017395 
0.000254 -0.019205 0.019020 0.002672 
-0.007937 -0.012296 0.005863 -0.013409 
-0.016059 0.010583 -0.008396 -0.017303 
0.028474 -0.011918 -0.020475 -0.023100 
-0.000365 -0.037087 0.001309 -0.037065 
-0.001704 0.014256 -0.012576 0.006927 
-0.004339 -0.013927 0.009138 -0.011370 
-0.012723 0.044180 0.025199 -0.038455 
0.001794 -0.026927 -0.007337 0.025970 
0.002192 -0.009011 0.005496 -0.007470 
-0.016768 -0.000405 -0.004187 -0.016242 
-0.014110 -0.003080 -0.005575 -0.013323 
-0.017212 0.001519 -0.004862 -0.016581 
-0.020570 -0.007668 0.018510 -0.011803 
0.002682 0.005485 0.001707 0.005863 
0.024372 -0.013786 -0.027967 0.001378 
-0.031524 -0.015134 -0.034199 0.007296 
-0.002092 0.021185 -0.017418 -0.012240 
-0.008876 0.001335 -0.008757 -0.001971 
-0.015208 0.025399 0.029311 -0.004158 
0.026248 0.017569 0.014224 -0.028201 
-0.032148 -0.028544 0.042172 -0.008357 
-0.004284 0.010916 -0.009909 0.006270 
0.006306 0.031185 0.030788 -0.008022 
-0.015608 0.000921 -0.007566 -0.013682 
-0.009709 -0.011380 0.004749 -0.014185 
-0.010407 0.011415 -0.014903 -0.004064 
-0.014702 0.008472 -0.011799 -0.012195 
0.042317 0.015917 -0.042641 -0.015028 
-0.013836 0.016198 -0.007243 -0.020034 
0.015728 -0.019962 -0.012117 0.022339 
-0.001763 0.002060 -0.001832 0.001999 
-0.003246 -0.000014 -0.003241 -0.000171 
-0.008853 0.011957 -0.014825 -0.001261 
0.027720 0.013994 0.005900 -0.030487 
0.005939 -0.047134 -0.041973 0.022251 
-0.000857 0.027452 0.009676 -0.025705 
0.017741 0.034104 -0.001384 0.038418 
0.043041 0.009032 -0.041746 0.013834 
0.016357 -0.016424 -0.002626 0.023030 
-0.025481 -0.024341 -0.034591 -0.006726 
0.000008 -0.013458 0.009966 -0.009044 
-0.002432 -0.004389 -0.001908 -0.004641 
-0.002509 -0.003479 -0.002206 -0.003678 
-0.008536 -0.013055 0.008022 -0.013377 
-0.012567 0.009487 -0.013864 -0.007466 
0.008589 -0.011783 0.014570 0.000541 
-0.001256 -0.004023 -0.000923 -0.004112 
0.013050 -0.012306 0.013436 0.011882 
-0.033774 0.002291 -0.015981 0.029841 
0.008196 0.000032 0.007798 0.002523 
-0.014494 0.030926 0.015720 0.030322 
0.038829 -0.004847 0.031457 0.023274 
0.021839 0.006726 -0.020670 0.009744 
0.012371 0.024912 -0.001204 -0.027788 
0.016734 0.019099 -0.019806 -0.015892 
0.025511 -0.022287 -0.005099 -0.033489 
0.012933 0.000438 0.008976 0.009321 
-0.018629 0.008142 -0.001650 -0.020264 
0.031237 0.003906 -0.000904 -0.031468 
-0.032012 0.020908 -0.037882 0.005186 
0.016620 0.001994 0.002704 0.016520 
0.029353 -0.003385 -0.021415 -0.020358 
0.017984 -0.004787 0.004380 0.018088 
-0.035795 0.025008 0.013229 -0.041613 
0.038098 0.005292 0.030360 0.023616 
0.010554 -0.003307 0.010691 0.002834 
0.009897 -0.000411 0.009085 0.003948 
0.008834 0.008030 0.002107 0.011751 
0.028419 -0.007397 -0.024705 -0.015876 
0.006257 0.005005 0.004530 0.006609 
-0.026918 -0.000149 0.026395 0.005281 
-0.003533 0.017151 -0.017495 -0.000754 
0.000827 0.016604 -0.015623 0.005685 
0.025825 -0.009900 -0.027656 -0.000318 
0.019188 0.003038 -0.006157 0.018425 
-0.015297 0.018942 0.006375 -0.023498 
-0.006746 -0.026764 -0.003206 0.027415 
-0.025979 0.020233 0.012395 0.030506 
-0.011438 0.005189 -0.012000 -0.003709 
0.033146 -0.000129 0.011000 -0.031268 
-0.019576 0.007174 0.001617 -0.020786 
0.011964 0.027433 0.016097 -0.025231 
0.001290 0.000625 0.001284 0.000637 
-0.001429 -0.022854 0.016295 0.016088 
-0.008941 0.019706 -0.011520 -0.018319 
0.015867 0.006107 -0.002143 0.016866 
-0.011630 -0.000879 -0.008911 -0.007525 
-0.000754 -0.008565 0.002147 -0.008326 
-0.016217 0.022462 0.023533 -0.014620 
-0.015679 0.005021 -0.009749 -0.013267 
-0.002577 0.008354 -0.005297 0.006955 
-0.005590 -0.003237 -0.004870 -0.004244 
0.006163 0.007536 0.002404 0.009434 
0.005025 0.012467 -0.005823 0.012115 
-0.016988 0.002934 -0.006306 -0.016045 
0.038061 0.022331 -0.044037 -0.002848 
0.011618 -0.004571 0.011761 0.004190 
-0.011546 0.004150 -0.011536 -0.004178 
0.006835 0.025871 -0.002828 -0.026608 
0.000749 0.014560 -0.011655 0.008758 
0.019825 0.000538 -0.005209 0.019136 
-0.013951 -0.019541 0.021501 0.010686 
-0.013210 -0.022749 0.012242 0.023284 
-0.035847 0.014812 -0.037619 -0.009445 
-0.014676 0.001938 -0.009468 -0.011379 
0.001620 -0.005441 0.002406 -0.005142 
-0.012480 0.000123 -0.009491 -0.008105 
0.000584 -0.016004 0.015018 -0.005559 
-0.017115 -0.015151 0.022856 -0.000303 
-0.004290 0.009162 -0.007979 0.006219 
-0.002445 0.001940 -0.002529 0.001829 
-0.023231 0.012979 0.024580 -0.010197 
0.034385 0.008896 0.034608 -0.007982 
0.032380 -0.009660 0.008379 -0.032735 
-0.003126 0.005382 -0.004030 0.004743 
-0.010314 -0.017006 0.019024 -0.005802 
-0.004906 0.005086 -0.005935 0.003835 
0.003906 0.012453 -0.006023 0.011578 
0.020379 0.002678 -0.009919 0.018003 
-0.014171 -0.012222 0.012783 -0.013667 
-0.010321 0.013468 -0.015578 -0.006726 
-0.005929 0.025250 0.004743 -0.025499 
0.000946 -0.016183 0.015469 -0.004844 
0.001699 -0.011498 0.008076 -0.008359 
0.012577 -0.030224 -0.026790 -0.018815 
0.007166 0.006984 0.003315 0.009441 
0.012480 -0.024769 -0.021096 0.018006 
-0.008745 0.016588 -0.016160 -0.009513 
0.004182 0.000405 0.004135 0.000743 
-0.013621 -0.006538 -0.001104 -0.015068 
-0.025910 -0.010488 0.018709 0.020768 
0.016052 -0.013270 0.005476 0.020094 
-0.028903 -0.015806 -0.023183 0.023405 
-0.016766 0.032708 -0.014495 0.033776 
-0.016280 0.009910 -0.008228 -0.017192 
0.000939 -0.000530 0.000941 -0.000525 
-0.002959 -0.016591 0.015243 -0.007189 
-0.027336 -0.002650 0.025020 0.011324 
0.024992 0.004761 -0.025434 -0.000619 
-0.012984 -0.002832 -0.006873 -0.011373 
-0.015157 -0.005624 -0.000211 -0.016165 
0.013194 0.029175 0.029235 -0.013062 
0.022651 -0.002247 -0.014905 0.017203 
-0.013635 -0.000905 -0.008220 -0.010917 
-0.016724 0.002094 -0.006385 -0.015598 
-0.023214 0.012632 0.024060 -0.010935 
0.015302 -0.011460 0.009700 0.016475 
-0.031749 -0.021934 -0.014978 -0.035564 
-0.034333 0.000841 -0.021841 0.026503 
0.013180 -0.012708 0.013081 0.012810 
-0.001261 0.008317 -0.003855 0.007477 
-0.016652 -0.011306 0.015633 -0.012678 
0.019319 -0.022005 -0.029250 0.001376 
-0.037404 -0.001217 -0.036732 -0.007160 
-0.024532 0.007309 0.023408 -0.010359 
0.037944 -0.003076 0.036335 0.011355 
0.002919 0.007655 0.000455 0.008180 
0.007673 -0.003989 0.008569 -0.001167 
0.001590 -0.002204 0.001664 -0.002149 
0.022824 -0.005737 -0.015712 0.017521 
-0.011988 -0.020206 0.021325 0.009861 
-0.021194 0.003108 0.008235 -0.019775 
0.005082 -0.001832 0.005282 -0.001135 
0.004119 -0.026605 -0.009144 0.025322 
0.009715 -0.007784 0.012440 0.000466 
0.009731 -0.041270 0.033781 0.025628 
-0.025570 -0.000412 0.025399 -0.002980 
0.015249 -0.010506 0.010402 0.015320 
-0.016936 -0.013202 0.020112 -0.007525 
-0.021746 0.016414 0.025370 -0.009934 
0.006747 -0.000985 0.006803 0.000469 
0.002069 -0.027176 -0.009389 0.025586 
-0.004949 -0.028441 -0.014348 0.025050 
-0.026330 -0.006621 0.023879 0.012920 
-0.007654 0.021008 -0.010569 -0.019703 
0.000868 0.013076 -0.008678 0.009820 
-0.004381 0.000043 -0.004367 -0.000343 
-0.013520 0.011307 -0.013103 -0.011788 
-0.013203 0.019048 -0.001493 -0.023128 
0.010866 -0.001553 0.010056 0.004398 
-0.033399 -0.004803 -0.020913 0.026480 
-0.016471 -0.001607 -0.003507 -0.016174 
0.014280 -0.011262 0.011951 0.013709 
0.008832 -0.009232 0.012756 -0.000723 
-0.000877 0.006432 -0.002099 0.006142 
0.023659 0.002843 -0.021859 0.009489 
-0.004101 0.008387 -0.007049 0.006121 
-0.000421 -0.009754 0.003760 -0.009010 
0.000603 -0.007444 0.002472 -0.007047 
-0.014173 -0.017918 0.022550 0.003664 
0.024493 -0.021762 -0.015713 -0.028751 
-0.038518 -0.003617 -0.029684 -0.024811 
-0.009341 -0.002548 -0.007420 -0.006220 
0.006998 0.026300 0.000159 -0.027215 
-0.000703 0.009543 -0.004543 0.008421 
-0.008458 0.017096 -0.016136 -0.010172 
0.035531 0.005295 0.035220 -0.007074 
0.022022 -0.009232 -0.014552 0.018932 
-0.002025 0.007874 -0.004290 0.006906 
0.008274 0.001838 0.007230 0.004424 
0.001806 -0.024328 0.007894 0.023083 
0.003396 0.001444 0.003299 0.001654 
-0.018013 -0.009071 0.013998 -0.014520 
-0.012752 0.000419 -0.009625 -0.008375 
0.016000 0.022426 -0.007344 -0.026551 
0.014639 -0.008733 0.011890 0.012214 
-0.010516 -0.023364 0.013269 0.021918 
0.003379 -0.022422 0.013297 0.018367 
0.004005 -0.003028 0.004328 -0.002544 
0.002886 -0.003739 0.003254 -0.003424 
-0.007211 -0.025062 0.007530 0.024968 
-0.024077 -0.003655 0.023518 -0.006322 
0.010003 0.006841 0.003527 0.011594 
-0.002433 0.006888 -0.004034 0.006091 
0.004985 0.035749 0.014983 0.032838 
0.010957 -0.039371 0.040659 0.004116 
0.005208 0.007789 0.001728 0.009209 
0.013140 -0.006352 0.012595 0.007374 
0.009799 -0.027685 -0.027001 0.011552 
-0.010458 0.001898 -0.010020 -0.003547 
0.023473 0.003513 -0.021848 0.009274 
-0.021799 -0.028613 -0.029907 -0.019987 
0.007036 0.003802 0.005631 0.005679 
0.011783 0.021493 -0.018878 -0.015634 
0.015181 0.009480 -0.007965 0.016028 
0.002966 -0.022732 0.012832 0.018997 
0.001963 -0.013561 0.011585 -0.007316 
-0.017557 -0.021039 0.010229 0.025422 
0.015407 0.021568 -0.013394 -0.022872 
-0.023130 0.012885 0.024125 -0.010910 
0.021650 0.033125 -0.013287 0.037276 
0.002697 -0.000386 0.002708 -0.000294 
-0.022851 -0.013991 0.020309 0.017477 
-0.013579 -0.002237 -0.007031 -0.011830 
-0.015028 0.016817 -0.001627 -0.022495 
-0.002196 0.010416 -0.007092 0.007939 
-0.012281 -0.004555 -0.005417 -0.011925 
-0.029672 0.011197 0.013682 0.028611 
0.024781 0.018423 0.009523 -0.029374 
0.006970 -0.016470 0.017080 0.005301 
0.010666 -0.004845 0.011470 0.002386 
-0.011275 -0.009369 0.001628 -0.014569 
-0.006080 0.008143 -0.009131 0.004460 
0.010752 0.035079 0.013870 0.033967 
0.031374 0.009723 0.017208 -0.027977 
-0.019486 0.008228 0.001857 -0.021070 
-0.013023 -0.011215 0.008226 -0.015090 
0.008878 -0.001638 0.008861 0.001727 
-0.007022 -0.028838 -0.018486 0.023221 
0.012780 0.035818 -0.001046 0.038015 
0.002679 0.012411 -0.006409 0.010961 
-0.007597 0.023492 -0.000602 -0.024682 
0.007170 0.029035 0.019970 -0.022263 
-0.018023 -0.007203 0.010020 -0.016622 
-0.034817 -0.003495 -0.029829 0.018294 
-0.026398 0.003598 0.026640 -0.000308 
0.010669 0.020128 -0.021557 -0.007367 
0.007462 0.013308 -0.008103 0.012927 
-0.021425 0.006673 0.009638 -0.020265 
-0.024770 0.004871 0.023214 -0.009920 
-0.033748 0.000117 -0.016884 0.029221 
-0.002480 -0.020966 0.019743 0.007479 
-0.000963 -0.026089 0.001118 0.026083 
-0.007165 0.006958 -0.009506 0.003064 
-0.003363 0.003380 -0.003698 0.003011 
0.006985 -0.008164 0.010158 -0.003502 
0.019969 0.018336 -0.015044 -0.022553 
-0.010659 -0.027529 -0.014106 0.025932 
0.006312 0.033131 0.031881 0.011005 
0.003540 0.006009 0.002118 0.006645 
0.006179 -0.010863 0.011802 -0.004110 
-0.010856 0.002188 -0.010344 -0.003957 
0.001906 0.005206 0.001154 0.005423 
-0.004805 -0.012224 0.005345 -0.011998 
-0.022984 0.008911 0.018599 -0.016178 
0.008212 0.019755 -0.021182 -0.003005 
0.004852 0.025313 -0.006996 -0.024806 
-0.002916 -0.011422 0.004474 -0.010906 
0.000149 0.010179 -0.004539 0.009112 
0.022948 0.000484 -0.017605 0.014728 
0.016114 0.009022 -0.008996 0.016129 
-0.009115 -0.001983 -0.007622 -0.005378 
0.000779 0.007597 -0.001263 0.007532 
0.009342 -0.005239 0.010710 0.000179 
-0.025849 -0.010777 0.018236 0.021254 
-0.006562 -0.021079 0.020586 0.007975 
0.002136 -0.015618 0.015097 -0.004534 
-0.004054 -0.029922 -0.023995 0.018331 
0.013354 -0.020016 -0.002649 0.023916 
0.035733 -0.000247 0.032694 -0.014424 
0.002275 0.028216 0.012683 -0.025308 
0.021798 0.026226 0.034048 -0.001902 
0.022025 -0.007727 -0.013145 0.019288 
0.012084 -0.005736 0.012422 0.004962 
-0.020705 -0.004317 0.013508 -0.016275 
0.002977 0.027695 0.008785 -0.026433 
0.005167 0.014565 -0.010624 0.011224 
0.010107 0.000765 0.008650 0.005282 
0.003741 0.003096 0.003384 0.003482 
0.001857 0.005016 0.001183 0.005217 
0.001655 -0.010530 0.006691 -0.008298 
0.002683 -0.002018 0.002784 -0.001876 
-0.026647 -0.021528 -0.033540 0.006969 
0.034709 0.001913 0.027271 -0.021556 
-0.014034 0.013452 -0.010920 -0.016083 
-0.005232 0.028220 0.021204 -0.019342 
0.014670 0.003786 0.003927 0.014633 
0.031139 0.014475 0.031307 -0.014107 
-0.000733 0.008571 -0.003553 0.007835 
0.006715 0.003245 0.005675 0.004839 
0.009834 0.012490 -0.007560 0.013984 
0.012207 0.018703 -0.022097 -0.003243 
0.006085 -0.041629 0.038170 0.017693 
-0.016808 -0.021883 0.007991 0.026410 
0.000075 0.002296 0.000019 0.002298 
-0.027424 0.018227 0.010065 0.031353 
0.018478 -0.011560 -0.001214 0.021762 
0.002559 -0.016239 0.016200 -0.002799 
-0.008765 -0.005989 -0.004645 -0.009546 
-0.011738 0.002421 -0.010753 -0.005293 
-0.013381 0.003610 -0.011278 -0.008055 
-0.002414 0.039132 -0.029457 0.025873 
-0.025782 -0.000131 0.025703 -0.002018 
0.005702 -0.015164 0.016200 -0.000061 
0.000003 0.004604 -0.000446 0.004583 
-0.009976 0.010104 -0.014068 -0.001922 
-0.000352 0.002862 -0.000461 0.002846 
-0.017974 0.021570 0.025960 -0.010697 
0.000005 0.002934 -0.000111 0.002932 
0.015415 -0.008815 0.010599 0.014247 
-0.000216 -0.003533 -0.000013 -0.003540 
0.022193 0.024950 0.031805 -0.010172 
-0.007244 -0.040485 0.039857 -0.010146 
0.009894 0.011389 -0.004913 0.014263 
0.008143 -0.014075 0.016026 0.002755 
-0.002392 0.025310 -0.001879 -0.025353 
0.013801 0.024171 -0.002678 -0.027704 
0.003099 0.007715 0.000531 0.008297 
-0.009028 -0.007684 -0.002577 -0.011571 
0.021126 0.017445 -0.014759 -0.023082 
0.006734 0.002413 0.005985 0.003917 
-0.014388 0.009615 -0.012197 -0.012276 
-0.000975 -0.008603 0.001991 -0.008426 
-0.009502 -0.008024 -0.001956 -0.012282 
-0.023973 0.005765 0.020615 -0.013527 
-0.013926 -0.001449 -0.007500 -0.011823 
-0.001896 -0.001688 -0.001845 -0.001744 
0.002997 0.002317 0.002838 0.002510 
0.007221 -0.011661 0.013560 -0.002062 
-0.002516 -0.017854 0.017615 -0.003850 
0.012342 -0.009383 0.013921 0.006823 
-0.029680 0.006403 0.019177 0.023541 
-0.026557 0.005244 0.027054 0.000940 
-0.013475 -0.024682 0.000094 0.028121 
-0.008892 -0.003840 -0.006470 -0.007207 
-0.003197 -0.010674 0.003081 -0.010708 
0.013782 -0.013328 0.011578 0.015282 
-0.020896 -0.027647 -0.034181 -0.005716 
0.011554 0.013920 -0.013136 0.012437 
0.011299 0.017535 -0.020652 0.002937 
-0.010466 -0.002986 -0.007402 -0.007978 
-0.018416 0.009452 -0.001525 -0.020644 
0.016295 0.018659 -0.021316 -0.012622 
-0.010638 0.010717 -0.014593 -0.003880 
-0.028294 0.006107 0.025398 0.013884 
0.006031 0.030517 0.027933 -0.013691 
-0.031972 -0.003629 -0.005247 0.031746 
0.004105 0.039114 -0.026174 0.029355 
-0.008988 -0.010120 0.001574 -0.013443 
0.018563 0.000826 -0.001151 0.018545 
0.007293 0.033950 0.028193 0.020273 
0.021771 -0.019188 -0.029018 -0.000300 
0.020763 -0.005997 -0.006321 0.020667 
-0.010264 -0.010538 0.003258 -0.014345 
-0.023499 0.007989 0.019978 -0.014727 
-0.011529 0.007024 -0.012931 -0.003877 
0.005350 -0.001019 0.005439 -0.000282 
0.006195 0.011034 -0.002825 0.012335 
0.008830 0.026893 0.006376 -0.027578 
0.014465 0.014401 -0.018453 0.008725 
0.006751 -0.031050 -0.031434 -0.004647 
-0.025859 0.018878 0.018788 0.025924 
0.017552 0.008088 -0.010579 0.016173 
0.004331 -0.035319 -0.011734 -0.033593 
0.005665 0.000107 0.005588 0.000940 
0.002696 -0.011358 0.008847 -0.007616 
-0.013312 -0.023726 0.006672 0.026375 
-0.009070 0.004520 -0.010133 -0.000103 
0.000266 0.004142 -0.000063 0.004150 
-0.001248 -0.032610 -0.032273 -0.004835 
-0.018312 0.037505 -0.034108 -0.024054 
-0.017439 0.033346 -0.024623 0.028456 
-0.032938 -0.022754 0.004931 -0.039728 
-0.028804 -0.023666 -0.026024 -0.026693 
-0.035307 -0.010191 -0.035937 -0.007681 
-0.021662 0.014459 0.021352 -0.014912 
-0.007985 -0.011390 0.003828 -0.013373 
0.015553 -0.011854 0.008729 0.017499 
-0.017023 -0.012915 0.019746 -0.008164 
0.016117 -0.004935 0.008966 0.014274 
0.015422 -0.015773 0.002830 0.021878 
-0.020952 -0.008700 0.021067 -0.008418 
-0.011436 0.000436 -0.009669 -0.006122 
-0.037147 -0.004539 -0.035951 -0.010394 
0.010480 0.024693 -0.006184 -0.026102 
-0.005448 0.012693 -0.013246 0.003918 
-0.018097 -0.004437 0.004915 -0.017973 
-0.011169 0.005174 -0.011885 -0.003203 
0.010739 -0.000181 0.009353 0.005279 
0.010618 -0.003489 0.010809 0.002842 
-0.011448 -0.003318 -0.007071 -0.009596 
-0.013362 -0.001408 -0.007973 -0.010814 
-0.031479 0.000386 0.005178 0.031052 
-0.006439 -0.004040 -0.005151 -0.005590 
-0.013266 -0.019564 0.021736 0.009290 
-0.034107 0.002600 -0.019157 0.028338 
-0.013590 -0.025191 -0.003786 0.028371 
-0.023906 -0.016468 0.006684 0.028249 
-0.027249 0.014252 0.022976 0.020439 
-0.003539 0.023254 -0.010129 -0.021230 
0.002075 0.012247 -0.006408 0.010641 
0.009238 -0.017474 0.014953 0.012927 
-0.023281 0.033940 -0.035296 -0.021168 
0.000327 0.004178 -0.000011 0.004190 
0.012855 0.027999 0.021987 -0.021581 
0.016295 -0.007773 0.008914 0.015700 
0.012912 -0.008759 0.013510 0.007806 
-0.012901 -0.014514 0.016426 -0.010358 
0.024959 0.026156 0.031029 0.018554 
0.022970 0.005816 -0.022561 0.007242 
0.001153 0.013033 -0.008422 0.010013 
0.036414 -0.004259 0.035811 -0.007856 
-0.007277 -0.002147 -0.006462 -0.003977 
-0.004824 -0.010938 0.002866 -0.011606 
0.023643 0.018814 0.004811 -0.029830 
-0.047899 -0.012284 -0.023905 0.043286 
0.007686 -0.014678 0.016317 0.002876 
-0.015503 0.004776 -0.009933 -0.012825 
0.024077 0.011715 -0.021952 -0.015331 
-0.004412 -0.015955 0.013847 -0.009071 
0.003109 -0.005014 0.003868 -0.004454 
0.010689 -0.007098 0.012644 0.002186 
0.012259 -0.007371 0.013175 0.005571 
-0.011325 -0.031854 -0.033105 -0.006857 
-0.021530 -0.014242 0.022548 0.012568 
0.027779 0.020740 0.034447 -0.003902 
-0.005913 0.016523 -0.017234 -0.003309 
-0.004705 0.030357 0.029999 -0.006615 
0.017145 -0.011600 0.003997 0.020311 
-0.009572 -0.000531 -0.008511 -0.004411 
-0.000238 -0.001389 -0.000226 -0.001392 
0.000338 -0.015832 0.014612 -0.006104 
0.003307 -0.010776 0.008704 -0.007162 
0.009239 -0.010831 0.014203 0.000965 
0.007997 -0.002124 0.008261 0.000458 
-0.002866 -0.014942 0.011682 -0.009748 
-0.002154 -0.012791 0.007401 -0.010653 
0.015061 0.022591 -0.009005 -0.025615 
0.014853 -0.040413 0.022291 0.036836 
-0.000162 -0.017533 0.017293 -0.002892 
-0.033973 -0.010278 -0.034832 0.006826 
-0.007344 -0.014648 0.011413 -0.011758 
-0.004587 0.023202 -0.008618 -0.022025 
0.027305 -0.021890 0.008536 -0.033940 
0.021338 -0.009100 -0.011156 0.020339 
0.005306 0.012767 -0.006452 0.012228 
-0.002098 -0.026294 0.000535 0.026372 
-0.009642 -0.017071 0.018631 -0.006104 
-0.004699 -0.008071 -0.001173 -0.009265 
-0.025694 0.000152 0.025539 -0.002824 
-0.006739 -0.034627 -0.024056 -0.025802 
-0.022432 0.007410 0.014815 -0.018402 
-0.002775 -0.033258 -0.031590 -0.010766 
0.003281 0.006637 0.001522 0.007246 
-0.001912 0.002659 -0.002041 0.002562 
0.010088 0.008798 0.000392 0.013380 
0.003029 0.020147 -0.020009 -0.003840 
0.017627 0.001384 0.000958 0.017655 
-0.012162 0.015504 -0.012543 -0.015198 
0.027279 0.004870 -0.023363 -0.014901 
-0.005418 0.007673 -0.008008 0.004910 
0.005859 0.028254 0.013435 -0.025536 
0.029555 -0.015783 -0.001285 -0.033480 
0.007741 0.012837 -0.007069 0.013218 
0.023965 0.010117 -0.024244 -0.009430 
-0.022346 -0.022767 -0.022075 0.023030 
-0.015765 0.036432 -0.038937 0.007730 
-0.006662 0.024041 -0.000201 -0.024946 
-0.022419 0.006744 0.014327 -0.018516 
-0.009031 0.000036 -0.008416 -0.003276 
-0.006556 0.004289 -0.007491 0.002293 
0.036881 0.015715 0.002292 0.040024 
-0.007638 -0.016322 0.015688 -0.008868 
0.031187 0.009994 0.016611 -0.028224 
-0.004400 0.003488 -0.004858 0.002816 
0.004119 -0.008214 0.006923 -0.006042 
-0.003393 -0.024742 0.009924 0.022917 
-0.028362 0.009218 0.023996 0.017708 
0.008326 0.003439 0.006498 0.006239 
-0.016377 -0.019855 0.018170 0.018229 
-0.007342 0.022992 -0.003665 -0.023856 
-0.004355 -0.000622 -0.004283 -0.001007 
-0.011567 -0.017688 0.021039 -0.002007 
-0.036301 -0.006183 -0.036542 -0.004548 
-0.021901 0.018578 0.028683 -0.001450 
0.004479 -0.018245 0.017982 0.005439 
-0.012933 -0.019651 0.021730 0.009011 
-0.004116 0.016973 -0.017422 -0.001227 
-0.018877 -0.030372 -0.029212 -0.020627 
-0.020829 -0.001623 0.010292 -0.018182 
-0.002059 -0.017722 0.017403 -0.003929 
0.001470 -0.004923 0.002056 -0.004708 
-0.008624 -0.003261 -0.006730 -0.006302 
0.014551 0.007098 -0.001438 0.016126 
0.010937 -0.015483 0.014531 0.012173 
-0.009446 0.007015 -0.011766 0.000023 
0.026164 0.002318 -0.026075 -0.003164 
0.006175 0.013234 -0.007565 0.012491 
0.009753 0.028402 0.018801 -0.023417 
0.013591 0.008161 -0.001993 0.015727 
0.015867 0.003846 0.001739 0.016234 
-0.006864 0.012115 -0.013739 0.002264 
-0.003418 0.012220 -0.010769 0.006712 
0.004055 -0.010576 0.009255 -0.006530 
0.008013 0.017476 -0.018366 0.005685 
-0.022434 0.014164 0.023695 -0.011934 
0.018529 0.030543 0.029210 0.020566 
0.026015 0.003105 -0.025961 -0.003529 
-0.019137 -0.027336 -0.032700 0.006649 
0.005975 -0.031272 -0.031528 -0.004430 
-0.003116 -0.001214 -0.003050 -0.001372 
0.001793 -0.008535 0.004610 -0.007403 
-0.021109 0.016849 0.024213 -0.011969 
0.023261 0.002299 -0.020175 0.011805 
0.013568 -0.011831 0.012876 0.012581 
0.005109 0.011654 -0.004145 0.012031 
0.000038 0.000886 0.000035 0.000886 
-0.009250 0.013347 -0.015740 -0.003993 
-0.000917 -0.007610 0.001148 -0.007578 
0.006300 -0.005629 0.007779 -0.003296 
-0.000350 -0.008884 0.002833 -0.008428 
0.002432 0.014095 -0.009960 0.010265 
0.014405 -0.012443 0.011003 0.015533 
-0.003887 -0.014759 0.011096 -0.010478 
-0.003633 0.002317 -0.003818 0.001999 
0.021741 -0.010049 -0.014214 0.019278 
-0.005444 -0.013972 0.009228 -0.011819 
-0.007537 -0.027805 -0.011530 0.026400 
-0.031808 0.021667 -0.038401 0.002567 
0.003010 0.023920 -0.013470 -0.019994 
0.005591 0.030767 0.028880 -0.011991 
-0.004333 -0.001705 -0.004142 -0.002129 
-0.006968 -0.002024 -0.006279 -0.003636 
0.008971 0.005301 0.005336 0.008950 
0.015381 0.020661 -0.017165 -0.019204 
0.020658 -0.014628 -0.017455 0.018333 
0.023017 -0.012410 -0.023069 0.012313 
0.021735 -0.012913 -0.018718 0.016994 
-0.011509 -0.025717 -0.002521 0.028062 
0.010017 0.022470 -0.017239 -0.017553 
0.011937 0.011916 -0.008418 0.014616 
-0.008133 -0.000108 -0.007727 -0.002541 
-0.004609 0.001371 -0.004728 0.000874 
-0.017596 0.026087 0.028521 0.013293 
0.002619 0.026235 -0.001138 -0.026340 
-0.004195 0.008857 -0.007579 0.006213 
0.015361 0.015149 -0.021047 0.004744 
0.002600 -0.002395 0.002733 -0.002242 
-0.010791 0.004809 -0.011522 -0.002611 
-0.000640 0.009641 -0.004596 0.008499 
-0.000940 0.003114 -0.001090 0.003065 
-0.021833 0.025247 0.014358 0.030133 
0.009780 -0.011538 0.014868 0.002779 
-0.026024 0.000605 0.026001 -0.001237 
-0.000223 -0.008947 0.003015 -0.008427 
0.002377 0.006342 0.000996 0.006699 
0.003324 0.012297 -0.005912 0.011284 
0.024694 -0.020746 -0.018884 -0.026146 
-0.018179 0.004339 -0.003677 -0.018325 
-0.011924 -0.000986 -0.008827 -0.008077 
0.003595 -0.012187 0.010889 -0.006547 
0.011667 -0.009087 0.013920 0.004993 
0.008416 0.004471 0.005878 0.007502 
0.012294 -0.038094 0.039448 -0.006794 
-0.023348 0.018376 0.028767 0.007433 
0.003049 0.029744 0.022834 -0.019302 
0.037953 0.001160 0.035256 0.014099 
0.018990 -0.008826 -0.000241 0.020939 
0.011663 0.000323 0.009260 0.007097 
0.009950 0.002307 0.007761 0.006640 
0.003169 -0.004826 0.003869 -0.004285 
0.012831 0.010295 -0.005648 0.015451 
-0.022644 -0.022226 -0.020325 0.024365 
-0.029265 0.012021 0.015095 0.027804 
-0.004066 0.021640 -0.014609 -0.016474 
-0.004835 0.007580 -0.007259 0.005305 
-0.003134 0.019488 -0.018323 -0.007340 
0.012939 -0.001940 0.010504 0.007800 
-0.027211 -0.005432 0.022938 0.015615 
0.017669 -0.005132 0.005367 0.017600 
-0.013034 -0.033220 -0.025559 -0.024905 
-0.010444 -0.016905 0.018938 -0.006018 
-0.009137 -0.014005 0.010879 -0.012699 
-0.016417 0.003779 -0.007949 -0.014853 
-0.012206 0.004653 -0.011923 -0.005337 
-0.012035 0.029282 0.030350 0.009009 
0.035503 -0.016184 0.037356 0.011268 
0.018602 -0.019252 -0.021357 0.016140 
-0.004888 0.012367 -0.012346 0.004942 
0.002834 -0.001040 0.002875 -0.000920 
-0.008794 -0.012838 0.007642 -0.013555 
-0.015319 0.034520 -0.024222 0.028976 
-0.003602 0.019097 -0.018234 -0.006723 
0.007858 -0.011278 0.013686 -0.001276 
-0.027044 0.014291 0.023851 0.019151 
0.022873 -0.032152 0.039354 -0.002867 
-0.012146 -0.000683 -0.009008 -0.008175 
0.011725 0.034200 0.020415 0.029839 
-0.018940 -0.007211 0.012782 -0.015727 
0.001154 -0.011943 0.008253 -0.008709 
-0.001596 0.007415 -0.003480 0.006740 
-0.009870 -0.000974 -0.008450 -0.005191 
0.012608 -0.000354 0.009616 0.008161 
0.017491 0.009701 -0.014009 0.014275 
0.014781 -0.038657 0.038257 0.015787 
0.001017 0.021932 -0.018114 -0.012408 
-0.006417 0.012197 -0.013471 0.002909 
-0.025036 0.006198 0.024451 -0.008208 
-0.009821 0.005491 -0.011222 -0.000816 
-0.013004 -0.024149 0.004764 0.027011 
-0.007624 0.017046 -0.016782 -0.008190 
0.038365 -0.001914 0.034500 0.016890 
-0.004148 0.020597 -0.016614 -0.012862 
-0.026923 0.017811 0.015551 0.028289 
0.016112 -0.013236 0.005327 0.020159 
-0.006328 -0.025142 0.007561 0.024799 
-0.007761 0.011214 -0.013556 0.001494 
0.003824 0.007366 0.001338 0.008191 
-0.017210 -0.000451 -0.003100 -0.016935 
0.013679 0.016005 -0.020457 0.004979 
-0.021353 0.019110 0.028529 -0.002689 
-0.009440 -0.006038 -0.004611 -0.010213 
-0.032551 -0.000829 -0.006177 0.031970 
-0.010568 0.005091 -0.011532 -0.002147 
-0.011557 -0.007119 -0.002311 -0.013375 
-0.010475 -0.018982 0.021598 0.001891 
-0.014846 -0.007039 0.001867 -0.016324 
-0.018742 -0.003666 0.005649 -0.018243 
-0.014020 0.031229 0.015511 0.030516 
-0.022059 -0.004006 0.017854 -0.013560 
0.016638 -0.014154 0.001756 0.021774 
-0.011031 0.019768 -0.006148 -0.021787 
-0.018351 -0.010637 0.018123 -0.011022 
0.015666 -0.003745 0.009251 0.013186 
-0.029892 -0.001240 0.015716 0.025458 
0.020425 -0.010322 -0.008293 0.021330 
-0.017311 -0.026918 -0.026915 0.017316 
0.016269 0.017592 -0.022712 -0.007637 
0.037789 -0.002487 0.036702 0.009335 
-0.016877 0.011953 -0.004499 -0.020186 
0.002695 0.044157 -0.020514 -0.039195 
0.023931 -0.014076 -0.027539 0.003521 
0.006084 0.010746 -0.002288 0.012135 
0.019389 0.005428 -0.010817 0.016982 
-0.023808 0.022148 0.018285 0.026889 
0.045444 0.011254 -0.029049 -0.036714 
-0.002790 0.009920 -0.007119 0.007451 
0.000255 -0.006880 0.001737 -0.006662 
-0.011512 -0.002988 -0.007349 -0.009351 
-0.014220 -0.008605 0.004020 -0.016127 
-0.004956 0.036470 -0.003082 0.036676 
-0.028234 -0.005821 0.018257 0.022309 
0.002249 -0.007857 0.004520 -0.006809 
-0.002700 0.008379 -0.005455 0.006910 
0.006465 0.001215 0.006097 0.002470 
0.027402 0.007706 -0.018568 -0.021575 
0.003993 0.013577 -0.008400 0.011390 
0.002005 -0.003687 0.002297 -0.003513 
-0.015884 -0.008586 0.007440 -0.016452 
0.034766 0.028116 -0.040209 -0.019556 
0.027545 -0.012269 -0.024498 -0.017581 
0.011278 0.005073 0.005318 0.011165 
0.000052 0.011605 -0.006696 0.009478 
0.006799 -0.021974 0.009115 0.021119 
0.003842 0.007133 0.001547 0.007952 
0.001334 -0.014131 0.012102 -0.007417 
0.012246 -0.001717 0.010450 0.006612 
0.020647 0.003948 -0.012740 0.016721 
0.035236 -0.015390 0.038232 0.004090 
0.031656 -0.010423 0.002648 -0.033222 
-0.012625 0.015157 -0.012046 -0.015621 
0.004257 0.021572 -0.019716 -0.009733 
0.012485 -0.038342 0.040253 -0.002375 
0.028565 0.004171 -0.019328 -0.021442 
0.007911 0.027676 0.010993 -0.026603 
-0.018654 0.008585 -0.001276 -0.020495 
-0.011072 0.019415 -0.007142 -0.021178 
-0.017526 -0.012576 0.020044 -0.007971 
-0.004798 0.039412 -0.035203 0.018360 
0.001439 0.027703 0.009431 -0.026088 
0.001437 0.037186 -0.001831 0.037168 
-0.007384 0.004424 -0.008438 0.001701 
0.007930 0.018716 -0.020276 0.001437 
-0.000108 -0.006116 0.000941 -0.006044 
-0.001800 -0.002750 -0.001662 -0.002836 
0.014108 -0.025709 -0.028384 0.007371 
-0.030993 0.007475 0.008587 0.030704 
0.001451 0.010281 -0.003617 0.009733 
0.007026 0.009801 -0.000568 0.012046 
0.014570 -0.030046 -0.021559 -0.025501 
-0.027948 0.020693 -0.007368 0.033985 
0.008672 0.004055 0.006253 0.007249 
0.023785 0.000382 -0.020618 0.011865 
0.031237 0.000508 -0.006393 -0.030580 
0.006823 -0.044355 0.000319 0.044875 
-0.011012 -0.018749 0.021686 0.001592 
-0.011389 -0.017334 0.020431 -0.003572 
-0.008478 0.001298 -0.008428 -0.001591 
-0.025085 0.008386 0.025654 -0.006436 
-0.010941 0.022150 0.003081 -0.024512 
-0.004083 0.033027 0.029114 0.016120 
-0.005348 0.017943 -0.017703 -0.006096 
0.006028 -0.003729 0.006722 -0.002249 
0.014794 -0.008861 0.011658 0.012707 
0.008150 0.004591 0.005700 0.007416 
0.016134 -0.000057 0.005936 0.015003 
-0.010089 -0.000802 -0.008625 -0.005294 
0.020455 0.017421 -0.017018 -0.020791 
-0.009746 0.003351 -0.010179 -0.001617 
0.036211 0.017514 -0.001619 0.040192 
0.025768 0.008069 -0.023484 -0.013328 
-0.017807 0.010560 -0.002770 -0.020517 
0.002619 0.027135 0.004915 -0.026815 
-0.018521 -0.003531 0.004721 -0.018254 
-0.014546 0.022143 0.016425 -0.020787 
0.000526 0.019097 -0.019042 -0.001541 
-0.010925 -0.016746 0.019043 -0.006094 
0.003958 0.013925 -0.009185 0.011190 
-0.010540 0.006772 -0.012386 -0.001885 
-0.013469 -0.003266 -0.006019 -0.012484 
0.005757 -0.006668 0.007725 -0.004235 
-0.037919 -0.014322 0.002661 -0.040446 
0.010483 0.033066 0.030167 0.017123 
-0.015602 -0.007171 0.003688 -0.016770 
0.009432 0.003648 0.006753 0.007528 
0.001732 -0.009560 0.005593 -0.007944 
-0.016146 0.021439 0.019584 -0.018352 
-0.010361 0.001957 -0.009993 -0.003365 
-0.029671 0.011459 0.013165 0.028954 
0.042492 0.004011 -0.024831 0.034715 
0.008039 0.014507 -0.011419 0.012028 
-0.011033 -0.001840 -0.008254 -0.007550 
-0.009054 0.003216 -0.009575 -0.000800 
-0.002461 -0.002594 -0.002304 -0.002734 
0.020530 0.012110 -0.023835 -0.000121 
-0.011550 -0.000140 -0.009361 -0.006768 
0.005861 0.004988 0.004303 0.006381 
-0.004158 -0.000701 -0.004087 -0.001039 
-0.001560 -0.006725 -0.000060 -0.006904 
0.026744 -0.006892 -0.027435 -0.003173 
-0.000999 0.001212 -0.001013 0.001201 
-0.004511 -0.003004 -0.004065 -0.003584 
-0.009432 -0.017966 0.020033 -0.003232 
-0.015768 0.006387 -0.009943 -0.013804 
0.021124 -0.009676 -0.010798 0.020573 
0.004189 -0.017518 0.017792 0.002806 
0.007677 0.015036 -0.012561 0.011279 
-0.029624 -0.001102 0.017516 0.023917 
-0.002848 -0.014120 0.009876 -0.010485 
0.001419 0.024706 -0.009214 -0.022968 
0.018838 -0.032953 0.028876 -0.024637 
0.010846 -0.041977 0.021701 0.037534 
-0.002699 -0.025450 0.005934 0.024895 
-0.005606 -0.020421 0.020646 0.004710 
-0.008487 -0.022911 0.016657 0.017873 
0.004890 -0.003699 0.005454 -0.002802 
0.005694 0.003564 0.004837 0.004661 
0.008401 0.029299 0.022962 -0.020044 
-0.007425 -0.009082 -0.000612 -0.011715 
0.001114 0.004205 0.000744 0.004286 
-0.011745 -0.022902 0.013841 0.021700 
-0.001072 -0.015522 0.013455 -0.007813 
-0.006929 -0.027045 -0.005364 0.027398 
-0.018937 0.015789 0.012485 -0.021261 
0.002993 0.018136 -0.018085 0.003289 
0.018659 0.011658 -0.020622 0.007670 
-0.016909 -0.018419 0.021150 0.013335 
-0.015965 0.039380 -0.028426 -0.031585 
-0.014283 0.005454 -0.011589 -0.009973 
0.003712 -0.016655 0.017062 -0.000204 
-0.008327 -0.025707 0.002581 0.026898 
-0.012560 -0.004494 -0.005299 -0.012243 
0.020999 0.014751 -0.022516 -0.012312 
0.017318 -0.016409 -0.006805 0.022866 
0.006166 -0.004767 0.007241 -0.002881 
0.012172 0.009054 -0.001928 0.015047 
0.013495 -0.016958 0.006582 0.020649 
-0.029493 -0.002082 0.017187 0.024057 
0.042062 -0.002004 -0.010677 0.040734 
0.021792 -0.005054 -0.010793 0.019594 
-0.028675 -0.004031 0.018987 0.021864 
0.012891 0.046047 0.035011 -0.032569 
0.026509 -0.007149 -0.027402 -0.001733 
-0.005654 -0.004693 -0.004327 -0.005939 
-0.007720 -0.025515 0.004409 0.026290 
0.002022 -0.027136 -0.009057 0.025660 
-0.003851 -0.040483 0.038323 -0.013602 
-0.004029 0.016913 -0.017361 -0.000934 
0.003183 0.021470 -0.019551 -0.009426 
-0.012506 -0.013523 0.013397 -0.012641 
-0.003367 0.014971 -0.014804 0.004038 
0.005671 0.014429 -0.010354 0.011539 
-0.011117 0.009723 -0.014174 -0.004151 
0.024182 0.001272 -0.022383 0.009239 
-0.017901 0.003580 -0.004251 -0.017754 
-0.002760 0.001227 -0.002809 0.001110 
-0.011663 -0.002889 -0.007403 -0.009463 
-0.006838 0.028344 0.024634 -0.015599 
-0.009848 -0.036860 0.005795 -0.037710 
-0.035590 0.014093 -0.038154 -0.003091 
-0.028343 0.001532 0.024760 0.013877 
-0.013161 0.036889 -0.035196 0.017183 
0.040315 0.011149 -0.018759 0.037386 
-0.013899 -0.005906 -0.001804 -0.014993 
0.013559 0.002587 0.006687 0.012076 
0.003486 0.008628 -0.000134 0.009305 
0.004173 0.011224 -0.003581 0.011426 
-0.000786 0.034608 0.023531 0.025389 
-0.005700 -0.003538 -0.004851 -0.004635 
0.024517 0.000314 -0.022921 0.008707 
-0.011413 -0.022125 0.017268 0.017933 
-0.020471 -0.012709 0.024008 0.002044 
0.010462 -0.004035 0.010966 0.002342 
0.025139 -0.001399 -0.024191 0.006979 
-0.024817 -0.019242 -0.014616 0.027795 
-0.003539 0.035931 0.006744 0.035470 
-0.022153 0.006986 0.013231 -0.019092 
-0.005566 0.013717 -0.014572 0.002608 
0.001610 0.000658 0.001601 0.000681 
0.000590 -0.000431 0.000591 -0.000430 
-0.017998 -0.010107 0.016183 -0.012814 
0.005686 0.005336 0.003992 0.006698 
-0.006358 0.015812 -0.016857 -0.002509 
0.029191 0.005456 -0.013460 -0.026471 
0.010524 -0.003717 0.010858 0.002583 
0.019689 0.016313 -0.021691 -0.013538 
0.004423 -0.025203 -0.001133 0.025563 
-0.010192 -0.003170 -0.007237 -0.007845 
0.029015 0.008686 -0.006059 -0.029675 
-0.001994 -0.011783 0.005617 -0.010548 
-0.000054 0.025936 -0.001162 -0.025910 
-0.005510 0.012386 -0.012924 0.004093 
-0.005165 0.004213 -0.005912 0.003077 
-0.001707 0.014858 -0.013610 0.006199 
0.013035 -0.010008 0.013677 0.009111 
0.011955 -0.030613 -0.026579 -0.019330 
0.002463 -0.013652 0.012127 -0.006735 
-0.005650 0.004584 -0.006588 0.003087 
-0.004389 -0.000583 -0.004319 -0.000976 
0.009226 -0.007898 0.012140 -0.000357 
0.007036 0.008809 0.001005 0.011229 
0.019008 -0.017999 -0.019205 0.017789 
0.012677 0.004051 0.005748 0.012003 
0.017298 -0.002545 0.005342 0.016648 
-0.001210 -0.002093 -0.001154 -0.002125 
-0.003171 0.004593 -0.003794 0.004093 
-0.008297 0.000583 -0.008063 -0.002043 
0.018670 0.029365 0.033326 0.010013 
0.019415 -0.034949 0.039979 0.000257 
0.009028 -0.010927 0.014160 0.000623 
0.003344 -0.034176 -0.023678 -0.024870 
0.004049 -0.014079 0.013980 -0.004377 
0.015915 0.019059 -0.020906 -0.013396 
0.012297 -0.027601 -0.030087 0.002796 
0.012066 0.016047 -0.018782 0.007094 
0.008519 -0.003198 0.009098 0.000199 
-0.018257 -0.023827 -0.010288 0.028199 
0.007760 -0.007897 0.010780 -0.002526 
0.009485 -0.006483 0.011488 0.000088 
-0.007662 -0.014326 0.010751 -0.012180 
-0.028920 0.000146 0.022099 0.018655 
-0.015307 0.016151 -0.002335 -0.022129 
-0.005367 -0.008405 -0.001102 -0.009911 
-0.012943 -0.010048 0.005225 -0.015530 
0.006692 -0.012223 0.013718 -0.002447 
-0.007199 -0.010076 0.001053 -0.012339 
0.004019 0.010080 -0.001754 0.010709 
0.007850 -0.008796 0.011548 -0.002374 
-0.011624 -0.013200 0.011347 -0.013439 
-0.009157 -0.019063 0.021132 0.000825 
0.003187 0.003335 0.002846 0.003631 
-0.010673 -0.019542 0.021776 0.004650 
-0.013217 -0.002217 -0.007326 -0.011222 
0.005487 -0.000783 0.005543 -0.000003 
-0.000906 0.009791 -0.005030 0.008448 
0.008643 0.022270 -0.018511 -0.015099 
-0.012424 0.013369 -0.013836 -0.011902 
-0.002435 0.002836 -0.002612 0.002674 
0.011614 0.015004 -0.015939 0.010293 
0.015394 0.029804 0.033543 -0.000409 
-0.006153 -0.017209 0.016989 -0.006737 
-0.010008 0.011215 -0.014740 -0.002944 
-0.004701 0.008009 -0.007431 0.005570 
-0.003126 0.018135 -0.018174 -0.002894 
0.022309 -0.024493 -0.015735 -0.029155 
-0.000518 -0.023077 0.015094 0.017464 
0.011847 0.005280 0.004782 0.012056 
0.022577 -0.002294 -0.014569 0.017399 
0.016688 0.017407 -0.022733 -0.008042 
0.009730 -0.015893 0.015627 0.010152 
-0.039994 -0.018341 0.043828 -0.003882 
0.003438 -0.008570 0.006453 -0.006605 
-0.008232 0.005580 -0.009846 0.001395 
-0.005647 -0.011768 0.004308 -0.012321 
0.002443 -0.025852 -0.001423 0.025929 
0.011509 0.008163 0.000534 0.014100 
0.005050 0.009314 -0.000208 0.010593 
0.006482 -0.019894 0.015190 0.014390 
-0.027942 0.007613 0.026064 0.012625 
-0.011189 0.032138 0.019790 0.027683 
-0.012980 0.030549 0.024107 0.022816 
0.005036 -0.018175 0.017806 0.006218 
0.003978 0.009258 -0.000618 0.010058 
0.019741 -0.020135 -0.027109 0.007761 
-0.022591 0.004592 0.014381 -0.018018 
0.011480 0.013721 -0.012529 0.012771 
-0.002966 -0.015391 0.012658 -0.009246 
-0.002424 -0.002970 -0.002218 -0.003127 
0.025985 0.002625 -0.025994 -0.002533 
-0.023982 -0.018625 -0.005730 0.029820 
0.001628 0.006831 0.000049 0.007022 
0.004647 0.020801 -0.020366 -0.006285 
0.013959 0.000049 0.008677 0.010935 
-0.001907 0.013598 -0.011604 0.007341 
-0.016951 -0.002359 -0.001453 -0.017053 
-0.013037 -0.003917 -0.005630 -0.012394 
0.007554 0.011942 -0.004906 0.013252 
0.002873 -0.003705 0.003232 -0.003396 
0.017620 -0.003562 0.005029 0.017259 
0.015455 -0.008889 0.010509 0.014403 
-0.007598 -0.017445 0.018086 -0.005912 
0.014679 -0.026316 -0.030123 0.000790 
0.003024 0.005914 0.001770 0.006402 
0.014650 0.018637 -0.022282 -0.008093 
-0.018094 -0.008681 0.013374 -0.014963 
-0.005227 0.009894 -0.009773 0.005450 
0.028434 -0.007318 -0.024682 -0.015900 
-0.005944 0.007616 -0.008575 0.004450 
0.005258 0.002834 0.004724 0.003655 
0.019320 0.006522 -0.012625 0.016013 
0.007995 -0.039404 0.039267 -0.008642 
-0.036086 -0.010038 -0.033848 -0.016039 
0.013139 -0.007765 0.013107 0.007819 
-0.033438 0.001272 -0.013057 0.030809 
-0.012303 -0.005969 -0.003500 -0.013219 
0.016202 -0.008848 0.008895 0.016177 
-0.000945 -0.006376 0.000283 -0.006440 
-0.000317 0.003721 -0.000555 0.003693 
-0.020760 0.013676 0.015822 -0.019175 
-0.004935 -0.031377 -0.030947 0.007151 
-0.013031 -0.010294 0.005952 -0.015504 
-0.003960 0.000706 -0.004002 0.000410 
-0.006721 -0.031033 -0.030450 0.009001 
-0.028317 0.017306 0.006406 0.032562 
-0.007142 0.019218 -0.015429 -0.013501 
-0.013136 -0.004392 -0.004951 -0.012936 
0.005241 -0.002893 0.005645 -0.001994 
-0.008881 -0.019901 0.021382 0.004208 
0.015283 0.010411 -0.010449 0.015257 
-0.011424 -0.015876 0.017740 -0.008236 
-0.006534 -0.005993 -0.003991 -0.007917 
-0.011816 -0.020310 0.021235 0.010060 
0.003173 0.001684 0.003068 0.001869 
-0.009194 0.007336 -0.011754 0.000435 
-0.018765 0.011489 0.002348 -0.021877 
0.010506 0.010537 -0.003460 0.014472 
-0.028338 0.000665 0.024438 0.014362 
0.004831 -0.001247 0.004942 -0.000687 
0.019844 0.002440 -0.007611 0.018488 
0.000698 -0.023123 0.013990 0.018424 
-0.001633 -0.005885 -0.000604 -0.006077 
-0.001704 0.005721 -0.002614 0.005366 
0.002761 -0.003683 0.003106 -0.003397 
0.001121 0.020975 -0.019301 -0.008288 
-0.000642 -0.005681 0.000216 -0.005713 
-0.001229 0.014761 -0.013149 0.006819 
0.008506 0.022412 -0.018178 -0.015627 
-0.015015 0.024817 0.027731 -0.008505 
-0.024741 0.008263 0.024644 -0.008547 
-0.020225 -0.017876 0.016046 0.021706 
-0.021152 0.014731 0.019825 -0.016474 
0.010103 0.020856 -0.020879 -0.010055 
-0.020314 -0.024561 -0.023755 0.021250 
-0.013166 -0.018993 0.022209 0.006389 
0.009319 0.001461 0.007968 0.005050 
0.022309 -0.014830 -0.024387 0.011088 
-0.036004 0.007578 -0.035528 0.009564 
-0.028489 -0.003619 0.020438 0.020175 
0.003436 -0.010612 0.008637 -0.007059 
-0.037984 0.001711 -0.036059 -0.012060 
0.015638 -0.006815 0.010228 0.013652 
-0.010673 -0.035987 -0.003355 -0.037386 
-0.011652 -0.019782 0.021780 0.007260 
0.007586 -0.001498 0.007707 0.000618 
0.006706 0.011220 -0.003199 0.012674 
0.016141 -0.031544 -0.001201 -0.035414 
-0.033488 0.020531 -0.037906 -0.010301 
-0.013063 0.011719 -0.013584 -0.011112 
-0.006681 -0.010781 0.002337 -0.012466 
-0.042175 0.001588 0.012597 -0.040281 
0.005948 0.010792 -0.002386 0.012089 
0.014781 -0.018000 -0.000970 0.023271 
-0.023544 -0.012187 0.022327 0.014294 
-0.008331 0.042613 -0.022999 -0.036829 
0.037750 0.013530 0.004468 0.039852 
-0.016471 0.018144 0.008590 -0.022950 
-0.020106 0.013213 0.011759 -0.020989 
-0.015049 -0.014220 0.018970 -0.008297 
0.004321 -0.004444 0.005036 -0.003615 
-0.006586 -0.002135 -0.005959 -0.003524 
-0.005401 -0.001354 -0.005154 -0.002108 
-0.001178 0.027425 0.009873 -0.025613 
0.007246 0.018529 -0.019746 0.002432 
0.021379 0.001347 -0.012152 0.017641 
-0.007169 -0.006170 -0.004102 -0.008522 
-0.007885 0.000947 -0.007826 -0.001348 
-0.015442 -0.011234 0.012818 -0.014155 
-0.001452 0.020597 -0.018492 -0.009187 
-0.005262 -0.003764 -0.004444 -0.004702 
-0.019609 -0.007417 0.015224 -0.014413 
-0.000140 -0.020189 0.019303 0.005919 
-0.015252 -0.010900 0.011590 -0.014735 
-0.000513 0.008480 -0.003250 0.007850 
-0.004959 0.031255 0.031603 0.001656 
0.001002 0.009380 -0.002814 0.009003 
0.007173 -0.004893 0.008409 -0.002163 
0.001665 -0.004590 0.002157 -0.004380 
0.025671 0.000773 -0.025606 0.001977 
-0.010861 -0.031508 -0.033256 -0.002181 
0.005848 -0.012322 0.013138 -0.003663 
-0.010573 0.007396 -0.012748 -0.002000 
0.028600 -0.003528 -0.024475 -0.015212 
0.017836 -0.001176 0.002967 0.017626 
-0.018459 -0.021613 0.003736 0.028176 
