0.001113 0.011564 -0.005396 0.010288 
-0.017784 0.005104 -0.006890 -0.017171 
-0.006795 0.023834 -0.005615 -0.024139 
-0.012953 0.010345 -0.014507 -0.008022 
-0.008493 0.011329 -0.014126 0.000954 
0.002620 0.005083 0.001883 0.005400 
0.010278 -0.001429 0.009837 0.003302 
0.003184 -0.012778 0.010996 -0.007245 
-0.016042 0.007142 -0.010859 -0.013800 
-0.014539 -0.004650 -0.003947 -0.014746 
-0.004119 -0.013259 0.006969 -0.012008 
-0.002767 -0.014136 0.009246 -0.011045 
0.004389 0.000926 0.004293 0.001301 
0.010586 0.012489 -0.007075 0.014764 
-0.003869 -0.008128 -0.000868 -0.008960 
0.001071 -0.003120 0.001216 -0.003066 
0.008922 -0.010138 0.013475 -0.000899 
0.007636 -0.017350 0.017565 0.007127 
-0.010636 -0.018488 0.021117 -0.002997 
0.009006 -0.004844 0.010215 -0.000459 
-0.006343 0.008269 -0.009382 0.004537 
-0.006927 -0.003408 -0.005840 -0.005049 
0.006821 -0.007125 0.009123 -0.003748 
-0.017604 -0.003635 0.000344 -0.017972 
0.009189 -0.002823 0.009566 0.000945 
0.015475 -0.004708 0.010949 0.011906 
-0.001651 0.011762 -0.008050 0.008733 
0.023989 -0.002907 -0.017568 0.016592 
0.006554 -0.007433 0.009020 -0.004103 
-0.010133 0.003564 -0.010610 -0.001678 
0.008218 -0.002910 0.008717 -0.000124 
-0.013603 -0.011362 0.008072 -0.015779 
-0.008118 0.020955 -0.012785 -0.018481 
-0.006494 0.001873 -0.006735 0.000572 
-0.008356 -0.002410 -0.007152 -0.004948 
-0.004167 -0.008186 -0.000998 -0.009131 
-0.003574 -0.001564 -0.003464 -0.001794 
0.011825 0.016596 -0.018704 0.008089 
0.015560 0.003198 0.004473 0.015243 
0.010373 0.004820 0.006215 0.009602 
-0.001081 0.017955 -0.017853 0.002198 
0.023051 0.008382 -0.023980 0.005154 
0.004904 0.007949 0.001658 0.009191 
0.006626 -0.011427 0.012632 -0.003862 
0.007886 -0.005567 0.009431 -0.002058 
-0.001086 -0.014952 0.011666 -0.009415 
-0.015554 -0.005277 -0.001416 -0.016363 
-0.003379 -0.004469 -0.002748 -0.004883 
-0.002645 0.001393 -0.002696 0.001291 
0.013158 -0.002000 0.010915 0.007615 
-0.005341 0.006504 -0.007043 0.004608 
0.019519 -0.011380 -0.002070 0.022500 
0.001900 -0.011768 0.008296 -0.008560 
-0.012216 0.004166 -0.011957 -0.004860 
0.017967 -0.000412 0.003709 0.017585 
0.010420 -0.009027 0.013715 0.001398 
-0.012940 -0.011477 0.007342 -0.015661 
-0.003878 0.027601 0.009061 -0.026358 
-0.004013 -0.016057 0.013272 -0.009889 
-0.015418 0.001724 -0.009382 -0.012356 
-0.013402 0.008496 -0.013807 -0.007821 
0.005371 -0.003118 0.005812 -0.002190 
0.003319 -0.009293 0.006805 -0.007147 
0.008727 0.005817 0.005128 0.009149 
0.001115 0.004290 0.000750 0.004369 
0.010376 -0.009506 0.013990 0.001516 
0.009825 0.011455 -0.003999 0.014552 
0.000016 -0.003730 0.000239 -0.003722 
-0.003759 -0.018835 0.018879 -0.003533 
0.002222 0.004933 0.001587 0.005172 
0.025930 0.001314 -0.025452 0.005126 
-0.026425 0.012463 0.029123 0.002336 
-0.002930 -0.019162 0.019267 -0.002134 
-0.001566 0.003760 -0.001830 0.003639 
0.008434 -0.014545 0.016578 0.002803 
-0.009159 -0.007692 -0.003058 -0.011563 
0.002879 0.012337 -0.005617 0.011356 
0.006820 0.008849 0.001349 0.011090 
0.002338 0.008076 -0.000180 0.008406 
0.002852 -0.012390 0.010113 -0.007705 
-0.005285 -0.001738 -0.005008 -0.002422 
0.006857 0.003902 0.005584 0.005573 
0.013743 -0.000841 0.010053 0.009408 
-0.006082 -0.008446 -0.001652 -0.010276 
0.000148 0.003832 -0.000094 0.003834 
0.006540 -0.006663 0.008522 -0.003813 
-0.005705 -0.019868 0.020668 -0.000354 
-0.004314 0.026520 0.003139 -0.026685 
-0.015540 0.012038 -0.010640 -0.016529 
0.000379 0.003430 0.000203 0.003445 
0.006255 0.014043 -0.008616 0.012732 
0.008566 0.005458 0.005403 0.008601 
0.008992 -0.007487 0.011634 -0.001249 
-0.013614 0.006816 -0.013133 -0.007702 
-0.004507 0.003588 -0.004970 0.002912 
0.002966 -0.002455 0.003116 -0.002262 
0.007126 -0.001101 0.007193 0.000503 
0.005204 -0.004659 0.006059 -0.003476 
0.007864 -0.001827 0.008063 0.000414 
-0.007391 -0.017687 0.017729 -0.007289 
-0.012400 0.013121 -0.015054 -0.009963 
-0.005240 0.012952 -0.013130 0.004775 
0.002674 -0.005758 0.003625 -0.005212 
-0.009935 -0.002781 -0.007691 -0.006877 
-0.006443 0.000785 -0.006479 -0.000386 
-0.004897 -0.000678 -0.004800 -0.001187 
0.015821 0.000803 0.006796 0.014309 
0.002720 0.006824 0.001081 0.007266 
-0.009729 0.006899 -0.011926 0.000078 
-0.009493 -0.002321 -0.007783 -0.005910 
-0.008745 0.013285 -0.015830 -0.001535 
-0.003230 -0.005292 -0.002317 -0.005750 
-0.015772 0.006849 -0.011233 -0.013019 
-0.009765 0.013809 -0.016291 -0.004543 
0.013632 0.003525 0.006341 0.012571 
-0.007010 -0.025873 0.008515 0.025417 
0.013102 -0.004084 0.012004 0.006651 
0.023714 -0.004934 -0.016355 0.017866 
-0.001087 -0.013962 0.009687 -0.010114 
-0.008468 -0.013267 0.007474 -0.013852 
-0.007258 0.001223 -0.007344 -0.000481 
-0.002955 0.007402 -0.004839 0.006334 
-0.003836 0.007926 -0.006214 0.006239 
0.008002 0.013958 -0.008953 0.013368 
-0.002509 -0.023547 0.017661 0.015775 
0.003021 -0.005159 0.003773 -0.004637 
-0.011845 -0.000113 -0.009699 -0.006800 
-0.015286 -0.005475 -0.001552 -0.016162 
-0.000921 0.005788 -0.001761 0.005590 
0.014346 -0.002824 0.010965 0.009673 
-0.002501 0.006088 -0.003582 0.005521 
-0.005326 -0.001916 -0.005013 -0.002628 
-0.007446 -0.014311 0.009594 -0.012970 
-0.007581 -0.002030 -0.006788 -0.003940 
-0.005256 0.002031 -0.005483 0.001299 
-0.016530 0.010171 -0.009410 -0.016975 
-0.005478 0.017763 -0.018177 -0.003892 
0.013122 -0.015184 0.012942 0.015338 
-0.007789 -0.020344 0.021676 0.002168 
0.008992 -0.016436 0.016984 0.007909 
-0.008730 0.002141 -0.008938 -0.000952 
-0.007459 0.001774 -0.007666 -0.000143 
-0.011369 -0.006745 -0.003723 -0.012685 
-0.004512 0.005193 -0.005467 0.004177 
0.005638 0.014597 -0.009864 0.012148 
-0.007834 0.010034 -0.012444 0.002686 
0.006390 -0.008647 0.009735 -0.004564 
0.007941 -0.012942 0.015176 -0.000475 
-0.007724 0.001125 -0.007752 -0.000909 
-0.001427 -0.002257 -0.001357 -0.002299 
-0.004391 0.006985 -0.006216 0.005425 
-0.001318 0.006227 -0.002375 0.005905 
0.003337 0.007796 0.000813 0.008441 
-0.004631 -0.000408 -0.004573 -0.000835 
0.007148 0.013575 -0.007691 0.013274 
-0.009683 0.005706 -0.011239 -0.000106 
-0.012860 0.011459 -0.014728 -0.008931 
-0.005780 -0.005386 -0.004149 -0.006723 
-0.006198 0.026497 0.007138 -0.026260 
-0.008275 0.012966 -0.015380 -0.000189 
0.005967 0.003825 0.005011 0.005013 
-0.025945 -0.009772 0.024108 0.013690 
-0.014239 0.016499 -0.008320 -0.020143 
0.002643 0.024949 -0.013039 -0.021434 
0.016733 0.015153 -0.022034 0.004909 
0.003973 0.001559 0.003839 0.001865 
-0.002713 -0.025318 0.011452 0.022743 
-0.008200 0.000920 -0.008117 -0.001481 
0.001528 0.002301 0.001452 0.002350 
0.004266 -0.012440 0.011551 -0.006287 
-0.020199 -0.005069 0.010633 -0.017906 
0.003992 -0.008944 0.007237 -0.006600 
-0.024469 -0.008557 0.025843 0.002014 
-0.014580 -0.006506 -0.000917 -0.015939 
0.004788 0.011372 -0.003110 0.011941 
0.019812 0.003749 -0.007115 0.018867 
0.019424 0.010598 -0.018961 0.011405 
0.024324 -0.004447 -0.018928 0.015911 
0.020045 0.005633 -0.011118 0.017605 
0.002807 0.019055 -0.019109 0.002410 
0.009069 -0.013881 0.016291 0.003092 
-0.031310 0.014805 0.000259 0.034633 
-0.016553 -0.008344 0.006712 -0.017280 
-0.025334 -0.002910 0.024786 -0.005992 
-0.004569 0.017634 -0.018113 -0.001937 
-0.006817 -0.005464 -0.004697 -0.007366 
-0.004055 -0.018526 0.018407 -0.004566 
-0.013433 -0.014046 0.014699 -0.012715 
-0.024942 0.006774 0.022160 -0.013303 
0.000267 -0.006066 0.001219 -0.005948 
0.003792 0.012884 -0.006293 0.011865 
0.006649 -0.010037 0.011252 -0.004284 
-0.002108 -0.002577 -0.001983 -0.002675 
-0.002988 0.001190 -0.003038 0.001056 
-0.000230 -0.006680 0.001046 -0.006602 
-0.004304 0.026460 0.002759 -0.026666 
0.006832 0.005032 0.004979 0.006870 
0.007965 0.006936 0.003876 0.009825 
0.017562 0.005950 -0.004247 0.018050 
0.012099 -0.011904 0.015218 0.007517 
0.014581 0.000614 0.008418 0.011922 
0.000880 -0.007122 0.002419 -0.006756 
-0.025515 0.002990 0.023388 -0.010630 
0.002288 -0.006503 0.003558 -0.005905 
-0.010347 0.008788 -0.013525 -0.001175 
0.002434 0.002734 0.002273 0.002869 
-0.008276 -0.000186 -0.007867 -0.002576 
0.008203 0.009147 0.001022 0.012244 
0.009664 0.007922 0.002656 0.012211 
-0.004496 0.007360 -0.006578 0.005578 
0.014727 0.008170 -0.002561 0.016646 
0.005648 -0.003553 0.006220 -0.002416 
0.005872 0.015448 -0.011953 0.011412 
-0.005943 -0.006977 -0.003101 -0.008625 
-0.015900 0.002557 -0.009324 -0.013130 
-0.000162 0.008326 -0.002596 0.007913 
0.013814 -0.007667 0.013350 0.008450 
-0.001223 -0.002741 -0.001116 -0.002786 
-0.015746 0.005279 -0.010837 -0.012584 
0.016015 -0.010632 0.010397 0.016168 
0.007233 -0.006805 0.009389 -0.003235 
-0.008623 0.007927 -0.011572 0.001806 
0.015588 0.015564 -0.021200 0.005983 
0.006774 0.012876 -0.005984 0.013261 
-0.012942 0.007425 -0.013535 -0.006279 
-0.006354 0.005274 -0.007606 0.003217 
-0.004637 -0.001768 -0.004425 -0.002248 
-0.004409 0.005757 -0.005585 0.004625 
-0.002099 0.007653 -0.004065 0.006815 
0.002447 -0.011931 0.009058 -0.008141 
-0.010276 -0.003022 -0.007628 -0.007520 
-0.001725 0.002934 -0.001869 0.002845 
0.013293 -0.000153 0.009757 0.009029 
0.005101 -0.002912 0.005475 -0.002128 
-0.011869 0.001512 -0.010571 -0.005605 
-0.011108 0.006299 -0.012555 -0.002333 
-0.009771 -0.002064 -0.008033 -0.005932 
0.021217 0.016553 -0.021775 -0.015812 
0.022285 -0.010968 -0.014404 0.020234 
-0.017493 0.002391 -0.006370 -0.016467 
-0.009561 0.005043 -0.010808 -0.000173 
0.021067 -0.014202 -0.014466 0.020887 
0.015023 -0.007775 0.012376 0.011531 
0.003480 0.005482 0.002437 0.006018 
0.015858 -0.005401 0.010727 0.012868 
0.001310 -0.006254 0.002379 -0.005930 
-0.004744 0.009714 -0.008830 0.006238 
0.004830 -0.005511 0.005961 -0.004262 
-0.010398 -0.008394 -0.001673 -0.013258 
-0.007294 0.003983 -0.008139 0.001679 
0.012882 -0.012163 0.014721 0.009858 
-0.006454 -0.019963 0.020980 0.000106 
-0.007776 0.002154 -0.008068 -0.000074 
0.003334 0.025485 -0.010884 -0.023284 
0.011521 0.007354 0.002731 0.013393 
0.017205 -0.005403 0.008324 0.015997 
0.012078 -0.002263 0.010996 0.005484 
0.008921 -0.022879 0.004457 0.024149 
0.002592 -0.008800 0.005533 -0.007317 
0.006526 -0.006180 0.008237 -0.003596 
-0.017596 0.010002 -0.006559 -0.019148 
-0.004456 0.006096 -0.005800 0.004836 
-0.014432 -0.002444 -0.006808 -0.012958 
-0.014951 0.006346 -0.012098 -0.010837 
-0.005241 -0.009681 0.000262 -0.011006 
0.004832 0.001202 0.004677 0.001708 
0.004143 0.013164 -0.006763 0.012029 
0.016758 -0.006657 0.009485 0.015335 
0.002452 -0.011010 0.007812 -0.008137 
-0.003958 -0.014196 0.009035 -0.011643 
-0.015303 0.010435 -0.011893 -0.014200 
0.019694 0.010323 -0.019099 0.011386 
-0.018678 -0.029736 -0.035110 -0.000609 
-0.007644 -0.007748 -0.002907 -0.010489 
0.000450 0.001703 0.000427 0.001709 
0.008007 0.007318 0.003469 0.010277 
0.002314 0.000450 0.002302 0.000505 
-0.005883 -0.013784 0.007964 -0.012696 
-0.015050 0.011481 -0.011979 -0.014656 
-0.006349 0.008444 -0.009525 0.004569 
0.013727 0.011932 -0.009723 0.015371 
-0.016991 -0.019213 0.022161 0.012912 
-0.021244 0.004295 0.005260 -0.021026 
-0.025323 0.004491 0.022822 -0.011858 
-0.022176 -0.008072 0.021709 -0.009255 
-0.011521 -0.017306 0.019840 -0.006215 
0.006397 0.005382 0.004522 0.007031 
-0.018820 -0.001426 0.000628 -0.018864 
-0.019320 0.006469 -0.002294 -0.020245 
0.008910 -0.005018 0.010204 -0.000657 
0.012124 0.006393 0.003781 0.013174 
0.003563 -0.000464 0.003584 -0.000266 
0.003255 -0.009092 0.006540 -0.007106 
0.001386 0.000055 0.001385 0.000067 
-0.010797 -0.012846 0.008182 -0.014651 
0.000069 0.012111 -0.007073 0.009831 
0.020062 -0.005898 -0.000407 0.020908 
-0.003953 0.004223 -0.004517 0.003614 
0.009026 0.019723 -0.021687 -0.000404 
0.026763 -0.005069 -0.026951 0.003947 
0.005731 0.008007 0.002007 0.009640 
0.004418 0.007837 0.001488 0.008873 
0.007295 -0.013426 0.015241 -0.001088 
-0.019400 -0.008223 0.014129 -0.015631 
-0.018570 0.008656 -0.004190 -0.020055 
-0.004110 0.002452 -0.004331 0.002037 
-0.002122 0.011719 -0.008441 0.008402 
0.025546 -0.001612 -0.023640 0.009815 
0.006418 -0.009277 0.010302 -0.004596 
-0.013337 -0.013711 0.013697 -0.013351 
-0.004202 0.004389 -0.004842 0.003671 
0.005152 0.002199 0.004810 0.002870 
0.017877 -0.008934 0.006298 0.018967 
-0.020538 -0.013753 0.024657 0.001722 
0.006813 0.000181 0.006642 0.001526 
0.004157 -0.008399 0.006956 -0.006280 
-0.004617 -0.015474 0.011904 -0.010912 
-0.005013 0.003225 -0.005444 0.002427 
-0.015856 0.003800 -0.010066 -0.012828 
0.015389 -0.007663 0.011903 0.012405 
-0.009135 -0.021197 0.021995 0.007000 
0.003332 0.006729 0.001622 0.007331 
-0.002403 0.000383 -0.002412 0.000322 
0.007207 0.004889 0.005266 0.006937 
0.007045 0.002517 0.006244 0.004121 
-0.016099 -0.020540 0.020186 0.016540 
-0.009269 0.020541 -0.011564 -0.019341 
-0.009487 0.010357 -0.014043 -0.000242 
-0.007924 0.017537 -0.017390 -0.008242 
-0.008428 0.001354 -0.008436 -0.001304 
-0.000314 -0.009593 0.003404 -0.008974 
-0.001229 -0.018712 0.018599 -0.002388 
-0.009328 -0.018021 0.019493 -0.005640 
0.006879 -0.011513 0.012959 -0.003455 
0.000777 0.003300 0.000614 0.003334 
0.006533 0.005412 0.004579 0.007141 
0.013644 0.000463 0.009177 0.010107 
0.002993 -0.005109 0.003725 -0.004603 
0.019358 -0.003885 0.001899 0.019652 
0.021386 0.004784 -0.014280 0.016622 
0.014027 0.015825 -0.019658 0.007793 
0.001843 -0.005468 0.002603 -0.005150 
-0.020268 -0.003395 0.008139 -0.018870 
0.001869 0.010830 -0.003741 0.010334 
0.016452 -0.000539 0.007027 0.014885 
-0.012052 -0.018082 0.021540 -0.002874 
-0.016184 0.022974 0.021306 -0.018325 
-0.001446 0.015929 -0.014837 0.005972 
0.016847 -0.001051 0.006738 0.015476 
-0.019046 -0.018419 0.021268 0.015801 
-0.019478 0.015345 0.009653 -0.022840 
0.005067 0.005420 0.003658 0.006455 
-0.008605 -0.015800 0.013983 -0.011322 
-0.003565 -0.002882 -0.003291 -0.003192 
-0.013421 0.009153 -0.013986 -0.008263 
0.006801 0.021050 -0.021606 -0.004746 
0.001377 0.013709 -0.009026 0.010409 
0.009152 -0.022233 0.006435 0.023166 
0.001227 -0.016685 0.016000 -0.004888 
0.020168 -0.004793 -0.000821 0.020713 
0.005276 -0.002210 0.005533 -0.001451 
-0.026354 -0.005086 0.026578 0.003743 
-0.025865 -0.006263 0.026372 0.003574 
-0.017005 -0.008742 0.008703 -0.017025 
-0.021503 -0.006406 0.017274 -0.014319 
0.003180 0.006386 0.001721 0.006923 
-0.004073 -0.003888 -0.003508 -0.004404 
0.008968 0.000139 0.008392 0.003165 
0.014094 0.002002 0.007564 0.012060 
0.004817 -0.014391 0.014667 -0.003896 
-0.001418 -0.002488 -0.001329 -0.002536 
-0.014904 0.003802 -0.011093 -0.010655 
0.003759 0.003447 0.003352 0.003844 
0.010768 -0.006998 0.012732 0.001681 
0.016057 -0.003413 0.009593 0.013321 
0.005887 -0.001239 0.006008 -0.000313 
0.011963 0.003557 0.007185 0.010205 
-0.002939 -0.012357 0.005624 -0.011389 
-0.011296 0.006972 -0.013002 -0.002677 
0.002785 0.001288 0.002730 0.001399 
-0.000777 -0.014032 0.010003 -0.009871 
0.003918 0.000941 0.003843 0.001212 
0.011609 -0.011304 0.015196 0.005622 
-0.004091 -0.027886 -0.003404 0.027979 
0.010719 -0.021527 0.004739 0.023576 
-0.001556 -0.026044 0.007228 0.025069 
0.006575 -0.017003 0.017774 0.004051 
0.014571 -0.006870 0.012598 0.010039 
0.013164 -0.006184 0.012978 0.006566 
0.009619 0.006351 0.004671 0.010538 
0.005476 -0.000661 0.005515 0.000057 
0.003331 -0.002511 0.003509 -0.002256 
0.005079 -0.003358 0.005547 -0.002511 
0.003175 0.003607 0.002802 0.003903 
-0.013475 -0.006061 -0.003101 -0.014446 
-0.005584 0.002684 -0.005949 0.001732 
0.001195 0.006017 0.000212 0.006131 
0.009863 -0.000702 0.009294 0.003376 
-0.001156 0.010133 -0.005417 0.008642 
0.002625 -0.001140 0.002663 -0.001047 
0.001844 -0.001690 0.001888 -0.001640 
-0.009281 0.000778 -0.008928 -0.002650 
0.016000 -0.012263 0.009329 0.017871 
-0.008215 -0.018195 0.019159 -0.005612 
0.006175 -0.016305 0.017356 0.001662 
-0.014112 0.012536 -0.013119 -0.013571 
0.017399 0.011274 -0.015554 0.013708 
0.018715 -0.003596 0.003832 0.018668 
0.007915 0.007109 0.003682 0.009981 
0.002230 0.010302 -0.002746 0.010177 
0.013752 -0.005543 0.012562 0.007877 
-0.009957 -0.014728 0.012268 -0.012867 
0.003379 0.001316 0.003300 0.001505 
0.016219 -0.008315 0.010580 0.014841 
0.020992 -0.000668 -0.006005 0.020126 
-0.001789 -0.028478 -0.008129 0.027351 
-0.012153 -0.019505 0.022763 0.003161 
0.001631 -0.007190 0.003248 -0.006618 
-0.001044 0.002587 -0.001130 0.002550 
-0.004555 0.008098 -0.007177 0.005900 
0.002815 0.014120 -0.009194 0.011080 
0.001803 -0.007420 0.003585 -0.006743 
-0.014485 -0.012753 0.013144 -0.014132 
-0.004661 -0.014917 0.010597 -0.011487 
0.007676 -0.001087 0.007700 0.000906 
-0.004149 -0.007231 -0.001841 -0.008131 
-0.011975 0.014071 -0.015259 -0.010419 
-0.014687 -0.001509 -0.007504 -0.012715 
-0.021689 0.003719 0.007279 -0.020767 
0.008893 -0.002680 0.009260 0.000718 
-0.011708 -0.016384 0.018121 -0.008783 
-0.006089 0.012312 -0.013114 0.004086 
0.000787 0.005750 -0.000049 0.005804 
0.015848 -0.011072 0.010546 0.016203 
0.005340 -0.015430 0.016256 -0.001528 
0.005358 -0.022392 0.013609 0.018571 
-0.001894 0.004462 -0.002334 0.004249 
-0.010421 -0.000259 -0.009192 -0.004916 
0.012538 0.001869 0.008486 0.009417 
-0.000585 -0.024396 0.013992 0.019993 
-0.024867 -0.004582 0.024697 -0.005425 
0.007943 -0.008768 0.011508 -0.002745 
-0.003587 0.011925 -0.010183 0.007167 
-0.002994 -0.004918 -0.002267 -0.005293 
0.007393 -0.000174 0.007231 0.001549 
-0.001576 -0.007921 0.000674 -0.008048 
-0.004287 0.001056 -0.004360 0.000695 
0.006051 -0.012671 0.013497 -0.003871 
-0.009855 0.013843 -0.016299 -0.004808 
-0.008493 0.006094 -0.010330 0.001599 
-0.001364 0.001752 -0.001400 0.001722 
0.014137 -0.000073 0.009306 0.010642 
-0.013782 -0.012892 0.012291 -0.014320 
-0.005988 -0.002689 -0.005392 -0.003744 
-0.011874 -0.000912 -0.009221 -0.007536 
-0.009300 0.007240 -0.011761 0.000771 
0.003788 0.006148 0.002330 0.006835 
0.003539 -0.009617 0.007374 -0.007116 
0.000831 -0.007791 0.002830 -0.007306 
-0.017782 -0.007121 0.007184 -0.017757 
-0.003169 0.005092 -0.003914 0.004544 
-0.013095 -0.009465 0.002816 -0.015910 
-0.003757 -0.005037 -0.002854 -0.005598 
-0.004123 -0.002133 -0.003908 -0.002505 
0.001854 -0.001049 0.001874 -0.001012 
0.002672 -0.024109 0.011773 0.021208 
-0.012335 0.023127 0.007643 -0.025071 
0.002552 -0.011725 0.008872 -0.008080 
0.005733 0.000593 0.005590 0.001402 
0.010700 0.000712 0.009087 0.005694 
-0.018260 -0.015734 0.024057 0.001502 
-0.020591 0.016885 0.018818 -0.018841 
-0.013146 -0.006598 -0.002595 -0.014478 
-0.002431 -0.002433 -0.002304 -0.002553 
-0.016286 0.014545 -0.005489 -0.021134 
0.009644 0.006962 0.003950 0.011220 
0.008938 -0.015676 0.016985 0.006095 
-0.013685 -0.009812 0.004456 -0.016239 
-0.014990 0.012934 -0.011193 -0.016331 
-0.006367 -0.006289 -0.003876 -0.008066 
-0.000711 0.001299 -0.000723 0.001292 
-0.004526 -0.011607 0.003611 -0.011923 
-0.018925 0.003281 -0.003053 -0.018963 
0.003128 -0.014697 0.013885 -0.005745 
-0.013797 -0.013709 0.014412 -0.013062 
-0.024319 0.006915 0.019722 -0.015819 
0.004437 -0.003745 0.004930 -0.003066 
0.002784 0.015992 -0.013280 0.009334 
-0.007887 0.007916 -0.010823 0.002780 
0.003548 -0.003745 0.003952 -0.003316 
0.008408 0.008642 0.001776 0.011926 
-0.004248 0.009581 -0.008135 0.006608 
0.004872 0.006152 0.003096 0.007211 
-0.005911 0.002913 -0.006348 0.001767 
0.021010 -0.014283 -0.014371 0.020950 
-0.008451 -0.022449 0.020601 0.012286 
0.013520 -0.010579 0.014164 0.009699 
-0.002160 -0.025545 0.010129 0.023550 
0.006421 -0.017076 0.017816 0.003926 
0.015642 -0.005103 0.010906 0.012320 
0.012224 -0.001696 0.010737 0.006085 
0.011072 -0.008088 0.013500 0.002398 
0.000333 -0.013313 0.009422 -0.009412 
0.005267 -0.010275 0.009990 -0.005789 
0.002304 -0.003545 0.002569 -0.003358 
0.009014 -0.017233 0.016742 0.009896 
-0.013690 0.014913 -0.012098 -0.016232 
-0.010134 0.002704 -0.010255 -0.002200 
-0.003812 -0.017772 0.016982 -0.006480 
-0.014343 -0.013047 0.013641 -0.013780 
-0.011159 0.009846 -0.014500 -0.003354 
-0.006650 0.010386 -0.011590 0.004214 
0.000999 0.019239 -0.019257 0.000582 
-0.012705 -0.005884 -0.004084 -0.013392 
-0.009275 -0.008818 -0.001379 -0.012723 
-0.005645 -0.005388 -0.004062 -0.006663 
0.000072 0.027185 0.000726 -0.027176 
0.023359 0.007301 -0.023594 0.006501 
0.009120 0.011208 -0.003052 0.014124 
-0.003916 0.012369 -0.011115 0.006693 
-0.006984 -0.010976 0.002067 -0.012845 
-0.007011 0.022022 -0.011915 -0.019804 
-0.018929 0.013760 0.003504 -0.023138 
0.001619 -0.007447 0.003406 -0.006818 
0.001404 0.008517 -0.001344 0.008527 
0.009613 0.011309 -0.003539 0.014415 
-0.011176 -0.005181 -0.005750 -0.010894 
0.002086 -0.001870 0.002148 -0.001799 
-0.006507 -0.020855 0.021515 0.003795 
0.003137 0.003523 0.002787 0.003805 
0.003969 -0.006351 0.005368 -0.005222 
-0.009189 -0.005745 -0.005273 -0.009468 
-0.006127 0.002539 -0.006494 0.001345 
0.004816 -0.002747 0.005135 -0.002090 
-0.011815 0.003282 -0.011414 -0.004482 
-0.016965 0.009690 -0.008534 -0.017575 
0.007989 0.023330 -0.018728 -0.016043 
-0.004528 -0.001502 -0.004360 -0.001936 
0.010801 -0.005674 0.012054 0.001883 
0.007654 0.003555 0.006230 0.005694 
0.012742 0.000850 0.009201 0.008857 
-0.005654 -0.019625 0.020385 -0.001259 
-0.000547 -0.000646 -0.000545 -0.000648 
-0.000941 0.007123 -0.002483 0.006742 
-0.004087 0.011089 -0.009630 0.006851 
0.004899 0.000415 0.004830 0.000920 
-0.013570 0.004377 -0.012078 -0.007578 
0.000975 0.007277 -0.000719 0.007306 
0.006099 -0.015610 0.016758 0.000112 
-0.021791 0.006352 0.007910 -0.021275 
-0.006587 -0.000281 -0.006420 -0.001497 
-0.000623 -0.010340 0.004037 -0.009540 
0.010261 -0.000882 0.009605 0.003718 
0.001505 -0.012439 0.008935 -0.008783 
-0.011041 -0.004033 -0.006903 -0.009514 
-0.002910 0.013073 -0.011187 0.007364 
0.012691 0.004659 0.005694 0.012261 
0.007438 -0.010000 0.012028 -0.003262 
0.014270 -0.006421 0.012665 0.009190 
-0.000910 0.003266 -0.001070 0.003217 
-0.002039 -0.005002 -0.001399 -0.005218 
-0.009400 -0.010580 0.001877 -0.014028 
0.000352 -0.008522 0.002952 -0.008002 
0.000257 0.008114 -0.002018 0.007864 
0.008422 -0.008308 0.011643 -0.002096 
0.017969 -0.007240 0.006527 0.018240 
-0.029830 0.004447 0.024667 0.017354 
-0.008543 -0.006055 -0.004870 -0.009270 
-0.010958 -0.002845 -0.007855 -0.008152 
-0.006084 -0.002028 -0.005634 -0.003065 
-0.002520 -0.005730 -0.001526 -0.006071 
-0.015503 0.006380 -0.011493 -0.012205 
0.006376 0.018969 -0.019700 0.003521 
0.007586 0.014413 -0.009905 0.012929 
-0.006935 0.000099 -0.006808 -0.001324 
0.003056 -0.006596 0.004460 -0.005740 
0.008574 0.002208 0.007365 0.004914 
0.000821 -0.005741 0.001638 -0.005563 
0.006487 0.006652 0.003640 0.008549 
0.001806 -0.002698 0.001926 -0.002614 
-0.007252 0.007576 -0.009903 0.003451 
0.013276 -0.012735 0.014218 0.011673 
-0.027650 -0.002525 0.026853 0.007057 
-0.020421 0.003283 0.002175 -0.020569 
0.017593 -0.003519 0.006773 0.016614 
0.009514 -0.004211 0.010392 0.000496 
0.000874 0.005458 0.000153 0.005525 
0.016116 0.013322 -0.017546 0.011372 
-0.003494 0.001585 -0.003587 0.001361 
-0.002900 0.004087 -0.003322 0.003752 
0.009238 -0.003056 0.009694 0.000842 
-0.005006 0.016853 -0.017564 -0.000775 
-0.011959 -0.030376 -0.028413 0.016077 
0.010768 -0.008323 0.013483 0.001854 
0.012080 0.011502 -0.006246 0.015466 
0.003687 0.008667 0.000203 0.009417 
-0.014472 0.003648 -0.011331 -0.009714 
0.030958 -0.005035 -0.019050 -0.024917 
0.017472 -0.014711 0.000739 0.022828 
0.009929 -0.012859 0.015858 0.003533 
-0.013373 0.015304 -0.012319 -0.016165 
-0.011137 0.001612 -0.010366 -0.004377 
-0.021063 0.003928 0.004562 -0.020935 
0.012035 0.030364 0.028467 -0.016015 
-0.013223 0.008242 -0.013790 -0.007255 
-0.013700 -0.001396 -0.008396 -0.010915 
-0.013831 0.004471 -0.012047 -0.008133 
-0.018986 0.008432 -0.002838 -0.020580 
-0.006962 -0.002332 -0.006242 -0.003865 
0.005425 0.001394 0.005189 0.002109 
0.003624 -0.006717 0.005173 -0.005612 
-0.017743 -0.000451 -0.003417 -0.017417 
-0.017812 0.008963 -0.006481 -0.018858 
-0.014464 0.010459 -0.013171 -0.012046 
-0.011027 0.001833 -0.010416 -0.004057 
-0.004458 -0.003004 -0.004052 -0.003532 
-0.008211 0.014342 -0.016405 -0.001994 
0.016467 0.004125 0.001506 0.016909 
0.019362 0.003400 -0.005075 0.018992 
0.007302 -0.024337 0.002035 0.025327 
0.015647 -0.010410 0.011261 0.015046 
0.008924 -0.013536 0.016055 0.002261 
0.002587 -0.009819 0.006542 -0.007766 
-0.007106 0.006695 -0.009182 0.003317 
0.002916 0.006286 0.001568 0.006750 
0.013809 0.015975 -0.019683 0.007646 
-0.016193 0.003804 -0.009589 -0.013592 
0.002025 -0.007678 0.004003 -0.006857 
0.013004 -0.003243 0.011589 0.006733 
-0.000181 0.009128 -0.003365 0.008487 
0.024483 -0.014603 -0.027981 0.005455 
-0.003490 0.004172 -0.003990 0.003697 
0.001913 -0.010017 0.006049 -0.008210 
0.014531 0.016044 -0.020702 0.006323 
-0.006892 -0.008101 -0.002317 -0.010380 
-0.012585 -0.008215 -0.000352 -0.015025 
0.010904 -0.009517 0.014236 0.002607 
-0.024787 -0.009933 0.025519 0.007863 
0.006357 -0.016071 0.017217 0.001509 
-0.012847 -0.007842 -0.000763 -0.015032 
-0.019372 0.006919 -0.002019 -0.020471 
0.009481 -0.000866 0.009101 0.002793 
0.005345 -0.004512 0.006167 -0.003299 
-0.008979 0.005115 -0.010315 0.000616 
0.009249 -0.006154 0.011091 -0.000639 
-0.005229 -0.020836 0.021196 0.003495 
-0.027926 0.008937 0.028499 0.006896 
0.000168 0.001779 0.000144 0.001781 
0.011443 0.012490 -0.007963 0.014951 
0.003387 0.003552 0.003002 0.003882 
-0.001061 0.010912 -0.006304 0.008969 
0.008839 -0.010808 0.013946 -0.000681 
-0.001241 -0.014382 0.010436 -0.009974 
-0.013150 0.013907 -0.013895 -0.013162 
0.004735 -0.008508 0.007715 -0.005940 
0.010292 -0.011612 0.015245 0.002891 
-0.008146 -0.021510 0.021707 0.007604 
-0.019308 0.007964 -0.001883 -0.020801 
0.014668 -0.001427 0.009893 0.010924 
0.021012 -0.007826 -0.005105 0.021833 
-0.006589 0.007484 -0.009095 0.004087 
-0.006545 -0.000225 -0.006393 -0.001419 
0.013641 -0.014148 0.012918 0.014812 
0.005989 -0.014194 0.015225 -0.002352 
-0.002069 -0.021247 0.020472 0.006053 
-0.014276 0.022608 0.012562 -0.023603 
-0.004623 0.013807 -0.013736 0.004829 
-0.004758 -0.002122 -0.004479 -0.002661 
-0.012551 -0.017833 0.021582 -0.003123 
-0.000717 0.007887 -0.002788 0.007412 
0.005911 0.016219 -0.013828 0.010333 
-0.003354 0.011502 -0.009383 0.007451 
0.009726 0.003074 0.007446 0.006971 
-0.000195 0.009673 -0.003960 0.008827 
0.011961 0.008343 0.000719 0.014566 
-0.003978 -0.003800 -0.003453 -0.004283 
-0.003013 -0.002092 -0.002887 -0.002263 
-0.004643 0.004036 -0.005234 0.003233 
0.002456 -0.008601 0.005208 -0.007273 
-0.005977 0.004466 -0.006863 0.002925 
0.010805 -0.022602 0.000073 0.025052 
-0.014270 -0.015513 0.019346 -0.008368 
0.009698 -0.009893 0.013848 0.000390 
0.007636 -0.018519 0.017161 0.010332 
-0.013405 0.010647 -0.014262 -0.009468 
-0.012266 0.007096 -0.013373 -0.004688 
0.002590 -0.012017 0.009321 -0.008014 
-0.002687 -0.011124 0.003653 -0.010845 
-0.014020 0.010398 -0.013691 -0.010828 
0.009265 0.020403 -0.022131 -0.003510 
0.003304 0.023964 -0.016802 -0.017403 
-0.007589 0.018458 -0.017238 -0.010058 
-0.019868 0.010197 0.002112 -0.022232 
0.007297 -0.009816 0.011721 -0.003494 
0.027196 0.006066 -0.025565 -0.011082 
0.023305 0.007332 -0.023507 0.006656 
-0.009753 0.006988 -0.011998 0.000049 
0.005458 -0.004268 0.006215 -0.003062 
0.006296 0.009268 0.000651 0.011185 
0.002455 0.002262 0.002344 0.002377 
-0.007421 0.002063 -0.007701 0.000128 
0.003364 -0.007800 0.005580 -0.006404 
-0.011048 -0.004855 -0.006120 -0.010400 
-0.007958 0.000994 -0.007928 -0.001212 
-0.008388 0.009984 -0.012908 0.001852 
-0.009408 -0.001712 -0.008038 -0.005179 
-0.009288 -0.003299 -0.007157 -0.006777 
0.001003 0.024323 -0.014542 -0.019523 
0.005783 0.018963 -0.019504 0.003557 
-0.013974 0.006245 -0.012762 -0.008451 
-0.004776 -0.009084 -0.000330 -0.010258 
-0.015053 0.001285 -0.009460 -0.011780 
0.016192 -0.005513 0.010265 0.013683 
-0.015691 0.011731 -0.010505 -0.016537 
0.010461 0.003442 0.007365 0.008187 
0.005366 -0.014922 0.015687 -0.002318 
0.006948 0.003262 0.005911 0.004896 
0.019000 -0.002139 0.002184 0.018994 
0.018286 -0.008294 0.005293 0.019369 
0.010093 0.005925 0.005115 0.010526 
0.002345 0.004411 0.001860 0.004636 
0.017195 0.000836 0.004270 0.016677 
0.004714 -0.027418 -0.009527 0.026139 
-0.001039 0.009839 -0.004961 0.008560 
0.014756 0.014320 -0.017452 0.010873 
-0.008401 -0.000765 -0.007782 -0.003255 
-0.006584 -0.014203 0.009062 -0.012765 
-0.013035 0.015560 -0.012707 -0.015829 
-0.008267 -0.016585 0.015701 -0.009842 
0.012188 -0.002857 0.011315 0.005357 
0.010143 -0.008418 0.013163 0.000695 
0.009432 -0.005039 0.010694 0.000000 
-0.017934 0.000484 -0.003860 -0.017520 
-0.000501 -0.002210 -0.000452 -0.002220 
-0.003467 -0.008875 0.000163 -0.009527 
0.011872 0.009221 -0.000889 0.015006 
-0.020293 -0.021665 0.003364 0.029494 
-0.016256 -0.002916 -0.003652 -0.016107 
-0.012473 -0.011443 0.006606 -0.015585 
-0.008219 0.026983 0.015170 -0.023781 
-0.012695 0.014594 -0.014147 -0.013191 
0.000269 0.001343 0.000258 0.001345 
-0.004798 -0.001403 -0.004620 -0.001908 
0.007316 0.003867 0.005883 0.005821 
0.003173 -0.002038 0.003292 -0.001840 
-0.005318 0.008539 -0.008417 0.005509 
-0.009239 0.002386 -0.009452 -0.001312 
0.017092 0.013394 -0.019518 0.009518 
-0.012891 -0.028360 -0.017480 0.025787 
0.012451 -0.001641 0.010735 0.006517 
-0.000600 0.012381 -0.008058 0.009419 
0.003106 0.004518 0.002499 0.004880 
-0.006755 0.009596 -0.010956 0.004206 
-0.013353 0.013539 -0.013794 -0.013089 
0.002085 0.011127 -0.004036 0.010576 
-0.003709 -0.000256 -0.003687 -0.000476 
0.007288 0.000631 0.006953 0.002273 
0.017975 -0.006371 0.006557 0.017908 
0.020920 -0.003022 -0.004254 0.020705 
-0.011624 0.011944 -0.015397 -0.006380 
0.003036 -0.006638 0.004461 -0.005777 
-0.025160 -0.001089 0.023413 -0.009276 
-0.013862 -0.008752 0.002375 -0.016220 
-0.013637 -0.004429 -0.005249 -0.013343 
-0.000209 0.001223 -0.000217 0.001222 
0.008174 -0.006166 0.010042 -0.001999 
-0.007679 -0.005500 -0.005069 -0.007970 
-0.005082 0.011139 -0.010747 0.005865 
-0.001204 0.004388 -0.001589 0.004264 
0.011719 0.000791 0.009284 0.007195 
-0.000333 0.000429 -0.000333 0.000428 
0.002497 0.000270 0.002489 0.000338 
-0.007191 -0.002132 -0.006473 -0.003789 
-0.003639 -0.010152 0.001662 -0.010655 
0.004023 0.026900 -0.003148 -0.027016 
-0.013197 0.004428 -0.012165 -0.006766 
0.003102 -0.011427 0.009025 -0.007666 
-0.013509 -0.015149 0.017497 -0.010287 
0.008146 0.006534 0.004323 0.009506 
0.001834 0.006760 0.000381 0.006994 
0.009719 -0.004183 0.010552 0.000781 
-0.000468 -0.010413 0.004262 -0.009512 
-0.020880 0.007911 0.004568 -0.021856 
0.005402 -0.009943 0.009799 -0.005659 
0.004713 -0.019832 0.018396 0.008780 
-0.006142 0.002772 -0.006563 0.001531 
-0.003830 0.016414 -0.016728 0.002064 
0.012343 -0.015713 0.013805 0.014445 
-0.030064 0.015555 0.009152 0.032589 
-0.007789 0.011727 -0.013952 0.001882 
-0.016647 0.005847 -0.009564 -0.014828 
-0.004502 -0.014729 0.010168 -0.011568 
-0.004083 -0.021198 0.020977 0.005099 
-0.021432 -0.009111 0.021334 -0.009339 
-0.028200 0.002422 0.027683 0.005896 
-0.009503 -0.005233 -0.005785 -0.009177 
-0.004817 -0.008255 -0.001299 -0.009469 
-0.007327 -0.010507 0.001217 -0.012752 
0.010322 -0.011614 0.015253 0.002958 
-0.007612 0.010531 -0.012679 0.002842 
0.019595 -0.019236 -0.021303 0.017325 
0.006863 -0.012046 0.013504 -0.003137 
0.000420 0.002206 0.000373 0.002215 
0.007717 -0.003415 0.008387 -0.000935 
-0.008988 0.001635 -0.008991 -0.001619 
0.004854 0.005885 0.003249 0.006902 
0.002583 0.000138 0.002578 0.000213 
0.006536 -0.008093 0.009468 -0.004309 
0.003665 0.000318 0.003640 0.000530 
-0.007547 -0.002021 -0.006766 -0.003905 
-0.008387 0.000660 -0.008200 -0.001878 
0.008882 0.012754 -0.006453 0.014140 
0.005508 -0.019004 0.018293 0.007542 
-0.025736 0.006696 0.024869 -0.009419 
-0.001460 -0.016173 0.014016 -0.008201 
0.007679 0.006109 0.004580 0.008678 
0.016032 -0.005165 0.010396 0.013253 
0.004717 -0.023202 0.012088 0.020358 
0.005784 0.005198 0.004257 0.006508 
-0.006598 -0.002643 -0.005875 -0.004000 
0.006093 0.004037 0.005016 0.005316 
0.001571 -0.018582 0.018648 0.000103 
-0.011601 -0.008072 -0.001494 -0.014053 
-0.015415 0.010505 -0.011672 -0.014552 
-0.020511 0.007514 0.002730 -0.021673 
-0.023765 -0.007560 0.024599 -0.004101 
-0.021473 -0.009610 0.022128 -0.007986 
0.007781 -0.021551 0.011833 0.019620 
-0.001879 0.009843 -0.005818 0.008159 
-0.001642 -0.000396 -0.001637 -0.000416 
0.016441 -0.007681 0.010170 0.015030 
-0.018928 -0.013857 0.023200 -0.003474 
0.016768 0.006370 -0.003083 0.017670 
0.018918 -0.013776 -0.003486 0.023141 
0.011463 -0.009808 0.014545 0.004006 
0.008631 -0.002147 0.008854 0.000849 
-0.006089 -0.001350 -0.005780 -0.002342 
-0.006535 0.018066 -0.017981 -0.006765 
-0.006196 0.003427 -0.006785 0.002026 
0.000279 -0.001260 0.000288 -0.001258 
0.001678 0.005370 0.000935 0.005548 
-0.001209 -0.003726 -0.000961 -0.003797 
0.000263 0.004802 -0.000214 0.004805 
-0.001202 -0.016241 0.014239 -0.007904 
0.000999 -0.015108 0.013131 -0.007538 
-0.013169 -0.013905 0.013941 -0.013130 
-0.014482 0.008173 -0.013007 -0.010362 
-0.001257 0.003009 -0.001393 0.002949 
0.013750 -0.008668 0.013675 0.008785 
-0.001832 -0.004417 -0.001391 -0.004575 
-0.002884 -0.005438 -0.001966 -0.005833 
0.006602 -0.007056 0.008832 -0.003922 
-0.010481 -0.005034 -0.006008 -0.009955 
-0.004486 0.018597 -0.018599 -0.004474 
0.014635 -0.015327 0.009263 0.019060 
-0.016545 -0.018240 0.023566 0.007146 
0.009295 -0.004129 0.010167 0.000262 
-0.003585 0.005873 -0.004696 0.005029 
-0.013849 0.007941 -0.013416 -0.008652 
-0.007843 0.017025 -0.017487 -0.006751 
-0.003218 -0.005861 -0.002042 -0.006367 
-0.019223 0.000274 0.000013 -0.019225 
-0.001408 -0.002205 -0.001342 -0.002246 
0.012876 -0.000529 0.010089 0.008017 
-0.006232 -0.007545 -0.002700 -0.009406 
0.007114 0.022006 -0.021197 -0.009250 
0.003449 0.011034 -0.003089 0.011141 
0.011110 0.012582 -0.007833 0.014846 
0.018236 -0.005863 0.005799 0.018256 
0.013674 -0.001629 0.010577 0.008818 
0.018530 0.001459 0.000183 0.018587 
0.018534 0.001202 0.000485 0.018566 
0.005408 0.009188 0.000473 0.010651 
-0.004793 0.010029 -0.009206 0.006229 
-0.000235 0.005679 -0.001017 0.005592 
-0.006537 0.015586 -0.016879 -0.000879 
0.001971 0.002175 0.001889 0.002246 
0.001534 0.014058 -0.009632 0.010354 
0.023639 0.000569 -0.017800 0.015566 
-0.004165 0.000173 -0.004166 -0.000138 
0.007777 -0.003498 0.008476 -0.000942 
-0.014673 -0.009192 0.004703 -0.016663 
0.009679 -0.000116 0.008953 0.003680 
0.013481 -0.000526 0.009945 0.009116 
0.021643 -0.008107 -0.008197 0.021609 
-0.005923 0.001422 -0.006074 0.000464 
-0.010757 -0.008013 -0.002119 -0.013245 
-0.018100 -0.004930 0.003820 -0.018367 
-0.000597 0.023977 -0.014487 -0.019115 
0.026044 0.006350 -0.026370 -0.004820 
-0.005844 0.008709 -0.009165 0.005100 
-0.007456 0.005729 -0.009048 0.002561 
0.000308 0.009227 -0.003012 0.008727 
0.009368 0.009751 -0.000258 0.013519 
-0.002841 -0.023389 0.018171 0.014997 
0.003619 0.009976 -0.001430 0.010515 
0.028097 -0.009051 -0.028325 -0.008308 
0.020005 0.005958 -0.011578 0.017367 
-0.014324 0.003409 -0.011295 -0.009446 
-0.018410 0.011539 -0.002283 -0.021607 
-0.004649 0.008027 -0.007232 0.005808 
0.010667 0.012106 -0.006205 0.014895 
-0.009403 0.013116 -0.015909 -0.002707 
-0.006211 0.002529 -0.006581 0.001291 
-0.003751 0.009613 -0.007607 0.006973 
-0.007163 0.004321 -0.008121 0.002009 
0.001626 0.024149 -0.015507 -0.018583 
0.005275 0.014545 -0.009719 0.012039 
0.003279 0.013807 -0.008371 0.011459 
-0.002165 -0.006316 -0.000925 -0.006612 
-0.012977 0.012346 -0.014619 -0.010350 
-0.010381 0.010302 -0.014490 -0.001986 
-0.001364 -0.014241 0.010089 -0.010143 
-0.013601 0.003533 -0.011652 -0.007854 
0.025705 0.006631 -0.026307 -0.003556 
-0.009135 0.025096 0.007069 -0.025755 
-0.009241 0.020033 -0.012840 -0.017940 
0.004920 0.024241 -0.016250 -0.018649 
-0.008333 0.005613 -0.009920 0.001597 
0.007213 0.006391 0.004168 0.008689 
-0.007875 0.003374 -0.008533 0.000769 
-0.014759 0.002260 -0.010353 -0.010759 
-0.024648 -0.003177 0.023229 -0.008835 
-0.022150 -0.007643 0.021063 -0.010267 
-0.009420 -0.018055 0.019615 -0.005476 
0.010153 -0.008359 0.013133 0.000701 
-0.008049 -0.011151 0.002546 -0.013515 
-0.015893 0.013456 -0.008354 -0.019075 
0.000076 -0.012737 0.008226 -0.009725 
0.002882 0.006026 0.001683 0.006464 
0.001755 0.003282 0.001557 0.003380 
0.006819 0.013112 -0.006529 0.013259 
-0.009455 -0.009474 -0.000211 -0.013383 
0.001385 -0.003591 0.001610 -0.003495 
0.006135 -0.007730 0.008744 -0.004575 
0.002157 -0.004493 0.002623 -0.004238 
-0.003324 -0.007823 -0.000779 -0.008464 
0.001698 0.025126 -0.011807 -0.022244 
0.005990 -0.011942 0.012595 -0.004456 
-0.016438 -0.009960 0.010192 -0.016295 
-0.001259 -0.000403 -0.001256 -0.000412 
0.003341 -0.007884 0.005616 -0.006464 
-0.009529 0.025822 0.012274 -0.024636 
0.007533 0.021822 -0.021409 -0.008636 
-0.015378 0.005858 -0.011490 -0.011781 
0.001068 -0.007156 0.002635 -0.006738 
-0.005975 -0.005407 -0.004257 -0.006842 
0.002927 -0.004516 0.003464 -0.004118 
-0.001829 -0.016027 0.013598 -0.008678 
-0.004762 0.007607 -0.007057 0.005544 
0.012401 0.016289 -0.018664 0.008410 
0.000295 0.000118 0.000295 0.000118 
0.012481 -0.003273 0.011574 0.005703 
-0.013770 -0.013475 0.013773 -0.013472 
-0.002454 0.029408 0.018514 -0.022981 
-0.009369 0.007349 -0.011888 0.000676 
0.003574 -0.008223 0.006145 -0.006530 
0.005727 0.001167 0.005495 0.001991 
0.003751 -0.000592 0.003780 -0.000359 
0.000866 -0.007873 0.002928 -0.007359 
-0.000726 -0.025852 0.007640 0.024708 
-0.008396 0.021412 -0.010993 -0.020202 
0.010363 0.015752 -0.015266 0.011067 
0.003403 -0.006847 0.004997 -0.005788 
-0.005597 0.007917 -0.008255 0.005085 
0.002296 -0.008340 0.004811 -0.007190 
-0.025391 0.001732 0.023126 -0.010625 
-0.014414 0.016874 -0.007014 -0.021055 
0.001264 -0.004663 0.001724 -0.004514 
-0.004225 -0.017454 0.016364 -0.007397 
-0.001816 -0.012575 0.006633 -0.010837 
-0.024339 -0.007082 0.025218 -0.002570 
-0.002156 0.015811 -0.015029 0.005363 
0.022506 -0.002743 -0.011135 0.019749 
-0.015401 -0.027692 -0.019393 0.025059 
-0.002407 -0.022254 0.019945 0.010161 
0.008050 0.008650 0.001771 0.011683 
0.003541 0.003558 0.003137 0.003919 
0.008869 0.009765 -0.000123 0.013191 
-0.003437 -0.008173 -0.000539 -0.008850 
0.000059 0.002436 -0.000003 0.002437 
0.011987 -0.003740 0.011688 0.004588 
-0.007553 -0.001073 -0.007054 -0.002906 
-0.001140 -0.006397 0.000031 -0.006498 
-0.002209 -0.005076 -0.001524 -0.005322 
-0.013283 -0.006021 -0.003363 -0.014190 
0.018481 0.020663 -0.015051 -0.023281 
0.016885 -0.015887 0.000456 0.023179 
0.002832 -0.002981 0.003041 -0.002767 
0.005281 -0.009685 0.009408 -0.005761 
-0.018117 -0.011198 0.017061 -0.012749 
-0.014859 0.007668 -0.012536 -0.011065 
-0.008049 -0.002676 -0.006856 -0.004994 
-0.016618 0.011387 -0.008404 -0.018309 
0.030259 -0.007244 -0.022186 -0.021814 
0.021520 -0.004975 -0.006427 0.021132 
-0.006860 0.010080 -0.011514 0.004013 
-0.005073 0.021308 -0.016448 -0.014465 
-0.008359 0.001776 -0.008500 -0.000887 
-0.009247 -0.007336 -0.003515 -0.011268 
-0.004633 0.001929 -0.004814 0.001418 
0.002985 0.006782 0.001319 0.007291 
0.016602 -0.006224 0.009727 0.014824 
-0.010678 -0.010320 0.002126 -0.014697 
-0.010911 -0.008352 -0.001473 -0.013662 
-0.008068 0.007994 -0.011065 0.002559 
0.015854 -0.011038 0.010553 0.016181 
-0.005549 -0.022001 0.020978 0.008646 
-0.002045 0.006710 -0.003406 0.006132 
-0.004253 -0.007748 -0.001468 -0.008716 
-0.003507 0.029625 0.021287 -0.020900 
-0.000551 -0.009189 0.002752 -0.008784 
0.009495 0.002277 0.007806 0.005865 
-0.016311 0.003742 -0.009377 -0.013860 
-0.007571 0.009626 -0.011833 0.003158 
-0.005237 0.003333 -0.005714 0.002426 
-0.012483 -0.006611 -0.003188 -0.013761 
0.002370 0.005772 0.001378 0.006086 
0.013214 -0.009304 0.014127 0.007848 
-0.019804 -0.007225 0.013349 -0.016315 
-0.002186 0.017968 -0.018083 0.000797 
-0.007379 0.005177 -0.008703 0.002345 
-0.005174 0.017409 -0.018001 -0.002413 
0.013221 0.011887 -0.008800 0.015449 
-0.015892 -0.013491 0.017513 -0.011307 
0.007009 0.007981 0.002489 0.010326 
0.006181 0.017143 -0.016062 0.008608 
-0.010353 -0.002220 -0.008151 -0.006758 
-0.009423 -0.004845 -0.006106 -0.008659 
-0.003833 0.007749 -0.006080 0.006146 
-0.000472 0.012626 -0.008354 0.009479 
0.026118 0.002918 -0.026222 0.001759 
-0.004225 0.004844 -0.005013 0.004023 
0.006466 -0.009494 0.010549 -0.004545 
0.003331 -0.003005 0.003578 -0.002706 
-0.004029 -0.001277 -0.003920 -0.001582 
-0.003944 0.009225 -0.007443 0.006727 
0.018776 0.006432 -0.008620 0.017877 
0.002357 -0.028274 -0.010924 0.026184 
0.004203 0.011192 -0.003003 0.011571 
0.013727 0.013392 -0.013490 0.013631 
0.026163 -0.000470 -0.025526 0.005755 
0.013522 -0.017181 0.008992 0.019929 
-0.016853 -0.016031 0.023218 -0.001392 
-0.010006 -0.002048 -0.008134 -0.006177 
-0.003721 -0.006285 -0.002198 -0.006966 
-0.002209 -0.006153 -0.001050 -0.006453 
-0.008706 -0.000686 -0.008024 -0.003447 
-0.005669 0.007485 -0.008032 0.004863 
0.000704 -0.005982 0.001623 -0.005801 
0.000749 -0.001124 0.000757 -0.001118 
0.002168 -0.008720 0.005000 -0.007466 
-0.022704 0.006119 0.012053 -0.020190 
0.009618 -0.000752 0.009154 0.003046 
-0.000156 0.019025 -0.019025 0.000180 
0.028391 -0.012389 -0.026181 -0.016556 
0.024487 0.001819 -0.021772 0.011353 
0.009476 0.015335 -0.013432 0.012022 
0.012946 0.012517 -0.010004 0.014973 
0.017192 -0.017366 -0.004875 0.023945 
0.001200 -0.012561 0.008860 -0.008985 
-0.009732 0.004050 -0.010505 -0.000868 
0.019865 0.002916 -0.006021 0.019154 
-0.008134 0.014294 -0.016352 -0.001757 
0.007628 -0.000417 0.007493 0.001486 
0.015573 -0.007699 0.011651 0.012885 
0.008892 0.000334 0.008273 0.003278 
-0.015894 0.015841 -0.004326 -0.022019 
0.031617 -0.008185 -0.012396 -0.030215 
0.015812 -0.009662 0.011156 0.014795 
0.008223 -0.001825 0.008392 0.000724 
0.004055 0.007444 0.001605 0.008323 
0.017580 -0.010475 0.006269 0.019480 
0.001554 0.004137 0.001202 0.004253 
-0.016904 0.003926 -0.008425 -0.015172 
-0.004301 0.014125 -0.013920 0.004923 
0.002810 0.013391 -0.007685 0.011321 
0.016027 -0.009086 0.010857 0.014884 
0.004779 -0.005167 0.005761 -0.004043 
-0.007260 0.012933 -0.014732 0.001710 
-0.008407 -0.011294 0.002945 -0.013769 
-0.016638 0.016133 -0.000845 -0.023159 
-0.009746 0.002534 -0.009906 -0.001810 
0.020378 -0.001356 -0.003099 0.020186 
-0.008462 0.008951 -0.012155 0.001993 
0.016161 0.013752 -0.018575 0.010259 
-0.001165 0.001171 -0.001178 0.001158 
-0.001217 -0.011281 0.004884 -0.010242 
-0.001058 0.015618 -0.014083 0.006834 
0.014980 0.005083 0.002677 0.015590 
-0.004399 0.002816 -0.004698 0.002283 
-0.004355 -0.007961 -0.001332 -0.008977 
-0.008352 0.015272 -0.016950 -0.003962 
-0.000670 0.008939 -0.003652 0.008187 
-0.002796 0.003551 -0.003096 0.003293 
-0.005239 -0.000110 -0.005190 -0.000726 
0.010250 0.010132 -0.001439 0.014341 
0.006414 0.004603 0.004970 0.006134 
-0.008489 0.005156 -0.009858 0.001214 
0.024785 0.006882 -0.025710 0.000821 
0.010042 -0.013113 0.015990 0.004138 
-0.005678 0.004109 -0.006412 0.002830 
0.008260 0.017315 -0.017381 0.008118 
0.001370 0.009243 -0.002107 0.009104 
0.013089 0.001222 0.008827 0.009742 
-0.009692 -0.013726 0.009439 -0.013901 
-0.010259 -0.012874 0.007744 -0.014526 
-0.015708 0.014975 -0.006653 -0.020657 
0.000287 0.009732 -0.003587 0.009052 
-0.002670 -0.004371 -0.002162 -0.004644 
-0.010459 -0.000942 -0.008881 -0.005604 
-0.003232 -0.011788 0.004459 -0.011380 
-0.011638 -0.006592 -0.003797 -0.012826 
-0.004319 0.011470 -0.010344 0.006574 
-0.002653 0.000704 -0.002674 0.000618 
-0.011969 0.010450 -0.014840 -0.005678 
0.024665 -0.000871 -0.020866 0.013182 
0.019900 -0.012183 -0.004997 0.022792 
-0.001093 -0.001154 -0.001081 -0.001166 
-0.009854 -0.012608 0.006748 -0.014510 
-0.008728 0.001507 -0.008736 -0.001460 
0.000356 0.007057 -0.001153 0.006972 
0.012826 -0.000866 0.010299 0.007693 
-0.012200 -0.002502 -0.008052 -0.009500 
-0.006607 0.011098 -0.012268 0.004039 
-0.002698 0.017445 -0.017595 0.001419 
0.001728 -0.008100 0.004004 -0.007251 
-0.002890 -0.013367 0.007604 -0.011367 
0.002162 -0.023383 0.014829 0.018208 
0.007088 0.005177 0.005024 0.007198 
0.005653 -0.015525 0.016501 -0.000831 
-0.001700 0.011818 -0.008178 0.008699 
0.001209 -0.002991 0.001341 -0.002934 
-0.009635 -0.005541 -0.005512 -0.009651 
-0.014177 -0.004222 -0.004968 -0.013933 
0.003312 -0.003017 0.003559 -0.002721 
-0.018542 -0.006461 0.007985 -0.017939 
-0.005319 0.027041 0.008442 -0.026234 
-0.008575 0.017183 -0.017083 -0.008772 
0.000639 -0.001822 0.000668 -0.001811 
-0.003537 -0.013154 0.006926 -0.011729 
-0.016318 0.000439 -0.007165 -0.014668 
0.015702 -0.000332 0.007989 0.013522 
-0.007043 0.000558 -0.007001 -0.000952 
-0.009631 -0.001277 -0.008349 -0.004968 
0.007925 0.014879 -0.011242 0.012563 
0.010852 -0.019992 0.009361 0.020732 
-0.008869 -0.006065 -0.004920 -0.009552 
-0.013334 0.006073 -0.012902 -0.006943 
-0.017401 0.012403 -0.004889 -0.020802 
0.005481 -0.008899 0.008909 -0.005464 
-0.024437 -0.008602 0.025831 0.001983 
-0.023890 0.002806 0.017167 -0.016849 
0.006398 -0.005916 0.007955 -0.003557 
0.002950 0.005123 0.002152 0.005506 
-0.004900 -0.001045 -0.004759 -0.001566 
0.001692 -0.017675 0.017622 -0.002173 
-0.028410 0.011819 0.026604 0.015461 
-0.023245 0.007682 0.015421 -0.019014 
0.022427 -0.006562 -0.010940 0.020648 
0.001983 0.004737 0.001435 0.004931 
0.008107 0.000211 0.007728 0.002460 
0.002980 -0.003413 0.003269 -0.003138 
0.012788 -0.005473 0.012668 0.005746 
-0.012337 -0.013454 0.011584 -0.014107 
-0.012554 0.004092 -0.011986 -0.005540 
0.008084 -0.000271 0.007843 0.001979 
-0.001726 -0.021011 0.020405 0.005301 
0.008287 -0.008365 0.011551 -0.002284 
-0.005811 -0.025028 0.013151 0.022073 
-0.022707 0.006189 0.012095 -0.020190 
0.005939 -0.009473 0.009946 -0.005108 
-0.010896 -0.008563 -0.001118 -0.013813 
-0.015661 0.013858 -0.008506 -0.019104 
0.002300 -0.003344 0.002530 -0.003173 
0.000155 -0.017309 0.016653 -0.004722 
-0.005737 -0.017340 0.016374 -0.008093 
-0.016976 -0.003356 -0.001570 -0.017233 
-0.005843 0.018334 -0.018227 -0.006168 
0.001926 0.011535 -0.004783 0.010672 
-0.003671 0.003026 -0.003947 0.002656 
-0.007725 0.010977 -0.013194 0.002464 
-0.006735 0.013936 -0.015411 0.001434 
0.005086 -0.001127 0.005182 -0.000529 
-0.022280 0.001283 0.010867 -0.019493 
-0.005926 0.005363 -0.007156 0.003559 
0.010024 -0.008952 0.013426 0.000619 
0.005229 -0.008868 0.008592 -0.005670 
0.001021 0.004498 0.000607 0.004573 
0.018475 -0.001012 0.002888 0.018276 
-0.001208 0.006383 -0.002337 0.006061 
-0.004430 -0.005938 -0.002922 -0.006808 
-0.001246 -0.004827 -0.000725 -0.004932 
-0.012252 -0.011394 0.006197 -0.015541 
0.003646 -0.020598 0.018537 0.009692 
-0.029429 0.007522 0.025624 0.016312 
-0.009914 0.012870 -0.015861 -0.003513 
0.001916 0.019252 -0.019307 0.001239 
-0.002781 0.009113 -0.006034 0.007374 
-0.001974 0.009147 -0.005193 0.007785 
0.022888 -0.001360 -0.013421 0.018589 
0.015821 -0.013486 0.008522 0.018962 
-0.000322 0.005944 -0.001218 0.005827 
0.005605 0.004237 0.004588 0.005321 
-0.010666 -0.019869 0.022393 0.002667 
0.011481 -0.002006 0.010690 0.004644 
-0.014910 0.000304 -0.008870 -0.011988 
-0.004926 0.011193 -0.010645 0.006019 
0.014693 0.010355 -0.007483 0.016343 
0.008024 -0.005669 0.009627 -0.001961 
-0.006153 -0.018826 0.019397 -0.004005 
-0.006576 -0.012508 0.005146 -0.013161 
0.003043 -0.002133 0.003163 -0.001949 
0.004372 -0.004577 0.005091 -0.003761 
-0.009228 -0.017733 0.018872 -0.006593 
-0.020228 -0.004655 0.010024 -0.018176 
0.001701 0.007313 -0.000100 0.007508 
-0.000095 0.003343 -0.000256 0.003335 
0.005850 0.022733 -0.020116 -0.012097 
0.000781 -0.030952 -0.025996 0.016817 
0.002188 0.012550 -0.006371 0.011032 
-0.001058 -0.012081 0.006273 -0.010379 
0.005238 -0.019839 0.018069 0.009723 
0.000710 -0.000064 0.000710 -0.000063 
0.015980 -0.004082 0.010031 0.013091 
-0.015912 -0.019243 0.022866 0.010032 
0.010288 -0.002350 0.010216 0.002644 
0.014267 0.010918 -0.008091 0.016040 
0.012902 0.004027 0.006295 0.011961 
-0.000382 -0.016813 0.015617 -0.006239 
0.002213 -0.010744 0.007229 -0.008251 
-0.013971 -0.014264 0.016069 -0.011850 
0.007749 0.006061 0.004646 0.008672 
-0.006946 0.010782 -0.012280 0.003701 
0.016988 0.018133 -0.023544 -0.007942 
0.000496 -0.006870 0.001874 -0.006628 
-0.018456 -0.006729 0.008271 -0.017819 
-0.009436 -0.003970 -0.006773 -0.007677 
-0.009315 0.011987 -0.015134 -0.001191 
0.003257 0.008663 -0.000073 0.009255 
-0.007499 -0.003671 -0.006084 -0.005718 
-0.015748 0.008136 -0.011415 -0.013560 
0.017087 0.008923 -0.009322 0.016873 
0.007442 -0.015301 0.016884 0.002104 
0.005371 -0.007955 0.008020 -0.005274 
-0.007052 -0.006447 -0.004057 -0.008651 
-0.007498 0.010343 -0.012398 0.003078 
0.016144 0.018989 -0.023053 -0.009476 
0.021307 -0.001642 -0.006553 0.020340 
-0.009736 0.006123 -0.011501 -0.000070 
-0.011830 -0.003485 -0.007283 -0.009953 
0.003051 -0.001273 0.003108 -0.001128 
-0.008160 -0.019973 0.021560 0.000833 
0.012631 0.006864 0.002663 0.014127 
0.004505 0.009479 -0.000303 0.010490 
-0.003870 0.015099 -0.014991 0.004270 
0.011747 0.020239 -0.022657 -0.005856 
-0.012155 0.001839 -0.010799 -0.005875 
-0.024672 0.001796 0.020573 -0.013736 
-0.018731 0.000898 -0.002056 -0.018640 
0.010135 0.000407 0.008990 0.004698 
0.007684 0.012457 -0.005244 0.013665 
-0.015462 0.007271 -0.011744 -0.012411 
-0.019393 0.006535 -0.002021 -0.020365 
-0.022019 0.002691 0.009023 -0.020265 
-0.001503 -0.013339 0.008239 -0.010597 
-0.006751 -0.018308 0.018697 -0.005586 
-0.004359 0.003121 -0.004710 0.002561 
-0.000374 0.005137 -0.000955 0.005061 
0.006209 -0.002292 0.006528 -0.001092 
0.012341 -0.004227 0.012015 0.005082 
-0.012215 -0.021554 0.021158 0.012888 
0.003395 0.015667 -0.012450 0.010099 
0.002803 0.001159 0.002756 0.001269 
0.003475 -0.011124 0.009024 -0.007376 
-0.008401 0.001968 -0.008595 -0.000770 
0.003062 0.004141 0.002572 0.004462 
-0.003828 -0.007064 -0.001751 -0.007841 
-0.015308 0.008516 -0.012092 -0.012675 
0.007027 0.014129 -0.008999 0.012962 
0.006829 0.016276 -0.014248 0.010418 
-0.005228 -0.005136 -0.003917 -0.006194 
0.002162 0.006638 0.000737 0.006943 
0.018470 -0.000889 0.002796 0.018279 
0.012330 0.006046 0.004134 0.013096 
-0.005999 0.002202 -0.006291 0.001123 
-0.000469 0.006156 -0.001465 0.005997 
0.008958 -0.005096 0.010287 -0.000634 
-0.016362 -0.003134 -0.003158 -0.016357 
-0.007825 0.002458 -0.008201 0.000129 
-0.001676 -0.013558 0.008566 -0.010642 
-0.005901 -0.024726 0.014425 0.020931 
0.004823 -0.020688 0.017600 0.011896 
0.022711 0.000380 -0.013921 0.017949 
0.004245 0.020043 -0.020483 -0.000440 
0.015548 0.015530 -0.021089 0.006176 
0.011860 -0.009495 0.014444 0.004710 
-0.000784 -0.009148 0.002504 -0.008834 
-0.014910 -0.002095 -0.006665 -0.013501 
0.003499 0.019838 -0.020144 0.000088 
0.008626 0.010479 -0.001378 0.013503 
0.014099 0.001101 0.008386 0.011387 
0.001576 0.002769 0.001454 0.002835 
-0.000415 0.005867 -0.001278 0.005741 
0.001371 -0.006339 0.002486 -0.005990 
0.002297 -0.003255 0.002513 -0.003091 
-0.017803 -0.010284 0.014263 -0.014808 
0.028627 -0.009773 -0.027168 -0.013300 
0.000286 0.012433 -0.007433 0.009971 
0.004588 0.016579 -0.014471 0.009300 
0.015695 0.005029 0.001570 0.016406 
0.026628 0.005742 -0.026363 -0.006858 
0.007492 -0.004277 0.008456 -0.001709 
0.001737 -0.005332 0.002439 -0.005049 
0.006029 0.003264 0.005253 0.004405 
0.015924 0.002122 0.005221 0.015193 
-0.001835 -0.028264 -0.006607 0.027542 
-0.014491 -0.019148 0.023234 0.006069 
0.000302 0.002922 0.000194 0.002931 
-0.016636 0.013539 -0.005927 -0.020614 
0.007925 -0.007174 0.010370 -0.002597 
0.006253 -0.002304 0.006576 -0.001078 
-0.005257 -0.004275 -0.004319 -0.005221 
-0.011744 0.003025 -0.011267 -0.004487 
-0.006555 0.008675 -0.009943 0.004399 
0.002780 0.023925 -0.016735 -0.017323 
-0.014348 0.003116 -0.011125 -0.009582 
0.003553 -0.009951 0.007740 -0.007193 
0.001727 -0.002450 0.001820 -0.002382 
-0.003465 0.010118 -0.007824 0.007291 
-0.002965 0.005198 -0.003725 0.004683 
-0.009870 0.017981 -0.015197 -0.013777 
-0.000104 -0.000001 -0.000104 -0.000001 
0.006489 -0.009804 0.010861 -0.004503 
-0.000842 -0.003637 -0.000623 -0.003681 
0.016538 0.008535 -0.007103 0.017201 
-0.009673 -0.024589 0.013147 0.022921 
0.007615 0.006962 0.003764 0.009607 
0.001879 -0.008294 0.004322 -0.007324 
0.001566 0.016207 -0.014052 0.008226 
0.015904 0.006289 -0.001037 0.017071 
0.002708 0.004917 0.002021 0.005237 
-0.007009 -0.001576 -0.006492 -0.003077 
0.018867 0.006764 -0.009555 0.017618 
0.007159 0.004074 0.005688 0.005957 
-0.008162 0.010874 -0.013475 0.001814 
-0.002938 -0.006080 -0.001700 -0.006535 
-0.005749 -0.004166 -0.004721 -0.005302 
-0.017979 0.010533 -0.004910 -0.020251 
-0.004069 0.009620 -0.007972 0.006749 
0.000578 0.000088 0.000578 0.000088 
0.004775 -0.001334 0.004889 -0.000824 
0.006399 -0.010179 0.011123 -0.004564 
-0.006038 -0.006786 -0.003312 -0.008458 
0.004665 -0.006078 0.006032 -0.004723 
-0.015719 0.008112 -0.011460 -0.013474 
-0.011336 0.005050 -0.012049 -0.002970 
-0.012117 -0.011642 0.006638 -0.015437 
-0.012061 -0.000312 -0.009602 -0.007305 
-0.007796 -0.008740 -0.001633 -0.011597 
0.003660 -0.013113 0.011925 -0.006567 
-0.014174 -0.020347 0.022231 0.010985 
0.012511 -0.001330 0.010570 0.006824 
0.006724 0.011133 -0.002359 0.012790 
-0.008511 0.000403 -0.008225 -0.002225 
-0.012942 0.008319 -0.013891 -0.006612 
0.012410 0.012377 -0.008881 0.015111 
-0.005782 0.007250 -0.008008 0.004677 
-0.015535 0.010866 -0.011308 -0.015216 
0.004212 0.020092 -0.020520 -0.000632 
-0.020829 0.008267 0.004585 -0.021936 
0.009337 0.027241 0.002474 -0.028690 
-0.001178 -0.003405 -0.000987 -0.003465 
0.009001 0.002135 0.007634 0.005224 
0.005508 0.022412 -0.020540 -0.010522 
0.016142 -0.019016 -0.005728 0.024277 
0.013076 -0.004711 0.012309 0.006456 
-0.007359 -0.005277 -0.005090 -0.007489 
-0.018951 0.008261 -0.003053 -0.020447 
-0.008582 0.010033 -0.013115 0.001519 
0.009966 0.000565 0.008835 0.004647 
0.005543 0.001503 0.005275 0.002269 
0.012533 0.018234 -0.022067 0.001604 
0.013310 0.007604 0.000669 0.015314 
0.000914 -0.016608 0.015742 -0.005371 
-0.014436 0.021098 0.006633 -0.024689 
0.009175 0.000123 0.008539 0.003358 
-0.000432 -0.023506 0.016676 0.016572 
0.004050 -0.007497 0.006153 -0.005895 
0.004636 -0.009189 0.008199 -0.006221 
-0.009409 -0.012474 0.006102 -0.014384 
-0.006926 0.000987 -0.006979 -0.000479 
0.002810 0.004627 0.002207 0.004943 
-0.004025 -0.021099 0.020961 0.004694 
-0.004757 0.025687 -0.000792 -0.026112 
-0.006231 0.024709 -0.002758 -0.025333 
-0.029232 -0.007498 0.015870 0.025669 
-0.017246 -0.010560 0.013534 -0.015026 
-0.025968 0.004043 0.024840 -0.008582 
-0.019993 0.014439 0.009904 -0.022586 
-0.001895 -0.006845 -0.000381 -0.007093 
0.007081 -0.010630 0.012263 -0.003569 
-0.009561 -0.004464 -0.006438 -0.008360 
0.004193 -0.006992 0.005991 -0.005530 
0.006964 -0.015144 0.016646 0.000871 
-0.013260 -0.003106 -0.007059 -0.011647 
-0.002656 0.004662 -0.003210 0.004299 
-0.019085 0.003010 -0.002422 -0.019168 
0.019343 0.009992 -0.017577 0.012847 
0.002571 0.009854 -0.001921 0.010001 
-0.006495 0.002739 -0.006927 0.001303 
-0.004941 0.005443 -0.006059 0.004162 
0.007951 -0.003272 0.008575 -0.000629 
0.005142 -0.008926 0.008544 -0.005755 
-0.007835 -0.002641 -0.006737 -0.004794 
-0.013432 0.007390 -0.013414 -0.007423 
-0.020141 0.002477 0.001495 -0.020238 
-0.006813 0.004241 -0.007712 0.002221 
-0.014906 -0.003164 -0.005445 -0.014232 
-0.020173 0.003624 0.001101 -0.020466 
-0.012181 -0.012049 0.007740 -0.015286 
-0.018724 -0.008024 0.011743 -0.016645 
-0.020331 0.008568 0.002614 -0.021907 
-0.004474 0.015414 -0.015782 0.002922 
0.000337 0.011799 -0.006363 0.009942 
0.004612 -0.008244 0.007358 -0.005924 
-0.006851 0.023976 -0.004844 -0.024461 
-0.000323 0.007975 -0.002463 0.007592 
0.012304 0.014740 -0.014874 0.012142 
0.013116 -0.017398 0.009650 0.019535 
0.009349 -0.010211 0.013844 -0.000097 
-0.006377 -0.009355 -0.000547 -0.011309 
0.017951 0.007688 -0.008845 0.017410 
0.017037 -0.000788 0.006152 0.015907 
0.005689 0.002305 0.005244 0.003191 
0.020881 -0.006349 -0.003859 0.021481 
-0.001706 -0.000209 -0.001703 -0.000230 
-0.002424 -0.008480 0.000488 -0.008806 
0.014802 0.004507 0.003799 0.014999 
-0.026043 -0.001983 0.025867 -0.003613 
0.003658 -0.005195 0.004499 -0.004487 
-0.008273 0.006527 -0.010345 0.002006 
0.019297 0.002231 -0.003160 0.019167 
-0.013118 -0.010147 0.004386 -0.015994 
-0.005607 0.003246 -0.006097 0.002189 
-0.001080 -0.009046 0.002141 -0.008855 
0.000872 -0.009587 0.004516 -0.008501 
-0.010962 -0.018414 0.021228 -0.002934 
-0.013247 -0.004275 -0.005769 -0.012667 
0.020501 0.016246 -0.023390 -0.011708 
0.001720 0.004069 0.001373 0.004199 
0.005141 0.018581 -0.018699 0.004694 
0.005613 -0.015606 0.016568 -0.000753 
-0.010601 -0.000468 -0.009171 -0.005339 
-0.000560 0.000579 -0.000562 0.000577 
0.000096 -0.011285 0.005947 -0.009592 
0.002304 -0.007668 0.004300 -0.006754 
0.004556 -0.009483 0.008387 -0.006351 
0.005842 0.000571 0.005694 0.001425 
-0.002398 -0.008627 0.000652 -0.008930 
-0.001226 -0.007104 0.000376 -0.007199 
0.011466 0.010313 -0.002793 0.015167 
0.004290 -0.024194 0.009016 0.022858 
-0.008594 -0.002012 -0.007459 -0.004720 
-0.020145 -0.006191 0.012468 -0.016991 
-0.009675 -0.009263 -0.000502 -0.013384 
-0.004971 0.015691 -0.016374 0.001670 
0.021494 -0.018219 -0.025512 0.011960 
0.006553 -0.015155 0.016511 0.000116 
0.005616 0.007341 0.002612 0.008866 
-0.004744 -0.017795 0.017130 -0.006764 
-0.010671 -0.003656 -0.007222 -0.008664 
-0.002992 -0.004115 -0.002518 -0.004421 
-0.012441 0.001035 -0.010403 -0.006901 
-0.013933 -0.005440 -0.003536 -0.014533 
-0.019372 0.005413 -0.002158 -0.019998 
-0.004198 -0.020738 0.020920 0.003167 
0.003805 0.006644 0.002032 0.007382 
0.005139 0.000355 0.005066 0.000937 
0.006089 0.001261 0.005797 0.002249 
0.003746 0.011912 -0.004450 0.011668 
0.010199 0.004482 0.006512 0.009039 
0.001475 0.010722 -0.003872 0.010107 
0.018789 0.000957 0.000025 0.018813 
-0.000275 0.005693 -0.001063 0.005599 
0.008099 0.016797 -0.016108 0.009396 
0.017962 -0.013776 0.000601 0.022629 
0.006600 0.008689 0.001510 0.010806 
0.013048 0.003399 0.006885 0.011592 
-0.017629 -0.014691 0.022546 -0.004276 
-0.006202 0.026136 0.005002 -0.026392 
-0.003291 0.019203 -0.018981 -0.004397 
-0.018086 0.007741 -0.006089 -0.018707 
-0.010676 0.002726 -0.010617 -0.002949 
-0.005987 0.002483 -0.006335 0.001370 
0.024803 -0.001575 -0.021123 0.013095 
-0.003679 -0.019566 0.019878 -0.001114 
0.020002 0.002873 -0.006429 0.019157 
0.001349 0.002143 0.001289 0.002179 
0.002693 -0.007662 0.004725 -0.006606 
-0.003614 -0.012542 0.005681 -0.011751 
-0.020124 0.008655 0.001793 -0.021833 
0.002082 -0.005473 0.002862 -0.005109 
-0.010327 -0.008164 -0.002075 -0.013000 
-0.007909 0.018459 -0.016968 -0.010742 
-0.006449 0.003670 -0.007129 0.002058 
-0.009438 -0.010379 0.001490 -0.013949 
-0.024549 -0.000630 0.021207 -0.012382 
-0.016372 0.013974 -0.006145 -0.020629 
0.001811 -0.016024 0.015189 -0.005416 
-0.015474 -0.016043 0.021815 -0.004572 
0.001135 0.006542 -0.000116 0.006639 
-0.017294 -0.004767 0.001415 -0.017883 
-0.020636 0.000268 0.004978 -0.020028 
-0.008365 -0.009514 -0.000413 -0.012662 
-0.000871 0.006434 -0.002014 0.006172 
-0.000474 -0.000343 -0.000473 -0.000344 
0.007512 -0.000488 0.007408 0.001335 
0.002772 -0.013840 0.012261 -0.006993 
-0.004125 0.006263 -0.005502 0.005096 
0.018100 -0.001825 0.004526 0.017619 
0.004436 0.008537 0.000789 0.009588 
0.010539 0.017874 -0.020072 0.005260 
0.014149 -0.006650 0.012821 0.008946 
0.008426 -0.002908 0.008913 0.000077 
-0.003265 0.008995 -0.006460 0.007059 
-0.003368 0.007060 -0.005085 0.005944 
0.001510 -0.003225 0.001683 -0.003138 
0.006482 0.007819 0.002509 0.009842 
-0.007743 0.011297 -0.013510 0.002251 
0.020535 0.015326 -0.024350 -0.007978 
0.014319 0.000734 0.008534 0.011521 
-0.015346 -0.018585 0.023460 0.005523 
-0.007146 -0.014866 0.010866 -0.012409 
0.000633 -0.003121 0.000768 -0.003091 
-0.000276 -0.002944 -0.000165 -0.002953 
-0.011038 0.010832 -0.014984 -0.003829 
0.017986 0.000627 0.002623 0.017805 
0.012899 -0.006759 0.013254 0.006033 
0.010100 0.004394 0.006577 0.008834 
-0.006200 0.001714 -0.006405 0.000592 
-0.005244 0.010896 -0.010642 0.005743 
-0.000628 -0.004803 -0.000142 -0.004842 
0.000839 -0.007344 0.002522 -0.006948 
-0.003486 -0.008303 -0.000446 -0.008995 
0.002504 0.009607 -0.001659 0.009788 
0.008721 -0.008142 0.011814 -0.001669 
-0.003690 -0.008338 -0.000546 -0.009101 
0.000266 0.003570 0.000069 0.003579 
0.013395 -0.006771 0.013183 0.007175 
-0.002521 -0.011923 0.005067 -0.011083 
-0.007593 -0.018029 0.018524 -0.006290 
-0.017226 0.017189 0.004494 -0.023917 
0.007584 0.009958 -0.000267 0.012514 
0.004021 0.012612 -0.005677 0.011959 
-0.004690 -0.006148 -0.002976 -0.007137 
-0.007323 -0.004155 -0.005742 -0.006157 
0.006318 -0.000811 0.006363 0.000296 
0.009952 0.009864 -0.000735 0.013992 
0.014327 -0.010835 0.013302 0.012071 
0.013582 -0.006604 0.013061 0.007582 
0.013519 -0.008619 0.013790 0.008177 
-0.009694 -0.014178 0.010611 -0.013506 
0.007221 0.017084 -0.016325 0.008805 
0.011611 0.002032 0.008467 0.008201 
-0.005275 0.004146 -0.005973 0.003057 
-0.003278 0.004633 -0.003885 0.004137 
-0.010722 0.015712 -0.015906 -0.010433 
0.003280 0.016668 -0.014682 0.008544 
-0.003146 0.009477 -0.006794 0.007318 
0.012479 0.009680 -0.002502 0.015594 
0.004301 -0.006534 0.005849 -0.005194 
-0.007619 0.000762 -0.007569 -0.001158 
-0.001580 0.006863 -0.002994 0.006375 
-0.002029 0.004822 -0.002579 0.004551 
-0.007866 0.014359 -0.016320 -0.001316 
0.003639 -0.009451 0.007318 -0.007001 
-0.018632 0.007351 -0.004473 -0.019524 
-0.002588 -0.002874 -0.002398 -0.003034 
0.003256 0.005041 0.002441 0.005482 
0.001363 0.008432 -0.001300 0.008442 
0.010644 -0.012316 0.015649 0.004480 
-0.011616 0.008811 -0.014078 -0.003791 
-0.003548 0.002482 -0.003735 0.002189 
0.002403 -0.009017 0.005528 -0.007517 
0.006158 -0.007968 0.008943 -0.004630 
0.005139 0.002882 0.004655 0.003612 
0.001955 -0.023448 0.014852 0.018249 
-0.010896 0.020413 -0.008022 -0.021704 
0.003012 0.013330 -0.007479 0.011438 
0.025311 -0.001793 -0.022849 0.011035 
0.017257 -0.011938 0.005936 0.020126 
0.009795 -0.001258 0.009461 0.002831 
0.006689 0.003839 0.005504 0.005403 
0.003841 -0.004433 0.004451 -0.003820 
0.003239 0.004582 0.002592 0.004977 
-0.016007 -0.010589 0.010741 -0.015905 
-0.017815 0.006266 -0.006983 -0.017547 
-0.006085 0.017665 -0.018062 -0.004779 
-0.003598 0.010568 -0.008481 0.007259 
-0.000886 0.014514 -0.011980 0.008242 
0.010599 -0.002003 0.010265 0.003315 
-0.018077 0.000204 -0.003233 -0.017787 
0.005723 -0.010913 0.011169 -0.005207 
-0.015132 -0.015933 0.021242 -0.005623 
-0.011483 -0.010661 0.003586 -0.015253 
-0.009420 -0.008453 -0.001918 -0.012511 
-0.013063 0.002804 -0.011359 -0.007034 
-0.006605 0.011252 -0.012427 0.003975 
-0.004631 0.020064 -0.018309 -0.009423 
0.015854 -0.013871 0.007923 0.019519 
0.009145 -0.011632 0.014787 0.000515 
-0.002670 0.010451 -0.007348 0.007897 
0.001390 -0.000046 0.001390 -0.000034 
-0.001656 -0.008937 0.001549 -0.008956 
-0.002171 0.019651 -0.019310 -0.004243 
0.003942 0.004413 0.003237 0.004953 
0.003833 -0.007877 0.006175 -0.006215 
-0.015750 0.006295 -0.011142 -0.012788 
0.013977 -0.013236 0.012967 0.014227 
-0.001134 0.009159 -0.004331 0.008149 
0.006994 0.022256 -0.020906 -0.010354 
-0.011388 -0.002700 -0.007981 -0.008560 
-0.001841 -0.010640 0.003488 -0.010219 
0.000993 0.006287 -0.000109 0.006364 
-0.001688 0.001209 -0.001710 0.001177 
0.006219 -0.004925 0.007307 -0.003088 
0.017888 -0.001243 0.004622 0.017325 
0.008098 -0.025195 -0.004592 0.026063 
0.002144 0.016360 -0.014212 0.008384 
-0.000738 0.011011 -0.006134 0.009174 
-0.001354 0.006844 -0.002744 0.006414 
-0.007156 0.009136 -0.010985 0.003744 
-0.012247 -0.012972 0.010204 -0.014634 
-0.000551 0.011595 -0.006798 0.009409 
0.026494 -0.007133 -0.027019 0.004770 
0.004081 0.013510 -0.007510 0.011948 
-0.014576 0.015063 -0.009818 -0.018520 
0.005879 -0.011903 0.012444 -0.004625 
-0.011991 -0.008568 -0.000273 -0.014735 
-0.011811 0.008435 -0.013934 -0.004062 
0.000040 0.008267 -0.002351 0.007925 
-0.011087 0.001759 -0.010411 -0.004198 
0.014863 0.007208 -0.000849 0.016497 
-0.001556 0.014000 -0.011555 0.008056 
-0.012166 0.001664 -0.010711 -0.006004 
-0.024388 0.005537 0.019422 -0.015754 
-0.006801 0.015937 -0.017201 -0.002087 
-0.011989 0.003791 -0.011714 -0.004572 
-0.013994 -0.008069 0.001158 -0.016112 
-0.009480 -0.007710 -0.002992 -0.011848 
-0.016270 0.003697 -0.009418 -0.013773 
-0.009487 0.023070 -0.002037 -0.024861 
-0.022929 0.001634 0.013453 -0.018639 
0.006734 -0.003124 0.007279 -0.001460 
-0.008735 0.013142 -0.015724 -0.001327 
-0.010136 -0.004438 -0.006544 -0.008923 
0.007988 -0.006039 0.009778 -0.002157 
-0.019814 -0.000990 0.003314 -0.019560 
0.003229 -0.012717 0.010950 -0.007229 
-0.016300 -0.007385 0.004054 -0.017430 
0.011329 0.009486 -0.000930 0.014747 
0.019875 -0.010272 -0.002229 0.022262 
-0.007947 0.006843 -0.010189 0.002483 
0.006165 0.025320 -0.011724 -0.023274 
0.016908 -0.019367 -0.010296 0.023558 
0.005771 0.006588 0.003332 0.008099 
0.013908 0.000081 0.009327 0.010318 
-0.004642 0.018302 -0.018478 -0.003884 
0.025996 0.004157 -0.026325 0.000245 
-0.002068 0.003909 -0.002388 0.003722 
-0.005649 -0.007866 -0.002117 -0.009450 
-0.010679 0.002436 -0.010494 -0.003137 
-0.009225 -0.002544 -0.007548 -0.005882 
0.002314 0.023150 -0.018494 -0.014116 
-0.016800 0.004694 -0.008934 -0.014982 
0.003601 -0.005579 0.004586 -0.004802 
-0.001482 0.004929 -0.002031 0.004730 
0.014956 -0.002720 0.010464 0.011027 
0.017709 0.003945 -0.001101 0.018110 
0.005139 0.011495 -0.003235 0.012169 
0.007134 0.004131 0.005645 0.006007 
-0.008999 -0.002437 -0.007493 -0.005547 
0.026055 0.009440 -0.024307 -0.013308 
0.017760 -0.011805 0.004367 0.020874 
0.005039 0.001592 0.004813 0.002184 
0.002643 0.006251 0.001364 0.006648 
0.003401 -0.012411 0.010673 -0.007189 
0.002340 0.001634 0.002281 0.001715 
-0.000204 -0.010266 0.004304 -0.009323 
0.004419 -0.003837 0.004934 -0.003148 
0.017097 -0.000790 0.006032 0.016017 
0.017088 -0.013738 0.004042 0.021550 
0.017910 -0.010108 0.005483 0.019822 
0.000135 0.008638 -0.002592 0.008242 
0.002979 0.012591 -0.006043 0.011441 
0.005724 -0.025983 -0.002985 0.026438 
0.020419 0.002345 -0.007163 0.019264 
0.009045 0.020972 -0.022071 -0.005874 
-0.008831 0.007105 -0.011244 0.001428 
-0.002708 0.015859 -0.015412 0.004618 
-0.009168 -0.005345 -0.005635 -0.008992 
0.002783 0.024226 -0.015797 -0.018577 
0.001556 0.018991 -0.018969 0.001802 
0.004518 0.024184 -0.016393 -0.018346 
0.007567 0.008141 0.002413 0.010849 
0.008695 0.006393 0.004568 0.009778 
-0.002043 -0.002735 -0.001904 -0.002834 
-0.003095 -0.002103 -0.002963 -0.002285 
0.006855 -0.015054 0.016533 0.000503 
-0.018095 0.008838 -0.005666 -0.019324 
0.001826 0.005266 0.001110 0.005462 
0.008383 0.006393 0.004513 0.009528 
0.003603 -0.019714 0.018939 0.006552 
-0.017006 0.021378 0.018259 -0.020318 
0.004850 -0.000055 0.004831 0.000434 
0.014379 -0.001795 0.010335 0.010157 
0.020194 -0.003394 -0.001262 0.020438 
-0.004972 -0.029571 -0.015667 0.025568 
-0.014274 -0.019280 0.023177 0.006189 
-0.011890 -0.010468 0.003576 -0.015432 
-0.009753 -0.000545 -0.008730 -0.004382 
-0.016741 0.009686 -0.009108 -0.017062 
-0.005217 0.016778 -0.017543 -0.000969 
0.004395 0.023783 -0.017593 -0.016596 
0.003943 0.005062 0.002992 0.005676 
0.003840 -0.006009 0.005049 -0.005035 
0.009225 -0.008530 0.012534 -0.000866 
0.006352 0.002183 0.005813 0.003364 
0.011612 -0.000376 0.009924 0.006040 
-0.004781 -0.000842 -0.004671 -0.001321 
0.015649 0.010317 -0.009305 0.016271 
-0.003199 0.008494 -0.005942 0.006861 
0.026160 0.007547 -0.025845 -0.008564 
0.020978 0.004717 -0.012736 0.017323 
-0.011819 0.008910 -0.014166 -0.004288 
0.004383 0.011622 -0.003686 0.011861 
-0.006686 -0.000799 -0.006405 -0.002077 
-0.008654 0.018276 -0.016389 -0.011845 
0.003152 0.009510 -0.001106 0.009958 
-0.007918 -0.007107 -0.003684 -0.009982 
0.008072 0.007191 0.003622 0.010186 
-0.002545 0.005373 -0.003328 0.004927 
-0.008714 0.005241 -0.010121 0.000993 
0.004234 -0.003350 0.004619 -0.002796 
-0.028109 -0.001011 0.026962 0.008011 
0.009390 0.025144 -0.010653 -0.024636 
-0.009493 -0.005026 -0.005966 -0.008932 
0.004337 0.000353 0.004294 0.000704 
-0.000899 -0.006236 0.000171 -0.006298 
-0.009314 0.018655 -0.015147 -0.014330 
-0.007876 0.007565 -0.010572 0.002739 
-0.017662 0.008422 -0.007131 -0.018222 
0.031199 -0.012231 -0.008870 -0.032315 
0.009854 0.009579 -0.000148 0.013742 
-0.003022 0.004224 -0.003490 0.003847 
0.001898 0.002952 0.001739 0.003048 
-0.002254 -0.000889 -0.002231 -0.000945 
0.012098 0.004461 0.006229 0.011290 
0.001030 0.001376 0.001013 0.001389 
0.004058 0.008919 0.000147 0.009797 
-0.009144 -0.002160 -0.007697 -0.005388 
-0.004063 -0.007572 -0.001502 -0.008461 
0.013922 -0.012944 0.013224 0.013657 
-0.000915 -0.003348 -0.000741 -0.003391 
-0.001974 -0.001621 -0.001928 -0.001676 
-0.007159 -0.013749 0.008113 -0.013208 
-0.014192 0.004704 -0.012001 -0.008917 
-0.001519 -0.018502 0.018284 -0.003214 
-0.007036 -0.019925 0.021130 0.000115 
0.001413 0.005416 0.000675 0.005556 
-0.018008 0.003223 -0.005615 -0.017411 
-0.005191 -0.008948 -0.000688 -0.010321 
0.000089 0.015597 -0.013436 0.007921 
0.008309 -0.023129 0.005010 0.024060 
-0.005204 -0.027657 -0.001979 0.028072 
-0.003143 -0.020717 0.020678 0.003390 
-0.015459 -0.015601 0.021095 -0.006113 
-0.014448 -0.007569 0.000867 -0.016287 
0.003865 -0.004011 0.004363 -0.003463 
0.005232 -0.000549 0.005261 0.000074 
0.011055 0.012514 -0.007603 0.014867 
-0.002596 0.002883 -0.002776 0.002709 
0.001267 -0.000985 0.001277 -0.000971 
-0.011894 -0.014440 0.013583 -0.012864 
-0.002589 -0.011324 0.004029 -0.010895 
-0.005546 -0.015364 0.011698 -0.011400 
-0.011894 0.013343 -0.015439 -0.009008 
0.003336 0.014937 -0.010821 0.010824 
0.009757 0.008346 0.001993 0.012684 
-0.009229 -0.009991 0.000652 -0.013586 
-0.004448 0.027597 0.010127 -0.026054 
-0.009891 0.006826 -0.012016 -0.000187 
-0.001150 -0.009018 0.002053 -0.008856 
-0.008376 -0.016651 0.015926 -0.009684 
-0.016493 0.003036 -0.008711 -0.014330 
0.015739 0.005308 0.001026 0.016578 
0.007423 -0.018945 0.017032 0.011132 
0.004703 -0.003233 0.005107 -0.002546 
0.008036 0.000657 0.007544 0.002844 
0.006006 -0.017309 0.017944 0.003700 
-0.015739 0.002395 -0.009436 -0.012823 
0.030610 -0.011521 -0.015186 -0.028967 
0.023110 -0.006027 -0.013903 0.019419 
-0.017128 0.005497 -0.008514 -0.015845 
0.012152 0.026661 0.003333 -0.029109 
0.025739 -0.010972 -0.027500 0.005163 
0.005423 -0.009114 0.009033 -0.005557 
-0.007377 -0.021711 0.021480 0.008023 
0.000075 -0.018004 0.017726 -0.003150 
-0.004137 -0.023599 0.018036 0.015771 
-0.000303 0.011026 -0.005761 0.009406 
0.013166 0.007612 0.000824 0.015186 
-0.004503 -0.002526 -0.004185 -0.003023 
-0.005234 0.015089 -0.015809 0.002268 
0.009636 0.012710 -0.006834 0.014412 
-0.004524 0.010920 -0.009896 0.006464 
0.013053 -0.003578 0.011756 0.006706 
-0.009694 0.003742 -0.010344 -0.000984 
-0.000946 0.002948 -0.001066 0.002906 
-0.009981 -0.002842 -0.007667 -0.006994 
-0.003401 0.012841 -0.011291 0.006998 
-0.007621 -0.017998 0.018476 -0.006376 
-0.014350 0.015687 -0.009463 -0.019039 
-0.016574 0.001148 -0.007312 -0.014918 
-0.002235 0.022942 -0.015960 -0.016632 
0.027264 0.005300 -0.025992 -0.009789 
-0.009866 0.001455 -0.009584 -0.002759 
0.011726 0.004517 0.006305 0.010869 
0.003291 0.007506 0.001022 0.008132 
0.007766 0.013930 -0.008777 0.013316 
0.004431 0.023152 -0.019129 -0.013774 
-0.001931 -0.000198 -0.001927 -0.000229 
0.013153 0.000793 0.009131 0.009500 
-0.011273 -0.013241 0.009707 -0.014429 
-0.013088 -0.006270 -0.003174 -0.014161 
0.000416 -0.002590 0.000492 -0.002577 
0.016494 -0.004293 0.009328 0.014264 
-0.018334 -0.007167 0.008816 -0.017600 
0.003608 0.027157 -0.001465 -0.027357 
-0.010246 0.011694 -0.015280 -0.002874 
0.001415 0.009893 -0.002824 0.009587 
0.006531 0.003331 0.005597 0.004736 
-0.000693 -0.001338 -0.000680 -0.001345 
-0.012658 -0.004871 -0.005459 -0.012416 
0.001776 0.000925 0.001759 0.000956 
-0.003388 0.010089 -0.007707 0.007339 
0.018069 0.003004 -0.000613 0.018306 
0.015199 -0.006560 0.011904 0.011504 
0.014616 0.007320 -0.000654 0.016334 
0.001781 -0.015041 0.013512 -0.006842 
-0.013648 0.005149 -0.012419 -0.007651 
0.015090 0.000447 0.008062 0.012763 
-0.002811 -0.002904 -0.002601 -0.003094 
0.000194 0.016486 -0.015079 0.006667 
-0.004517 0.008600 -0.007539 0.006125 
-0.002180 0.000666 -0.002194 0.000618 
-0.000430 0.006583 -0.001645 0.006389 
0.008089 -0.008123 0.011178 -0.002543 
-0.000034 -0.021155 0.019889 0.007210 
-0.006901 -0.004773 -0.005169 -0.006610 
-0.004489 0.004315 -0.005141 0.003512 
-0.002124 0.001818 -0.002183 0.001745 
0.004762 -0.002238 0.004994 -0.001658 
0.004762 -0.000304 0.004769 0.000162 
0.008682 -0.016762 0.017111 0.007971 
0.009370 0.003907 0.006797 0.007540 
0.013196 -0.005260 0.012557 0.006642 
-0.000300 -0.001799 -0.000274 -0.001803 
-0.005775 0.001921 -0.006006 0.000983 
-0.004503 0.001502 -0.004627 0.001060 
0.013514 0.015226 -0.017684 0.010088 
0.008294 -0.026227 -0.010992 0.025216 
0.007951 -0.012415 0.014708 -0.001011 
-0.003179 -0.023437 0.018173 0.015139 
-0.005282 -0.003650 -0.004557 -0.004522 
0.011075 0.009980 -0.001728 0.014808 
0.011689 -0.019744 0.007830 0.021568 
0.015016 0.003860 0.004401 0.014867 
0.001039 -0.007048 0.002538 -0.006657 
-0.013237 -0.010933 0.006433 -0.015917 
0.005293 -0.006935 0.007238 -0.004871 
0.008021 -0.001954 0.008243 0.000441 
-0.003452 -0.006943 -0.001566 -0.007594 
-0.015362 0.010352 -0.011812 -0.014269 
-0.007527 0.009824 -0.011961 0.003180 
-0.008310 -0.000465 -0.007810 -0.002878 
-0.007836 -0.001096 -0.007264 -0.003136 
0.002678 -0.007592 0.004660 -0.006565 
-0.003921 -0.007634 -0.001354 -0.008475 
0.000869 0.002119 0.000821 0.002138 
0.002900 -0.010580 0.007745 -0.007769 
-0.008529 -0.001383 -0.007659 -0.003998 
-0.008345 0.000092 -0.008002 -0.002369 
0.002381 -0.002341 0.002490 -0.002225 
-0.013501 -0.012435 0.010652 -0.014949 
-0.003007 0.012385 -0.010255 0.007567 
0.009118 -0.000902 0.008851 0.002370 
-0.000143 0.006532 -0.001330 0.006396 
0.004818 0.015214 -0.011292 0.011277 
-0.004651 0.012869 -0.012491 0.005588 
0.000310 0.004956 -0.000215 0.004961 
0.009576 0.005098 0.005914 0.009094 
0.011654 0.013327 -0.010377 0.014344 
-0.006393 -0.010679 0.001555 -0.012349 
-0.002471 0.011755 -0.008833 0.008140 
-0.000226 0.006265 -0.001274 0.006138 
-0.000743 0.012514 -0.008393 0.009312 
0.014335 -0.015189 0.010262 0.018190 
-0.000088 -0.017970 0.017647 -0.003396 
0.010326 0.000262 0.009147 0.004799 
0.020741 -0.009418 -0.005176 0.022183 
0.014743 0.010602 -0.008184 0.016211 
0.001754 -0.009658 0.005487 -0.008140 
-0.025849 -0.001911 0.025475 -0.004777 
0.003651 -0.001151 0.003716 -0.000919 
-0.013194 0.004096 -0.012003 -0.006839 
-0.002328 -0.008111 0.000220 -0.008436 
0.000426 -0.018142 0.017983 -0.002432 
0.005808 0.000694 0.005644 0.001536 
0.004253 0.006860 0.002195 0.007766 
0.006250 -0.013121 0.014183 -0.003172 
-0.019215 0.006510 -0.002658 -0.020113 
0.002492 0.029330 0.013885 -0.025955 
-0.002018 0.022034 -0.017995 -0.012875 
0.003645 -0.009564 0.007438 -0.007031 
0.004511 0.006668 0.002507 0.007650 
0.013151 -0.011601 0.014507 0.009851 
-0.016654 0.003036 -0.008434 -0.014679 
0.012638 0.009336 -0.001955 0.015591 
0.000294 -0.012155 0.007440 -0.009617 
-0.002334 -0.001739 -0.002270 -0.001822 
0.014388 0.000704 0.008505 0.011627 
-0.017800 -0.009561 0.012604 -0.015791 
-0.005153 0.003592 -0.005684 0.002672 
0.004293 0.014144 -0.008859 0.011832 
0.010669 0.003417 0.007407 0.008405 
-0.000193 0.010331 -0.004741 0.009181 
-0.014751 0.000824 -0.009405 -0.011394 
-0.010705 -0.002593 -0.007998 -0.007573 
0.002997 0.002904 0.002772 0.003119 
0.002859 -0.002569 0.003016 -0.002383 
0.017055 -0.005867 0.008749 0.015772 
0.007474 -0.008445 0.010772 -0.003340 
-0.009456 -0.017961 0.019465 -0.005757 
0.004606 -0.017165 0.017753 0.000825 
0.006487 0.002824 0.005736 0.004141 
0.006885 0.010495 -0.001195 0.012495 
-0.011517 -0.004908 -0.005953 -0.011014 
0.003077 -0.000680 0.003103 -0.000549 
0.018127 -0.011764 0.003077 0.021390 
-0.002512 0.003012 -0.002706 0.002839 
0.003418 0.002701 0.003187 0.002970 
0.016251 -0.001379 0.008021 0.014200 
-0.004194 -0.023200 0.018978 0.013989 
-0.024126 -0.005456 0.023673 -0.007171 
0.003719 -0.008053 0.006176 -0.006366 
-0.022283 0.007210 0.010601 -0.020884 
-0.004014 0.001259 -0.004098 0.000950 
0.011709 -0.009803 0.014573 0.004565 
0.000460 -0.006409 0.001582 -0.006227 
0.002404 0.000519 0.002389 0.000581 
-0.011540 0.014007 -0.015645 -0.009198 
-0.005355 -0.006335 -0.003280 -0.007619 
-0.011833 -0.009202 0.000813 -0.014968 
0.000927 -0.002092 0.000974 -0.002071 
-0.008708 -0.017909 0.018890 -0.006302 
-0.016744 0.017017 0.001936 -0.023795 
-0.002999 0.012444 -0.010333 0.007555 
-0.006605 0.001445 -0.006760 0.000130 
0.002399 -0.000597 0.002413 -0.000534 
-0.002261 -0.009468 0.001668 -0.009591 
0.007787 0.003036 0.006544 0.005199 
-0.013210 -0.010973 0.006492 -0.015899 
-0.004993 -0.003049 -0.004493 -0.003747 
-0.010782 -0.015067 0.013939 -0.012205 
0.002040 -0.001538 0.002082 -0.001481 
-0.004562 0.007266 -0.006593 0.005490 
-0.015234 0.008493 -0.012193 -0.012472 
0.011643 0.011490 -0.005701 0.015332 
-0.018089 0.006482 -0.006240 -0.018174 
0.003498 -0.000924 0.003544 -0.000727 
0.013200 -0.000067 0.009726 0.008925 
0.001295 -0.017869 0.017785 -0.002167 
0.000545 0.002653 0.000461 0.002669 
0.001321 0.005771 0.000441 0.005903 
-0.000194 -0.001297 -0.000184 -0.001298 
0.002824 0.008374 -0.000087 0.008837 
0.004612 -0.003865 0.005154 -0.003105 
-0.001399 0.009976 -0.005476 0.008455 
0.010403 0.018901 -0.021511 0.001657 
-0.007420 0.016353 -0.017448 -0.004246 
-0.017299 0.010034 -0.007428 -0.018568 
-0.015493 -0.008388 0.004480 -0.017038 
-0.007940 0.011340 -0.013712 0.001900 
0.019879 0.004681 -0.008885 0.018389 
-0.012961 -0.009278 0.002233 -0.015782 
-0.008105 -0.008567 -0.001889 -0.011642 
0.010350 -0.000575 0.009525 0.004090 
0.014242 -0.007784 0.013114 0.009564 
-0.021742 0.011366 0.012401 -0.021169 
-0.015984 0.009813 -0.010777 -0.015350 
0.004538 -0.008965 0.007883 -0.006232 
-0.024388 0.004215 0.019173 -0.015651 
0.005632 -0.009414 0.009546 -0.005406 
-0.017281 -0.017252 0.023926 0.004882 
-0.009320 -0.009589 -0.000054 -0.013372 
0.001784 -0.001028 0.001803 -0.000995 
0.006736 0.006532 0.003852 0.008557 
0.002325 -0.018524 0.018647 0.000924 
-0.017341 0.017947 0.007348 -0.023850 
-0.006984 0.010129 -0.011687 0.003843 
-0.001957 -0.000441 -0.001949 -0.000475 
-0.024889 0.004607 0.021231 -0.013781 
0.014436 0.005711 0.002472 0.015327 
0.009014 -0.016590 0.016948 0.008322 
-0.013791 -0.007720 0.000178 -0.015804 
-0.003084 0.026367 -0.000036 -0.026547 
0.025186 0.006552 -0.026020 -0.000488 
-0.007892 0.013049 -0.015243 0.000443 
-0.014148 0.013799 -0.012241 -0.015515 
-0.008381 0.002312 -0.008681 -0.000479 
0.005080 -0.003149 0.005501 -0.002336 
-0.004956 -0.003940 -0.004209 -0.004730 
-0.004703 0.001879 -0.004881 0.001351 
0.003873 0.018459 -0.018269 0.004690 
0.008752 0.013639 -0.008557 0.013762 
0.016683 -0.002959 0.008339 0.014749 
0.001849 0.001385 0.001817 0.001426 
-0.003139 -0.000663 -0.003107 -0.000801 
-0.009138 -0.001727 -0.007889 -0.004923 
0.010156 0.014194 -0.011056 0.013506 
-0.000367 0.003580 -0.000565 0.003554 
-0.016530 -0.000879 -0.005552 -0.015595 
-0.007407 -0.000073 -0.007186 -0.001799 
-0.011150 -0.009769 0.001355 -0.014762 
0.000321 0.007037 -0.001173 0.006946 
0.001209 0.025629 -0.009141 -0.023974 
0.011889 0.003717 0.007055 0.010266 
0.006210 -0.002182 0.006507 -0.000997 
0.003477 -0.001291 0.003547 -0.001084 
0.017232 -0.005642 0.008318 0.016112 
-0.012884 -0.020087 0.022782 0.007103 
0.003039 -0.006300 0.004285 -0.005528 
-0.003428 0.008599 -0.006290 0.006792 
0.018803 -0.004714 0.003929 0.018983 
0.013047 -0.001149 0.010441 0.007907 
-0.013644 -0.015197 0.017797 -0.010019 
