0.002888 0.012527 -0.006293 0.011210 
-0.025454 0.013017 0.028571 0.001036 
-0.002337 0.027308 0.008071 -0.026193 
-0.013707 0.013917 -0.011970 -0.015437 
-0.009354 0.015359 -0.016416 -0.007343 
0.003393 0.000420 0.003366 0.000597 
0.013610 0.000494 0.008837 0.010363 
0.001124 -0.017876 0.017861 -0.001344 
-0.018401 0.011662 -0.000347 -0.021782 
-0.023386 -0.002190 0.019593 -0.012954 
-0.002848 -0.017205 0.016217 -0.006413 
-0.008266 -0.019534 0.021196 0.000815 
0.005078 0.004220 0.004165 0.005123 
0.015532 0.017011 -0.022995 -0.001360 
-0.009548 -0.012166 0.006063 -0.014227 
-0.000939 -0.003210 -0.000777 -0.003253 
0.009457 -0.011875 0.015050 0.001982 
0.006433 -0.022615 0.009057 0.021697 
-0.013286 -0.020306 0.021525 0.011204 
0.007186 -0.008765 0.010793 -0.003461 
-0.002136 0.010831 -0.007436 0.008160 
-0.012187 -0.007466 -0.001552 -0.014207 
0.010105 -0.006865 0.012187 0.000852 
-0.027817 0.003211 0.027162 0.006804 
0.008487 -0.001859 0.008624 0.001053 
0.021287 -0.003531 -0.007283 0.020311 
0.000199 0.015659 -0.013831 0.007345 
0.030050 -0.008281 -0.018660 -0.024968 
0.003975 -0.011596 0.010325 -0.006609 
-0.007893 0.002657 -0.008327 0.000124 
0.009713 -0.006620 0.011752 0.000222 
-0.017266 -0.009353 0.011850 -0.015658 
-0.007487 0.022950 -0.005351 -0.023540 
-0.006647 0.006450 -0.008576 0.003497 
-0.006473 0.000486 -0.006449 -0.000733 
-0.003356 -0.009021 0.000555 -0.009610 
-0.003739 -0.006246 -0.002170 -0.006949 
0.013875 0.018090 -0.022693 -0.002195 
0.022367 0.002168 -0.015823 0.015956 
0.010233 0.002948 0.007518 0.007542 
0.001223 0.024315 -0.012612 -0.020824 
0.031489 -0.002919 -0.010487 -0.029835 
0.009744 0.013539 -0.009678 0.013586 
0.006085 -0.012919 0.013937 -0.003114 
0.007350 -0.005566 0.008890 -0.002445 
-0.002194 -0.017653 0.017090 -0.004936 
-0.020210 -0.004893 0.011704 -0.017187 
0.001115 -0.003482 0.001320 -0.003409 
-0.000436 0.007412 -0.002229 0.007082 
0.017024 -0.002902 0.006846 0.015855 
-0.009762 0.009691 -0.013728 -0.000872 
0.019268 -0.020716 -0.026185 0.010712 
0.007992 -0.013594 0.015729 0.001123 
-0.015055 0.005757 -0.011286 -0.011507 
0.016322 -0.002877 0.008213 0.014395 
0.012910 -0.007703 0.013393 0.006827 
-0.020744 -0.012317 0.024125 -0.000148 
0.003291 0.037535 0.001118 0.037663 
-0.008905 -0.017875 0.019342 -0.004973 
-0.017940 0.000759 -0.003090 -0.017689 
-0.014710 0.012333 -0.011197 -0.015592 
0.006732 -0.003689 0.007460 -0.001811 
0.003972 -0.009802 0.008182 -0.006701 
0.012211 0.001572 0.008533 0.008875 
0.001161 0.002715 0.001054 0.002758 
0.013383 -0.015742 0.010450 0.017824 
0.014653 0.013126 -0.015265 0.012410 
0.001016 -0.005981 0.001981 -0.005734 
-0.004929 -0.025860 0.006119 0.025605 
0.001714 0.007116 -0.000021 0.007320 
0.034499 -0.006908 0.020408 -0.028660 
-0.029284 0.018797 -0.004339 0.034526 
-0.003114 -0.027218 -0.002643 0.027268 
0.000381 0.004042 0.000083 0.004059 
0.010611 -0.019023 0.010702 0.018972 
-0.009509 -0.011053 0.003452 -0.014166 
0.004581 0.014911 -0.011065 0.010994 
0.008926 0.012711 -0.006968 0.013881 
0.001850 0.011357 -0.004796 0.010460 
0.004044 -0.017450 0.017840 0.001610 
-0.005593 -0.006411 -0.003266 -0.007856 
0.008206 0.005118 0.005424 0.008007 
0.015976 -0.001065 0.007568 0.014110 
-0.010391 -0.008278 -0.001455 -0.013205 
-0.000354 0.002746 -0.000448 0.002732 
0.011533 -0.006575 0.012798 0.003528 
-0.005872 -0.025120 0.010020 0.023772 
0.000594 0.033365 0.032386 0.008047 
-0.021830 0.016112 0.023946 -0.012757 
-0.004325 -0.001858 -0.004120 -0.002276 
0.013522 0.017013 -0.021540 0.002881 
0.007649 0.005857 0.004642 0.008441 
0.010783 -0.011311 0.015012 0.004341 
-0.017875 0.010283 -0.003966 -0.020237 
-0.012514 0.002371 -0.010942 -0.006518 
0.002450 -0.002511 0.002584 -0.002373 
0.008850 0.000571 0.008113 0.003581 
0.002657 -0.007731 0.004813 -0.006608 
0.009389 -0.003424 0.009947 0.000962 
-0.010853 -0.020590 0.021752 0.008282 
-0.017499 0.013237 -0.001495 -0.021890 
-0.006550 0.016255 -0.017229 -0.003206 
0.001171 -0.012101 0.008345 -0.008840 
-0.014334 -0.004611 -0.003680 -0.014601 
-0.008801 -0.000252 -0.008194 -0.003224 
-0.006814 -0.004526 -0.005179 -0.006332 
0.018954 -0.000454 -0.000205 0.018959 
0.006566 0.010610 -0.001755 0.012353 
-0.013747 0.007927 -0.013082 -0.008981 
-0.010760 -0.003351 -0.007274 -0.008608 
-0.009790 0.023850 0.005540 -0.025179 
-0.005260 -0.008237 -0.001380 -0.009676 
-0.016172 0.011300 -0.008443 -0.017831 
-0.013400 0.015328 -0.011018 -0.017120 
0.019050 -0.001007 -0.000032 0.019076 
-0.009632 -0.032604 -0.033549 -0.005506 
0.014357 -0.004490 0.011432 0.009777 
0.028657 -0.008508 -0.025312 -0.015903 
0.000865 -0.013917 0.011182 -0.008331 
-0.014102 -0.012954 0.013867 -0.013205 
-0.006649 0.000613 -0.006638 -0.000714 
-0.005659 0.008992 -0.009298 0.005140 
-0.003355 0.010097 -0.007826 0.007209 
0.010627 0.018695 -0.021499 0.000478 
-0.009405 -0.030061 -0.026267 0.017382 
0.006160 -0.010111 0.010917 -0.004583 
-0.012838 -0.000972 -0.008822 -0.009377 
-0.018817 -0.004985 0.007231 -0.018073 
-0.001964 0.005343 -0.002714 0.005004 
0.017183 -0.004835 0.007310 0.016285 
-0.007273 0.010537 -0.012453 0.002975 
-0.005122 -0.005665 -0.003490 -0.006793 
-0.007274 -0.021091 0.021176 0.007023 
-0.008386 -0.002490 -0.007066 -0.005157 
-0.007586 0.001502 -0.007713 -0.000554 
-0.022173 0.012812 0.018970 -0.017202 
-0.004486 0.024775 -0.003293 -0.024962 
0.015700 -0.023090 -0.022511 0.016519 
-0.017292 -0.025583 -0.015414 0.026756 
0.008212 -0.019560 0.014212 0.015749 
-0.007100 0.007280 -0.009600 0.003354 
-0.009141 0.002607 -0.009430 -0.001192 
-0.014631 -0.007812 0.002450 -0.016404 
-0.003744 0.003547 -0.004138 0.003078 
0.008913 0.015853 -0.014951 0.010355 
-0.012050 0.011039 -0.014707 -0.007126 
0.006972 -0.016029 0.017117 0.003543 
0.012073 -0.016695 0.011964 0.016773 
-0.016839 0.001340 -0.006199 -0.015714 
-0.000491 0.000200 -0.000492 0.000199 
-0.001223 0.005793 -0.002112 0.005531 
-0.002960 0.007241 -0.004805 0.006173 
0.001982 0.005637 0.001062 0.005881 
-0.007974 -0.003185 -0.006515 -0.005593 
0.011296 0.016382 -0.018282 0.007857 
-0.010686 0.008077 -0.013236 -0.002058 
-0.015302 0.016376 -0.003275 -0.022172 
-0.009054 -0.011540 0.004274 -0.014031 
-0.003598 0.034674 0.023814 0.025459 
-0.015857 0.011396 -0.009204 -0.017223 
0.010015 0.000339 0.008877 0.004647 
-0.038211 -0.004494 -0.034723 -0.016569 
-0.011111 0.020587 -0.004703 -0.022916 
0.011315 0.030191 0.029332 -0.013385 
0.021682 0.012924 -0.024508 -0.006041 
0.002849 0.000063 0.002845 0.000166 
-0.007724 -0.026695 -0.000722 0.027780 
-0.010414 0.000887 -0.009614 -0.004098 
-0.001967 0.000832 -0.001983 0.000792 
0.005035 -0.011092 0.010794 -0.005646 
-0.027784 -0.001464 0.025956 0.010018 
0.007468 -0.010854 0.012931 -0.002525 
-0.031180 -0.003736 0.005891 0.030845 
-0.012170 -0.010536 0.004758 -0.015378 
0.004970 0.016132 -0.013961 0.009489 
0.025108 0.003663 -0.025188 0.003065 
0.028235 0.004224 -0.022776 -0.017213 
0.033845 -0.005349 0.012540 -0.031888 
0.027480 0.005706 -0.023457 -0.015409 
0.006273 0.020975 -0.021044 -0.006034 
0.008152 -0.021816 0.008235 0.021785 
-0.038124 0.021621 0.009118 -0.042869 
-0.016261 -0.011372 0.014208 -0.013852 
-0.033226 0.003713 -0.005605 0.032959 
-0.005054 0.011640 -0.011471 0.005427 
-0.008228 -0.011257 0.003275 -0.013553 
-0.006190 -0.022708 0.018916 0.014006 
-0.021128 -0.016238 0.020636 0.016858 
-0.029551 0.011664 0.017424 0.026565 
0.002923 -0.010313 0.007610 -0.007549 
0.008234 0.015608 -0.013881 0.010895 
0.001146 -0.010463 0.005977 -0.008664 
0.000208 -0.002732 0.000299 -0.002723 
-0.003100 -0.002679 -0.002891 -0.002903 
-0.003914 -0.010291 0.001950 -0.010836 
-0.005691 0.035333 0.014037 0.032921 
0.005443 0.008880 0.000681 0.010393 
0.008695 0.010314 -0.001512 0.013405 
0.021832 0.009126 -0.022957 0.005736 
0.011851 -0.017640 0.010797 0.018304 
0.018296 0.001596 -0.000415 0.018360 
0.001132 -0.009719 0.005060 -0.008375 
-0.028225 0.009357 0.026271 0.013930 
0.004691 -0.012482 0.012191 -0.005403 
-0.013142 0.011474 -0.013976 -0.010441 
0.004778 0.003789 0.004086 0.004527 
-0.005472 -0.000296 -0.005383 -0.001025 
0.008952 0.012631 -0.006789 0.013914 
0.008254 0.012343 -0.005719 0.013703 
-0.004414 0.010367 -0.009292 0.006374 
0.020880 0.011432 -0.023662 0.002606 
0.000959 -0.004309 0.001329 -0.004209 
0.013480 0.020347 -0.021363 -0.011805 
-0.008500 -0.009161 -0.000631 -0.012481 
-0.022566 0.005841 0.013213 -0.019203 
0.001144 0.011970 -0.006290 0.010248 
0.019812 -0.011247 -0.005217 0.022177 
-0.002820 0.004570 -0.003384 0.004170 
-0.017264 0.009161 -0.006750 -0.018341 
0.019914 -0.020237 -0.026818 0.009323 
0.003004 -0.012368 0.010439 -0.007281 
-0.011887 0.011557 -0.014882 -0.007306 
0.020318 0.016260 -0.022076 -0.013778 
0.011797 0.019308 -0.022311 -0.003770 
-0.016688 0.005911 -0.008662 -0.015441 
-0.008169 0.006468 -0.010242 0.001915 
-0.001775 -0.002288 -0.001689 -0.002353 
-0.005762 0.003659 -0.006394 0.002390 
-0.003380 0.004875 -0.004101 0.004286 
0.001736 -0.017612 0.017649 -0.001303 
-0.013770 -0.002019 -0.007394 -0.011791 
-0.003252 0.001694 -0.003348 0.001496 
0.015914 -0.001622 0.008080 0.013806 
0.004962 -0.003113 0.005379 -0.002319 
-0.015116 0.005302 -0.011060 -0.011588 
-0.012819 0.010750 -0.014243 -0.008778 
-0.014427 -0.003549 -0.005006 -0.013989 
0.028101 0.019912 0.032125 -0.012416 
0.022836 -0.021808 -0.026932 -0.016484 
-0.023615 0.008352 0.019487 -0.015737 
-0.012987 0.008028 -0.013489 -0.007152 
0.021421 -0.022177 -0.029440 -0.009165 
0.023194 -0.011502 -0.021245 0.014796 
0.003026 0.005113 0.002186 0.005525 
0.020772 -0.009872 -0.007840 0.021621 
0.001638 -0.010841 0.006952 -0.008478 
-0.006447 0.007313 -0.008887 0.004008 
0.004482 -0.007582 0.006790 -0.005609 
-0.009871 -0.012021 0.005957 -0.014368 
-0.006796 0.010381 -0.011841 0.003708 
0.015008 -0.016492 0.004048 0.021928 
-0.013710 -0.023440 0.010006 0.025244 
-0.009817 0.001617 -0.009565 -0.002739 
0.012614 0.027670 0.016178 -0.025749 
0.012244 0.007508 0.001425 0.014292 
0.015927 -0.011540 0.008907 0.017536 
0.014228 -0.001975 0.010175 0.010140 
0.008574 -0.033464 -0.022320 -0.026366 
0.004144 -0.005179 0.005075 -0.004270 
0.007127 -0.007942 0.010092 -0.003466 
-0.021536 0.021394 0.029798 0.005791 
-0.004490 0.008394 -0.007433 0.005948 
-0.017827 -0.004083 0.002701 -0.018088 
-0.015967 0.003999 -0.009377 -0.013528 
-0.007704 -0.012899 0.006802 -0.013397 
0.007350 0.002307 0.006489 0.004151 
0.005386 0.019211 -0.019908 0.001320 
0.017999 -0.012203 0.001187 0.021713 
-0.000154 -0.008236 0.002311 -0.007907 
-0.003429 -0.017834 0.017414 -0.005154 
-0.018587 0.014980 0.006967 -0.022833 
0.031549 0.009521 0.013769 -0.029940 
-0.021328 -0.028696 -0.033486 -0.012531 
-0.001940 -0.011479 0.004937 -0.010543 
-0.003505 -0.000023 -0.003499 -0.000215 
0.008808 0.014102 -0.010407 0.012966 
0.002922 -0.002085 0.003037 -0.001913 
-0.009265 -0.020475 0.021718 0.005780 
-0.013820 0.014997 -0.010475 -0.017498 
-0.005460 0.006347 -0.007149 0.004356 
0.015648 0.016147 -0.022409 0.001851 
-0.025802 -0.024637 -0.035199 -0.005809 
-0.026072 0.005641 0.026260 -0.004688 
-0.027801 0.008422 0.027453 0.009495 
-0.027809 0.000362 0.026570 0.008216 
-0.012254 -0.020728 0.021303 0.011225 
0.008718 0.006603 0.004141 0.010122 
-0.026431 -0.006117 0.025262 0.009892 
-0.012586 0.010890 -0.014411 -0.008325 
0.009936 -0.013467 0.015908 0.005198 
0.013559 0.004990 0.004074 0.013862 
-0.002332 0.002494 -0.002459 0.002370 
0.002970 -0.009050 0.006297 -0.007147 
0.005960 0.003356 0.005134 0.004520 
-0.017193 -0.018479 0.021839 0.012655 
0.004224 0.012723 -0.006217 0.011877 
0.023204 -0.008871 -0.018168 0.016942 
-0.006732 0.009220 -0.010693 0.004000 
0.013270 0.022112 -0.016846 -0.019525 
0.034573 -0.013370 0.032256 -0.018265 
0.007921 0.013927 -0.009431 0.012952 
0.003799 0.007973 0.000849 0.008791 
0.005440 -0.015719 0.016633 -0.000032 
-0.024806 -0.007820 0.025565 0.004790 
-0.019023 0.014466 0.007743 -0.022609 
-0.001264 0.004795 -0.001782 0.004628 
-0.004576 0.012863 -0.012594 0.005272 
0.032558 -0.002894 -0.000954 -0.032672 
0.010164 -0.009131 0.013592 0.001389 
-0.015928 -0.017033 0.023189 0.002474 
-0.001684 0.006875 -0.003168 0.006330 
0.004215 0.000340 0.004175 0.000675 
0.022601 -0.013305 -0.021624 0.014841 
-0.025003 -0.016198 0.005145 0.029343 
0.007441 0.000454 0.007102 0.002268 
-0.000868 -0.009599 0.003075 -0.009135 
-0.007035 -0.017910 0.018431 -0.005528 
-0.006891 0.001322 -0.007013 -0.000213 
-0.019168 0.003855 -0.001210 -0.019514 
0.019382 -0.009577 -0.001249 0.021583 
-0.012568 -0.028757 -0.023482 0.020821 
0.005625 0.012174 -0.004856 0.012501 
0.000336 0.003301 0.000174 0.003314 
0.008639 0.006715 0.004011 0.010180 
0.011513 0.006199 0.004029 0.012440 
-0.024745 -0.024756 -0.034992 0.000886 
-0.012385 0.016408 -0.011733 -0.016881 
-0.007054 0.010367 -0.012081 0.003358 
-0.006356 0.022068 -0.011124 -0.020091 
-0.006876 0.001531 -0.007044 -0.000018 
-0.001954 -0.010997 0.004156 -0.010367 
-0.003426 -0.026050 0.004940 0.025805 
-0.015200 -0.019770 0.021242 0.013064 
0.008568 -0.013572 0.015887 0.002286 
0.003171 0.003905 0.002710 0.004238 
0.010859 0.007941 0.001758 0.013338 
0.016300 0.001413 0.004658 0.015684 
0.001643 -0.007389 0.003459 -0.006732 
0.021908 -0.007209 -0.010795 0.020381 
0.025107 -0.002635 -0.023254 0.009825 
0.018069 0.017928 -0.021915 -0.012948 
0.001607 -0.004072 0.001949 -0.003920 
-0.023284 -0.001483 0.018618 -0.014061 
0.010051 0.011756 -0.005465 0.014469 
0.018924 0.001103 -0.001747 0.018875 
-0.021160 -0.019161 0.009437 0.026941 
-0.009270 0.027616 0.024065 -0.016415 
0.003187 0.019563 -0.019816 -0.000444 
0.017949 -0.005003 0.005362 0.017845 
-0.034088 -0.018267 -0.024375 -0.030025 
-0.021436 0.024872 0.022542 0.023874 
0.007030 0.009622 -0.000038 0.011916 
-0.014809 -0.014385 0.018434 -0.009296 
0.000428 -0.004955 0.000972 -0.004878 
-0.015996 0.008837 -0.010074 -0.015247 
0.015023 0.023930 -0.003846 -0.027992 
-0.000998 0.017147 -0.016851 0.003328 
0.003352 -0.026384 -0.003820 0.026321 
0.001371 -0.021325 0.018406 0.010857 
0.025967 -0.010732 -0.028096 0.000215 
0.002113 0.000149 0.002109 0.000191 
-0.029595 0.000591 0.021618 0.020221 
-0.033184 -0.008854 -0.025037 0.023510 
-0.027356 -0.005146 0.024360 0.013470 
-0.028350 -0.001371 0.024843 0.013726 
0.004498 0.008413 0.000805 0.009506 
-0.001428 0.000115 -0.001429 0.000102 
0.012199 -0.004595 0.012013 0.005060 
0.018101 -0.003752 0.004555 0.017916 
0.004565 -0.011601 0.010930 -0.005996 
-0.003068 -0.006761 -0.001327 -0.007305 
-0.020595 0.003197 0.004451 -0.020361 
0.006971 0.005757 0.004456 0.007867 
0.011905 -0.003509 0.011425 0.004849 
0.017824 -0.003393 0.005163 0.017394 
0.005333 -0.003521 0.005883 -0.002495 
0.014913 0.006064 0.000436 0.016093 
-0.003217 -0.012531 0.006160 -0.011377 
-0.016275 0.006252 -0.009554 -0.014584 
0.007548 0.000961 0.007051 0.002859 
-0.004249 -0.020083 0.020419 0.002107 
0.007792 -0.003115 0.008374 -0.000552 
0.016907 -0.017037 -0.005076 0.023459 
-0.007523 -0.030666 -0.027709 0.015139 
0.008131 -0.028865 -0.027366 0.012264 
-0.011726 -0.034521 -0.022757 -0.028483 
0.008809 -0.020368 0.011294 0.019102 
0.012072 -0.009592 0.014259 0.005868 
0.015614 -0.012906 0.008419 0.018425 
0.004384 0.007931 0.001248 0.008975 
0.004860 0.000886 0.004735 0.001410 
0.004623 -0.004346 0.005326 -0.003449 
0.004135 -0.004195 0.004733 -0.003506 
0.005454 0.003432 0.004728 0.004379 
-0.016809 -0.006740 0.004924 -0.017428 
-0.008824 -0.002879 -0.007098 -0.005981 
-0.002304 0.008921 -0.005443 0.007435 
0.010769 -0.002635 0.010561 0.003371 
-0.000790 0.014129 -0.011514 0.008228 
0.003380 0.001025 0.003318 0.001211 
0.006799 -0.001714 0.007009 -0.000192 
-0.016415 0.002573 -0.007867 -0.014635 
0.014978 -0.013571 0.009376 0.017906 
-0.015782 -0.023270 0.005765 0.027520 
0.004699 -0.021049 0.016124 0.014324 
-0.018428 0.025139 0.030126 0.007998 
0.018409 0.013648 -0.022630 0.003610 
0.019170 -0.007178 0.001180 0.020435 
0.006470 0.011095 -0.002662 0.012565 
0.006561 0.007801 0.002376 0.009912 
0.018918 -0.008459 0.001518 0.020667 
-0.012112 -0.017056 0.020350 -0.004846 
0.005894 0.001671 0.005533 0.002631 
0.018059 -0.010703 0.002877 0.020795 
0.026130 -0.003518 -0.025983 0.004477 
-0.008822 -0.036300 -0.010636 -0.035810 
-0.014194 -0.022744 0.012599 0.023665 
0.006132 -0.007876 0.008925 -0.004470 
0.002125 0.002051 0.002044 0.002132 
-0.007571 0.009792 -0.012056 0.002802 
0.010692 0.012811 -0.008694 0.014242 
0.003537 -0.009199 0.007076 -0.006860 
-0.023386 -0.014905 0.018079 0.021028 
-0.007943 -0.015174 0.012614 -0.011585 
0.015956 -0.001739 0.008096 0.013859 
-0.005559 -0.009863 0.000671 -0.011302 
-0.014691 0.017698 -0.001972 -0.022916 
-0.016091 -0.005847 0.001485 -0.017056 
-0.025077 0.009247 0.025500 -0.008007 
0.012463 -0.002603 0.011061 0.006305 
-0.019634 -0.017099 0.021452 0.014755 
-0.008483 0.010232 -0.013238 0.001189 
-0.004536 0.003956 -0.005114 0.003173 
0.018009 -0.011373 0.002292 0.021176 
0.008437 -0.015966 0.016824 0.006562 
-0.001119 -0.026691 -0.000105 0.026714 
0.003632 -0.000945 0.003684 -0.000715 
-0.016387 -0.002482 -0.003188 -0.016265 
0.012848 0.001495 0.008409 0.009828 
-0.006646 -0.032354 -0.032999 0.001406 
-0.032271 -0.000486 0.001452 0.032242 
0.006954 -0.012349 0.013990 -0.002269 
-0.003173 0.018672 -0.018563 -0.003755 
-0.001790 -0.014127 0.010012 -0.010127 
0.006789 -0.003936 0.007603 -0.001944 
-0.002121 -0.009616 0.002110 -0.009618 
-0.004659 0.006036 -0.006053 0.004638 
0.003008 -0.018047 0.018223 0.001634 
-0.011019 0.020728 -0.004472 -0.023045 
-0.011013 0.005249 -0.011906 -0.002663 
-0.000835 0.002301 -0.000896 0.002278 
0.016684 -0.001510 0.006642 0.015379 
-0.016443 -0.020713 0.016808 0.020419 
-0.011390 -0.006921 -0.003057 -0.012972 
-0.013344 -0.000853 -0.008700 -0.010153 
-0.013376 0.008222 -0.013387 -0.008205 
0.006027 0.007731 0.002263 0.009538 
0.004823 -0.010781 0.010208 -0.005941 
0.000629 -0.009388 0.004196 -0.008421 
-0.023368 -0.010572 0.025022 0.005631 
-0.000728 0.007245 -0.002407 0.006872 
-0.016746 -0.015340 0.022604 -0.002188 
-0.002441 -0.007248 -0.000486 -0.007633 
-0.002765 -0.004357 -0.002229 -0.004654 
0.000203 -0.000714 0.000205 -0.000713 
0.001466 -0.028710 -0.016242 0.023719 
-0.010905 0.026572 0.023066 -0.017115 
0.003282 -0.017484 0.017783 0.000503 
0.005483 0.002789 0.004936 0.003672 
0.014581 0.000622 0.007959 0.012233 
-0.027590 -0.014547 -0.003668 0.030974 
-0.022240 0.022966 0.025988 0.018619 
-0.016778 -0.008580 0.008836 -0.016645 
-0.003935 -0.001473 -0.003807 -0.001778 
-0.019064 0.019042 0.020889 -0.017020 
0.011533 0.008236 0.000760 0.014151 
0.010341 -0.018503 0.012405 0.017187 
-0.021404 -0.007142 0.019288 -0.011709 
-0.016738 0.020414 0.016138 -0.020892 
-0.009165 -0.008796 -0.001081 -0.012657 
-0.003321 0.003363 -0.003640 0.003015 
-0.007398 -0.016107 0.014646 -0.009982 
-0.019766 0.004071 0.000910 -0.020160 
-0.000004 -0.019437 0.019306 0.002257 
-0.023582 -0.015015 0.017023 0.022176 
-0.029038 0.018484 -0.000435 0.034419 
0.004227 -0.005646 0.005367 -0.004576 
0.001843 0.019128 -0.019214 0.000337 
-0.009498 0.012402 -0.015389 -0.002683 
0.004294 -0.008727 0.007495 -0.006199 
0.007482 0.014146 -0.009778 0.012668 
-0.005398 0.014296 -0.015069 0.002537 
0.004135 0.007636 0.001379 0.008574 
-0.012214 0.003531 -0.011500 -0.005421 
0.022141 -0.025315 -0.016504 -0.029303 
-0.010537 -0.025865 0.001244 0.027901 
0.017452 -0.013447 0.001307 0.021993 
-0.003913 -0.032589 -0.032817 0.000657 
0.004871 -0.018714 0.018138 0.006703 
0.017402 -0.007815 0.006855 0.017802 
0.016069 -0.005310 0.009705 0.013865 
0.011702 -0.011442 0.014929 0.006707 
-0.000661 -0.012999 0.008442 -0.009906 
0.004577 -0.009268 0.008323 -0.006130 
0.006021 -0.001693 0.006224 -0.000620 
0.006788 -0.021638 0.011672 0.019443 
-0.013553 0.023589 0.017225 -0.021058 
-0.011289 0.004464 -0.011662 -0.003374 
-0.011084 -0.021841 0.019661 0.014606 
-0.018238 -0.009628 0.015003 -0.014151 
-0.010127 0.009854 -0.014028 -0.001691 
-0.009889 0.011487 -0.014949 -0.002507 
-0.000507 0.022657 -0.016652 -0.015372 
-0.021533 -0.005765 0.017600 -0.013679 
-0.008327 -0.010948 0.002662 -0.013495 
-0.006146 0.000894 -0.006208 -0.000172 
0.004957 0.033660 0.032386 0.010427 
0.026940 0.003613 -0.026034 -0.007811 
0.008757 0.015261 -0.013355 0.011455 
-0.007288 0.018088 -0.017012 -0.009533 
-0.016203 -0.017166 0.023299 0.003792 
-0.005657 0.031721 0.032057 0.003250 
-0.022388 0.014864 0.023553 -0.012939 
-0.002064 -0.007737 0.000205 -0.008005 
0.005379 0.014156 -0.009298 0.011953 
0.010533 0.016259 -0.017276 0.008765 
-0.015605 -0.006253 0.001219 -0.016767 
0.004034 -0.006494 0.005573 -0.005233 
-0.010020 -0.023607 0.014596 0.021087 
0.003939 0.005964 0.002488 0.006700 
0.000693 -0.003088 0.000830 -0.003054 
-0.013846 -0.005991 -0.002192 -0.014927 
-0.011035 0.003731 -0.011195 -0.003220 
0.002824 -0.005108 0.003565 -0.004621 
-0.015199 0.003789 -0.010320 -0.011783 
-0.019221 0.012666 0.004871 -0.022498 
0.014135 0.027696 0.020151 -0.023682 
-0.010086 -0.002494 -0.007780 -0.006886 
0.012659 -0.004388 0.011957 0.006045 
0.007828 0.003858 0.006092 0.006248 
0.020065 -0.001833 -0.003036 0.019918 
-0.003734 -0.022953 0.018035 0.014680 
0.001460 0.003046 0.001303 0.003117 
-0.002175 0.006523 -0.003494 0.005922 
-0.001196 0.014011 -0.011586 0.007968 
0.006263 0.002412 0.005655 0.003615 
-0.017166 0.005397 -0.007488 -0.016362 
0.002692 0.005462 0.001755 0.005831 
0.005893 -0.017288 0.017707 0.004479 
-0.026298 0.011168 0.028421 0.002933 
-0.009270 -0.001878 -0.007809 -0.005336 
-0.001157 -0.011133 0.004928 -0.010049 
0.012031 -0.001475 0.010432 0.006172 
0.002032 -0.016228 0.015839 -0.004072 
-0.016815 -0.005008 0.001638 -0.017468 
-0.003577 0.010939 -0.009070 0.007085 
0.016256 0.007689 -0.005577 0.017096 
0.003767 -0.012049 0.010724 -0.006662 
0.017092 -0.009717 0.006949 0.018392 
-0.001574 0.009036 -0.004779 0.007828 
-0.003521 -0.004572 -0.002804 -0.005043 
-0.008994 -0.015147 0.013237 -0.011623 
-0.003158 -0.011016 0.003467 -0.010922 
0.003191 0.008134 0.000287 0.008733 
0.010366 -0.007718 0.012851 0.001366 
0.022726 -0.011513 -0.019290 0.016641 
-0.032311 0.016282 -0.022404 0.028411 
-0.007952 -0.012005 0.004816 -0.013570 
-0.011870 -0.000682 -0.009179 -0.007557 
-0.009040 -0.001744 -0.007755 -0.004962 
-0.004074 -0.004151 -0.003403 -0.004717 
-0.018874 0.004924 -0.002464 -0.019350 
0.012185 0.021560 -0.019654 -0.015068 
0.010029 0.018682 -0.021171 0.001175 
-0.012780 -0.003344 -0.006740 -0.011361 
0.003335 -0.008379 0.006095 -0.006647 
0.011816 -0.000290 0.009759 0.006668 
-0.000688 -0.007592 0.001284 -0.007515 
0.003711 0.009931 -0.001525 0.010491 
0.002717 0.000562 0.002696 0.000656 
-0.007053 0.008544 -0.010472 0.003617 
0.019100 -0.018602 -0.019709 0.017956 
-0.032645 -0.002146 -0.004356 0.032424 
-0.023223 0.009040 0.018419 -0.016786 
0.023000 -0.005009 -0.014975 0.018161 
0.012676 -0.008435 0.013722 0.006598 
0.001891 0.009164 -0.001745 0.009193 
0.022321 0.014190 -0.022559 -0.013809 
-0.005306 0.003092 -0.005749 0.002159 
-0.000938 0.003053 -0.001076 0.003007 
0.011054 -0.001833 0.010336 0.004327 
-0.004719 0.023301 -0.009637 -0.021733 
-0.018620 -0.033597 -0.007600 -0.037653 
0.012536 -0.010474 0.014368 0.007773 
0.017716 0.012267 -0.019288 0.009607 
0.000026 0.008829 -0.002988 0.008308 
-0.018619 0.010422 -0.001015 -0.021314 
0.037930 -0.016815 0.022830 0.034644 
0.019042 -0.016906 -0.014359 0.021029 
0.012893 -0.014699 0.012806 0.014775 
-0.010706 0.029220 0.031099 -0.001120 
-0.015926 0.002756 -0.008795 -0.013560 
-0.025769 0.007134 0.026101 -0.005800 
0.016854 0.030341 0.034259 0.005562 
-0.015378 0.013469 -0.008404 -0.018635 
-0.011037 -0.000045 -0.009420 -0.005751 
-0.016703 0.005714 -0.008596 -0.015419 
-0.019896 0.009079 0.002990 -0.021664 
-0.007634 -0.005396 -0.005006 -0.007895 
0.008340 0.001877 0.007298 0.004451 
0.004038 -0.010038 0.008510 -0.006681 
-0.023078 0.003715 0.015237 -0.017727 
-0.022579 0.009312 0.015778 -0.018643 
-0.015172 0.018416 0.002154 -0.023763 
-0.012927 0.000832 -0.010030 -0.008197 
-0.001724 -0.002630 -0.001606 -0.002704 
-0.009753 0.025525 0.014471 -0.023178 
0.020587 0.001541 -0.008182 0.018954 
0.025124 -0.000888 -0.023581 0.008716 
0.004336 -0.028704 -0.020253 0.020797 
0.020858 -0.017535 -0.023589 0.013641 
0.009373 -0.017155 0.015726 0.011612 
0.000254 -0.009958 0.004500 -0.008887 
-0.008833 0.013579 -0.015943 -0.002866 
-0.000530 0.004955 -0.001075 0.004866 
0.020260 0.017411 -0.019444 -0.018318 
-0.023229 0.003464 0.015918 -0.017268 
0.001763 -0.008922 0.004866 -0.007683 
0.015253 -0.002950 0.009815 0.012043 
-0.001399 0.016946 -0.016674 0.003330 
0.026071 -0.021781 -0.008526 -0.032885 
0.001382 0.007563 -0.000640 0.007662 
-0.000876 -0.013534 0.009313 -0.009859 
0.020699 0.016903 -0.019863 -0.017878 
-0.008371 -0.003510 -0.006548 -0.006287 
-0.018991 -0.010357 0.018415 -0.011350 
0.012246 -0.013555 0.014495 0.011118 
-0.035356 -0.003195 -0.029995 0.018988 
0.006712 -0.021008 0.013521 0.017423 
-0.013415 -0.006471 -0.001938 -0.014768 
-0.018178 0.017756 0.013057 -0.021800 
0.017956 -0.003832 0.004992 0.017669 
0.002879 -0.006790 0.004428 -0.005898 
-0.009782 0.012177 -0.015321 -0.003036 
0.007158 -0.007560 0.009854 -0.003360 
-0.007250 -0.024654 0.011825 0.022815 
-0.026842 0.016413 0.023427 0.021001 
-0.002788 -0.001113 -0.002741 -0.001224 
0.015787 0.012834 -0.016673 0.011659 
0.002531 0.003659 0.002198 0.003868 
-0.000256 0.018284 -0.018249 0.001157 
0.010353 -0.010484 0.014502 0.002608 
-0.006139 -0.018988 0.019847 -0.002088 
-0.007878 0.019809 -0.014269 -0.015839 
0.004132 -0.008996 0.007555 -0.006397 
0.011224 -0.014911 0.015079 0.010997 
-0.010408 -0.027995 -0.013967 0.026400 
-0.021329 0.013874 0.017233 -0.018720 
0.022221 -0.003095 -0.011516 0.019255 
0.021171 -0.013524 -0.015785 0.019543 
-0.003755 0.006205 -0.005097 0.005160 
-0.009254 0.002339 -0.009424 -0.001515 
0.015509 -0.020234 -0.010282 0.023328 
0.005262 -0.017019 0.017624 0.002599 
-0.008902 -0.029151 -0.019901 0.023086 
-0.016007 0.024511 0.027913 -0.008823 
-0.001009 0.017631 -0.017532 0.002126 
-0.007114 -0.004268 -0.005489 -0.006220 
-0.018499 -0.018647 0.019586 0.017501 
0.003235 0.010203 -0.002175 0.010480 
0.012640 0.018631 -0.022408 -0.002180 
-0.003788 0.013556 -0.012889 0.005655 
0.009120 -0.000411 0.008645 0.002934 
0.003003 0.013244 -0.007676 0.011203 
0.018170 0.007264 -0.009720 0.016984 
-0.004110 -0.008092 -0.000925 -0.009029 
-0.005127 0.000330 -0.005130 -0.000275 
-0.005051 0.003732 -0.005627 0.002789 
0.000904 -0.011178 0.006719 -0.008979 
-0.009998 0.010185 -0.014177 -0.001639 
0.014193 -0.034003 0.006453 -0.036277 
-0.018053 -0.019049 0.019257 0.017831 
0.009392 -0.013300 0.015860 0.003681 
0.004305 -0.021464 0.015753 0.015200 
-0.017680 0.015036 0.003019 -0.023013 
-0.018730 0.012974 0.003226 -0.022555 
0.002820 -0.012010 0.009743 -0.007568 
-0.004799 -0.017630 0.017191 -0.006189 
-0.019672 0.015642 0.013745 -0.021041 
0.015641 0.024820 0.004100 -0.029050 
0.004778 0.029439 0.018527 -0.023372 
-0.006487 0.026945 0.013898 -0.023978 
-0.021856 0.021067 0.029708 0.006239 
0.009456 -0.010031 0.013778 0.000467 
0.029869 0.002128 -0.017796 -0.024083 
0.030664 0.003012 -0.011266 -0.028678 
-0.009134 0.014375 -0.016317 -0.004883 
0.006255 -0.010344 0.011252 -0.004419 
0.003944 0.014558 -0.010298 0.011020 
0.003650 0.001703 0.003517 0.001962 
-0.013055 0.009417 -0.013869 -0.008172 
0.004700 -0.013695 0.013816 -0.004332 
-0.016756 -0.005594 0.002554 -0.017479 
-0.007971 -0.002491 -0.006824 -0.004814 
-0.010455 0.013901 -0.015844 -0.007176 
-0.009691 -0.001765 -0.008054 -0.005671 
-0.013518 -0.004348 -0.004989 -0.013295 
0.002595 0.031925 0.031319 -0.006715 
0.013620 0.024737 -0.002350 -0.028141 
-0.017698 0.009981 -0.004836 -0.019735 
-0.009016 -0.012764 0.007157 -0.013892 
-0.016915 0.003298 -0.007292 -0.015615 
0.020668 -0.007766 -0.005398 0.021409 
-0.018628 0.016202 0.010418 -0.022382 
0.011876 0.009269 -0.001587 0.014981 
0.005030 -0.016013 0.016783 -0.000138 
0.012449 0.003898 0.006338 0.011402 
0.023360 -0.003582 -0.016480 0.016939 
0.020308 -0.015151 -0.015444 0.020086 
0.007724 0.006521 0.004060 0.009257 
0.007203 0.005479 0.004766 0.007693 
0.020709 0.001516 -0.008617 0.018892 
-0.002286 -0.035438 -0.023289 -0.026808 
0.005326 0.008460 0.001152 0.009930 
0.022282 0.013414 -0.023733 -0.010637 
-0.012933 -0.002282 -0.007693 -0.010644 
-0.008312 -0.017211 0.017684 -0.007252 
-0.015671 0.022502 0.020145 -0.018604 
-0.009581 -0.021707 0.020495 0.011956 
0.012275 -0.003821 0.011651 0.005435 
0.011004 -0.006575 0.012575 0.002488 
0.006508 -0.003567 0.007181 -0.001875 
-0.021825 0.004877 0.009587 -0.020204 
-0.000675 -0.000683 -0.000672 -0.000686 
-0.003786 -0.010025 0.001620 -0.010593 
0.012518 0.011649 -0.007965 0.015131 
-0.029124 -0.021622 -0.035301 -0.008341 
-0.021344 -0.001798 0.011422 -0.018120 
-0.012714 -0.009632 0.003385 -0.015587 
-0.000069 0.035885 0.018129 0.030969 
-0.013699 0.014568 -0.011306 -0.016494 
-0.000009 0.000532 -0.000010 0.000532 
-0.010606 -0.001374 -0.008580 -0.006384 
0.011782 0.003651 0.006870 0.010244 
0.002067 -0.002697 0.002203 -0.002587 
-0.006292 0.012528 -0.013658 0.003162 
-0.010286 0.006704 -0.012222 -0.001174 
0.026971 0.014263 -0.002081 -0.030439 
-0.014567 -0.021742 0.016311 0.020466 
0.018756 -0.001227 0.001093 0.018764 
-0.003018 0.014073 -0.013057 0.006056 
0.001507 0.004686 0.000992 0.004821 
-0.009514 0.010759 -0.014322 -0.001070 
-0.014114 0.018406 -0.001960 -0.023111 
0.003966 0.015467 -0.012384 0.010079 
-0.009782 0.004078 -0.010538 -0.001129 
0.008479 -0.002173 0.008717 0.000798 
0.017179 -0.003407 0.006766 0.016154 
0.022242 -0.011190 -0.016641 0.018521 
-0.014475 0.016083 -0.006758 -0.020555 
0.005862 -0.010138 0.010625 -0.004924 
-0.032874 0.005524 -0.002806 0.033217 
-0.016933 -0.012973 0.019156 -0.009384 
-0.020902 -0.005437 0.014990 -0.015549 
-0.001023 0.001862 -0.001060 0.001841 
0.009627 -0.009648 0.013617 0.000589 
-0.010868 -0.008486 -0.000808 -0.013765 
-0.005266 0.016511 -0.017276 -0.001373 
-0.002436 0.005656 -0.003355 0.005164 
0.016297 0.000477 0.005657 0.015291 
0.001201 0.000620 0.001196 0.000630 
0.001962 -0.003121 0.002147 -0.002996 
-0.003628 -0.002405 -0.003412 -0.002703 
-0.009388 -0.020180 0.021785 0.004558 
0.014556 0.031831 0.033109 0.011353 
-0.021534 0.004491 0.008258 -0.020389 
0.002725 -0.011620 0.009096 -0.007727 
-0.013322 -0.018744 0.022652 0.003961 
0.011712 0.005016 0.005440 0.011522 
0.000379 0.012021 -0.006934 0.009826 
0.015016 -0.010797 0.011434 0.014536 
-0.000802 -0.013046 0.008437 -0.009983 
-0.024420 0.013618 0.027610 -0.004414 
0.006349 -0.015732 0.016883 0.001664 
-0.001991 -0.025486 0.007576 0.024415 
-0.005789 0.006687 -0.007728 0.004301 
-0.002040 0.021736 -0.017359 -0.013239 
0.008882 -0.028151 -0.025691 0.014537 
-0.038406 0.023245 0.025461 -0.036974 
-0.008732 0.006401 -0.010762 0.001178 
-0.023762 0.007745 0.019636 -0.015460 
-0.008029 -0.021416 0.021004 0.009052 
-0.009202 -0.024424 0.011573 0.023394 
-0.028237 -0.005253 0.021466 0.019082 
-0.032458 0.008633 -0.002209 0.033513 
-0.004632 -0.010066 0.001294 -0.011005 
-0.008317 -0.009206 -0.000585 -0.012393 
-0.007461 -0.015675 0.013617 -0.010767 
0.011352 -0.015912 0.014231 0.013400 
-0.006371 0.018807 -0.017263 -0.009813 
0.019166 -0.029524 -0.006076 -0.034671 
0.011641 -0.019041 0.008034 0.020821 
-0.004682 0.002747 -0.005002 0.002109 
0.007973 -0.004607 0.009111 -0.001333 
-0.012086 0.004389 -0.011892 -0.004890 
0.007153 0.009192 0.000645 0.011630 
0.000922 0.002317 0.000858 0.002342 
0.010048 -0.013490 0.015896 0.005501 
0.002334 -0.002150 0.002429 -0.002042 
-0.008992 -0.002106 -0.007564 -0.005298 
-0.011430 0.001899 -0.010507 -0.004882 
0.008922 0.018838 -0.020789 0.001511 
0.003173 -0.026190 -0.002302 0.026280 
-0.030055 0.013263 0.009953 0.031308 
-0.001361 -0.020979 0.019831 0.006981 
0.010503 0.004373 0.006407 0.009401 
0.022067 -0.007919 -0.012047 0.020113 
0.001108 -0.032045 -0.031945 0.002754 
0.010807 0.005631 0.005049 0.011091 
-0.007698 -0.003532 -0.006194 -0.005777 
0.007913 0.006964 0.003642 0.009892 
-0.002337 -0.022669 0.018196 0.013721 
-0.014712 -0.008898 0.004975 -0.016458 
-0.011919 0.017919 -0.010054 -0.019027 
-0.024942 0.007308 0.023842 -0.010349 
-0.031475 -0.003422 0.004009 0.031406 
-0.029627 -0.005409 0.013929 0.026702 
0.004255 -0.030332 -0.028409 0.011447 
-0.005955 0.016569 -0.017385 -0.002784 
0.000531 0.001477 0.000515 0.001483 
0.024617 -0.011702 -0.026290 0.007196 
-0.028247 -0.014229 -0.006971 0.030851 
0.018440 0.007451 -0.010895 0.016638 
0.020849 -0.020174 -0.028680 0.004374 
0.012858 -0.007119 0.013175 0.006513 
0.010036 0.002048 0.008029 0.006361 
-0.010929 0.000797 -0.009802 -0.004899 
-0.007563 0.022894 -0.005404 -0.023497 
-0.008188 0.002083 -0.008428 -0.000588 
0.002157 -0.005942 0.003177 -0.005465 
0.003053 0.007361 0.000871 0.007921 
-0.002115 -0.004112 -0.001713 -0.004295 
-0.002773 0.008253 -0.005356 0.006864 
-0.002026 -0.022331 0.018703 0.012367 
-0.001059 -0.017833 0.017491 -0.003633 
-0.015719 -0.015739 0.022008 -0.003229 
-0.009300 0.009564 -0.013340 0.000061 
-0.001261 0.000276 -0.001263 0.000266 
0.013993 -0.011796 0.012808 0.013074 
-0.001947 0.002558 -0.002063 0.002465 
-0.004928 -0.010669 0.002152 -0.011554 
0.014061 -0.009270 0.013054 0.010641 
-0.014284 -0.002943 -0.005916 -0.013330 
-0.005051 0.021913 -0.013726 -0.017812 
0.010882 -0.024539 -0.012732 0.023632 
-0.021044 -0.021370 -0.002944 0.029847 
0.008729 -0.007845 0.011656 -0.001369 
-0.007654 0.009591 -0.011962 0.002735 
-0.018112 0.011934 -0.001131 -0.021661 
-0.009179 0.020046 -0.011356 -0.018899 
-0.006410 -0.007621 -0.002525 -0.009633 
-0.022241 0.003081 0.011607 -0.019221 
0.002586 0.000966 0.002552 0.001054 
0.012670 -0.000088 0.009608 0.008259 
-0.012907 -0.007396 -0.000922 -0.014848 
0.010275 0.024199 -0.011578 -0.023604 
0.009115 0.017056 -0.017878 0.007373 
0.014735 0.013594 -0.016533 0.011341 
0.019748 -0.010679 -0.004123 0.022069 
0.016626 -0.005328 0.008668 0.015156 
0.020024 -0.000648 -0.003777 0.019676 
0.020924 -0.001280 -0.006808 0.019826 
0.005188 0.011106 -0.002844 0.011924 
-0.009794 0.012361 -0.015424 -0.003290 
-0.003402 0.003615 -0.003778 0.003220 
-0.004470 0.020042 -0.017697 -0.010416 
0.000085 -0.003552 0.000285 -0.003542 
-0.000645 0.017403 -0.017137 0.003103 
0.030659 -0.006410 -0.016016 -0.026917 
-0.006892 -0.001234 -0.006460 -0.002701 
0.005015 -0.004194 0.005720 -0.003166 
-0.019079 -0.009324 0.016606 -0.013236 
0.013231 -0.000994 0.010051 0.008661 
0.012196 0.000292 0.009420 0.007752 
0.024901 -0.012257 -0.027406 0.004382 
-0.007867 0.004386 -0.008911 0.001313 
-0.013763 -0.008559 0.002562 -0.016004 
-0.021428 -0.001735 0.011675 -0.018051 
0.003969 0.029887 0.021339 -0.021299 
0.032203 -0.002693 -0.004239 -0.032037 
-0.007132 0.011296 -0.013064 0.002792 
-0.009779 0.006731 -0.011868 -0.000317 
-0.003732 0.012578 -0.011427 0.006446 
0.015437 0.008524 -0.005590 0.016725 
-0.008109 -0.029795 -0.023225 0.020349 
0.007355 0.013204 -0.007406 0.013176 
0.033523 -0.018994 0.037986 -0.006449 
0.022186 0.003008 -0.016104 0.015554 
-0.019693 0.009213 0.002234 -0.021627 
-0.018813 0.015569 0.009538 -0.022480 
-0.006724 0.008823 -0.010342 0.004012 
0.013303 0.016001 -0.019683 0.006752 
-0.015743 0.019590 0.008770 -0.023552 
-0.006400 0.001915 -0.006652 0.000610 
-0.005471 0.013559 -0.014227 0.003369 
-0.010608 0.003682 -0.010935 -0.002549 
0.007476 0.029689 0.021925 -0.021369 
0.009986 0.012620 -0.007535 0.014220 
0.004020 0.012472 -0.005759 0.011770 
-0.003161 -0.005690 -0.002035 -0.006183 
-0.014657 0.019905 0.005447 -0.024111 
-0.012493 0.015357 -0.012877 -0.015037 
-0.004087 -0.021960 0.019878 0.010190 
-0.011772 0.006925 -0.013042 -0.004055 
0.031762 -0.002716 -0.008162 -0.030816 
-0.002624 0.032412 0.032383 0.002964 
-0.008099 0.025622 0.010209 -0.024857 
0.008973 0.030116 0.026087 -0.017521 
-0.015749 0.012964 -0.007964 -0.018780 
0.013554 0.002929 0.006638 0.012174 
-0.010732 0.002785 -0.010608 -0.003225 
-0.015554 -0.004756 -0.001502 -0.016196 
-0.031908 0.001282 0.006282 0.031309 
-0.028518 -0.004067 0.021916 0.018694 
-0.012515 -0.020896 0.020900 0.012508 
0.012086 -0.015251 0.013687 0.013833 
-0.012966 -0.011210 0.007521 -0.015402 
-0.015659 0.020145 0.010563 -0.023226 
-0.000457 -0.014821 0.012072 -0.008611 
0.004018 0.005594 0.002752 0.006314 
0.002629 0.003950 0.002219 0.004194 
0.010462 0.020519 -0.021812 -0.007398 
-0.014900 -0.012260 0.013580 -0.013708 
-0.002497 -0.004750 -0.001867 -0.005031 
0.008097 -0.007701 0.010946 -0.002248 
0.003849 -0.010880 0.009285 -0.006854 
-0.002874 -0.011581 0.004566 -0.011024 
0.000476 0.033987 0.030844 0.014282 
0.012537 -0.012382 0.014467 0.010060 
-0.018003 -0.009135 0.013299 -0.015189 
0.006425 0.001617 0.005986 0.002838 
0.000232 -0.011868 0.007173 -0.009458 
-0.010087 0.034607 0.007022 0.035356 
0.012354 0.024067 -0.009203 -0.025439 
-0.019143 0.008369 -0.000699 -0.020881 
0.002768 -0.012460 0.010354 -0.007464 
-0.011626 -0.006534 -0.003486 -0.012873 
0.005291 -0.007154 0.007441 -0.004879 
-0.006637 -0.016533 0.015326 -0.009083 
-0.004561 0.004321 -0.005248 0.003454 
0.018498 0.019828 -0.015493 -0.022255 
-0.001546 -0.002782 -0.001419 -0.002849 
0.018760 -0.005559 0.002904 0.019350 
-0.021504 -0.017063 0.017173 0.021416 
0.002095 0.038639 -0.013286 0.036344 
-0.010985 0.011913 -0.015239 -0.005509 
0.004564 -0.015113 0.015575 -0.002582 
-0.001873 0.009498 -0.005572 0.007917 
0.005351 -0.002270 0.005631 -0.001440 
0.005829 -0.009378 0.009843 -0.005002 
-0.007149 -0.030866 -0.028439 0.013966 
-0.011444 0.023943 0.011532 -0.023900 
0.012431 0.016502 -0.019676 0.006301 
0.003650 -0.010129 0.008185 -0.006995 
0.000125 0.011395 -0.006140 0.009600 
-0.000939 -0.011534 0.005719 -0.010061 
-0.035706 0.007137 -0.030874 0.019304 
-0.014384 0.019787 0.003891 -0.024151 
-0.001214 -0.006039 -0.000179 -0.006157 
-0.007231 -0.019956 0.021132 0.001986 
-0.000012 -0.015712 0.014016 -0.007101 
-0.035565 -0.006376 -0.034775 0.009808 
0.003518 0.011866 -0.004774 0.011419 
0.028884 -0.012539 -0.020129 -0.024214 
-0.024138 -0.026433 -0.034495 -0.009562 
-0.007929 -0.027914 -0.009748 0.027332 
0.010753 0.009799 -0.001649 0.014455 
0.006541 0.003189 0.005612 0.004632 
0.008530 0.014319 -0.010782 0.012710 
-0.005496 -0.013945 0.008807 -0.012129 
0.004429 0.002413 0.004127 0.002899 
0.016756 -0.001829 0.006727 0.015455 
-0.009526 -0.002828 -0.007407 -0.006624 
0.001078 -0.007341 0.002833 -0.006858 
-0.005209 -0.007475 -0.002147 -0.008854 
-0.016369 -0.005687 0.001813 -0.017234 
0.028354 0.016189 0.017553 -0.027530 
0.016115 -0.019045 -0.008335 0.023515 
-0.001280 -0.000292 -0.001278 -0.000302 
0.007461 -0.012894 0.014874 -0.000819 
-0.019422 -0.007240 0.013430 -0.015788 
-0.016486 0.006504 -0.009169 -0.015166 
-0.007823 -0.000133 -0.007497 -0.002240 
-0.020344 0.017118 0.020611 -0.016796 
0.034679 -0.016314 0.037818 -0.006214 
0.021030 -0.009257 -0.008366 0.021401 
-0.008336 0.013202 -0.015562 -0.001266 
-0.004507 0.021550 -0.015335 -0.015797 
-0.009442 0.002354 -0.009576 -0.001729 
-0.009552 -0.008211 -0.001909 -0.012450 
-0.004503 0.002819 -0.004822 0.002231 
0.003733 0.006440 0.002042 0.007158 
0.022651 -0.010031 -0.016947 0.018070 
-0.013706 -0.013834 0.015410 -0.011906 
-0.014220 -0.011349 0.009988 -0.015207 
-0.008249 0.010678 -0.013426 0.001346 
0.017570 -0.015723 -0.004269 0.023188 
-0.012654 -0.028882 -0.024428 0.019939 
0.000265 0.011847 -0.006737 0.009748 
-0.007055 -0.007173 -0.003212 -0.009534 
0.001352 0.035976 0.018259 0.031027 
-0.008360 -0.007970 -0.002447 -0.011288 
0.003338 -0.000287 0.003348 -0.000119 
-0.019813 0.009166 0.002710 -0.021662 
-0.011859 0.007411 -0.013296 -0.004330 
-0.013213 0.004448 -0.011933 -0.007208 
-0.019067 -0.003669 0.005796 -0.018531 
0.002097 0.003114 0.001897 0.003240 
0.016255 -0.014597 0.003712 0.021530 
-0.026538 -0.005107 0.025733 0.008256 
-0.001450 0.020974 -0.018721 -0.009566 
-0.009347 0.004225 -0.010247 -0.000465 
-0.007361 0.022161 -0.008782 -0.021637 
0.021700 0.008116 -0.021460 0.008730 
-0.026392 -0.011135 0.017296 0.022834 
0.008176 0.010538 -0.001791 0.013217 
0.010297 0.020219 -0.021941 -0.005779 
-0.014127 0.000388 -0.009171 -0.010753 
-0.012113 -0.007039 -0.002339 -0.013813 
-0.006179 0.010054 -0.010879 0.004571 
0.002072 0.017663 -0.017116 0.004828 
0.034862 -0.001767 0.021924 -0.027163 
-0.003427 0.012849 -0.011539 0.006611 
0.007966 -0.018308 0.016249 0.011602 
0.000090 0.000458 0.000090 0.000458 
-0.004514 -0.000459 -0.004452 -0.000871 
-0.006419 0.010506 -0.011585 0.004167 
0.022895 0.007960 -0.023836 0.004406 
-0.008533 -0.032686 -0.033500 -0.004358 
0.011375 0.016641 -0.018896 0.007019 
0.022724 0.015274 -0.019104 -0.019615 
0.031816 -0.003610 -0.007799 -0.031056 
0.011476 -0.018383 0.010124 0.019161 
-0.021124 -0.011924 0.024257 0.000009 
-0.009042 -0.008802 -0.001104 -0.012570 
-0.003323 -0.008420 -0.000090 -0.009051 
-0.002769 -0.006659 -0.001162 -0.007118 
-0.012350 -0.005697 -0.004180 -0.012942 
-0.009232 0.009837 -0.013491 0.000057 
0.004835 -0.011406 0.010963 -0.005769 
-0.002212 -0.002074 -0.002125 -0.002163 
0.003176 -0.014342 0.013592 -0.005572 
-0.026447 0.011410 0.028451 0.004487 
0.009260 -0.001017 0.008958 0.002559 
0.003113 0.028103 0.008860 -0.026851 
0.031840 -0.022174 0.038256 -0.006474 
0.029195 -0.004149 -0.024319 -0.016678 
0.013653 0.018617 -0.022726 -0.004065 
0.016047 0.009671 -0.009624 0.016075 
0.012568 -0.023338 -0.012485 0.023382 
0.005583 -0.010561 0.010772 -0.005165 
-0.013951 0.008408 -0.013039 -0.009762 
0.024762 -0.003034 -0.022082 0.011607 
-0.012116 0.022125 0.005046 -0.024715 
0.009252 -0.006456 0.011273 -0.000460 
0.019387 -0.007320 0.000287 0.020721 
0.011367 -0.002589 0.010813 0.004357 
-0.019805 0.025984 0.024854 0.021206 
0.033959 -0.015580 0.033165 -0.017205 
0.015248 -0.008489 0.011488 0.013138 
0.007875 -0.000308 0.007658 0.001860 
0.006667 0.006459 0.003754 0.008490 
0.020947 -0.014246 -0.016282 0.019406 
0.004885 0.002150 0.004573 0.002752 
-0.023337 0.005378 0.016572 -0.017288 
-0.002084 0.014717 -0.013426 0.006377 
0.004925 0.017587 -0.017131 0.006331 
0.015809 -0.012184 0.008649 0.017988 
0.008519 -0.003600 0.009247 -0.000164 
-0.009920 0.017654 -0.014501 -0.014135 
-0.015413 -0.010247 0.009609 -0.015818 
-0.017460 0.023437 0.028263 -0.007438 
-0.011204 0.001268 -0.010128 -0.004958 
0.020995 -0.007411 -0.006663 0.021244 
-0.007625 0.014331 -0.016160 -0.001542 
0.023528 0.017754 -0.005443 -0.028968 
-0.002099 0.001698 -0.002153 0.001629 
-0.003923 -0.015830 0.013219 -0.009552 
-0.002550 0.020424 -0.018573 -0.008871 
0.018572 0.005307 -0.007053 0.017981 
-0.010329 0.002936 -0.010435 -0.002532 
-0.007525 -0.009432 -0.000280 -0.012063 
-0.010692 0.021079 -0.004162 -0.023266 
-0.001218 0.010107 -0.005602 0.008500 
-0.002824 0.005915 -0.003900 0.005268 
-0.008366 -0.000892 -0.007674 -0.003449 
0.009874 0.010344 -0.002154 0.014137 
0.008259 0.010437 -0.001617 0.013211 
-0.013302 0.006175 -0.012683 -0.007363 
0.037265 0.003576 0.037339 0.002685 
0.009134 -0.011940 0.014970 0.001376 
-0.007670 0.007131 -0.010123 0.002684 
0.013995 0.020713 -0.020259 -0.014644 
0.000606 0.013799 -0.009988 0.009541 
0.017131 -0.003328 0.006835 0.016057 
-0.014035 -0.016123 0.020731 -0.005211 
-0.011644 -0.017109 0.020025 -0.005228 
-0.020411 0.017120 0.020887 -0.016536 
-0.005025 0.008161 -0.007863 0.005480 
-0.005494 -0.007236 -0.002517 -0.008730 
-0.011395 0.002396 -0.010732 -0.004517 
-0.003432 -0.013822 0.008761 -0.011229 
-0.018908 -0.007975 0.013364 -0.015573 
-0.002303 0.009643 -0.006183 0.007750 
-0.004390 0.000246 -0.004394 -0.000134 
-0.017130 0.016520 0.004526 -0.023363 
0.034842 -0.005279 0.022264 -0.027316 
0.021364 -0.016491 -0.023068 0.014009 
-0.001147 0.003040 -0.001289 0.002983 
-0.011951 -0.013738 0.012611 -0.013136 
-0.006141 0.000188 -0.006086 -0.000846 
0.002928 0.006761 0.001219 0.007266 
0.017230 -0.001195 0.005231 0.016460 
-0.014622 -0.002361 -0.006186 -0.013458 
-0.004456 0.010559 -0.009556 0.006327 
-0.000462 0.022205 -0.017638 -0.013497 
-0.002522 -0.013626 0.008656 -0.010822 
-0.003321 -0.014517 0.010319 -0.010737 
0.001926 -0.028741 -0.016998 0.023255 
0.005441 0.004086 0.004486 0.005116 
0.003353 -0.019501 0.018600 0.006753 
-0.002180 0.017214 -0.017265 0.001734 
0.000940 -0.000668 0.000944 -0.000663 
-0.010775 -0.005961 -0.004662 -0.011398 
-0.021448 -0.002410 0.012570 -0.017545 
0.008047 -0.007864 0.011008 -0.002329 
-0.025701 -0.007842 0.024959 0.009954 
-0.003525 0.036267 0.009232 0.035249 
-0.010773 0.016618 -0.014407 -0.013588 
0.001539 -0.003521 0.001768 -0.003412 
-0.002473 -0.014792 0.011157 -0.010022 
-0.021897 0.003240 0.010037 -0.019729 
0.020586 -0.002343 -0.004788 0.020158 
-0.010793 0.003617 -0.011014 -0.002876 
-0.013473 -0.000940 -0.008560 -0.010446 
0.016011 0.014431 -0.020372 0.007044 
0.009909 -0.021407 0.005210 0.023007 
-0.011691 -0.001089 -0.008915 -0.007641 
-0.016693 0.006964 -0.008748 -0.015831 
-0.021163 0.014676 0.018207 -0.018214 
0.007005 -0.013823 0.015491 -0.000451 
-0.031141 -0.007479 -0.003339 0.031852 
-0.028099 0.006948 0.027110 0.010143 
0.009402 -0.012018 0.015124 0.002023 
0.002672 0.008628 -0.000579 0.009014 
-0.009876 -0.002045 -0.007977 -0.006172 
-0.002184 -0.025248 0.008915 0.023722 
-0.032413 0.019359 -0.033907 0.016604 
-0.024546 0.012338 0.026708 -0.006435 
0.028845 -0.009344 -0.024116 -0.018378 
-0.000112 0.002680 -0.000198 0.002675 
0.010319 -0.002609 0.010291 0.002719 
-0.000879 -0.003020 -0.000745 -0.003055 
0.015967 -0.008379 0.010208 0.014864 
-0.017542 -0.015740 0.023510 0.001663 
-0.016447 0.006798 -0.009275 -0.015188 
0.007785 0.000085 0.007479 0.002164 
-0.003925 -0.020842 0.020538 0.005289 
0.011394 -0.005797 0.012357 0.003279 
-0.006017 -0.033212 -0.033103 -0.006589 
-0.025321 0.019344 0.023510 0.021509 
0.009011 -0.011702 0.014743 0.000880 
-0.010854 -0.007821 -0.001961 -0.013233 
-0.016337 0.014707 -0.003191 -0.021749 
0.003595 -0.004813 0.004320 -0.004173 
-0.001874 -0.023750 0.015080 0.018443 
-0.008731 -0.024552 0.011344 0.023460 
-0.022039 -0.001247 0.013570 -0.017410 
-0.003208 0.019354 -0.018669 -0.006029 
0.004339 0.011253 -0.003351 0.011585 
-0.004154 0.004280 -0.004779 0.003569 
-0.009576 0.012588 -0.015511 -0.003092 
-0.009923 0.016364 -0.015685 -0.010966 
0.009809 -0.005300 0.011129 0.000667 
-0.028549 0.000845 0.025436 0.012992 
-0.014119 0.006099 -0.012256 -0.009292 
0.011787 -0.012520 0.015048 0.008321 
0.007325 -0.009841 0.011860 -0.003138 
-0.000316 0.007349 -0.002066 0.007060 
0.020545 -0.003053 -0.004302 0.020321 
-0.001505 0.006102 -0.002552 0.005743 
-0.000529 -0.009949 0.003790 -0.009214 
-0.000234 -0.011247 0.005825 -0.009623 
-0.015756 -0.012810 0.016558 -0.011754 
0.003244 -0.029249 -0.021850 0.019713 
-0.034875 0.017277 -0.038910 -0.000867 
-0.011942 0.006178 -0.012720 -0.004358 
0.007646 0.018800 -0.020156 0.002376 
-0.000557 0.008082 -0.002868 0.007576 
-0.003019 0.014051 -0.013024 0.006078 
0.031116 -0.003968 -0.013487 -0.028321 
0.016740 -0.017476 -0.005704 0.023518 
-0.002163 0.009418 -0.005792 0.007735 
0.008940 0.001641 0.007747 0.004755 
-0.011019 -0.021894 0.019569 0.014759 
0.011036 -0.005128 0.011859 0.002732 
-0.016266 0.003776 -0.008778 -0.014205 
-0.004137 0.010230 -0.008833 0.006614 
0.019430 0.013736 -0.023795 -0.000062 
0.009264 -0.006832 0.011500 -0.000503 
-0.008576 -0.019418 0.021220 0.000549 
-0.010781 -0.015689 0.016186 -0.010020 
0.005563 -0.003049 0.006018 -0.002006 
0.002378 -0.003760 0.002701 -0.003535 
-0.011057 -0.020663 0.021668 0.008928 
-0.022000 0.000725 0.011700 -0.018645 
0.009633 0.001572 0.008125 0.005407 
-0.002018 0.004498 -0.002494 0.004253 
0.011087 0.023900 -0.012064 -0.023422 
-0.008043 -0.037180 -0.001258 -0.038020 
0.004180 0.009422 -0.000588 0.010291 
0.002884 -0.014685 0.013917 -0.005503 
0.002464 -0.024540 0.007868 0.023375 
-0.005083 0.002957 -0.005477 0.002140 
0.016342 -0.008076 0.009461 0.015581 
-0.023938 -0.017792 0.002980 0.029677 
0.010103 -0.004741 0.011083 0.001309 
0.020997 0.015596 -0.022261 -0.013732 
0.015969 0.003486 0.002647 0.016129 
-0.000652 -0.021758 0.018938 0.010731 
0.004777 -0.011327 0.010808 -0.005858 
-0.017730 -0.015964 0.023645 0.003181 
0.015539 0.005409 0.000440 0.016447 
-0.010442 0.017308 -0.014125 -0.014460 
0.024134 0.018406 0.001631 -0.030308 
-0.002830 -0.004080 -0.002365 -0.004366 
-0.022659 -0.011480 0.024848 0.005276 
-0.009178 -0.000558 -0.008326 -0.003903 
-0.007975 0.016918 -0.016984 -0.007835 
-0.000825 0.008820 -0.003803 0.008000 
-0.011814 -0.005804 -0.004393 -0.012408 
-0.020017 0.011023 0.005834 -0.022094 
0.021402 0.007897 -0.020401 0.010206 
0.004258 -0.016325 0.016854 -0.000749 
0.007695 -0.003720 0.008482 -0.001057 
-0.009648 -0.008550 -0.001331 -0.012822 
-0.006957 0.010540 -0.012154 0.003429 
0.021963 0.018373 -0.009918 -0.026862 
0.030798 -0.001246 -0.015031 -0.026910 
-0.014275 0.007256 -0.012502 -0.010007 
-0.014882 -0.006934 0.001134 -0.016379 
0.006883 -0.004734 0.008003 -0.002395 
-0.013026 -0.021043 0.020279 0.014186 
0.022153 0.010126 -0.024310 0.001532 
0.005803 0.013962 -0.008872 0.012243 
-0.002416 0.016152 -0.015897 0.003740 
0.019544 0.021669 -0.002110 -0.029104 
-0.017858 0.000774 -0.003323 -0.017564 
-0.026431 0.005682 0.026927 -0.002404 
-0.022632 0.006329 0.013715 -0.019083 
0.018028 0.000658 0.001455 0.017981 
0.008118 0.012387 -0.005760 0.013644 
-0.018109 0.009672 -0.003652 -0.020203 
-0.021333 0.011059 0.012142 -0.020735 
-0.026991 0.009820 0.028183 0.005538 
0.000909 -0.018443 0.018466 0.000025 
-0.008820 -0.022137 0.019852 0.013180 
-0.002652 0.003639 -0.002971 0.003385 
0.000995 0.002865 0.000876 0.002904 
0.005466 -0.006815 0.007431 -0.004595 
0.020658 -0.001637 -0.005490 0.019982 
-0.022805 -0.020809 -0.008657 0.029634 
0.014856 0.021158 -0.017970 -0.018586 
0.006564 0.002072 0.005983 0.003404 
0.003139 -0.011763 0.009706 -0.007349 
-0.009834 0.003759 -0.010439 -0.001363 
0.003032 0.003048 0.002771 0.003287 
-0.003956 -0.007025 -0.001779 -0.007864 
-0.021069 0.009697 0.009043 -0.021358 
0.007999 0.014250 -0.010291 0.012694 
0.008471 0.020928 -0.021422 -0.007129 
-0.006858 -0.004833 -0.005028 -0.006716 
0.005348 0.006292 0.003215 0.007606 
0.020895 -0.004864 -0.005437 0.020753 
0.014028 0.006306 0.001410 0.015316 
-0.007793 0.003341 -0.008449 0.000711 
0.001422 0.001767 0.001381 0.001799 
0.004144 -0.004020 0.004694 -0.003361 
-0.022838 -0.003938 0.019485 -0.012546 
-0.013139 0.001102 -0.010145 -0.008422 
-0.005526 -0.016646 0.015245 -0.008674 
-0.012743 -0.026569 -0.008410 0.028242 
-0.000408 -0.025559 0.006056 0.024834 
0.027077 -0.006226 -0.027695 -0.002226 
0.010138 0.026055 -0.000602 -0.027952 
0.020940 0.018682 -0.012626 -0.025061 
0.013148 -0.011911 0.013909 0.011012 
0.002665 -0.009282 0.006192 -0.007411 
-0.016786 -0.002454 -0.002372 -0.016798 
0.011310 0.021107 -0.021034 -0.011445 
0.007081 0.011790 -0.004116 0.013122 
0.013631 0.002830 0.006680 0.012214 
0.001358 0.004613 0.000875 0.004729 
0.004103 0.005700 0.002759 0.006459 
0.001851 -0.008617 0.004670 -0.007474 
0.001577 -0.002850 0.001710 -0.002772 
-0.023424 -0.005785 0.023054 -0.007116 
0.029081 -0.022107 0.020554 -0.030198 
0.001613 0.018470 -0.018401 0.002269 
0.004699 0.019650 -0.020201 -0.000357 
0.015146 0.002524 0.005303 0.014410 
0.031396 0.003127 -0.005238 -0.031114 
0.007564 0.003873 0.005946 0.006071 
0.004693 -0.006917 0.006590 -0.005142 
0.010830 0.004195 0.006546 0.009594 
0.021965 0.005530 -0.018648 0.012856 
-0.013654 -0.036533 0.005934 -0.038547 
-0.018740 -0.016654 0.023167 0.009584 
-0.001017 0.002131 -0.001070 0.002105 
-0.016098 0.020420 0.013496 -0.022225 
0.007197 -0.010352 0.012206 -0.003160 
0.001066 -0.004682 0.001541 -0.004548 
-0.009431 -0.003393 -0.007026 -0.007148 
-0.008229 0.004590 -0.009364 0.001055 
-0.011040 0.011241 -0.014984 -0.004870 
0.010136 0.030505 0.029377 -0.013050 
-0.020926 0.005436 0.005618 -0.020878 
0.002496 -0.012466 0.010111 -0.007707 
0.005171 0.003740 0.004409 0.004614 
-0.006392 0.010152 -0.011201 0.004294 
-0.000751 0.004767 -0.001242 0.004664 
-0.010407 0.022402 0.000458 -0.024697 
-0.000766 -0.001354 -0.000751 -0.001363 
0.013038 -0.009874 0.013973 0.008501 
0.001557 -0.003287 0.001748 -0.003189 
0.023584 0.010268 -0.025079 -0.005719 
-0.017444 -0.030153 -0.034253 -0.006340 
0.008755 0.011074 -0.003097 0.013773 
0.003658 -0.012053 0.010622 -0.006771 
0.007782 0.022767 -0.018626 -0.015230 
0.020835 0.011163 -0.023357 0.003631 
0.002967 0.004612 0.002323 0.004968 
-0.009669 0.000650 -0.009095 -0.003344 
0.019812 0.012176 -0.022897 0.004057 
0.007031 0.002055 0.006343 0.003665 
-0.012232 0.010772 -0.014572 -0.007301 
-0.004451 -0.009871 0.001082 -0.010774 
-0.008324 -0.006399 -0.004311 -0.009574 
-0.020849 0.013318 0.013856 -0.020496 
-0.009233 0.010039 -0.013640 -0.000051 
-0.001334 -0.001517 -0.001306 -0.001541 
0.004520 0.001262 0.004374 0.001700 
0.005739 -0.014337 0.015322 -0.001925 
-0.011080 -0.006901 -0.003264 -0.012639 
0.006673 -0.008542 0.010055 -0.004049 
-0.014726 0.012477 -0.011055 -0.015821 
-0.016054 0.010414 -0.009353 -0.016695 
-0.016964 -0.014192 0.021375 -0.005685 
-0.009694 -0.004485 -0.006275 -0.008643 
-0.005399 -0.008984 -0.000528 -0.010468 
0.003445 -0.018770 0.018549 0.004487 
-0.022237 -0.020323 -0.002447 0.030025 
0.015959 -0.003541 0.009171 0.013532 
0.015616 0.010710 -0.011184 0.015280 
-0.012706 -0.002691 -0.007426 -0.010655 
-0.015115 0.011912 -0.010612 -0.016054 
0.017172 0.014220 -0.021710 0.005077 
-0.011833 0.012539 -0.015019 -0.008466 
-0.020157 0.015547 0.015736 -0.020009 
0.011222 0.021629 -0.020077 -0.013808 
-0.026099 0.013625 0.028536 0.007245 
0.018782 0.028001 0.032861 -0.007549 
-0.004524 0.001051 -0.004604 0.000611 
0.016956 -0.000675 0.005408 0.016085 
0.012353 0.024556 -0.006344 -0.026746 
0.014873 -0.024279 -0.024392 0.014687 
0.020020 -0.007722 -0.002516 0.021310 
-0.011046 -0.007141 -0.002924 -0.012824 
-0.020783 0.014343 0.015742 -0.019744 
-0.009878 0.010949 -0.014613 -0.001976 
0.005547 0.001003 0.005349 0.001777 
0.010453 0.005868 0.004860 0.010958 
0.018817 0.022625 0.000949 -0.029412 
0.018206 0.005065 -0.005502 0.018078 
-0.001743 -0.021936 0.019176 0.010794 
-0.011599 0.030486 0.030004 0.012795 
0.013380 -0.003645 0.011500 0.007750 
-0.010104 -0.028805 -0.019260 0.023682 
0.005601 -0.005562 0.006914 -0.003810 
-0.000303 -0.013211 0.009075 -0.009606 
-0.014213 -0.016594 0.021613 -0.003200 
-0.005902 0.004389 -0.006781 0.002849 
0.002941 0.004019 0.002479 0.004319 
-0.010226 -0.024917 0.007729 0.025801 
-0.000252 0.036505 0.011628 0.034604 
-0.001951 0.032113 0.032159 -0.000927 
-0.035367 -0.003287 -0.030175 0.018737 
-0.027578 -0.006060 0.022723 0.016762 
-0.034372 0.009612 -0.023111 0.027198 
-0.019651 0.015595 0.013526 -0.021129 
-0.007906 -0.009911 0.000565 -0.012666 
0.011917 -0.015050 0.014112 0.013015 
-0.015844 -0.002545 -0.004148 -0.015501 
0.007366 -0.009406 0.011518 -0.003175 
0.006981 -0.017797 0.017334 0.008063 
-0.018741 -0.000154 0.000118 -0.018742 
-0.007012 0.002459 -0.007400 0.000672 
-0.026495 0.004818 0.026838 -0.002219 
0.021097 0.012239 -0.024370 -0.001001 
0.001884 0.010501 -0.003465 0.010090 
-0.010926 0.003295 -0.010940 -0.003249 
-0.006719 0.008374 -0.009971 0.003981 
0.010408 -0.006198 0.012029 0.001429 
0.005350 -0.008039 0.008145 -0.005188 
-0.009860 0.002504 -0.009942 -0.002156 
-0.013901 0.008794 -0.013150 -0.009883 
-0.027045 0.007267 0.027868 0.002756 
-0.008205 0.002333 -0.008521 -0.000409 
-0.021632 -0.002734 0.013682 -0.016977 
-0.025066 0.010104 0.026100 -0.007013 
-0.014341 -0.017396 0.022544 0.000225 
-0.023641 -0.007450 0.024681 -0.002284 
-0.018600 0.013515 0.003702 -0.022691 
-0.005610 0.018863 -0.017737 -0.008526 
-0.001777 0.010854 -0.007107 0.008394 
0.003170 -0.011094 0.008840 -0.007415 
-0.004941 0.032774 0.031206 0.011167 
-0.001695 0.009616 -0.005516 0.008057 
0.019370 0.019535 -0.014206 -0.023558 
0.010606 -0.018717 0.011409 0.018238 
0.011024 -0.010193 0.014507 0.003867 
-0.007450 -0.010729 0.002018 -0.012906 
0.027885 0.008139 -0.017803 -0.022954 
0.020584 -0.011010 -0.008482 0.021748 
0.005083 0.009937 -0.000932 0.011123 
0.025400 -0.010011 -0.026822 0.005098 
-0.004381 0.000639 -0.004420 0.000253 
-0.003465 -0.008591 -0.000001 -0.009263 
0.021843 0.005062 -0.017595 0.013897 
-0.037423 0.010560 -0.038148 -0.007536 
0.003189 -0.010027 0.007566 -0.007313 
-0.012732 0.009808 -0.014125 -0.007666 
0.026714 0.000299 -0.026672 -0.001534 
-0.013562 -0.009697 0.004790 -0.015969 
-0.005881 -0.003965 -0.004849 -0.005176 
0.001739 -0.011565 0.008058 -0.008476 
0.003245 -0.012890 0.011435 -0.006777 
-0.017683 -0.024283 -0.007702 0.029035 
-0.017573 -0.000329 -0.003015 -0.017315 
0.025805 0.010451 -0.021202 -0.018044 
-0.000031 0.012887 -0.008729 0.009480 
0.009045 0.025096 -0.008117 -0.025411 
0.005224 -0.016085 0.016909 0.000351 
-0.008637 -0.000061 -0.008142 -0.002883 
0.000345 -0.001575 0.000363 -0.001571 
-0.001244 -0.011970 0.006221 -0.010302 
0.002658 -0.008700 0.005621 -0.007152 
0.008455 -0.010570 0.013495 -0.001052 
0.008366 0.000625 0.007762 0.003181 
-0.003512 -0.011158 0.003527 -0.011154 
-0.002245 -0.006450 -0.000862 -0.006775 
0.017625 0.010425 -0.015198 0.013725 
-0.004585 -0.033890 -0.031799 -0.012586 
-0.010195 -0.009310 0.000284 -0.013803 
-0.024026 -0.002421 0.021881 -0.010214 
-0.011068 -0.010161 0.002692 -0.014782 
-0.000078 0.018370 -0.018338 0.001089 
0.019014 -0.025612 -0.028429 -0.014466 
0.013016 -0.018834 0.004455 0.022457 
0.006118 0.010563 -0.001710 0.012087 
-0.009850 -0.018448 0.020792 -0.002251 
-0.010959 -0.005356 -0.005324 -0.010974 
-0.004447 -0.004720 -0.003487 -0.005467 
-0.018582 0.006111 -0.003492 -0.019247 
-0.018348 -0.010596 0.017333 -0.012186 
-0.016596 0.008219 -0.008858 -0.016264 
-0.008159 -0.024406 0.012485 0.022502 
0.003647 0.005479 0.002526 0.006078 
0.002235 0.001039 0.002206 0.001100 
0.009436 0.001036 0.008276 0.004649 
0.003678 0.014205 -0.009545 0.011144 
0.011316 0.001384 0.008704 0.007363 
-0.000566 0.016020 -0.014840 0.006061 
0.025441 -0.002676 -0.024255 0.008132 
-0.006852 0.007478 -0.009458 0.003664 
0.012485 0.021841 -0.018634 -0.016902 
0.022041 -0.016854 -0.026008 0.009668 
0.008196 0.011202 -0.003149 0.013519 
0.017474 0.002831 0.000189 0.017700 
-0.023154 -0.016234 0.014283 0.024405 
-0.003769 0.036072 0.010862 0.034603 
-0.003481 0.023403 -0.011209 -0.020837 
-0.020689 0.010722 0.008565 -0.021672 
-0.013431 0.000638 -0.009746 -0.009264 
-0.009134 0.002813 -0.009501 -0.001042 
0.031312 -0.001935 -0.011589 -0.029153 
-0.012506 -0.017980 0.021887 -0.000791 
0.027780 -0.002412 -0.027055 -0.006750 
-0.002428 0.004625 -0.002972 0.004296 
0.002136 -0.007812 0.004301 -0.006863 
-0.003798 -0.020400 0.020457 0.003476 
-0.022391 0.012723 0.019763 -0.016513 
0.004795 -0.004330 0.005515 -0.003366 
-0.014220 -0.007939 0.001998 -0.016163 
-0.008804 0.020433 -0.011127 -0.019267 
-0.008221 0.002847 -0.008699 -0.000041 
-0.015503 -0.011850 0.013758 -0.013838 
-0.031605 0.004292 0.009538 0.030436 
-0.016182 0.020234 0.013123 -0.022340 
-0.001819 -0.019859 0.019813 0.002270 
-0.022649 -0.013379 0.023300 0.012210 
0.004262 0.012005 -0.004769 0.011813 
-0.026717 -0.006291 0.024661 0.012051 
-0.018220 0.004935 -0.004557 -0.018318 
-0.009178 -0.011322 0.003854 -0.014056 
-0.002334 0.004287 -0.002776 0.004015 
-0.006169 -0.001609 -0.005777 -0.002697 
0.014365 0.000794 0.008018 0.011945 
0.004492 -0.016506 0.017106 0.000031 
-0.006473 0.006336 -0.008314 0.003596 
0.023091 -0.004442 -0.015306 0.017852 
0.005685 0.013191 -0.007070 0.012504 
0.013220 0.023500 -0.010670 -0.024762 
0.011721 -0.008256 0.013678 0.004297 
0.013407 -0.002780 0.011041 0.008099 
-0.004264 0.007690 -0.006616 0.005793 
-0.001665 0.007721 -0.003725 0.006965 
0.001249 -0.004782 0.001762 -0.004618 
0.012002 0.006341 0.003513 0.013112 
-0.006510 0.017011 -0.017523 -0.004970 
0.025135 0.010829 -0.022424 -0.015690 
0.017923 -0.002115 0.004177 0.017557 
-0.023656 -0.013775 0.020353 0.018305 
-0.008237 -0.024689 0.011039 0.023570 
-0.003741 -0.001214 -0.003648 -0.001470 
-0.001432 -0.007556 0.000591 -0.007668 
-0.015247 0.018326 0.002158 -0.023741 
0.016645 -0.001072 0.006380 0.015411 
0.011242 -0.010994 0.014876 0.005097 
0.011010 0.006547 0.003803 0.012232 
-0.004387 0.002039 -0.004576 0.001570 
-0.009611 0.010663 -0.014306 -0.001193 
-0.002634 -0.003521 -0.002320 -0.003735 
0.001417 -0.008687 0.004279 -0.007692 
-0.004191 -0.010920 0.002833 -0.011349 
0.005037 0.012781 -0.006191 0.012264 
0.011026 -0.009487 0.014148 0.003379 
-0.006805 -0.009068 -0.000790 -0.011309 
-0.001927 0.006419 -0.003167 0.005906 
0.014871 -0.011623 0.011319 0.015104 
-0.004392 -0.015197 0.011741 -0.010601 
-0.015755 -0.020451 0.018898 0.017588 
-0.015111 0.025118 0.027702 -0.009585 
0.011765 0.010886 -0.005093 0.015198 
0.007557 0.021236 -0.021123 -0.007866 
-0.003953 -0.007807 -0.001106 -0.008681 
-0.008582 -0.003525 -0.006634 -0.006487 
0.007060 0.002049 0.006365 0.003676 
0.010649 0.014064 -0.011919 0.013005 
0.016511 -0.018298 -0.007416 0.023504 
0.016064 -0.014159 0.005199 0.020773 
0.017477 -0.015479 -0.003229 0.023122 
-0.014872 -0.017248 0.022761 0.000781 
0.011346 0.016142 -0.017812 0.008488 
0.012085 0.001032 0.008939 0.008199 
-0.005559 0.005627 -0.006895 0.003875 
-0.004981 0.004331 -0.005725 0.003286 
-0.010560 0.022465 0.001238 -0.024792 
0.003375 0.023043 -0.017720 -0.015111 
-0.004131 0.010151 -0.008739 0.006613 
0.015935 0.009479 -0.008909 0.016261 
0.005462 -0.006327 0.007141 -0.004345 
-0.006755 0.002467 -0.007141 0.000855 
-0.003149 0.008653 -0.006124 0.006876 
-0.002584 0.003449 -0.002861 0.003223 
-0.013205 0.020012 0.000220 -0.023975 
0.005736 -0.012152 0.012742 -0.004268 
-0.024785 0.012664 0.027504 -0.004267 
0.001618 -0.008085 0.003961 -0.007231 
0.001475 0.005184 0.000792 0.005331 
0.002566 0.008905 -0.000954 0.009218 
0.012674 -0.016976 0.010079 0.018634 
-0.012999 0.009640 -0.013950 -0.008204 
-0.009535 0.001652 -0.009384 -0.002363 
0.002733 -0.010717 0.007903 -0.007737 
0.008752 -0.010196 0.013417 -0.000739 
0.007216 0.003986 0.005695 0.005961 
0.001524 -0.031156 -0.029634 0.009741 
-0.012190 0.027399 0.028843 -0.008208 
0.006234 0.019193 -0.020137 0.001330 
0.029520 -0.012303 -0.016418 -0.027445 
0.017144 -0.013710 0.002039 0.021857 
0.007146 -0.000563 0.007086 0.001078 
0.007563 0.002735 0.006471 0.004776 
0.003723 -0.007874 0.006128 -0.006189 
0.006213 0.003804 0.005146 0.005157 
-0.021208 -0.014579 0.023511 0.010467 
-0.020029 0.011473 0.006570 -0.022127 
-0.000912 0.021989 -0.017732 -0.013036 
-0.004032 0.009688 -0.008129 0.006636 
0.000672 0.016323 -0.014918 0.006660 
0.014471 0.000135 0.008481 0.011726 
-0.021800 0.000576 0.010965 -0.018850 
0.006759 -0.013970 0.015504 -0.000690 
-0.023189 -0.021122 -0.012808 0.028632 
-0.010763 -0.011661 0.005877 -0.014741 
-0.013629 -0.010872 0.007742 -0.015621 
-0.012244 0.008576 -0.013843 -0.005643 
-0.011214 0.009603 -0.014247 -0.003872 
-0.005927 0.024189 -0.003256 -0.024691 
0.017170 -0.022155 -0.023984 0.014506 
0.008395 -0.017697 0.016323 0.010826 
-0.002638 0.012465 -0.010241 0.007580 
0.001863 -0.002107 0.001936 -0.002040 
-0.006716 -0.011432 0.003332 -0.012833 
-0.002637 0.029364 0.021760 -0.019893 
0.004366 0.011420 -0.003641 0.011671 
0.004799 -0.010998 0.010435 -0.005924 
-0.013787 0.013972 -0.011753 -0.015722 
0.008734 -0.022297 0.004922 0.023435 
-0.003720 0.008735 -0.006845 0.006579 
0.016226 0.024407 0.003168 -0.029137 
-0.015818 -0.002720 -0.003969 -0.015552 
0.000009 -0.013233 0.009333 -0.009381 
0.003312 0.009877 -0.001671 0.010282 
-0.002600 0.001898 -0.002685 0.001775 
0.006389 -0.006172 0.008127 -0.003587 
0.021546 -0.000443 -0.010007 0.019086 
0.001569 -0.031815 -0.031580 0.004170 
0.007479 0.021070 -0.021217 -0.007051 
-0.001237 0.015628 -0.014476 0.006020 
-0.007479 0.014924 -0.016534 -0.002302 
-0.010006 0.012923 -0.015702 -0.004534 
-0.018336 -0.013812 0.022725 -0.003254 
0.002490 0.014147 -0.009764 0.010536 
0.030555 -0.012540 -0.007514 -0.032163 
0.001035 0.018605 -0.018580 0.001408 
-0.012167 0.023105 0.009893 -0.024166 
0.004130 -0.018646 0.018374 0.005209 
-0.018387 -0.013459 0.022374 -0.004318 
-0.008545 0.007777 -0.011438 0.001637 
-0.000785 0.005265 -0.001443 0.005124 
-0.015762 0.004622 -0.009954 -0.013066 
0.017236 0.004243 -0.001381 0.017697 
-0.000625 0.020937 -0.019138 -0.008514 
-0.017348 0.001079 -0.004861 -0.016688 
-0.029953 0.010722 0.016239 0.027357 
-0.006986 0.017256 -0.017411 -0.006590 
-0.014363 0.003959 -0.011177 -0.009852 
-0.019163 -0.013956 0.023706 -0.000050 
-0.014603 -0.006549 -0.000084 -0.016004 
-0.023523 0.008180 0.018952 -0.016158 
-0.003010 0.028088 0.014262 -0.024384 
-0.025147 0.008775 0.025373 -0.008099 
0.008036 -0.011798 0.014247 -0.000895 
-0.005283 0.019990 -0.017100 -0.011624 
-0.012793 -0.004583 -0.005318 -0.012505 
0.012058 -0.010397 0.014534 0.006501 
-0.023623 0.005358 0.017822 -0.016405 
0.003766 -0.019443 0.018448 0.007204 
-0.020517 -0.005282 0.013419 -0.016395 
0.014745 0.006963 -0.000945 0.016279 
0.024002 -0.018818 -0.028669 -0.010408 
-0.011984 0.013811 -0.014697 -0.010879 
0.011891 0.033070 0.031512 0.015557 
0.016650 -0.022844 -0.024618 0.013893 
0.009133 0.006660 0.004088 0.010538 
0.017494 0.000061 0.003483 0.017144 
-0.003082 0.027686 0.011745 -0.025260 
0.036347 -0.009369 0.036435 -0.009022 
-0.000032 0.007519 -0.001910 0.007273 
-0.004664 -0.009035 -0.000150 -0.010167 
-0.012422 -0.000204 -0.009456 -0.008059 
-0.012308 -0.004111 -0.006180 -0.011410 
0.008626 0.031145 0.030699 -0.010099 
-0.026199 0.006234 0.026682 -0.003651 
0.002524 -0.007597 0.004566 -0.006575 
0.000548 0.005817 -0.000342 0.005832 
0.013617 -0.007107 0.012909 0.008325 
0.025920 -0.000074 -0.025652 0.003714 
0.005864 0.013733 -0.008336 0.012389 
0.004260 0.002900 0.003887 0.003384 
-0.015461 -0.003121 -0.004062 -0.015241 
0.032731 0.009105 0.022254 -0.025671 
0.020033 -0.016027 -0.016410 0.019720 
0.007254 0.003282 0.006048 0.005178 
0.004195 0.010680 -0.002434 0.011213 
0.000999 -0.014398 0.012142 -0.007802 
0.003855 0.000767 0.003793 0.001031 
-0.005402 -0.010923 0.002468 -0.011933 
0.005926 -0.006422 0.007733 -0.004070 
0.020250 -0.002057 -0.003612 0.020031 
0.023269 -0.020180 -0.028591 -0.011456 
0.021884 -0.017251 -0.026262 0.009318 
-0.002767 0.015617 -0.015277 0.004260 
0.008252 0.012237 -0.005469 0.013709 
-0.006134 -0.035883 -0.018513 -0.031345 
0.026795 -0.004214 -0.027122 0.000316 
0.012693 0.024493 -0.006041 -0.026917 
-0.012500 0.007270 -0.013278 -0.005727 
-0.003737 0.019584 -0.018416 -0.007638 
-0.014775 -0.002040 -0.006354 -0.013494 
0.003431 0.034286 0.030390 0.016240 
0.001490 0.023646 -0.015216 -0.018160 
0.011614 0.027366 0.011695 -0.027332 
-0.000091 0.006803 -0.001486 0.006640 
0.010138 0.013459 -0.009825 0.013689 
-0.003481 -0.004242 -0.002881 -0.004670 
-0.003986 0.000885 -0.004040 0.000586 
0.007096 -0.020411 0.014272 0.016225 
-0.021865 0.014708 0.021259 -0.015571 
0.007276 0.005807 0.004546 0.008124 
0.008137 0.008030 0.002364 0.011185 
-0.000658 -0.026192 0.002636 0.026067 
-0.014294 0.027151 0.030676 -0.000694 
0.004742 0.000015 0.004716 0.000490 
0.020579 -0.003411 -0.004315 0.020408 
0.025677 -0.006198 -0.025512 0.006846 
-0.012488 -0.034987 -0.016568 -0.033250 
-0.016494 -0.015771 0.022789 -0.001201 
-0.011914 -0.010482 0.004315 -0.015270 
-0.009195 -0.001947 -0.007740 -0.005331 
-0.022186 0.015725 0.024425 -0.011956 
-0.003781 0.018113 -0.018255 -0.003024 
0.003505 0.026267 -0.003637 -0.026250 
0.004980 0.007584 0.001922 0.008867 
0.006672 -0.007168 0.009046 -0.003750 
0.013069 -0.006229 0.012765 0.006830 
0.009912 0.004730 0.006081 0.009146 
0.011214 -0.001923 0.010442 0.004518 
-0.010405 -0.000068 -0.009180 -0.004897 
0.018713 0.009337 -0.015648 0.013874 
-0.004045 0.012335 -0.011384 0.006238 
0.035225 0.003659 0.029661 -0.019350 
0.025045 0.004423 -0.025356 0.001976 
-0.013568 0.010351 -0.013595 -0.010316 
0.008971 0.015283 -0.013566 0.011402 
-0.010743 -0.000047 -0.009324 -0.005337 
-0.010346 0.020810 -0.006155 -0.022409 
0.003685 0.012369 -0.005666 0.011597 
-0.011452 -0.008036 -0.001183 -0.013940 
0.012534 0.008213 -0.000183 0.014984 
-0.003610 0.001263 -0.003684 0.001025 
-0.014947 -0.001293 -0.006917 -0.013313 
0.004193 -0.003405 0.004600 -0.002831 
-0.032882 0.001058 -0.002941 0.032767 
0.017414 0.026996 0.025061 -0.020099 
-0.014913 -0.005974 -0.000596 -0.016054 
0.005490 0.002980 0.004890 0.003887 
-0.003633 -0.007987 -0.000727 -0.008744 
-0.007399 0.023002 -0.005339 -0.023565 
-0.010315 0.006893 -0.012346 -0.001218 
-0.023108 0.015127 0.026268 -0.008534 
0.037162 -0.022610 -0.002206 0.043444 
0.013679 0.011645 -0.009782 0.015067 
-0.005217 0.003756 -0.005818 0.002734 
-0.003865 0.003247 -0.004209 0.002787 
-0.004345 -0.002161 -0.004094 -0.002605 
0.022601 0.005531 -0.020599 0.010819 
-0.003210 0.000413 -0.003226 0.000262 
0.001085 0.007334 -0.000730 0.007378 
-0.011573 -0.000756 -0.009119 -0.007166 
-0.006736 -0.008421 -0.001668 -0.010654 
0.020240 -0.014493 -0.013553 0.020882 
0.000748 0.001249 0.000736 0.001256 
-0.001582 -0.003817 -0.001287 -0.003926 
-0.011160 -0.016575 0.018557 -0.007412 
-0.014324 0.004426 -0.011426 -0.009707 
0.004858 -0.023907 0.006813 0.023425 
-0.010191 -0.019904 0.021962 0.004207 
0.008267 0.011379 -0.003551 0.013610 
-0.021993 0.008378 0.012079 -0.020198 
-0.006405 -0.013472 0.007797 -0.012717 
0.003358 0.015770 -0.013128 0.009361 
0.002185 -0.034475 -0.026846 -0.021739 
-0.009815 -0.034713 -0.024496 -0.026482 
-0.004921 -0.017402 0.016755 -0.006804 
-0.013483 -0.017090 0.021606 -0.002656 
-0.018255 -0.012626 0.020955 -0.007318 
0.005625 -0.004688 0.006577 -0.003220 
0.003500 0.001308 0.003411 0.001524 
0.011556 0.016431 -0.018643 0.007480 
-0.003323 -0.002304 -0.003146 -0.002540 
0.001072 -0.004876 0.001607 -0.004727 
-0.015646 -0.016612 0.022820 -0.000008 
-0.003740 -0.013269 0.007487 -0.011576 
-0.008838 -0.020653 0.021597 0.006183 
-0.012996 0.018992 -0.004030 -0.022658 
0.008767 0.016576 -0.016572 0.008773 
0.014747 0.004911 0.002633 0.015319 
-0.014666 -0.009503 0.006290 -0.016305 
0.000941 0.037435 0.001697 0.037408 
-0.012760 0.008334 -0.013664 -0.006749 
0.001075 -0.009756 0.005046 -0.008418 
-0.011494 -0.018747 0.021974 0.000859 
-0.015827 0.004048 -0.009614 -0.013208 
0.020725 0.005931 -0.015213 0.015273 
0.009363 -0.019262 0.012799 0.017172 
0.004543 -0.005113 0.005505 -0.004059 
0.011188 0.002201 0.008146 0.007979 
0.006276 -0.017600 0.017670 0.006074 
-0.019993 0.004405 0.001726 -0.020400 
0.036516 -0.024691 -0.010053 0.042919 
0.026114 -0.007532 -0.026973 0.003339 
-0.020987 0.010134 0.009188 -0.021418 
0.026087 0.025584 0.032814 0.016072 
0.024048 -0.021112 -0.024236 -0.020896 
0.003573 -0.004959 0.004347 -0.004297 
-0.013210 -0.022145 0.016804 0.019558 
-0.003924 -0.023435 0.016809 0.016794 
-0.010999 -0.027755 -0.013313 0.026723 
0.002336 0.013238 -0.007946 0.010843 
0.015372 0.010096 -0.009155 0.015951 
-0.012397 0.000233 -0.009735 -0.007680 
-0.003083 0.014160 -0.013241 0.005889 
0.010989 0.014604 -0.013693 0.012105 
-0.007269 0.013244 -0.015089 0.000747 
0.012018 -0.005752 0.012532 0.004524 
-0.014781 0.009963 -0.012082 -0.013106 
0.001588 0.004198 0.001204 0.004324 
-0.009197 -0.003202 -0.007068 -0.006700 
-0.002284 0.020284 -0.018783 -0.007990 
-0.016974 -0.025560 -0.014088 0.027258 
-0.018445 0.026362 0.027897 0.016028 
-0.017613 0.002091 -0.004969 -0.017026 
-0.000338 0.029980 0.023198 -0.018995 
0.033314 -0.005218 0.007057 -0.032974 
-0.014653 0.000530 -0.008835 -0.011701 
0.011947 0.002133 0.008150 0.008992 
0.006611 0.009838 -0.000424 0.011845 
0.011453 0.013842 -0.012251 0.013141 
0.008798 0.028558 0.015560 -0.025511 
-0.003912 -0.003110 -0.003541 -0.003526 
0.017008 -0.001689 0.006102 0.015965 
-0.015920 -0.017848 0.023139 0.006047 
-0.018695 -0.007572 0.011900 -0.016285 
0.006536 -0.006452 0.008451 -0.003595 
0.021166 -0.003961 -0.006675 0.020473 
-0.022001 -0.007411 0.021296 -0.009243 
0.007577 0.030095 0.024565 -0.018965 
-0.011727 0.014410 -0.014746 -0.011302 
0.003703 0.013990 -0.009061 0.011283 
0.004664 0.006467 0.002666 0.007515 
-0.001049 -0.000064 -0.001048 -0.000069 
-0.017945 -0.004693 0.004076 -0.018095 
0.004958 0.002512 0.004565 0.003169 
-0.008570 0.012468 -0.015108 -0.000814 
0.022064 -0.000131 -0.012416 0.018240 
0.011982 -0.011059 0.014738 0.006977 
0.017442 0.009355 -0.012309 0.015499 
-0.002697 -0.017228 0.016271 -0.006272 
-0.011889 0.002334 -0.010847 -0.005398 
0.020125 -0.005198 -0.002201 0.020669 
-0.003869 -0.001515 -0.003741 -0.001808 
0.002884 0.021811 -0.019718 -0.009760 
-0.003972 0.009000 -0.007377 0.006508 
-0.004237 0.001240 -0.004329 0.000867 
0.002679 0.012880 -0.007076 0.011090 
0.009133 -0.008937 0.012765 -0.000579 
0.001093 -0.026622 -0.001870 0.026579 
-0.005657 -0.008178 -0.001619 -0.009812 
-0.006488 0.004740 -0.007568 0.002699 
-0.000689 0.001789 -0.000718 0.001777 
0.006372 -0.005196 0.007629 -0.003066 
0.004647 0.001388 0.004476 0.001868 
0.011168 -0.020355 0.005343 0.022594 
0.010690 0.004365 0.006401 0.009610 
0.015457 -0.006273 0.010917 0.012613 
0.000859 -0.001268 0.000872 -0.001259 
-0.000621 0.003327 -0.000791 0.003291 
-0.010473 0.005403 -0.011662 -0.001690 
0.020881 0.020270 -0.004615 -0.028733 
0.003649 -0.034938 -0.021750 -0.027585 
0.007302 -0.014207 0.015958 0.000696 
-0.005585 -0.026991 -0.001310 0.027532 
-0.005899 -0.005980 -0.003755 -0.007514 
0.014954 0.008876 -0.005395 0.016531 
0.007377 -0.026225 -0.011786 0.024561 
0.016832 0.002338 0.002421 0.016820 
-0.001781 -0.007222 0.000040 -0.007438 
-0.018692 -0.014101 0.023389 -0.001093 
0.005724 -0.005513 0.007032 -0.003702 
0.005087 -0.003313 0.005561 -0.002435 
-0.006527 -0.010712 0.001943 -0.012392 
-0.015408 0.014047 -0.007509 -0.019451 
-0.007709 0.014580 -0.016352 -0.002146 
-0.005284 -0.002943 -0.004735 -0.003763 
-0.013112 -0.002499 -0.007390 -0.011116 
0.005392 -0.009471 0.009443 -0.005441 
-0.005920 -0.008529 -0.001298 -0.010301 
0.006183 0.004708 0.004705 0.006186 
0.005447 -0.008526 0.008651 -0.005246 
-0.014370 -0.006022 -0.001396 -0.015518 
-0.010347 0.001356 -0.009781 -0.003638 
0.002478 -0.006730 0.003945 -0.005989 
-0.018865 -0.012910 0.022368 -0.004712 
-0.003841 0.013394 -0.012698 0.005737 
0.008662 -0.002143 0.008866 0.001006 
-0.000869 0.008550 -0.003592 0.007808 
0.008479 0.015306 -0.013277 0.011396 
-0.006633 0.015729 -0.016927 -0.002210 
-0.000502 0.003745 -0.000739 0.003706 
0.009999 0.009330 -0.000211 0.013675 
0.016461 0.019691 -0.020038 -0.016037 
-0.005326 -0.011273 0.003120 -0.012071 
-0.006831 0.013074 -0.014650 0.001728 
-0.002217 0.010649 -0.007283 0.008079 
0.001792 0.015608 -0.013118 0.008645 
0.015627 -0.021522 -0.016009 0.021239 
-0.002134 -0.020405 0.020087 0.004176 
0.013216 0.000898 0.008727 0.009965 
0.022853 -0.010537 -0.018496 0.017064 
0.020490 0.010361 -0.021805 0.007195 
-0.000996 -0.013455 0.009089 -0.009971 
-0.037907 0.006234 -0.038012 -0.005557 
0.001706 -0.004899 0.002282 -0.004659 
-0.011196 0.009027 -0.013952 -0.003493 
-0.004428 -0.009211 0.000188 -0.010219 
-0.002194 -0.024676 0.011643 0.021866 
0.010588 0.004405 0.006373 0.009534 
0.003195 0.007492 0.000868 0.008098 
0.004932 -0.014010 0.014402 -0.003631 
-0.022891 0.009736 0.017686 -0.017494 
0.006900 0.033605 0.032325 0.011489 
-0.001214 0.025841 -0.002727 -0.025725 
0.002201 -0.013538 0.011551 -0.007395 
0.002861 0.007983 0.000194 0.008478 
0.016623 -0.017431 -0.005050 0.023551 
-0.016857 0.006990 -0.008370 -0.016217 
0.014423 0.011188 -0.009961 0.015297 
-0.002395 -0.009957 0.002359 -0.009966 
-0.002056 -0.000586 -0.002044 -0.000628 
0.018585 -0.001923 0.002138 0.018562 
-0.020886 -0.009617 0.021610 -0.007856 
-0.002177 0.002728 -0.002322 0.002605 
0.003847 0.017352 -0.016519 0.006560 
0.014092 -0.000160 0.009026 0.010824 
-0.003241 0.013571 -0.012460 0.006280 
-0.013370 -0.001824 -0.007861 -0.010968 
-0.010257 -0.001410 -0.008454 -0.005977 
0.008548 0.006898 0.003797 0.010306 
0.002501 -0.006303 0.003734 -0.005660 
0.024073 -0.011315 -0.024276 0.010870 
0.006629 -0.015183 0.016530 0.001105 
-0.017328 -0.016460 0.023558 0.004027 
0.004783 -0.026104 -0.004888 0.026084 
0.007097 0.006700 0.003699 0.009032 
0.010570 0.013070 -0.009238 0.014043 
-0.016150 -0.001836 -0.004455 -0.015631 
0.004923 0.002401 0.004558 0.003038 
0.017044 -0.023345 -0.027152 0.009914 
-0.002749 0.004328 -0.003237 0.003976 
0.003443 0.000873 0.003388 0.001066 
0.020266 -0.004035 -0.002879 0.020462 
-0.010240 -0.030467 -0.029319 0.013174 
-0.030498 0.005258 0.017610 0.025449 
0.008738 -0.012557 0.015246 0.001259 
-0.022739 0.009422 0.016638 -0.018139 
-0.006785 0.002571 -0.007197 0.000920 
0.015417 -0.010517 0.010749 0.015257 
0.002263 -0.008898 0.005376 -0.007443 
-0.000327 0.005016 -0.000890 0.004947 
-0.014087 0.020087 0.003872 -0.024227 
-0.014552 -0.010702 0.008985 -0.015670 
-0.014222 -0.010190 0.007104 -0.015989 
0.000507 0.003482 0.000314 0.003505 
-0.014559 -0.022860 0.011249 0.024657 
-0.018551 0.022245 0.027914 -0.007730 
-0.003082 0.016684 -0.016877 0.001736 
-0.013416 -0.000713 -0.008773 -0.010175 
0.004842 0.000597 0.004751 0.001108 
-0.009304 -0.011784 0.004985 -0.014162 
0.015066 0.007940 -0.003543 0.016658 
-0.013879 -0.013974 0.016026 -0.011448 
-0.009472 -0.006300 -0.004491 -0.010452 
-0.014723 -0.015096 0.019752 -0.007382 
0.002574 0.002203 0.002458 0.002332 
-0.006654 0.009373 -0.010744 0.004085 
-0.015338 0.011397 -0.010456 -0.015995 
0.018092 0.010696 -0.016923 0.012463 
-0.029062 0.010052 0.022522 0.020937 
0.005346 -0.001154 0.005452 -0.000431 
0.017879 -0.004439 0.005415 0.017608 
-0.002497 -0.019605 0.019741 0.000928 
0.001959 -0.001148 0.001985 -0.001103 
-0.001026 0.005405 -0.001745 0.005218 
0.001005 -0.003826 0.001270 -0.003746 
0.007130 0.013669 -0.008457 0.012889 
0.001981 -0.006527 0.003285 -0.005978 
0.001890 0.013864 -0.009423 0.010343 
0.013443 0.020389 -0.021312 -0.011926 
-0.006967 0.019223 -0.016350 -0.012277 
-0.021111 0.013911 0.016312 -0.019315 
-0.021300 -0.010323 0.023253 -0.004423 
-0.006799 0.017222 -0.017478 -0.006111 
0.021736 0.004056 -0.015820 0.015448 
-0.023139 -0.007835 0.024157 -0.003641 
-0.012044 -0.006886 -0.002644 -0.013619 
0.009056 0.002287 0.007509 0.005556 
0.017881 -0.013713 -0.000966 0.022513 
-0.024896 0.019641 0.024623 0.019983 
-0.023621 0.010560 0.021756 -0.014004 
-0.000208 -0.008977 0.002969 -0.008474 
-0.029383 0.007337 0.022963 0.019746 
0.006844 -0.013881 0.015462 -0.000664 
-0.023755 -0.021036 -0.015467 0.027705 
-0.013569 -0.013678 0.014808 -0.012326 
0.006012 -0.004299 0.006872 -0.002719 
0.008395 0.006926 0.003752 0.010216 
0.002239 -0.025428 0.003653 0.025263 
-0.016213 0.028098 0.028293 0.015870 
-0.010536 0.010569 -0.014603 -0.003078 
-0.008223 -0.003244 -0.006618 -0.005860 
-0.035797 0.011680 -0.036330 0.009898 
0.013782 0.007109 0.000318 0.015504 
0.009468 -0.014273 0.016230 0.005471 
-0.018768 -0.008106 0.013225 -0.015589 
0.006158 0.037656 -0.002190 0.038094 
0.033017 0.000282 0.005439 -0.032567 
-0.010785 0.016384 -0.014620 -0.013076 
-0.015674 0.014648 -0.005655 -0.020695 
-0.012256 -0.001998 -0.008193 -0.009331 
0.007001 -0.001798 0.007228 -0.000130 
-0.000423 -0.002431 -0.000356 -0.002442 
-0.005048 0.000078 -0.005024 -0.000496 
0.005182 0.024033 -0.014964 -0.019506 
0.010214 0.016679 -0.017922 0.007830 
0.021589 -0.002259 -0.009038 0.019736 
-0.002251 0.000834 -0.002272 0.000776 
-0.003825 0.000557 -0.003853 0.000300 
-0.013245 0.002249 -0.010792 -0.008000 
0.010618 0.016597 -0.018100 0.007784 
-0.005823 0.005414 -0.007100 0.003577 
-0.020034 -0.001635 0.006231 -0.019110 
-0.013573 -0.001725 -0.007819 -0.011228 
-0.016228 -0.009013 0.008492 -0.016506 
0.001404 0.009036 -0.001990 0.008926 
0.007264 0.028432 0.012879 -0.026368 
0.009698 0.003899 0.006738 0.007991 
0.006483 -0.002670 0.006909 -0.001194 
0.003094 -0.003402 0.003401 -0.003095 
0.021551 -0.008717 -0.010290 0.020846 
-0.017692 -0.023806 -0.004385 0.029334 
0.001390 -0.009268 0.004828 -0.008033 
-0.005355 0.007898 -0.008042 0.005136 
0.021961 -0.010056 -0.013749 0.019859 
0.015098 -0.001436 0.009037 0.012179 
-0.018613 -0.015505 0.023859 0.004193 
