-0.002429 0.011169 -0.008928 0.007136 
-0.014958 0.036858 -0.027829 -0.028422 
0.033228 0.024009 -0.040985 0.000877 
-0.006973 0.028216 0.029016 -0.001682 
-0.002067 0.020493 -0.015133 -0.013972 
-0.001558 -0.003062 -0.001367 -0.003153 
0.014076 0.002232 0.004922 0.013375 
-0.007268 -0.019532 0.019637 0.006978 
-0.005028 0.020230 -0.012254 -0.016863 
-0.026446 0.013686 0.015786 0.025248 
-0.007249 -0.019900 0.019314 0.008692 
-0.018812 -0.018788 0.006202 0.025854 
0.010886 0.008717 -0.001672 0.013845 
0.025078 0.014856 0.007490 -0.028169 
-0.022602 -0.008878 0.023106 0.007466 
-0.005188 -0.004988 -0.003666 -0.006194 
0.006019 -0.014338 0.015488 0.001392 
-0.006164 -0.024985 -0.001944 0.025661 
-0.021703 -0.015314 0.010655 0.024331 
-0.001720 -0.016207 0.015622 -0.004647 
0.003158 0.011169 -0.004819 0.010559 
-0.022750 -0.003501 0.022456 -0.005057 
0.015993 -0.013456 -0.000240 0.020899 
-0.020504 0.017951 0.027247 0.000501 
0.016001 -0.010622 0.004384 0.018698 
0.020423 -0.014826 -0.022804 0.010812 
0.003887 0.019997 -0.018725 -0.008020 
0.023669 -0.029576 0.036005 0.011774 
0.000148 -0.012138 0.008553 -0.008614 
-0.000278 0.003251 -0.000458 0.003231 
0.002355 -0.012539 0.010975 -0.006505 
-0.016825 0.001153 -0.002583 -0.016665 
0.006111 0.021984 -0.014582 -0.017550 
-0.008412 0.009115 -0.012400 0.000272 
-0.005701 -0.000792 -0.005480 -0.001762 
-0.012297 -0.013987 0.016517 -0.008605 
-0.003664 -0.007098 -0.001140 -0.007906 
0.022637 0.017710 0.007564 -0.027729 
0.028146 -0.012105 -0.006551 -0.029930 
0.004742 0.006953 0.001907 0.008197 
0.020829 0.027563 0.022156 0.026508 
0.024231 -0.042732 0.025842 -0.041778 
0.022666 0.004062 -0.022591 0.004457 
0.006626 -0.010655 0.012316 -0.002396 
0.006493 -0.012526 0.014089 -0.000745 
-0.007558 -0.009470 0.001128 -0.012064 
-0.020601 -0.001751 0.014042 -0.015175 
0.004494 -0.004546 0.005355 -0.003491 
0.003282 0.005585 0.001989 0.006166 
0.019777 -0.004213 -0.007027 0.018960 
-0.007424 0.020765 -0.005632 -0.021320 
0.006730 -0.029509 -0.028944 -0.008850 
0.017254 -0.020765 -0.026394 0.005680 
-0.016439 0.007916 -0.005055 -0.017532 
0.009762 -0.010459 0.013865 0.003530 
0.011865 -0.014733 0.010597 0.015670 
-0.025870 -0.002580 0.022960 0.012197 
0.036222 0.022930 -0.031693 -0.028868 
-0.015335 -0.014472 0.021043 -0.001327 
-0.019958 0.015654 0.022881 -0.010946 
-0.020658 0.019316 0.027146 0.007933 
0.008614 -0.006202 0.010608 -0.000377 
-0.003972 -0.013023 0.008478 -0.010653 
0.014199 0.000560 0.006520 0.012626 
-0.005864 0.003648 -0.006582 0.002090 
0.012332 -0.023611 -0.023052 0.013349 
0.028491 0.003680 -0.007754 -0.027662 
-0.005504 -0.011178 0.004311 -0.011690 
-0.017983 -0.027140 -0.031634 -0.007698 
-0.001596 0.003308 -0.001825 0.003187 
0.035807 -0.023502 -0.039039 0.017618 
-0.008452 0.034049 -0.013294 0.032466 
-0.012521 -0.029996 -0.029804 -0.012971 
0.002026 0.004304 0.001504 0.004513 
0.001784 -0.026006 -0.011941 0.023171 
-0.017380 -0.012281 0.021006 -0.003410 
0.007427 0.014812 -0.013661 0.009377 
0.008434 0.013655 -0.011424 0.011273 
0.006148 0.012671 -0.007768 0.011747 
0.000272 -0.026296 -0.012161 0.023316 
-0.004969 -0.009541 0.001333 -0.010674 
0.011578 0.004724 0.004483 0.011674 
0.015687 -0.009380 0.006521 0.017075 
-0.017599 -0.012643 0.021623 -0.001429 
0.002219 0.004393 0.001647 0.004637 
0.012639 -0.012173 0.011690 0.013088 
-0.012483 -0.019374 0.018606 0.013600 
0.031996 0.027402 -0.035857 -0.022112 
-0.021027 0.031368 -0.037118 -0.006950 
-0.006130 0.003164 -0.006720 0.001558 
0.015464 0.014814 -0.021411 -0.000376 
0.008033 0.006526 0.003345 0.009794 
0.009730 -0.021612 -0.005072 0.023153 
-0.014728 0.012118 -0.006708 -0.017854 
-0.023203 -0.000689 0.022194 -0.006802 
0.008435 -0.003387 0.009078 0.000452 
0.009991 -0.006133 0.011560 0.001952 
0.001904 -0.006364 0.003307 -0.005761 
0.010865 -0.005066 0.011401 0.003706 
-0.022565 -0.019770 -0.019512 0.022788 
-0.014849 0.018594 0.011197 -0.020997 
0.005353 0.023759 -0.006379 -0.023505 
-0.007676 -0.019256 0.019838 0.006013 
-0.017080 -0.003087 0.003132 -0.017071 
-0.022749 0.005456 0.020320 -0.011592 
-0.010989 0.005598 -0.011694 -0.003919 
0.017876 -0.013252 -0.008202 0.020685 
0.014637 0.008741 -0.007958 0.015077 
-0.017386 0.011085 0.001693 -0.020549 
-0.014990 -0.002231 -0.003359 -0.014778 
-0.006867 0.034510 -0.013056 0.032675 
-0.012434 -0.006941 -0.000034 -0.014241 
-0.014074 0.019422 0.011295 -0.021159 
-0.008102 0.016877 -0.014229 -0.012166 
0.014540 -0.013490 0.005174 0.019148 
-0.035735 -0.023375 0.033253 0.026788 
0.017513 -0.011494 -0.002931 0.020742 
0.031535 -0.020618 0.032077 0.019764 
0.007804 -0.016172 0.015186 0.009581 
-0.019764 -0.010275 0.022220 -0.001569 
-0.003263 -0.003216 -0.002892 -0.003554 
-0.003282 0.013589 -0.013301 0.004305 
-0.001687 0.013780 -0.012547 0.005942 
0.018049 0.020207 -0.000989 -0.027076 
-0.034070 -0.028520 -0.000570 0.044428 
-0.000963 -0.013836 0.011161 -0.008234 
-0.014253 0.004027 -0.009546 -0.011325 
-0.021059 0.001398 0.013426 -0.016284 
0.001623 0.000370 0.001617 0.000394 
0.021290 -0.008189 -0.016038 0.016220 
-0.007079 0.020625 -0.007013 -0.020647 
-0.013513 -0.003530 -0.004079 -0.013358 
-0.016493 -0.021071 0.001765 0.026700 
-0.009024 0.001806 -0.008929 -0.002231 
-0.013240 0.003564 -0.010317 -0.009030 
-0.013837 0.024292 0.027780 -0.003137 
0.013612 0.029596 0.030013 0.012664 
0.000601 -0.033884 -0.008937 -0.032689 
-0.030142 -0.019353 -0.019673 -0.029934 
0.003624 -0.024764 -0.006808 0.024084 
-0.000002 0.007772 -0.002414 0.007387 
-0.009646 0.006226 -0.011405 -0.001320 
-0.021078 -0.007193 0.021725 -0.004903 
0.000623 0.005759 -0.000391 0.005779 
0.019730 0.014336 -0.020220 -0.013636 
-0.011890 0.018044 -0.002586 -0.021454 
0.001526 -0.028538 -0.026399 0.010946 
-0.002729 -0.023276 0.008904 0.021678 
-0.026722 0.006502 0.023152 0.014843 
0.002528 -0.000734 0.002553 -0.000642 
-0.001438 0.008486 -0.004534 0.007316 
-0.001257 0.006587 -0.002755 0.006113 
0.005687 0.003568 0.004698 0.004796 
-0.012719 -0.000722 -0.007875 -0.010014 
0.021193 0.015413 -0.012490 -0.023037 
-0.014674 0.014701 -0.002146 -0.020661 
-0.014626 0.020982 0.019778 -0.016217 
-0.025080 -0.010056 0.013364 0.023485 
0.017574 0.041888 0.037103 -0.026208 
-0.015362 0.018422 0.012714 -0.020340 
0.010990 -0.006215 0.011993 0.003948 
-0.045682 0.021990 -0.046488 -0.020230 
0.004807 0.027906 0.021753 -0.018129 
0.032279 0.024483 -0.039683 0.008161 
0.030700 0.001014 0.007560 -0.029772 
0.001517 0.001970 0.001452 0.002018 
-0.024024 -0.026966 -0.007122 -0.035406 
-0.012117 -0.001195 -0.007826 -0.009327 
-0.007358 0.003969 -0.008290 0.001080 
0.003073 -0.013871 0.013579 -0.004179 
-0.029397 0.008590 0.002983 0.030481 
0.007967 -0.022721 -0.005336 0.023478 
-0.039243 0.017054 0.041217 -0.011491 
-0.016396 -0.009503 0.013990 -0.012784 
0.005499 0.011214 -0.004387 0.011694 
0.031419 -0.020444 0.033265 0.017278 
0.034549 -0.028615 -0.041405 -0.017266 
0.034666 -0.028343 -0.041868 -0.015878 
0.031076 -0.010715 0.018543 -0.027142 
0.016377 0.020826 -0.003742 -0.026228 
-0.010108 -0.022127 0.011214 0.021588 
-0.017444 0.043275 0.033865 0.032096 
-0.020411 -0.003811 0.015811 -0.013459 
-0.030280 0.021051 -0.036046 -0.007793 
-0.007235 -0.001928 -0.006370 -0.003934 
-0.018051 -0.004930 0.009376 -0.016194 
-0.024248 -0.020346 -0.029714 0.010909 
-0.035484 -0.006162 -0.028372 -0.022184 
-0.024613 0.034816 0.027010 -0.032991 
-0.002949 -0.018163 0.018388 0.000674 
0.013373 0.016865 -0.021182 -0.003822 
-0.007926 -0.008443 -0.000617 -0.011564 
0.006066 -0.009023 0.010169 -0.003845 
-0.006042 0.001152 -0.006151 -0.000057 
-0.006675 -0.014054 0.011385 -0.010604 
0.017977 0.036157 -0.039566 -0.008069 
0.003643 0.018137 -0.018496 -0.000341 
0.019731 0.010874 -0.022527 -0.000294 
0.025992 0.001396 -0.023427 -0.011346 
-0.000038 -0.019804 0.017604 0.009071 
0.023336 -0.007086 -0.023073 0.007900 
-0.000119 -0.009235 0.003872 -0.008385 
-0.020372 0.034486 -0.019612 -0.034924 
0.004555 -0.017787 0.016606 0.007833 
-0.012438 0.028717 0.021540 0.022702 
0.010609 -0.000367 0.009028 0.005584 
-0.003573 0.000589 -0.003605 0.000344 
0.006493 0.012520 -0.007498 0.011946 
0.013588 0.019076 -0.018280 -0.014640 
-0.002404 0.012081 -0.010291 0.006769 
0.023537 0.010256 -0.019432 -0.016779 
0.004917 -0.000309 0.004917 0.000315 
0.020311 0.025253 0.032259 0.003102 
-0.016640 -0.005767 0.006578 -0.016337 
-0.024956 0.018316 0.010332 0.029181 
0.007230 0.010169 -0.002418 0.012240 
0.015654 -0.017790 -0.011630 0.020647 
-0.002529 0.009699 -0.007048 0.007127 
-0.016980 0.014129 0.006185 -0.021206 
0.010898 -0.041340 -0.015852 0.039705 
-0.009682 -0.014487 0.014631 -0.009463 
-0.009858 0.019829 -0.002626 -0.021988 
0.029662 0.006723 0.010201 -0.028653 
0.025858 0.026651 -0.005498 0.036724 
-0.013712 0.011005 -0.010394 -0.014180 
-0.008649 0.009079 -0.012538 -0.000145 
0.001781 -0.003514 0.002060 -0.003358 
-0.007547 0.005408 -0.009149 0.001585 
-0.001995 0.004603 -0.002581 0.004302 
-0.002009 -0.025404 -0.004345 0.025110 
-0.015781 -0.004131 0.001224 -0.016266 
0.000637 0.005642 -0.000318 0.005669 
0.017845 -0.003010 0.000493 0.018090 
0.000429 -0.004202 0.000818 -0.004143 
-0.021745 0.007687 0.017597 -0.014910 
-0.014936 0.012604 -0.005342 -0.018799 
-0.020317 -0.001315 0.012464 -0.016098 
0.031567 0.002620 0.018173 -0.025944 
0.003224 -0.028105 -0.025852 0.011487 
-0.018968 0.020989 0.027711 0.005693 
-0.009445 0.013990 -0.014721 -0.008260 
0.003578 -0.037166 0.033183 -0.017117 
0.031660 -0.018186 0.036054 0.005762 
0.004088 -0.000049 0.004076 0.000308 
0.021525 -0.025018 0.003840 -0.032780 
-0.005276 -0.017124 0.017586 -0.003432 
-0.009171 0.009303 -0.013000 -0.001289 
0.004293 -0.008625 0.007819 -0.005630 
-0.016735 -0.012771 0.020730 -0.003666 
-0.004531 0.018300 -0.016282 -0.009503 
0.005247 -0.024683 -0.009685 0.023302 
-0.031137 -0.011126 -0.032199 0.007519 
-0.008345 0.005873 -0.010180 0.000708 
0.029674 0.016198 0.033224 0.006253 
0.016608 0.004336 -0.003804 0.016738 
0.005709 -0.021020 0.008450 0.020075 
0.019251 -0.005163 -0.004779 0.019350 
-0.012918 -0.040567 0.011187 0.041078 
0.013625 -0.002978 0.009710 0.010011 
0.009766 -0.010007 0.013635 0.003101 
-0.006539 0.042093 0.008757 -0.041688 
0.000407 0.013338 -0.010449 0.008299 
-0.019992 0.003653 0.008022 -0.018673 
-0.009517 0.013520 -0.014738 -0.007496 
-0.009363 -0.012592 0.009454 -0.012523 
0.014131 0.006893 -0.002725 0.015484 
0.009840 0.024782 0.005143 -0.026164 
0.013913 -0.020375 -0.014673 0.019835 
-0.004804 -0.004131 -0.003839 -0.005041 
-0.012073 -0.022096 0.008163 0.023820 
-0.011955 0.022570 0.017461 -0.018640 
0.043349 -0.012279 -0.027940 -0.035346 
-0.025239 -0.001114 0.024562 0.005914 
-0.005486 -0.018335 0.019113 0.000987 
-0.010423 -0.001635 -0.007812 -0.007090 
0.017837 0.017165 -0.016792 -0.018188 
0.001680 -0.008345 0.004645 -0.007134 
-0.018626 -0.021136 -0.007821 0.027064 
-0.011679 0.018683 -0.001042 -0.022008 
-0.005317 0.003323 -0.005883 0.002169 
0.019865 0.012236 -0.022584 -0.005856 
-0.042000 -0.003948 0.042158 -0.001516 
-0.027216 0.014747 0.006277 0.030311 
-0.019417 0.021729 0.026212 0.012732 
-0.026492 0.026999 -0.034911 -0.014561 
-0.028453 -0.013474 -0.024791 0.019405 
0.007222 -0.002000 0.007491 0.000173 
-0.031787 0.009044 -0.021675 0.024948 
-0.000281 0.007418 -0.002376 0.007033 
-0.004677 -0.022700 0.011896 0.019891 
0.015011 0.005852 -0.002516 0.015914 
-0.006387 0.008231 -0.009808 0.003513 
-0.001780 -0.010026 0.003643 -0.009508 
0.009295 0.000685 0.008054 0.004690 
-0.027080 -0.013815 -0.016823 0.025321 
0.012730 0.006176 0.001038 0.014111 
0.016828 -0.013215 -0.003301 0.021141 
-0.003833 0.021299 -0.010703 -0.018809 
0.025964 0.018511 0.029922 -0.011022 
0.027507 -0.033516 -0.038272 0.020376 
0.015572 0.009867 -0.012820 0.013247 
0.002487 0.007520 -0.000066 0.007920 
-0.004838 -0.015208 0.013617 -0.008322 
-0.024517 0.003883 0.024742 -0.001995 
-0.015296 0.025034 0.027741 0.009545 
0.004081 0.004681 0.003062 0.005403 
0.000454 0.020493 -0.016898 -0.011604 
0.031532 -0.025590 -0.003163 0.040486 
0.004223 -0.015266 0.015838 0.000150 
-0.019262 -0.006650 0.016341 -0.012174 
0.002462 0.006614 0.000678 0.007024 
-0.002168 -0.001082 -0.002134 -0.001148 
0.020345 -0.028659 0.024865 -0.024839 
-0.031136 -0.001303 -0.012192 0.028679 
0.010585 -0.002577 0.010112 0.004052 
-0.010254 -0.004317 -0.005584 -0.009623 
-0.024642 -0.015005 -0.005225 0.028373 
-0.003886 0.009066 -0.007805 0.006030 
-0.016659 0.018478 0.018277 -0.016880 
0.014122 -0.015321 0.002683 0.020664 
-0.032248 -0.020997 0.017009 -0.034519 
0.012412 0.019753 -0.017678 -0.015223 
0.003406 -0.001642 0.003519 -0.001383 
0.012061 0.007605 -0.000765 0.014238 
0.016751 0.004525 -0.004555 0.016743 
-0.041600 -0.007355 0.042137 0.003022 
-0.012960 0.015557 -0.006093 -0.019309 
-0.002641 0.017387 -0.017252 -0.003413 
0.003124 0.024691 -0.000802 -0.024875 
-0.005603 0.005193 -0.006903 0.003272 
-0.006761 -0.017120 0.018118 -0.003247 
-0.013237 -0.025837 -0.020561 0.020495 
-0.028889 -0.012808 -0.025160 0.019121 
0.006220 -0.015624 0.016137 0.004731 
0.000456 0.001373 0.000440 0.001378 
0.015020 0.008374 -0.007979 0.015234 
0.022535 -0.001139 -0.019435 0.011463 
0.002716 -0.010614 0.008427 -0.007002 
0.019528 -0.015014 -0.019935 0.014469 
0.021645 -0.027733 0.026283 -0.023384 
0.032848 0.014311 0.024092 0.026522 
0.010835 -0.006976 0.012328 0.003751 
-0.020827 0.006306 0.012440 -0.017855 
0.016701 -0.002206 0.003673 0.016441 
0.016925 -0.012649 -0.002516 0.020979 
-0.035181 -0.005781 -0.030959 -0.017682 
-0.001722 0.029150 0.028621 -0.005791 
0.010019 0.019579 -0.019480 -0.010212 
0.013722 -0.017234 -0.001445 0.021982 
-0.046847 0.009366 -0.031791 0.035660 
-0.004355 0.032269 0.018688 0.026664 
0.007648 0.003737 0.005726 0.006298 
-0.021288 0.005513 0.014193 -0.016797 
-0.005698 -0.013914 0.010703 -0.010560 
-0.014350 0.023028 0.025842 -0.008270 
0.029299 0.016308 0.033372 0.003272 
-0.003328 0.018837 -0.016645 -0.009427 
-0.016330 -0.021120 0.002056 0.026618 
-0.015357 -0.030147 -0.023685 -0.024160 
0.018823 -0.033957 0.033588 0.019473 
0.003641 0.001909 0.003458 0.002223 
-0.022690 0.020242 0.017459 0.024895 
-0.044248 0.020159 -0.038866 0.029219 
-0.033469 0.020090 -0.016469 -0.035392 
-0.034779 0.027336 0.043863 0.005732 
0.010287 0.001129 0.008120 0.006416 
0.006005 0.002615 0.005274 0.003884 
0.013528 -0.021208 -0.016800 0.018723 
0.017589 -0.017051 -0.017465 0.017178 
0.006997 -0.012054 0.013931 -0.000422 
-0.007404 -0.007522 -0.002051 -0.010354 
-0.022783 0.010791 0.024333 -0.006590 
0.011392 0.003280 0.006261 0.010067 
0.017711 -0.008541 0.000014 0.019663 
0.018245 -0.009569 -0.003344 0.020329 
0.009334 -0.000921 0.008774 0.003314 
0.017757 0.007181 -0.012771 0.014276 
-0.006534 -0.014059 0.011338 -0.010573 
-0.013216 0.011992 -0.010719 -0.014268 
0.012009 -0.006027 0.011932 0.006179 
-0.012056 -0.018688 0.020125 0.009466 
0.012413 -0.011485 0.012406 0.011493 
0.009328 -0.025039 -0.021642 0.015671 
-0.027299 -0.022508 -0.020728 -0.028674 
-0.020081 -0.035701 0.037773 0.015843 
-0.038369 -0.026645 -0.039528 0.024893 
-0.004447 -0.022748 0.011690 0.020014 
0.013644 -0.014252 0.006668 0.018569 
0.008938 -0.026501 -0.026706 0.008307 
0.008290 0.011857 -0.006721 0.012812 
0.005659 -0.002815 0.006119 -0.001582 
0.003965 -0.002245 0.004185 -0.001803 
0.002378 -0.004249 0.002885 -0.003922 
0.013166 0.004558 0.003089 0.013586 
-0.020952 -0.001024 0.014699 -0.014965 
-0.014438 -0.004484 -0.001147 -0.015074 
-0.000118 0.014215 -0.012426 0.006903 
0.008805 -0.002898 0.009190 0.001209 
-0.003007 0.014594 -0.014580 0.003076 
0.003029 -0.001959 0.003155 -0.001749 
0.010033 -0.000995 0.009155 0.004222 
-0.014435 0.012597 -0.006950 -0.017853 
0.003340 -0.018933 0.016544 0.009793 
-0.031891 -0.022121 0.022570 -0.031575 
-0.003069 -0.024731 0.000531 0.024915 
-0.003092 0.039761 -0.034392 -0.020190 
0.021115 0.019016 0.006704 -0.027613 
0.009098 -0.018020 0.010476 0.017255 
0.013287 0.015452 -0.020253 0.002271 
0.006876 0.007629 0.001865 0.010099 
0.016318 -0.020097 -0.022335 0.013089 
-0.021475 -0.013124 0.018997 0.016509 
0.011301 -0.000256 0.009035 0.006793 
0.014179 -0.021554 -0.020479 0.015692 
0.026197 -0.025472 0.036419 -0.002960 
-0.036415 -0.026835 -0.014521 0.042840 
-0.022417 -0.010976 0.021044 0.013421 
0.007009 -0.007962 0.010248 -0.002740 
0.001932 -0.004403 0.002448 -0.004138 
-0.002001 0.015857 -0.015884 0.001771 
0.023832 0.011751 -0.014258 -0.022423 
-0.003401 -0.009693 0.002178 -0.010039 
-0.037802 -0.011111 0.020274 -0.033785 
-0.018570 -0.010610 0.020807 -0.004947 
0.020015 -0.007579 -0.009496 0.019180 
-0.016237 -0.000860 -0.002222 -0.016107 
-0.006938 0.020529 -0.007696 -0.020257 
-0.020504 0.002300 0.010627 -0.017686 
-0.010932 0.027919 0.028100 0.010457 
0.014448 -0.010562 0.009033 0.015451 
-0.025488 -0.000409 0.024578 0.006765 
-0.016246 0.014501 0.003844 -0.021435 
-0.009067 0.004801 -0.010239 -0.000644 
0.013822 -0.020300 -0.013995 0.020180 
0.002539 -0.018555 0.017271 0.007242 
-0.017430 -0.027149 -0.031883 -0.004937 
0.011467 -0.011365 0.013500 0.008855 
-0.016858 0.008326 -0.003423 -0.018488 
0.016245 -0.000992 0.003999 0.015776 
-0.025806 -0.031008 0.040296 -0.001919 
-0.028905 0.022794 -0.036516 -0.004649 
-0.009111 -0.018002 0.020100 0.001751 
0.008808 0.022850 -0.009021 -0.022766 
-0.007611 -0.022600 0.011353 0.020970 
0.005343 -0.003884 0.006082 -0.002577 
-0.005410 -0.008052 -0.000969 -0.009652 
-0.006071 0.008125 -0.009374 0.003873 
-0.000382 -0.026146 -0.010544 0.023928 
-0.002127 0.026566 0.016089 -0.021246 
-0.010922 0.010517 -0.013755 -0.006380 
0.005025 0.002259 0.004606 0.003025 
0.020545 -0.006752 -0.011388 0.018385 
-0.025971 -0.013194 -0.005501 0.028606 
-0.014621 -0.006249 0.002433 -0.015713 
-0.015287 0.000370 -0.005581 -0.014237 
-0.016526 0.011137 -0.001782 -0.019848 
0.011237 0.005970 0.002985 0.012369 
0.002849 -0.009438 0.007077 -0.006863 
0.001050 -0.012139 0.009247 -0.007934 
-0.030973 -0.007754 -0.024152 0.020885 
0.000117 0.007484 -0.002047 0.007200 
-0.025438 -0.015510 -0.013534 0.026542 
-0.003136 -0.007062 -0.000818 -0.007684 
-0.003609 -0.004755 -0.002667 -0.005340 
0.000212 -0.000707 0.000214 -0.000707 
-0.011750 -0.034535 0.012148 -0.034397 
0.003752 0.030666 0.030542 0.004655 
-0.013617 -0.023109 -0.002243 0.026729 
0.004782 -0.000669 0.004828 -0.000083 
0.007717 -0.000355 0.007454 0.002029 
-0.035626 0.005105 -0.033932 -0.011994 
-0.007502 0.036047 -0.031042 0.019801 
-0.024340 -0.004529 0.024025 0.005980 
0.001553 0.001145 0.001531 0.001175 
-0.017980 0.033159 -0.037616 -0.002797 
0.017208 -0.000868 0.001215 0.017187 
0.002915 -0.022514 0.007164 0.021542 
-0.023978 0.007633 0.024909 -0.003570 
-0.007783 0.035875 -0.030265 0.020776 
-0.013710 -0.005380 -0.000941 -0.014698 
-0.005547 0.007900 -0.008598 0.004388 
-0.014018 -0.014057 0.018987 -0.005796 
-0.016045 0.017645 0.012814 -0.020114 
-0.013591 -0.025691 -0.020521 0.020581 
-0.031768 -0.000779 -0.017589 0.026466 
-0.024453 0.038967 0.037465 0.026698 
-0.001237 -0.004234 -0.000801 -0.004337 
0.012800 0.028994 0.031471 0.003749 
0.003143 0.018989 -0.018863 -0.003828 
0.001548 -0.014416 0.013539 -0.005187 
0.013197 0.017557 -0.020955 -0.006581 
-0.000322 0.019141 -0.017915 -0.006748 
0.003359 0.000811 0.003302 0.001018 
-0.016451 0.013337 0.001918 -0.021091 
0.009301 -0.038543 0.032859 0.022190 
-0.019614 -0.019030 0.001128 0.027305 
0.013329 -0.020393 -0.012474 0.020927 
-0.025330 -0.029835 0.033216 -0.020700 
-0.006807 -0.023844 0.005122 0.024262 
0.016701 -0.014248 -0.005221 0.021323 
0.014840 -0.016037 -0.002152 0.021744 
0.006943 -0.012112 0.013954 -0.000450 
-0.001251 -0.006648 0.000358 -0.006755 
0.002089 -0.011781 0.009543 -0.007217 
0.011260 -0.005304 0.011609 0.004488 
-0.001208 -0.026999 -0.015895 0.021858 
-0.002191 0.038827 -0.038688 -0.003949 
-0.011997 0.019131 0.001847 -0.022506 
-0.024996 -0.019493 -0.029520 0.011546 
-0.025016 -0.003077 0.024087 0.007424 
0.000004 0.013976 -0.011908 0.007315 
-0.009822 0.016559 -0.011959 -0.015088 
0.007255 0.019225 -0.019783 -0.005557 
-0.043119 0.004525 0.041562 0.012339 
-0.015242 -0.008869 0.009671 -0.014746 
-0.001882 0.010573 -0.007541 0.007645 
0.030254 0.023841 -0.020557 0.032574 
0.025230 -0.027742 0.036524 0.008495 
0.022690 0.016329 -0.000189 -0.027954 
-0.003392 0.021557 -0.010429 -0.019168 
-0.025074 -0.003537 0.023807 0.008628 
0.024851 0.032747 -0.038974 -0.013076 
-0.018137 0.034613 -0.032156 -0.022203 
-0.005438 -0.005684 -0.003351 -0.007117 
0.013755 0.016395 -0.021239 -0.002636 
0.016610 0.017999 -0.016764 -0.017855 
-0.022124 -0.007948 0.023414 0.002110 
0.004859 -0.015595 0.016207 0.002032 
-0.019204 -0.019492 0.000239 0.027362 
0.008081 0.004318 0.005483 0.007341 
-0.001054 -0.001126 -0.001040 -0.001139 
-0.010304 -0.007063 -0.001926 -0.012343 
-0.005783 0.010631 -0.011535 0.003664 
0.001306 -0.011461 0.008342 -0.007966 
-0.016686 0.007045 -0.004601 -0.017518 
-0.022765 0.022509 0.004430 0.031706 
0.034729 0.020154 -0.035659 0.018460 
-0.016124 0.002178 -0.005155 -0.015432 
0.015778 -0.006066 0.007282 0.015255 
0.012670 0.005414 0.002404 0.013567 
0.025671 -0.008050 -0.025407 -0.008848 
-0.015594 -0.018100 0.018282 0.015380 
-0.001017 0.003326 -0.001225 0.003256 
-0.002387 0.013420 -0.012422 0.005612 
0.003482 0.018311 -0.018610 -0.001042 
0.001677 0.003503 0.001396 0.003624 
-0.019937 0.012204 0.015657 -0.017357 
0.002743 0.003420 0.002386 0.003678 
-0.000403 -0.028497 -0.025224 0.013265 
-0.019747 0.022900 0.021603 0.021157 
-0.008686 0.001693 -0.008643 -0.001902 
-0.005022 -0.012217 0.006578 -0.011454 
0.014451 -0.009131 0.009766 0.014030 
0.004064 -0.018823 0.016121 0.010532 
-0.023554 -0.001829 0.023363 -0.003507 
0.000089 0.010151 -0.005128 0.008762 
0.024535 0.004136 -0.024052 -0.006371 
-0.000651 -0.011666 0.007140 -0.009249 
0.016120 -0.019133 -0.018428 0.016922 
-0.002766 0.014037 -0.013638 0.004325 
-0.005528 -0.009477 0.001102 -0.010916 
-0.013380 -0.014035 0.018090 -0.006982 
-0.005003 -0.009365 0.001041 -0.010567 
0.007641 0.012797 -0.008686 0.012112 
0.010895 -0.010451 0.013749 0.006237 
0.022846 -0.022629 -0.002962 -0.032019 
-0.016176 0.034984 -0.036357 -0.012796 
-0.008848 -0.012337 0.008342 -0.012685 
-0.012187 0.004632 -0.011284 -0.006530 
-0.012856 0.000373 -0.008632 -0.009533 
-0.002170 -0.001266 -0.002128 -0.001336 
-0.021476 0.013638 0.024093 -0.008170 
0.026903 0.019383 0.033042 0.002775 
0.018145 0.016740 -0.017431 -0.017482 
-0.021801 -0.002976 0.019546 -0.010105 
0.000972 -0.010068 0.005964 -0.008169 
0.017035 -0.011250 -0.000455 0.020409 
-0.008211 -0.008772 0.000019 -0.012015 
0.008742 0.014175 -0.013004 0.010404 
-0.001737 0.007709 -0.004116 0.006746 
-0.003839 0.018307 -0.016732 -0.008362 
0.011502 -0.025695 -0.027827 0.004263 
-0.027107 0.022750 -0.032014 0.015082 
-0.009566 0.022869 0.011101 -0.022165 
0.022794 -0.019682 -0.019115 -0.023271 
0.011730 -0.014790 0.010811 0.015475 
0.015950 0.006848 -0.006895 0.015930 
0.027002 0.010014 -0.000729 -0.028790 
-0.006710 0.003254 -0.007361 0.001196 
-0.000174 0.002798 -0.000289 0.002789 
0.008120 -0.003521 0.008851 0.000000 
0.004852 0.023172 -0.009666 -0.021611 
-0.038674 -0.022084 0.005214 0.044229 
0.006262 -0.010546 0.011886 -0.003025 
0.024255 0.005196 -0.023817 -0.006932 
0.001476 0.016681 -0.016431 0.003234 
-0.014320 0.022899 0.025430 -0.009098 
0.019696 -0.047950 0.049705 0.014716 
0.004555 -0.027073 -0.022518 0.015704 
0.007994 -0.017844 0.012945 0.014653 
0.010206 0.039637 -0.032724 -0.024585 
-0.023422 0.019148 0.017513 0.024668 
-0.019085 0.029031 -0.019703 0.028615 
0.038047 0.020528 -0.029116 -0.031956 
-0.014122 0.017728 0.004820 -0.022147 
-0.013236 -0.001210 -0.007025 -0.011283 
-0.017084 0.012781 0.003494 -0.021047 
-0.015087 0.021977 0.024564 -0.010357 
-0.013563 -0.006640 0.001140 -0.015058 
0.014083 -0.000154 0.007310 0.012038 
-0.002600 -0.015538 0.014251 -0.006714 
-0.024848 0.014106 0.023481 0.016281 
-0.023948 0.020559 0.006846 0.030811 
-0.008573 0.026248 0.025279 -0.011112 
-0.015266 0.000801 -0.005990 -0.014064 
-0.004301 -0.005289 -0.002904 -0.006167 
-0.001079 0.035076 -0.006274 0.034527 
0.028625 -0.007525 -0.011357 -0.027332 
0.025468 -0.014758 -0.019237 -0.022279 
-0.024248 -0.031886 0.039759 -0.004892 
0.020493 -0.030468 0.035836 -0.008003 
0.004182 -0.022208 0.006420 0.021667 
-0.001272 -0.008520 0.002043 -0.008369 
-0.003601 0.014319 -0.014511 0.002727 
-0.001284 0.011111 -0.007774 0.008042 
0.033551 0.003992 0.033102 -0.006775 
-0.030832 0.017489 -0.034462 0.008297 
0.000959 -0.007498 0.003121 -0.006885 
0.012858 -0.014007 0.009293 0.016588 
0.014739 0.013765 -0.019459 0.005300 
0.009970 -0.039765 0.015991 0.037749 
0.008754 0.016828 -0.018691 0.003232 
-0.012813 -0.012495 0.013737 -0.011472 
0.033579 0.001565 0.031755 -0.011030 
-0.010886 0.006579 -0.012146 -0.003776 
-0.030984 -0.002820 -0.013086 0.028226 
0.003154 -0.018284 0.017103 0.007191 
-0.031085 0.027648 0.018418 -0.037302 
-0.002452 -0.027871 -0.021193 0.018267 
-0.009327 -0.003926 -0.006023 -0.008131 
-0.012531 0.036656 -0.036846 -0.011962 
0.020843 -0.013153 -0.021242 0.012498 
0.007107 -0.011749 0.013720 -0.000575 
0.002321 0.017097 -0.017058 0.002592 
-0.007933 -0.007189 -0.002503 -0.010409 
-0.025330 -0.022064 -0.031808 -0.010804 
-0.011694 0.041270 0.019114 -0.038401 
-0.006863 0.000252 -0.006717 -0.001429 
0.033195 0.010196 0.033037 0.010696 
0.003733 0.002854 0.003380 0.003264 
0.011757 0.019926 -0.017814 -0.014762 
0.009484 -0.019880 0.003562 0.021736 
-0.011713 -0.017968 0.020758 0.005399 
0.010497 0.019703 -0.019114 -0.011535 
0.002201 -0.006967 0.004033 -0.006093 
0.007782 -0.028651 -0.029325 -0.004634 
-0.016730 -0.022714 -0.010470 0.026195 
-0.008133 0.023411 0.009672 -0.022818 
0.023473 -0.014926 -0.026284 -0.009107 
0.010562 -0.025111 -0.024672 0.011552 
0.004792 0.000478 0.004699 0.001054 
-0.006175 0.008637 -0.009932 0.003753 
0.009465 -0.029427 -0.025689 -0.017194 
0.000969 -0.017238 0.017250 0.000730 
-0.026776 -0.023927 -0.013644 -0.033216 
-0.001833 0.029995 0.029987 0.001969 
0.007809 0.018923 -0.019947 -0.004601 
-0.017810 -0.007414 0.013396 -0.013882 
-0.030423 -0.012922 -0.032549 0.005754 
0.009271 0.009596 -0.002147 0.013168 
0.027732 0.013293 0.019209 -0.024017 
-0.002783 0.015999 -0.016235 0.000345 
0.008348 -0.006799 0.010734 -0.000840 
0.011683 0.023255 -0.001807 -0.025962 
0.026888 -0.005087 -0.022850 -0.015056 
-0.006228 -0.011707 0.005523 -0.012056 
-0.008889 0.003568 -0.009533 -0.000932 
-0.013579 0.005136 -0.010728 -0.009781 
-0.000381 -0.013602 0.010982 -0.008035 
-0.007217 0.014161 -0.015511 -0.003468 
-0.009701 -0.042857 -0.018616 0.039802 
-0.032042 -0.002603 -0.022302 0.023153 
0.007012 -0.021323 0.004291 0.022032 
-0.001540 -0.024903 -0.001202 0.024921 
-0.007405 0.034422 -0.013835 0.032377 
-0.021152 0.030618 -0.037210 0.000591 
-0.006528 -0.017841 0.018985 -0.000694 
-0.010017 -0.019726 0.019246 0.010911 
-0.008111 0.024486 0.015680 -0.020481 
0.026348 0.020699 0.032494 0.008173 
0.020864 0.022925 0.028150 -0.012978 
0.007213 0.031154 0.029437 0.012493 
-0.011119 0.040474 0.001911 -0.041930 
-0.002872 -0.011668 0.005896 -0.010471 
0.032446 -0.027197 -0.030679 0.029176 
0.023355 -0.023791 0.009796 -0.031867 
0.009509 0.019806 -0.019251 -0.010588 
-0.001960 -0.018272 0.018309 0.001584 
0.006970 0.019566 -0.019579 -0.006933 
-0.000422 -0.001151 -0.000413 -0.001154 
-0.012567 0.023131 0.021797 -0.014760 
0.000548 -0.017070 0.017077 -0.000259 
-0.023313 0.000927 0.022010 -0.007739 
-0.010081 -0.002015 -0.007527 -0.007002 
-0.016198 0.018855 0.017750 -0.017401 
-0.010592 -0.002565 -0.007128 -0.008244 
-0.016038 -0.003770 0.001279 -0.016425 
0.025665 0.032241 -0.038802 -0.013876 
0.033714 0.019599 -0.022520 0.031837 
-0.015363 0.020059 0.018920 -0.016745 
-0.012752 -0.015411 0.019706 -0.003429 
-0.018644 0.011760 0.008673 -0.020265 
0.009729 -0.020686 -0.000626 0.022851 
-0.000843 0.025637 0.008265 -0.024283 
0.022427 0.015433 -0.006429 -0.026454 
0.001605 -0.009578 0.005944 -0.007680 
0.019231 0.002175 -0.009248 0.017001 
0.026034 -0.013942 -0.017840 -0.023535 
0.014097 -0.029444 -0.008720 -0.031459 
0.008304 0.003556 0.006091 0.006671 
0.012278 0.001853 0.007171 0.010137 
0.027065 -0.010218 -0.018684 -0.022087 
-0.026547 -0.034394 0.009585 0.042377 
0.012757 0.003451 0.005078 0.012202 
0.032169 0.008833 0.032676 -0.006716 
-0.014435 0.002199 -0.008346 -0.011981 
-0.015222 -0.018368 0.018097 0.015542 
-0.001894 0.030765 0.029341 0.009444 
-0.021080 -0.018980 -0.006280 0.027662 
0.015759 -0.008943 0.006587 0.016880 
0.013435 -0.009146 0.011531 0.011454 
0.006942 -0.007365 0.009727 -0.002796 
-0.027723 0.013444 0.006291 0.030161 
-0.007055 0.003539 -0.007816 0.001098 
-0.009333 -0.010715 0.004712 -0.013406 
0.014208 0.008358 -0.006119 0.015307 
-0.043681 -0.003658 0.033681 0.028053 
-0.022913 0.004242 0.020576 -0.010937 
-0.014528 -0.010112 0.011044 -0.013832 
0.027381 0.032372 -0.028509 -0.031383 
-0.016368 0.019584 0.020868 -0.014697 
-0.001432 -0.003857 -0.001085 -0.003968 
-0.015441 0.007777 -0.007925 -0.015365 
0.013805 -0.001911 0.008913 0.010714 
0.007891 -0.002606 0.008303 0.000346 
-0.003818 0.011961 -0.011368 0.005331 
-0.014058 0.012545 -0.008113 -0.017006 
0.034808 -0.002389 0.034889 0.000226 
-0.019785 -0.003526 0.013178 -0.015173 
0.028436 -0.007297 -0.013087 -0.026279 
-0.000912 0.013055 -0.010753 0.007459 
0.001477 0.008188 -0.001515 0.008181 
-0.007095 0.017896 -0.014186 -0.013014 
-0.008776 0.030870 0.018813 0.026002 
0.006243 0.015992 -0.015788 0.006742 
-0.016510 0.013022 0.001486 -0.020975 
0.005396 -0.012692 0.013580 -0.002406 
0.014943 -0.010161 0.008062 0.016172 
0.010541 -0.030629 -0.014710 -0.028859 
-0.010015 0.030225 0.019717 0.025002 
0.001434 -0.013035 0.011090 -0.006999 
-0.031875 0.027801 0.029524 -0.030286 
-0.023507 -0.006146 0.023824 0.004770 
-0.026331 0.000694 0.023650 0.011598 
-0.003247 -0.004428 -0.002513 -0.004883 
0.011623 -0.014483 0.011447 0.014622 
-0.017524 -0.003867 0.005788 -0.016986 
0.000004 0.020636 -0.016387 -0.012543 
-0.007442 0.009364 -0.011823 0.001811 
0.017859 0.000504 -0.002220 0.017727 
0.001882 0.003047 0.001674 0.003166 
-0.000630 -0.009653 0.003976 -0.008819 
-0.005164 -0.006033 -0.002935 -0.007379 
-0.016299 -0.017777 0.018046 0.016000 
0.035634 0.024548 -0.024881 -0.035402 
-0.022956 0.008208 0.022635 -0.009055 
0.000840 -0.018441 0.017865 0.004652 
-0.020952 -0.016770 0.007300 0.025825 
0.020457 -0.001391 -0.010842 0.017403 
0.004223 0.012691 -0.007696 0.010939 
0.015022 -0.022464 -0.025748 0.008205 
-0.001189 -0.012903 0.009159 -0.009165 
-0.014133 0.029682 0.006334 0.032259 
-0.001646 -0.015291 0.013897 -0.006587 
-0.026743 -0.019596 -0.033019 -0.002991 
-0.004096 0.013919 -0.014261 0.002669 
0.009776 0.023181 -0.005853 -0.024468 
-0.016159 -0.032589 0.006058 -0.035867 
-0.014752 0.036260 -0.033649 -0.020003 
-0.016639 0.003632 -0.004555 -0.016411 
-0.028469 0.021003 -0.032835 0.013171 
-0.022152 -0.024697 -0.031642 -0.009972 
-0.028420 -0.017124 -0.033179 -0.000310 
-0.030161 0.018223 -0.033214 0.011773 
-0.031103 0.030877 0.043166 -0.007584 
-0.010893 -0.013524 0.013569 -0.010836 
-0.018750 -0.008115 0.017387 -0.010729 
-0.013459 -0.021868 0.006337 0.024884 
0.008759 -0.020641 0.002555 0.022277 
0.003546 0.026197 0.009658 -0.024608 
0.005232 -0.039162 0.035875 0.016554 
0.004089 -0.033960 -0.001787 -0.034159 
-0.012001 0.004591 -0.011295 -0.006127 
0.007063 -0.005875 0.008895 -0.002299 
-0.014643 0.009351 -0.009265 -0.014698 
0.008508 0.007635 0.001785 0.011291 
0.006201 0.006310 0.003182 0.008256 
0.009873 -0.016285 0.012301 0.014539 
0.000529 -0.000686 0.000531 -0.000684 
-0.011247 -0.000342 -0.008666 -0.007178 
-0.010866 0.002126 -0.009984 -0.004788 
0.018275 0.020621 0.002712 -0.027420 
-0.010553 -0.028055 -0.027841 0.011105 
-0.023401 0.038251 0.044771 0.002498 
-0.009280 -0.028160 -0.026836 0.012605 
0.016878 0.002838 -0.002146 0.016980 
0.023185 -0.026353 0.026908 -0.022539 
-0.022750 -0.034454 0.036882 0.018557 
0.015111 -0.003515 0.008005 0.013290 
-0.012341 -0.007448 0.000828 -0.014391 
0.011830 0.002024 0.007254 0.009562 
-0.015169 -0.022417 -0.002436 0.026957 
-0.019076 -0.002208 0.008705 -0.017117 
-0.001245 0.027307 0.019736 -0.018913 
-0.022968 0.020062 0.016527 0.025629 
-0.035478 0.022266 0.028531 -0.030666 
-0.028509 0.027863 -0.012824 -0.037745 
-0.017373 -0.028541 -0.028093 -0.018089 
0.000752 0.026863 0.015227 -0.022143 
0.000466 0.001711 0.000438 0.001718 
0.020087 -0.022428 -0.021969 -0.020589 
-0.035003 0.001142 -0.034878 -0.003164 
0.019699 -0.003638 -0.006730 0.018868 
0.006718 -0.033871 0.004840 -0.034190 
0.012588 -0.009982 0.012515 0.010073 
0.011193 0.002963 0.006650 0.009478 
-0.012277 0.006760 -0.012144 -0.006996 
0.003416 0.029634 0.029352 -0.005320 
-0.004691 0.000923 -0.004767 0.000358 
0.000109 -0.005837 0.001140 -0.005725 
0.004610 0.014442 -0.011795 0.009525 
-0.002551 -0.005575 -0.001415 -0.005966 
0.004057 0.012048 -0.006309 0.011037 
-0.007360 -0.018845 0.019849 0.003915 
-0.008527 -0.027260 -0.020816 0.019558 
-0.023289 -0.014685 0.005214 0.027034 
-0.005209 0.008955 -0.009173 0.004815 
-0.004591 -0.006875 -0.001900 -0.008046 
0.009952 -0.016313 0.012112 0.014780 
0.004768 0.004433 0.003679 0.005371 
-0.010040 -0.011924 0.008402 -0.013129 
0.006799 -0.020928 0.006470 0.021032 
-0.015539 0.002277 -0.006519 -0.014288 
0.007544 0.021544 -0.015673 -0.016596 
-0.004962 -0.031678 -0.028104 -0.015437 
-0.034849 -0.009882 -0.024006 -0.027125 
0.005221 -0.014773 0.015648 0.000803 
-0.007639 0.016653 -0.014990 -0.010534 
-0.013913 0.024052 0.027452 -0.004297 
-0.004483 0.025320 0.012036 -0.022723 
-0.014013 -0.006174 0.001056 -0.015277 
-0.022362 0.014182 0.026453 -0.001178 
0.003893 -0.000322 0.003906 -0.000011 
0.012632 -0.001621 0.009578 0.008393 
-0.016718 -0.003440 0.002613 -0.016867 
0.023689 0.023743 0.031161 0.012405 
0.016778 0.014759 -0.021952 -0.004177 
0.017986 0.008196 -0.015450 0.012328 
0.015162 -0.022860 -0.026904 0.005355 
0.018189 -0.011819 -0.006632 0.020653 
0.024800 -0.008942 -0.026096 -0.003744 
0.029675 -0.009500 0.001514 -0.031121 
0.005599 0.014204 -0.011389 0.010168 
-0.008645 0.012660 -0.014831 -0.003878 
-0.004463 0.008473 -0.007866 0.005463 
0.002361 0.025508 0.004932 -0.025138 
-0.000941 -0.008154 0.001927 -0.007978 
0.004308 0.020571 -0.018135 -0.010622 
0.030017 -0.022122 0.035104 0.012575 
-0.013186 -0.003396 -0.004673 -0.012790 
0.002407 -0.005839 0.003562 -0.005215 
-0.029520 -0.002101 0.001973 0.029529 
0.010032 -0.007679 0.012429 0.002265 
0.017706 -0.012063 -0.004858 0.020867 
0.010321 -0.033255 0.011950 -0.032705 
-0.005443 0.012692 -0.013612 0.002330 
-0.021479 -0.005020 0.020560 -0.007990 
-0.021706 0.005670 0.016135 -0.015588 
0.024060 0.032354 -0.040320 0.000086 
0.024446 -0.033100 -0.002282 0.041086 
-0.004177 0.015670 -0.016184 -0.001026 
-0.009981 0.017169 -0.010466 -0.016877 
-0.005174 0.013319 -0.014161 0.001907 
0.021745 0.005299 -0.021471 0.006319 
-0.033640 -0.019984 0.024562 -0.030458 
0.022759 0.008377 -0.023286 -0.006776 
0.019778 -0.038271 -0.029231 0.031645 
0.024321 -0.017557 -0.017866 -0.024095 
-0.019715 0.024922 0.010590 0.029960 
-0.004926 0.029456 0.029678 0.003337 
-0.000816 0.008835 -0.004280 0.007772 
0.026420 0.005768 -0.016958 -0.021065 
-0.015066 0.029433 0.003284 0.032902 
-0.005681 0.002575 -0.006084 0.001375 
-0.002006 0.016776 -0.016882 -0.000662 
-0.012908 0.009435 -0.012187 -0.010349 
0.025671 0.025829 0.005051 0.036064 
0.012030 0.011979 -0.011168 0.012787 
0.008649 0.012320 -0.008141 0.012661 
-0.009510 -0.006144 -0.003643 -0.010720 
-0.010502 0.026631 0.028581 -0.001615 
-0.003906 0.017556 -0.016970 -0.005959 
-0.015551 -0.027133 -0.031033 0.003876 
-0.000848 0.007518 -0.003025 0.006935 
0.022863 -0.033859 0.004584 0.040598 
0.026706 0.037591 0.040301 -0.022408 
0.021002 0.032980 -0.035444 0.016509 
0.031438 0.033760 0.037268 -0.027187 
-0.007396 0.026459 0.024145 -0.013108 
0.024033 -0.003745 -0.023809 0.004975 
-0.008634 0.004373 -0.009676 -0.000198 
-0.024347 -0.001424 0.024382 0.000572 
-0.034926 0.022737 0.024904 -0.033415 
-0.031120 0.022108 -0.028935 -0.024900 
-0.032980 -0.019247 0.010937 -0.036586 
0.004356 -0.024719 -0.007975 0.023799 
-0.011868 0.000827 -0.009327 -0.007385 
0.001149 0.034832 -0.000964 0.034837 
-0.005407 -0.021604 0.015919 0.015574 
0.003302 0.004691 0.002451 0.005187 
0.003999 0.004959 0.002866 0.005689 
0.022950 0.022596 0.032082 -0.002825 
-0.024739 -0.010052 0.015121 0.022010 
-0.008643 -0.009061 0.000715 -0.012501 
0.008151 -0.011553 0.014085 0.001240 
0.001616 -0.012891 0.010976 -0.006950 
-0.006081 -0.013720 0.010329 -0.010887 
0.015536 0.040016 -0.007289 -0.042303 
0.020061 -0.014434 -0.020740 0.013441 
-0.020263 0.000937 0.010292 -0.017480 
0.010063 -0.004341 0.010695 0.002393 
-0.005524 -0.013522 0.009705 -0.010918 
0.014681 0.045671 0.036269 0.031399 
0.028725 0.013905 0.027812 -0.015652 
-0.018025 0.019298 0.025075 -0.008279 
0.000570 -0.019289 0.017746 0.007581 
-0.015399 -0.003048 -0.001385 -0.015636 
-0.005489 -0.009155 0.000587 -0.010658 
-0.026020 -0.014005 -0.009914 0.027837 
-0.005479 0.000459 -0.005483 -0.000408 
0.034717 0.012932 0.011957 0.035065 
-0.009682 0.001223 -0.009092 -0.003545 
0.018643 -0.012123 -0.009382 0.020161 
-0.037126 -0.004787 -0.014811 -0.034379 
0.025535 0.038631 0.043020 -0.017137 
-0.001618 0.016066 -0.016053 0.001749 
-0.002960 -0.017840 0.018078 -0.000489 
-0.003512 0.017773 -0.017088 -0.006016 
0.008604 -0.002566 0.008901 0.001174 
0.007302 -0.011718 0.013804 -0.000247 
-0.026178 -0.035664 -0.007259 0.043641 
-0.005102 0.028046 0.027332 -0.008097 
0.020104 0.011473 -0.022792 -0.004043 
-0.002207 -0.014008 0.011055 -0.008881 
0.010446 0.009750 -0.003489 0.013857 
-0.014876 -0.012859 0.018039 -0.007825 
-0.030310 0.028706 0.019663 -0.036825 
-0.000185 0.031903 0.026156 0.018266 
-0.003348 -0.004669 -0.002497 -0.005174 
-0.017304 -0.019851 0.006168 0.025601 
-0.008590 -0.025386 -0.007501 0.025729 
-0.044455 0.016500 -0.018168 0.043800 
0.006815 -0.002111 0.007130 -0.000247 
0.016786 -0.036063 0.026360 0.029790 
-0.035920 -0.001660 -0.031265 -0.017763 
-0.035313 -0.013594 -0.000309 -0.037837 
0.017055 0.009436 -0.015494 0.011826 
0.006153 0.001229 0.005773 0.002460 
0.013295 0.013708 -0.017308 0.008069 
-0.012742 -0.018277 0.020405 0.008947 
0.000878 -0.004715 0.001437 -0.004576 
0.020738 -0.006193 -0.011964 0.018036 
-0.011128 -0.003343 -0.006307 -0.009759 
0.004002 -0.008572 0.007435 -0.005849 
-0.002887 -0.013444 0.009633 -0.009813 
-0.019478 -0.001404 0.009244 -0.017202 
0.034438 -0.008107 0.035370 0.000828 
0.014192 -0.018960 -0.009889 0.021521 
-0.001060 0.001655 -0.001093 0.001633 
0.008322 -0.020050 0.006141 0.020822 
-0.029140 0.002218 0.009400 0.027671 
-0.015089 0.015301 0.001049 -0.021464 
-0.004532 -0.001956 -0.004247 -0.002515 
-0.016308 0.028830 0.001258 0.033099 
0.020839 -0.043819 0.008428 -0.047784 
0.010397 -0.026438 -0.028197 0.003463 
-0.006663 0.018869 -0.013051 -0.015170 
0.006410 0.020496 -0.018475 -0.010948 
-0.014060 0.009878 -0.010275 -0.013773 
-0.011063 -0.014455 0.016030 -0.008623 
-0.008311 0.003228 -0.008908 -0.000399 
0.004881 0.008765 -0.000176 0.010030 
0.020319 -0.015581 -0.023860 0.009292 
-0.017215 -0.015860 0.020926 0.010490 
-0.022411 -0.012390 0.018049 0.018166 
-0.000563 0.013317 -0.010997 0.007533 
-0.000142 -0.024654 -0.000677 0.024645 
-0.032745 -0.027021 0.033030 0.026672 
0.007289 0.016973 -0.018125 0.003564 
-0.010762 -0.009336 0.002886 -0.013952 
0.028032 0.032501 -0.021141 -0.037351 
-0.027896 -0.004195 0.011160 0.025908 
-0.010629 -0.007005 -0.001798 -0.012602 
-0.014034 0.022164 0.022321 -0.013784 
-0.017828 0.012430 0.006160 -0.020842 
-0.017273 0.013061 0.004961 -0.021079 
-0.021949 0.004286 0.016779 -0.014784 
0.003672 -0.002542 0.003917 -0.002146 
0.015477 -0.025119 -0.027327 -0.011123 
-0.033163 0.012449 -0.035284 0.003132 
0.010709 0.015499 -0.017872 0.005957 
-0.012584 0.007182 -0.012136 -0.007916 
0.001013 0.025427 0.005076 -0.024936 
0.028698 -0.006645 -0.011676 -0.027045 
-0.034318 0.015118 -0.029916 -0.022613 
0.011180 0.006604 0.002024 0.012826 
0.024312 0.016286 0.010046 -0.027484 
-0.014111 0.002862 -0.009143 -0.011123 
-0.015975 -0.006873 0.007015 -0.015913 
-0.003826 0.013374 -0.013364 0.003863 
0.013464 0.019869 -0.015974 -0.017914 
0.022689 -0.039274 -0.043668 -0.012263 
0.008334 0.016910 -0.018573 0.003233 
-0.002498 -0.027594 -0.019445 0.019738 
-0.000754 0.008892 -0.004282 0.007829 
-0.002568 0.001808 -0.002657 0.001673 
-0.005158 0.013443 -0.014292 0.001746 
0.028835 0.001569 -0.008598 -0.027568 
-0.034249 -0.025656 0.030329 0.030190 
0.030104 0.000766 0.001495 -0.030077 
0.038291 0.003233 0.002192 0.038364 
0.032002 -0.023719 0.008074 0.039007 
-0.001342 -0.021312 0.015652 0.014527 
-0.030667 -0.001897 -0.008500 0.029526 
-0.015706 -0.018421 0.017141 0.017094 
-0.006136 -0.006703 -0.002772 -0.008655 
-0.003172 -0.009517 0.002031 -0.009824 
-0.013620 -0.004847 -0.001978 -0.014321 
-0.006644 0.016896 -0.015706 -0.009107 
0.006760 -0.018379 0.013857 0.013838 
-0.004828 0.001547 -0.004991 0.000887 
-0.005440 -0.018027 0.018828 -0.000226 
-0.019665 0.033482 -0.033057 -0.020370 
0.004566 -0.007490 0.007132 -0.005107 
0.023662 0.029311 -0.016362 0.033931 
0.000024 -0.043746 -0.023655 0.036798 
0.016169 -0.028885 -0.001633 -0.033063 
0.033646 0.015612 0.008579 0.036086 
0.023194 0.004165 -0.023518 0.001492 
-0.001969 -0.031538 -0.028582 -0.013475 
0.019289 -0.015097 -0.019169 0.015249 
-0.013238 0.015094 -0.006242 -0.019082 
0.025112 -0.013958 -0.022655 -0.017668 
0.005527 0.038064 -0.037061 0.010291 
0.007262 -0.017264 0.014800 0.011478 
0.019864 -0.024289 -0.013796 -0.028182 
0.007540 -0.003374 0.008243 -0.000531 
0.002677 0.044974 0.040511 -0.019716 
0.023666 -0.033040 0.007121 0.040012 
0.010028 -0.014520 0.013940 0.010821 
0.011430 -0.002168 0.010099 0.005776 
0.011619 0.005299 0.003666 0.012233 
0.017295 -0.027406 -0.007537 -0.031519 
0.003886 0.001309 0.003757 0.001645 
-0.023796 0.016710 0.022930 0.017881 
0.006371 0.012718 -0.007943 0.011800 
0.013958 0.016213 -0.021267 -0.002326 
0.001456 -0.021620 0.012622 0.017613 
0.010840 -0.014901 0.012413 0.013619 
-0.004436 0.022377 -0.005152 -0.022223 
-0.028029 0.000902 0.016675 0.022548 
0.002217 0.033325 0.016689 0.028930 
-0.014667 0.005080 -0.009341 -0.012397 
0.014568 -0.018702 -0.010430 0.021289 
-0.002034 0.015699 -0.015691 0.002099 
0.034871 0.007016 0.030798 0.017797 
-0.003421 0.004366 -0.004076 0.003762 
-0.011638 -0.016927 0.020532 0.000636 
0.007623 0.018721 -0.019899 -0.003552 
0.019275 -0.002469 -0.005262 0.018707 
-0.013269 0.005723 -0.011204 -0.009126 
-0.007170 -0.007170 -0.002492 -0.009829 
-0.003198 0.028020 0.025463 -0.012124 
0.002331 0.020495 -0.017711 -0.010573 
0.005484 0.005879 0.003227 0.007364 
-0.008284 0.000512 -0.007934 -0.002437 
0.006677 0.007203 0.002370 0.009532 
0.012226 0.014879 -0.018271 0.006085 
-0.017438 0.008871 -0.000825 -0.019547 
0.044820 -0.019610 0.043440 -0.022502 
0.008351 -0.014533 0.015317 0.006807 
-0.006862 0.013848 -0.015311 -0.002110 
0.025074 0.018068 0.024231 -0.019184 
0.003210 0.012109 -0.006661 0.010610 
0.016729 -0.008255 0.003917 0.018239 
-0.022574 -0.011973 0.018582 0.017540 
-0.019854 -0.010571 0.022492 -0.000219 
-0.011043 0.031805 0.000964 0.033653 
-0.011146 0.017430 -0.006842 -0.019524 
-0.006396 -0.009052 0.000294 -0.011080 
-0.009714 0.005073 -0.010842 -0.001595 
-0.004462 -0.015548 0.014319 -0.007522 
-0.021998 -0.004421 0.021343 -0.006923 
-0.000094 0.006539 -0.001540 0.006356 
-0.005669 0.001298 -0.005809 0.000282 
-0.015843 0.026154 0.023068 0.020072 
0.028654 -0.027876 0.010981 0.038439 
0.012216 -0.030557 -0.008025 -0.031915 
0.002075 0.005177 0.001210 0.005445 
-0.018765 -0.012904 0.022446 0.003847 
-0.001559 0.000117 -0.001560 0.000098 
0.010942 0.007601 0.000486 0.013314 
0.023676 -0.007300 -0.024099 0.005753 
-0.015161 0.005632 -0.008594 -0.013701 
-0.004380 0.012549 -0.012648 0.004084 
0.007833 0.024032 -0.003018 -0.025095 
-0.015274 -0.012568 0.018145 -0.007874 
-0.013741 -0.010787 0.011102 -0.013488 
-0.017835 -0.031947 0.007264 -0.035860 
0.005866 0.009952 -0.001891 0.011396 
0.000018 -0.026543 -0.013622 0.022781 
0.009758 0.020303 -0.018181 -0.013300 
0.003722 -0.001842 0.003873 -0.001500 
-0.015919 -0.006293 0.005645 -0.016160 
-0.028952 0.006490 0.009745 0.028025 
0.001221 -0.021967 0.011646 0.018666 
-0.034725 0.001689 -0.034761 0.000643 
0.019058 0.037308 -0.027929 -0.031227 
-0.008875 0.024457 0.017584 -0.019176 
0.002841 -0.004956 0.003641 -0.004402 
-0.007527 -0.014611 0.013227 -0.009756 
-0.023050 0.013669 0.026725 0.001986 
0.019076 -0.014433 -0.016653 0.017171 
-0.008852 0.009649 -0.013065 -0.000877 
-0.024580 0.010281 0.026259 0.004510 
0.033126 0.004352 0.031695 -0.010572 
0.016834 -0.024201 -0.026739 -0.012413 
-0.006778 0.007423 -0.009594 0.003000 
-0.018814 0.011161 0.008384 -0.020205 
-0.011262 0.019566 0.000963 -0.022555 
-0.000345 -0.026899 -0.015749 0.021809 
-0.040536 0.011077 0.037498 -0.018966 
-0.021839 0.025174 -0.007679 0.032430 
0.013347 -0.016262 0.002989 0.020825 
0.004883 0.014008 -0.010786 0.010185 
-0.017127 0.005283 -0.003422 -0.017593 
-0.020386 -0.025719 -0.031855 -0.007895 
-0.007660 0.041388 0.000494 -0.042088 
-0.010241 0.034028 -0.020213 0.029228 
0.031711 -0.025600 -0.005780 0.040343 
-0.003198 0.004559 -0.003892 0.003984 
0.009785 -0.006214 0.011484 0.001571 
0.000982 0.001407 0.000960 0.001421 
0.018819 -0.016639 -0.021155 0.013546 
-0.025991 -0.012319 -0.001479 0.028725 
-0.016821 0.015196 0.008376 -0.021064 
0.002194 -0.007996 0.004865 -0.006715 
-0.010253 -0.023739 0.001469 0.025817 
0.011979 -0.009465 0.013025 0.007964 
-0.016250 -0.032565 0.006241 -0.035855 
-0.009529 0.037180 -0.038221 -0.003510 
0.005231 -0.019288 0.014205 0.014058 
-0.016099 -0.008114 0.010084 -0.014944 
-0.010578 0.025683 0.026600 -0.007997 
0.002931 -0.010721 0.008789 -0.006803 
-0.015973 -0.027224 -0.031539 0.001242 
-0.020850 -0.019093 -0.005716 0.027687 
-0.021990 0.009092 0.019954 -0.012964 
0.006391 0.017506 -0.018530 0.001987 
0.007300 0.008460 0.000667 0.011154 
-0.009576 0.006093 -0.011286 -0.001204 
-0.006717 0.016753 -0.015734 -0.008843 
-0.003827 0.023190 -0.002173 -0.023403 
0.005663 -0.006497 0.007700 -0.003872 
-0.034649 0.016478 -0.021951 -0.031467 
-0.020340 0.012514 0.018043 -0.015645 
0.010294 -0.017527 0.008888 0.018280 
0.009630 -0.009319 0.013210 0.002253 
0.003762 0.010924 -0.004129 0.010790 
0.025443 -0.013387 -0.022151 -0.018327 
-0.002854 0.010463 -0.008363 0.006905 
-0.000240 -0.014158 0.012143 -0.007285 
0.001291 -0.011546 0.008466 -0.007956 
-0.018308 -0.006829 0.013749 -0.013884 
-0.015793 -0.037199 0.038894 0.010975 
-0.022134 0.040485 0.037425 0.026987 
-0.014364 0.006103 -0.010059 -0.011932 
0.021748 0.017087 -0.001414 -0.027621 
-0.000339 0.007701 -0.002675 0.007229 
-0.000454 0.022156 -0.011696 -0.018824 
0.031882 -0.024522 0.002401 0.040150 
0.006525 -0.027055 -0.025293 0.011609 
0.004562 0.012389 -0.006985 0.011203 
0.008533 -0.006219 0.010547 -0.000501 
-0.020789 -0.020832 -0.016575 0.024320 
0.007751 -0.004987 0.009141 -0.001176 
-0.018084 0.017946 0.021944 -0.012944 
-0.003475 0.017625 -0.017111 -0.005469 
0.026557 0.001836 -0.021528 -0.015659 
0.003759 -0.013570 0.013590 -0.003687 
-0.024668 -0.012656 0.006144 0.027036 
-0.021943 -0.016060 0.005892 0.026547 
0.002347 -0.002826 0.002541 -0.002653 
0.000697 -0.008361 0.003655 -0.007552 
-0.018407 -0.014080 0.022023 0.007217 
-0.023873 0.011210 0.026337 0.001383 
0.006805 -0.004715 0.008026 -0.002032 
-0.002035 0.013000 -0.011476 0.006438 
0.019838 0.019002 -0.000190 -0.027470 
-0.041865 -0.021589 -0.041311 0.022631 
0.006265 0.007398 0.002038 0.009477 
-0.000468 -0.015330 0.014284 -0.005584 
-0.015187 -0.029468 -0.028227 -0.017384 
-0.009748 0.013944 -0.014493 -0.008911 
0.017337 -0.018755 -0.021653 0.013546 
-0.039337 -0.000619 0.009579 -0.038158 
0.010627 -0.008037 0.012806 0.003678 
0.026119 0.012410 0.002851 -0.028776 
0.015309 0.001555 0.003550 0.014972 
-0.012165 -0.023988 -0.004489 0.026519 
-0.000357 -0.010965 0.006160 -0.009079 
-0.025826 -0.016009 -0.018750 0.023911 
0.023571 -0.003384 -0.022585 0.007546 
0.005298 0.025229 0.003154 -0.025586 
0.039916 -0.003798 -0.017382 0.036133 
0.002680 -0.001325 0.002739 -0.001198 
-0.028422 -0.002489 0.010408 0.026564 
-0.010167 -0.000816 -0.008280 -0.005955 
-0.005041 0.023406 0.001552 -0.023893 
-0.000672 0.009660 -0.005137 0.008208 
-0.014231 -0.005948 0.001044 -0.015389 
-0.022889 0.020093 0.016887 0.025347 
0.026643 -0.000251 -0.022618 -0.014082 
-0.003120 -0.017560 0.017770 -0.001518 
0.008505 -0.007564 0.011367 -0.000572 
-0.015279 -0.005869 0.003175 -0.016057 
-0.004069 0.015323 -0.015854 -0.000025 
0.028767 0.012681 0.023931 -0.020388 
0.034270 -0.018094 0.018428 0.034091 
-0.019159 0.015882 0.020551 -0.014034 
-0.020330 -0.004058 0.015859 -0.013352 
0.007808 -0.014765 0.015555 0.006083 
-0.023294 -0.017453 -0.010139 0.027284 
0.039343 -0.001836 -0.007895 0.038586 
0.008131 0.009330 -0.001028 0.012333 
0.004096 0.016973 -0.017058 0.003729 
0.033527 0.011155 0.029956 0.018737 
-0.024266 0.010715 0.026342 0.003117 
-0.021956 0.028446 -0.032324 0.015699 
-0.016934 0.024212 0.026505 0.013056 
0.026036 -0.010429 -0.023364 -0.015517 
0.016795 0.010106 -0.016252 0.010957 
-0.016458 0.016893 0.012046 -0.020276 
-0.013405 0.028680 0.018161 0.025932 
-0.021826 0.029279 -0.035407 0.008946 
-0.007823 -0.024493 -0.000057 0.025712 
-0.018788 -0.021630 -0.011957 0.026036 
0.002437 0.008761 -0.001454 0.008976 
-0.009576 0.002546 -0.009593 -0.002479 
0.001822 -0.010732 0.007710 -0.007685 
0.027356 -0.003777 -0.021043 -0.017883 
-0.039673 -0.003956 0.020780 -0.034027 
0.030608 0.018442 0.021398 0.028619 
0.004623 0.002796 0.004145 0.003465 
-0.000836 -0.012736 0.009024 -0.009026 
-0.012149 0.011318 -0.012806 -0.010570 
0.000158 0.006123 -0.001037 0.006036 
-0.006752 -0.010756 0.003531 -0.012199 
-0.019681 0.017855 0.026094 -0.005022 
0.013548 0.012655 -0.015353 0.010392 
0.017554 0.018172 -0.013751 -0.021196 
-0.011486 -0.003071 -0.006428 -0.010002 
0.010600 0.002917 0.006835 0.008611 
0.020792 -0.015014 -0.024248 0.008351 
0.022690 0.003211 -0.022158 0.005848 
-0.013452 0.004730 -0.010683 -0.009445 
0.005488 0.004814 0.003954 0.006136 
0.001061 -0.003357 0.001276 -0.003282 
-0.024568 0.002108 0.024626 -0.001266 
-0.025102 0.000384 0.024876 0.003379 
-0.012528 -0.022146 0.006910 0.024487 
-0.026438 -0.013396 -0.010015 0.027895 
-0.024813 -0.022944 -0.030739 -0.014043 
0.019828 -0.024218 -0.014457 -0.027761 
0.032308 0.017682 0.009767 0.035511 
0.037602 0.003983 0.010475 0.036332 
0.007712 -0.011992 0.014230 0.000891 
0.009273 -0.017064 0.012117 0.015177 
-0.020745 0.004391 0.011429 -0.017861 
0.019388 0.020269 0.005693 -0.027465 
0.008342 0.012583 -0.008587 0.012417 
0.009142 0.004548 0.005464 0.008626 
0.005755 0.007745 0.001468 0.009537 
0.004181 0.005270 0.002831 0.006103 
-0.000829 -0.011626 0.006945 -0.009360 
0.001704 -0.005138 0.002467 -0.004818 
-0.025776 0.005219 0.025338 0.007042 
0.010636 -0.035367 0.033447 -0.015659 
0.003038 0.023164 -0.009554 -0.021319 
0.013259 0.021440 -0.009261 -0.023446 
0.018102 -0.001021 -0.001626 0.018057 
0.028840 -0.009991 -0.005468 -0.030028 
0.018987 0.004056 -0.011099 0.015930 
0.010415 -0.009838 0.013621 0.004441 
0.009121 0.006199 0.003664 0.010402 
0.030067 -0.010591 0.008092 -0.030834 
-0.043328 -0.015151 -0.015544 0.043189 
-0.028963 -0.003877 0.003482 0.029013 
0.009097 -0.002992 0.009452 0.001537 
-0.004842 0.029306 0.029650 0.001767 
-0.006761 -0.017953 0.019184 -0.000166 
-0.015307 -0.003871 -0.000333 -0.015785 
-0.011771 0.002684 -0.010373 -0.006177 
-0.000575 0.006471 -0.001977 0.006189 
-0.017483 0.015843 0.013331 -0.019466 
0.027047 0.023883 0.011708 0.034130 
-0.028937 0.012986 -0.003803 0.031488 
0.001885 -0.018607 0.017523 0.006536 
0.007371 0.007991 0.001385 0.010783 
-0.007778 0.015421 -0.015519 -0.007580 
-0.004805 0.007006 -0.007046 0.004745 
-0.003911 0.027198 0.022267 -0.016100 
0.000423 -0.000349 0.000424 -0.000348 
0.012153 -0.016940 0.005137 0.020206 
-0.000203 -0.001520 -0.000184 -0.001523 
0.034377 0.006451 0.033493 0.010080 
-0.037598 -0.017012 0.041040 -0.004321 
0.013020 0.013181 -0.015727 0.009795 
-0.000882 -0.014488 0.012515 -0.007353 
0.016931 0.020869 -0.001375 -0.026838 
0.028483 0.009719 0.010243 -0.028299 
0.003485 0.005636 0.002112 0.006281 
-0.017227 0.005429 -0.003092 -0.017796 
0.031721 0.005134 0.023962 -0.021411 
0.007502 -0.001099 0.007491 0.001169 
-0.014635 0.017758 0.007095 -0.021890 
-0.008975 -0.011372 0.006013 -0.013180 
-0.010247 -0.005837 -0.003784 -0.011169 
-0.015693 0.022603 0.027205 -0.004131 
-0.017810 0.014753 0.011711 -0.019942 
-0.002104 -0.001610 -0.002043 -0.001686 
0.005146 -0.000619 0.005182 0.000107 
0.002427 -0.015661 0.015760 -0.001665 
-0.013227 -0.003733 -0.004181 -0.013092 
0.004760 -0.019067 0.015143 0.012525 
-0.010620 0.027223 0.029013 0.003485 
-0.015239 0.020906 0.021542 -0.014325 
-0.030175 -0.010565 -0.026250 0.018251 
-0.008432 -0.004604 -0.005337 -0.007988 
-0.005143 -0.006920 -0.002141 -0.008352 
-0.012024 -0.022834 0.003800 0.025525 
-0.037537 -0.001097 -0.016639 -0.033666 
0.022223 -0.008280 -0.020085 0.012610 
0.022347 0.003062 -0.021204 0.007691 
-0.012258 -0.003908 -0.004981 -0.011863 
-0.010096 0.019866 -0.001731 -0.022217 
0.025423 0.007195 -0.018776 -0.018588 
-0.012524 0.012923 -0.011320 -0.013990 
-0.013950 0.027818 0.021441 0.022554 
0.029329 0.014349 0.031555 -0.008388 
-0.016417 0.041929 0.045005 -0.001450 
0.038287 0.008771 -0.016357 0.035711 
-0.013143 0.004553 -0.010841 -0.008714 
0.014095 -0.019839 -0.013123 0.020495 
0.023470 0.020634 0.027989 -0.013901 
0.002449 -0.026204 -0.014188 0.022166 
0.021980 -0.015957 -0.027066 -0.002272 
-0.015240 0.011014 -0.006444 -0.017665 
-0.008632 0.026425 0.026016 -0.009796 
-0.002957 0.015182 -0.015339 0.001988 
0.003195 0.007032 0.000885 0.007673 
0.012960 0.008021 -0.002979 0.014947 
0.028664 0.015124 0.030848 -0.009936 
0.021549 0.003991 -0.019735 0.009529 
-0.016536 -0.018598 0.014733 0.020057 
0.003344 0.041523 -0.017795 -0.037665 
0.015541 -0.009996 0.006490 0.017301 
-0.028293 -0.026452 0.025937 -0.028766 
0.005579 -0.006877 0.007856 -0.004087 
-0.005646 -0.016247 0.016097 -0.006060 
-0.024082 -0.015955 -0.006624 0.028118 
-0.005270 0.008666 -0.008963 0.004748 
-0.003744 0.005568 -0.004938 0.004542 
-0.010833 -0.018299 0.020569 0.005400 
0.027779 0.035810 0.027221 -0.036237 
0.027795 0.033128 -0.015051 -0.040540 
-0.040339 0.033343 -0.026085 -0.045371 
-0.032152 0.025302 0.009020 -0.039906 
-0.033968 0.036212 -0.043376 0.024159 
-0.003264 0.027188 0.021355 -0.017141 
-0.019853 -0.007197 0.018879 -0.009462 
0.007681 -0.023414 -0.008382 0.023173 
-0.016571 0.004632 -0.005036 -0.016453 
0.001108 -0.020432 0.016036 0.012710 
0.004836 -0.017310 0.016631 0.006812 
-0.016576 0.012238 0.000219 -0.020603 
-0.011788 0.004595 -0.011312 -0.005666 
-0.028497 0.022450 -0.036172 0.002766 
0.025522 0.007768 -0.017180 -0.020409 
0.010535 0.012285 -0.009911 0.012794 
-0.014152 0.007067 -0.010513 -0.011819 
-0.004674 0.014817 -0.015537 0.000068 
0.011644 -0.009671 0.013257 0.007304 
0.010462 -0.014260 0.013573 0.011338 
-0.003898 0.011428 -0.010707 0.005582 
-0.008228 0.018992 -0.009837 -0.018210 
-0.022195 0.027430 -0.027639 0.021934 
-0.009574 -0.001792 -0.007570 -0.006129 
-0.029381 0.011701 -0.004179 0.031348 
-0.022497 0.026043 -0.019865 0.028102 
-0.021758 -0.016174 0.006288 0.026372 
-0.029217 0.001445 0.008425 0.028013 
-0.013828 0.026620 0.026789 0.013498 
0.004224 0.022081 -0.014323 -0.017328 
0.001640 0.009346 -0.002772 0.009074 
-0.004232 -0.015266 0.013666 -0.008013 
0.014835 0.036462 -0.038942 0.005754 
-0.009751 0.003363 -0.010058 -0.002288 
0.032908 0.014741 0.021579 0.028889 
0.000687 -0.020929 0.015288 0.014309 
0.005590 -0.015516 0.016178 0.003207 
-0.008896 -0.002991 -0.006643 -0.006630 
0.027250 -0.018471 0.011367 -0.030896 
0.015960 -0.029449 0.002462 -0.033405 
0.015579 0.003975 -0.000470 0.016071 
0.027246 -0.020648 0.023136 -0.025168 
-0.006449 0.000877 -0.006484 -0.000559 
-0.003923 -0.011240 0.004684 -0.010944 
0.022371 -0.001503 -0.018720 0.012341 
-0.024825 0.045778 -0.045078 -0.026075 
-0.008881 -0.012036 0.007600 -0.012883 
-0.011417 0.015814 -0.009846 -0.016837 
0.027449 -0.007926 -0.019055 -0.021287 
-0.020005 -0.010527 0.022604 0.000271 
-0.005401 -0.006530 -0.002634 -0.008054 
0.003415 -0.010239 0.008654 -0.006449 
-0.005359 -0.019382 0.019372 0.005393 
-0.035444 -0.017452 0.027108 -0.028741 
-0.018369 0.001489 0.002246 -0.018291 
0.026826 -0.018894 0.009613 -0.031372 
0.008928 0.027597 0.023423 -0.017109 
0.018816 0.024598 0.029029 -0.010790 
0.004674 -0.021818 0.007231 0.021109 
-0.011144 -0.000133 -0.008800 -0.006839 
-0.004301 -0.002711 -0.003897 -0.003266 
-0.002306 -0.016155 0.015482 -0.005159 
0.003821 -0.012509 0.012143 -0.004861 
0.009462 -0.014309 0.014620 0.008974 
0.008340 -0.003539 0.009056 0.000248 
-0.008951 -0.013043 0.010260 -0.012041 
-0.007002 -0.009469 0.001032 -0.011732 
0.014455 -0.004627 0.009513 0.011826 
-0.038732 -0.026598 -0.042634 0.019748 
-0.022091 -0.006392 0.022888 -0.002239 
-0.026133 0.016024 0.010628 0.028754 
-0.010120 -0.010199 0.004200 -0.013740 
0.013687 0.012888 -0.016123 0.009669 
-0.005285 -0.035907 0.015820 -0.032665 
0.015936 -0.026938 -0.018496 -0.025250 
0.012165 0.010239 -0.006907 0.014322 
-0.022687 -0.011291 0.019794 0.015824 
-0.019661 -0.004738 0.014536 -0.014061 
-0.006295 -0.007904 -0.001403 -0.010006 
-0.018949 0.014359 0.015910 -0.017667 
-0.029574 -0.003808 -0.001778 0.029765 
-0.005369 0.024973 0.011754 -0.022679 
-0.029438 -0.019055 -0.026495 -0.022972 
0.004566 0.002068 0.004256 0.002648 
-0.000490 0.002174 -0.000547 0.002161 
0.018844 0.003118 -0.009137 0.016773 
0.011739 0.018200 -0.020650 -0.006530 
0.010898 -0.004211 0.010998 0.003942 
0.004665 0.022864 -0.011163 -0.020492 
0.023788 -0.018027 -0.019406 -0.022677 
-0.006975 0.005890 -0.008809 0.002399 
0.022092 0.021164 0.024709 -0.018040 
0.010994 -0.031913 -0.000016 -0.033754 
0.010791 0.015410 -0.017777 0.006154 
0.023095 -0.003303 -0.021102 0.009951 
-0.032834 -0.003792 -0.029585 0.014736 
0.021970 0.038895 0.020776 -0.039545 
0.006787 0.022840 -0.010689 -0.021294 
-0.023338 0.017425 0.023224 0.017577 
-0.014378 0.002558 -0.008638 -0.011775 
-0.009777 0.004410 -0.010558 -0.001890 
0.038674 -0.011659 -0.014805 0.037582 
-0.024475 -0.005713 0.023274 0.009484 
0.025288 -0.025825 0.034972 -0.009132 
-0.000632 0.010683 -0.006538 0.008472 
0.005898 -0.003837 0.006683 -0.002201 
-0.013763 -0.024374 -0.011841 0.025363 
-0.018219 0.027474 0.000710 0.032958 
0.006461 -0.008712 0.010302 -0.003393 
-0.018960 -0.001804 0.007743 -0.017401 
0.000706 0.019311 -0.018198 -0.006499 
-0.009584 0.004856 -0.010648 -0.001435 
-0.024548 -0.013765 0.001803 0.028086 
-0.027021 0.021310 -0.024818 0.023840 
0.002147 0.035011 -0.002876 0.034959 
-0.018133 -0.018153 0.012025 0.022666 
-0.029393 -0.006312 -0.006549 0.029341 
0.008063 0.009114 -0.000597 0.012154 
-0.036667 0.014347 -0.005086 -0.039044 
-0.006254 0.024382 0.010237 -0.022996 
-0.018151 -0.013105 0.022272 0.002268 
-0.008075 -0.000158 -0.007558 -0.002847 
-0.011391 0.005536 -0.011736 -0.004761 
0.019022 -0.009137 -0.006385 0.020113 
0.001510 -0.017974 0.017632 0.003800 
-0.007979 0.007585 -0.010920 0.001395 
0.025877 -0.015752 -0.013601 -0.027070 
0.005401 0.016942 -0.017322 0.004017 
0.019868 0.020536 0.009902 -0.026803 
0.016550 -0.005052 0.005165 0.016515 
0.023630 -0.006020 -0.023399 0.006864 
-0.003553 0.010597 -0.009257 0.006263 
-0.001770 0.010103 -0.006785 0.007692 
0.000233 -0.012733 0.009696 -0.008257 
0.017929 0.001116 -0.003161 0.017684 
0.009755 0.025760 0.012214 -0.024689 
0.035909 -0.004629 0.032827 0.015271 
0.022045 -0.014597 -0.026365 0.001987 
-0.029780 0.005963 0.002798 0.030241 
-0.019924 -0.034519 0.039728 -0.003200 
-0.005015 0.002364 -0.005328 0.001532 
-0.008717 -0.011953 0.007262 -0.012889 
-0.008925 0.027626 0.029032 0.000072 
0.013151 -0.012987 0.009906 0.015604 
0.004491 -0.023585 -0.001373 0.023969 
0.016476 0.006215 -0.007012 0.016153 
-0.005884 -0.000300 -0.005733 -0.001356 
-0.012180 0.014317 -0.010475 -0.015608 
-0.003115 -0.004784 -0.002260 -0.005242 
0.002219 -0.009466 0.006440 -0.007284 
-0.006660 -0.009285 0.000682 -0.011406 
0.007729 0.013916 -0.011602 0.010900 
0.008882 -0.016573 0.013527 0.013060 
-0.012607 -0.009567 0.005967 -0.014658 
-0.004463 0.006612 -0.006376 0.004794 
0.017104 -0.018400 -0.019736 0.015544 
-0.006889 -0.015921 0.015928 -0.006872 
-0.030868 -0.019472 -0.011966 -0.034479 
0.001794 0.034899 -0.001532 0.034912 
0.015732 0.011138 -0.016074 0.010640 
0.022826 0.025562 0.026366 0.021892 
-0.008337 -0.006908 -0.002852 -0.010445 
-0.008108 -0.002151 -0.006794 -0.004921 
0.013584 0.004097 0.003184 0.013827 
0.018059 0.015282 -0.020941 -0.011006 
0.009268 -0.023361 -0.012817 0.021618 
0.015835 -0.022949 -0.027850 0.001334 
0.015734 -0.024023 -0.028279 -0.004994 
-0.024318 -0.008487 0.020361 0.015775 
0.024823 -0.000264 -0.024770 -0.001653 
0.018409 0.002301 -0.006384 0.017419 
-0.003212 0.005147 -0.004136 0.004438 
-0.006588 0.010940 -0.012571 0.002249 
-0.001906 0.031131 0.028355 0.012990 
0.014974 0.022317 0.001072 -0.026853 
-0.005375 0.010451 -0.010938 0.004298 
0.021983 0.007939 -0.023333 -0.001360 
0.003379 0.000626 0.003334 0.000833 
-0.009158 0.002576 -0.009326 -0.001876 
-0.000607 0.010216 -0.005832 0.008409 
0.001826 0.005208 0.000978 0.005432 
-0.009246 0.028790 0.028147 0.011049 
-0.001822 -0.013864 0.010871 -0.008795 
-0.019746 0.022889 0.021655 0.021091 
-0.002693 -0.014070 0.011067 -0.009097 
-0.003424 0.009593 -0.007881 0.006453 
0.006284 0.010068 -0.002098 0.011681 
0.011639 -0.027526 -0.028047 -0.010320 
-0.014241 0.012251 -0.007968 -0.017012 
-0.017522 0.002927 -0.001560 -0.017696 
0.000022 -0.015463 0.014676 -0.004871 
0.011023 -0.009567 0.013455 0.005655 
0.014090 0.002478 0.004605 0.013544 
-0.010388 -0.038125 0.039490 0.001412 
0.002410 0.031844 0.027407 0.016393 
0.014453 0.018528 -0.018695 -0.014235 
0.020791 -0.035137 0.007465 0.040140 
0.011537 -0.024467 -0.024362 0.011759 
0.010558 -0.001214 0.009449 0.004865 
0.014035 0.003721 0.003033 0.014199 
0.003123 -0.008155 0.006041 -0.006305 
0.014834 -0.001285 0.007129 0.013072 
-0.030008 -0.008661 -0.019242 0.024602 
-0.016585 0.026992 0.014916 0.027949 
0.007001 0.022730 -0.011104 -0.021033 
-0.007858 0.009013 -0.011890 0.001276 
0.005803 0.018028 -0.018938 0.000166 
0.012123 0.000254 0.008544 0.008604 
-0.018780 0.009180 0.005310 -0.020218 
0.001813 -0.014851 0.014378 -0.004137 
-0.037698 -0.008209 0.005195 -0.038230 
-0.016660 -0.012639 0.020459 -0.004329 
-0.022804 -0.006069 0.023589 0.000640 
-0.001996 0.010531 -0.007594 0.007564 
-0.011085 0.014134 -0.012775 -0.012627 
0.007183 0.027032 0.017693 -0.021662 
0.004715 -0.036928 0.032879 -0.017461 
0.003609 -0.032166 -0.020836 -0.024769 
-0.001197 0.010705 -0.007082 0.008117 
-0.001900 -0.000693 -0.001885 -0.000733 
-0.006415 -0.009176 0.000498 -0.011184 
0.011076 0.033933 -0.002007 0.035638 
0.012199 0.016987 -0.020827 -0.001900 
0.003803 -0.014772 0.015172 -0.001576 
-0.005505 0.020852 -0.009460 -0.019381 
-0.021027 -0.028164 -0.015985 -0.031302 
-0.010725 0.004049 -0.010862 -0.003665 
0.037192 0.008453 0.001230 0.038121 
-0.017106 0.007412 -0.003050 -0.018392 
0.000938 -0.014522 0.013403 -0.005669 
0.004386 0.013217 -0.008891 0.010718 
-0.003064 0.007503 -0.005409 0.006035 
0.003925 -0.005961 0.005354 -0.004719 
0.023650 -0.020433 -0.009918 -0.029639 
-0.035124 -0.024322 0.032272 0.027997 
0.018207 0.021956 0.011511 -0.026097 
-0.000834 0.014482 -0.013279 0.005838 
-0.005370 0.036129 -0.027027 0.024571 
-0.005253 0.015942 -0.016384 -0.003648 
-0.027178 -0.009526 0.001243 0.028773 
0.012306 0.009786 -0.006008 0.014529 
0.025204 -0.032856 -0.007664 0.040695 
0.009477 0.021027 -0.016327 -0.016290 
-0.004074 0.032381 0.018286 0.027032 
-0.012773 -0.018033 0.020654 0.007859 
-0.028132 -0.008661 -0.003287 0.029252 
0.000587 0.007130 -0.001317 0.007031 
0.001519 0.002894 0.001355 0.002974 
-0.013731 0.019296 0.009359 -0.021754 
0.023725 -0.000993 -0.023075 0.005605 
0.011146 0.037535 -0.038798 0.005274 
-0.020427 0.011020 0.015791 -0.017010 
-0.021678 0.029616 -0.036069 0.006792 
-0.001020 0.015532 -0.015120 0.003697 
-0.016082 0.011325 -0.003203 -0.019407 
-0.024702 -0.014341 -0.002143 0.028483 
-0.015241 -0.003769 -0.000642 -0.015687 
-0.025184 0.027679 -0.036687 -0.007375 
0.025536 0.029191 -0.029255 0.025462 
-0.017362 0.022049 0.027999 0.001921 
-0.006191 -0.022577 0.012170 0.019998 
0.010513 0.021511 -0.013557 -0.019735 
-0.023548 0.001992 0.022514 -0.007184 
0.014401 -0.016350 -0.001306 0.021749 
-0.013370 0.018126 0.003228 -0.022291 
-0.006928 -0.018499 0.019636 0.002149 
-0.029889 0.004653 0.002645 0.030133 
0.014614 -0.008966 0.009477 0.014288 
0.018389 -0.037032 0.001432 0.041322 
-0.009642 0.018856 -0.006786 -0.020062 
0.029151 0.027202 -0.037166 0.014438 
-0.000662 -0.031772 -0.027232 -0.016380 
0.014081 0.004212 0.002223 0.014528 
0.016499 -0.004825 0.005273 0.016362 
0.016500 0.031083 0.010495 0.033590 
0.027393 -0.042626 0.050050 -0.007894 
0.008193 0.000856 0.007387 0.003646 
-0.005682 -0.016350 0.016316 -0.005779 
-0.008643 -0.005091 -0.004923 -0.008740 
-0.021452 -0.004531 0.019997 -0.008992 
0.028137 0.026777 -0.027506 0.027425 
-0.028495 0.015630 -0.009691 0.031021 
0.001589 -0.008164 0.004373 -0.007075 
0.003366 0.005015 0.002356 0.005562 
0.009705 -0.007854 0.012373 0.001665 
0.026423 -0.013984 -0.015138 -0.025779 
0.006053 0.018794 -0.019511 -0.003027 
0.000393 0.004129 0.000021 0.004147 
-0.019458 0.006062 0.005958 -0.019490 
0.043235 -0.012577 -0.028631 -0.034752 
0.008506 -0.028825 -0.028779 -0.008659 
0.010160 0.003331 0.006529 0.008467 
0.007227 0.014249 -0.012150 0.010376 
-0.010537 -0.015880 0.018419 -0.004893 
0.007070 -0.001225 0.007141 0.000697 
-0.007581 -0.011683 0.005900 -0.012615 
0.005906 -0.021276 0.007036 0.020929 
0.019912 -0.021733 -0.024860 -0.015835 
0.012662 -0.033710 0.027028 -0.023794 
0.012036 -0.034858 0.033699 -0.014978 
0.006469 0.024441 -0.001557 -0.025235 
0.011877 0.002203 0.007071 0.009793 
-0.040337 -0.026376 -0.047690 -0.006963 
0.018370 -0.029720 0.021046 -0.027889 
0.030737 0.018035 0.022679 0.027490 
-0.015594 0.015733 0.004450 -0.021700 
-0.002568 0.022672 -0.006949 -0.021733 
-0.024426 0.010758 0.026330 0.004369 
0.031253 0.030515 -0.011097 -0.042246 
0.015956 0.023972 0.016313 -0.023730 
0.027012 0.019243 0.033057 0.002682 
-0.003063 0.011476 -0.009980 0.006441 
0.016981 0.013817 -0.021870 -0.000978 
-0.009971 -0.007201 -0.001901 -0.012152 
0.003515 -0.004800 0.004338 -0.004072 
0.001982 -0.027451 -0.021337 0.017386 
-0.019785 0.029564 -0.028221 0.021657 
0.009255 0.005321 0.004679 0.009595 
0.013730 0.011632 -0.013199 0.012231 
-0.014232 -0.026549 -0.026923 0.013510 
-0.001299 0.037598 -0.034241 0.015584 
0.003715 -0.001586 0.003837 -0.001264 
0.024215 -0.013421 -0.025951 -0.009646 
0.026438 -0.030739 0.005193 0.040210 
-0.043064 -0.028184 0.014125 -0.049491 
-0.026575 -0.003615 0.019613 0.018293 
-0.015455 -0.014346 0.021034 -0.001493 
-0.006617 0.000758 -0.006614 -0.000781 
-0.018742 0.030652 -0.030379 0.019181 
0.002024 0.021573 -0.015284 -0.015359 
0.021775 0.027172 0.020397 0.028222 
0.009162 0.016811 -0.018915 0.002961 
0.005771 -0.008588 0.009448 -0.004219 
0.011147 -0.010297 0.013617 0.006697 
0.014893 0.004648 -0.000048 0.015602 
0.015672 -0.004728 0.007328 0.014637 
-0.016515 0.005833 -0.005311 -0.016690 
0.024186 0.004114 -0.024177 -0.004163 
-0.002081 0.019922 -0.016198 -0.011784 
0.037197 -0.013426 0.001259 0.039526 
0.027560 -0.011983 -0.011852 -0.027616 
-0.014887 0.016428 0.003573 -0.021880 
0.018231 0.014699 -0.021557 -0.009151 
-0.012572 0.011285 -0.012254 -0.011631 
-0.002833 0.024993 0.006848 -0.024202 
0.009301 0.013168 -0.010899 0.011878 
-0.019634 0.001479 0.007284 -0.018293 
0.016664 0.001472 0.000351 0.016725 
0.002153 0.012451 -0.007775 0.009961 
-0.016644 0.002914 -0.004226 -0.016360 
0.005139 -0.005205 0.006375 -0.003586 
-0.035551 0.014797 -0.018579 -0.033728 
0.036250 0.012268 -0.004651 0.037986 
-0.016115 0.002394 -0.005309 -0.015403 
0.014258 0.000413 0.006576 0.012658 
-0.007744 -0.011727 0.006087 -0.012667 
0.001497 0.029270 0.028193 -0.008009 
-0.012865 0.005770 -0.011502 -0.008156 
-0.018041 0.028530 -0.007760 0.032851 
0.022875 -0.046628 0.047666 0.020626 
0.016623 0.002813 -0.001372 0.016803 
-0.010739 0.009058 -0.013290 -0.004554 
-0.013431 0.013724 -0.008196 -0.017366 
-0.003271 0.000852 -0.003316 0.000655 
0.032024 0.000337 0.019515 -0.025393 
-0.003756 0.004588 -0.004530 0.003825 
0.005486 0.005152 0.003745 0.006528 
-0.011448 0.002784 -0.010415 -0.005507 
-0.010310 -0.009817 0.003505 -0.013798 
0.019719 -0.027027 0.006432 -0.032832 
0.001741 0.001919 0.001672 0.001979 
-0.002422 -0.003580 -0.002061 -0.003799 
-0.018436 -0.018718 0.008117 0.024987 
-0.009672 0.016409 -0.012473 -0.014395 
-0.007278 -0.030447 -0.030845 -0.005342 
-0.016045 -0.015765 0.021631 0.006170 
0.019799 0.000644 -0.009694 0.017276 
-0.018654 0.020591 0.027741 0.001548 
-0.012920 -0.015923 0.020473 -0.001152 
0.005971 0.006847 0.002564 0.008715 
-0.031511 -0.031290 -0.003842 0.044241 
-0.039554 -0.034008 0.036881 -0.036889 
-0.019292 -0.007397 0.017660 -0.010725 
-0.014245 -0.020388 0.012370 0.021577 
-0.029004 -0.014260 -0.030129 0.011697 
0.008475 -0.008538 0.012024 -0.000399 
0.009098 0.005799 0.004156 0.009956 
0.019479 0.019173 -0.000903 -0.027317 
-0.012456 -0.000138 -0.008485 -0.009120 
-0.000819 -0.005793 0.000224 -0.005847 
-0.022049 -0.010530 0.022287 0.010018 
-0.006558 -0.013315 0.009481 -0.011419 
-0.016618 -0.021000 0.001743 0.026723 
-0.001940 0.027917 0.023819 -0.014689 
0.012368 0.014402 -0.017499 0.007359 
0.014552 -0.001461 0.007690 0.012440 
-0.024999 0.005543 0.025552 0.001658 
0.025033 0.035381 -0.009829 -0.042213 
-0.008851 0.015499 -0.014609 -0.010254 
0.001023 -0.010265 0.006285 -0.008180 
-0.025227 -0.017846 -0.024028 0.019431 
-0.012515 0.004663 -0.011208 -0.007263 
0.023845 -0.002655 -0.023272 0.005837 
0.005235 -0.025720 -0.016043 0.020774 
0.004530 -0.007641 0.007212 -0.005186 
0.014028 -0.003713 0.009674 0.010816 
0.003684 -0.020904 0.012227 0.017351 
-0.013634 0.014083 -0.007006 -0.018307 
0.009469 -0.051150 0.051180 0.009308 
0.009448 -0.024794 -0.020779 0.016500 
-0.008241 0.029041 0.028617 0.009612 
0.045160 0.002713 -0.010968 -0.043892 
0.001777 -0.032274 -0.022529 -0.023178 
0.004332 0.002188 0.004031 0.002704 
-0.032902 -0.012516 -0.029958 -0.018485 
-0.014867 -0.023457 -0.008785 0.026345 
-0.029315 -0.022333 -0.004012 -0.036634 
0.011635 0.008510 -0.002098 0.014262 
0.026839 0.014247 0.017117 -0.025107 
-0.017071 0.010455 -0.000543 -0.020011 
0.005819 0.009152 -0.000520 0.010833 
0.020850 0.003912 -0.017441 0.012076 
-0.005795 0.016553 -0.016335 -0.006381 
0.012374 -0.013965 0.010508 0.015418 
-0.011068 0.018727 -0.002952 -0.021552 
-0.001078 0.002962 -0.001230 0.002902 
-0.007510 -0.003258 -0.005937 -0.005636 
0.003766 0.017407 -0.017666 0.002258 
-0.036229 -0.011506 0.000016 -0.038012 
-0.010971 0.040703 0.005071 -0.041850 
-0.019847 0.009970 0.011423 -0.019047 
0.014132 0.028877 0.031294 0.007368 
0.026365 -0.036997 -0.041782 -0.017835 
-0.013281 0.004684 -0.010800 -0.009039 
0.012648 -0.002148 0.009882 0.008181 
0.016170 0.012603 -0.019678 0.005750 
0.021869 0.005460 -0.021876 0.005430 
0.031226 0.022119 -0.015271 0.035087 
-0.007394 -0.006196 -0.003643 -0.008933 
0.016526 -0.006532 0.005216 0.016987 
-0.028285 -0.013028 -0.022000 0.022040 
-0.021264 -0.000283 0.015324 -0.014745 
0.006172 -0.011778 0.013118 -0.002178 
0.021591 -0.011501 -0.021408 0.011839 
-0.030171 0.007010 -0.002182 0.030897 
0.032070 0.022506 -0.027423 0.027981 
-0.008298 0.023123 0.008547 -0.023032 
0.001954 0.013448 -0.009938 0.009269 
0.003870 0.008837 -0.000708 0.009622 
-0.000340 0.000361 -0.000340 0.000360 
-0.021529 0.001134 0.015530 -0.014954 
0.013497 -0.000084 0.007902 0.010943 
-0.007511 0.017851 -0.013679 -0.013709 
0.023134 -0.014358 -0.026811 -0.004740 
0.004415 -0.017635 0.016739 0.007090 
0.026990 0.002274 -0.019366 -0.018936 
-0.013226 -0.015275 0.019972 -0.003061 
-0.011996 0.004018 -0.011024 -0.006207 
0.020763 -0.020668 -0.024850 -0.015515 
-0.008481 -0.005915 -0.004059 -0.009510 
0.013481 0.021589 -0.007910 -0.024192 
-0.003263 0.008869 -0.006903 0.006454 
-0.004830 0.003932 -0.005522 0.002880 
0.012282 0.016027 -0.020100 0.001920 
0.004812 -0.011702 0.011910 -0.004272 
-0.011573 -0.035222 0.020271 -0.031042 
-0.010031 -0.014368 0.014692 -0.009551 
-0.005990 0.007917 -0.009112 0.003942 
-0.002322 -0.005867 -0.001061 -0.006220 
0.009729 -0.011042 0.014133 0.004106 
0.009003 0.000195 0.008128 0.003878 
0.007952 -0.028264 -0.029300 -0.001902 
0.009665 0.003251 0.006594 0.007778 
0.012697 -0.011844 0.011794 0.012743 
-0.002511 0.002676 -0.002692 0.002493 
-0.000363 -0.000225 -0.000363 -0.000225 
-0.013532 0.007374 -0.011365 -0.010409 
0.031311 0.011761 0.033338 -0.002698 
-0.019609 -0.040115 -0.022734 0.038431 
0.003623 -0.018290 0.016865 0.007950 
-0.018347 -0.028440 -0.025936 -0.021744 
-0.009137 -0.013919 0.012695 -0.010773 
0.021025 0.004894 -0.019159 0.009946 
-0.012818 -0.029493 -0.030913 -0.008864 
0.021264 -0.008393 -0.016124 0.016206 
0.000161 -0.009087 0.003946 -0.008187 
-0.026559 -0.009855 0.004667 0.027941 
0.007053 -0.009787 0.011855 -0.002233 
0.007204 -0.007031 0.009769 -0.002431 
-0.010745 -0.011277 0.007549 -0.013625 
-0.025228 0.023872 -0.025647 0.023422 
0.000860 0.024102 -0.003346 -0.023884 
-0.010329 -0.006779 -0.002366 -0.012127 
-0.022564 -0.004217 0.022475 -0.004668 
0.004875 -0.015959 0.016417 0.002987 
-0.006796 -0.003358 -0.005500 -0.005216 
0.010909 0.005851 0.003399 0.011903 
0.004044 -0.012846 0.012791 -0.004216 
-0.016531 -0.001245 -0.000998 -0.016547 
-0.023599 0.008712 0.024703 -0.004751 
0.002135 -0.009632 0.006554 -0.007375 
-0.019002 0.002812 0.003995 -0.018789 
-0.012893 0.017823 0.000266 -0.021996 
0.002781 0.001979 0.002656 0.002145 
0.012042 0.014206 -0.016667 0.008308 
0.021555 0.009669 -0.023176 -0.004582 
-0.000909 0.023142 -0.006862 -0.022120 
-0.000060 0.003909 -0.000372 0.003892 
0.017299 0.011978 -0.020518 0.004664 
0.028853 0.015594 0.032328 -0.005526 
-0.013225 -0.009408 0.006666 -0.014797 
-0.004726 0.016502 -0.016644 -0.004198 
-0.005891 0.013411 -0.014639 0.000530 
0.009324 0.018748 -0.020247 -0.005336 
0.007076 -0.028728 -0.029435 -0.002995 
-0.017081 -0.018553 0.013481 0.021312 
0.021427 -0.006043 -0.015062 0.016394 
0.016238 -0.027278 -0.014732 -0.028120 
0.032598 -0.005891 0.024678 -0.022098 
-0.008844 -0.002099 -0.007155 -0.005605 
-0.027617 0.033760 0.040612 -0.015908 
-0.006745 -0.006102 -0.003570 -0.008365 
-0.002878 0.013346 -0.012654 0.005125 
-0.009564 -0.013506 0.012036 -0.011359 
-0.014051 -0.024090 -0.010670 0.025766 
0.019933 0.005837 -0.017101 0.011787 
0.003138 0.006682 0.001135 0.007295 
0.000409 -0.016749 0.016700 -0.001344 
-0.015460 0.028922 0.005700 0.032296 
0.033148 0.024927 -0.040611 -0.008420 
0.024239 0.024008 0.028598 0.018603 
0.002391 -0.021317 0.012577 0.017377 
0.011465 0.013664 -0.014648 0.010177 
0.004753 -0.028216 -0.027584 0.007607 
-0.013020 0.017414 -0.000656 -0.021734 
0.011862 0.003441 0.005831 0.010888 
-0.007302 -0.006656 -0.003124 -0.009374 
0.003584 -0.003377 0.003981 -0.002897 
0.023111 -0.013297 -0.026630 -0.001320 
-0.027424 -0.004732 0.013254 0.024470 
0.003850 -0.000527 0.003880 -0.000222 
0.012344 0.015269 -0.019085 0.004612 
0.010173 -0.008625 0.012998 0.002986 
0.001687 0.016001 -0.015255 0.005116 
-0.013252 -0.002107 -0.006109 -0.011947 
-0.011005 -0.001473 -0.007917 -0.007785 
0.015843 0.006583 -0.006050 0.016054 
0.004667 -0.012098 0.012290 -0.004133 
0.019429 -0.021879 -0.025876 -0.013660 
0.003619 -0.020574 0.013269 0.016134 
-0.028931 -0.000585 0.009061 0.027482 
-0.012426 -0.031135 -0.023885 -0.023523 
0.008557 0.010427 -0.003507 0.013024 
0.020646 -0.001156 -0.011790 0.016988 
-0.008028 0.018659 -0.011136 -0.016987 
0.002516 0.005491 0.001430 0.005868 
0.008327 -0.034519 0.018237 -0.030468 
0.003643 0.011045 -0.004399 0.010766 
-0.000251 -0.003183 -0.000081 -0.003192 
0.024844 -0.018145 -0.011971 -0.028340 
-0.034640 -0.021389 0.039778 -0.008667 
-0.019265 0.036426 -0.002862 -0.041107 
0.000412 -0.022681 0.009573 0.020566 
-0.021117 0.021190 0.021976 0.020298 
-0.015429 0.008216 -0.007824 -0.015632 
0.014788 -0.014967 0.001052 0.021014 
0.000524 -0.007308 0.002526 -0.006877 
-0.002993 0.010164 -0.008117 0.006810 
-0.011601 0.027475 0.028187 0.009745 
-0.030809 -0.005092 -0.016180 0.026709 
-0.016228 0.001624 -0.004528 -0.015667 
0.003658 0.007888 0.000342 0.008688 
-0.030108 -0.019230 -0.020737 -0.029091 
-0.002610 0.033433 0.010911 0.031710 
0.002527 0.018943 -0.018714 -0.003875 
-0.021072 -0.005069 0.019494 -0.009470 
0.007447 0.001202 0.006769 0.003331 
-0.016382 -0.011945 0.018941 -0.007230 
0.020981 0.001999 -0.015753 0.014001 
-0.013185 -0.011550 0.011992 -0.012785 
-0.010778 -0.009563 0.003416 -0.013998 
-0.023158 -0.008158 0.023099 0.008322 
0.006643 0.003124 0.005514 0.004846 
-0.010568 0.013469 -0.013880 -0.010022 
-0.012359 0.017815 -0.001726 -0.021613 
0.022442 0.000492 -0.019828 0.010522 
-0.032196 0.019700 -0.030956 -0.021598 
0.008851 -0.005065 0.010195 0.000239 
0.017747 -0.005804 0.001230 0.018631 
-0.012736 -0.019924 0.016793 0.016648 
0.000885 -0.004535 0.001384 -0.004408 
-0.007607 0.004418 -0.008731 0.001071 
-0.002367 -0.002116 -0.002252 -0.002238 
0.013823 0.016618 -0.021282 -0.003780 
-0.002577 -0.004763 -0.001820 -0.005101 
0.007433 0.019359 -0.019757 -0.006298 
0.025874 0.008529 -0.013475 -0.023677 
0.000873 0.032536 0.022816 0.023212 
-0.009848 0.027532 0.029103 0.002833 
-0.034127 0.002790 -0.033251 0.008172 
0.007636 0.017369 -0.018869 0.001984 
0.023601 0.007741 -0.022900 -0.009617 
-0.031830 0.007333 -0.019348 0.026317 
-0.023940 -0.003053 0.024124 0.000659 
0.012975 0.005113 0.002490 0.013722 
0.015790 -0.019609 -0.018864 0.016673 
-0.009755 0.037174 -0.038167 -0.004512 
-0.031568 0.022378 -0.023418 -0.030804 
-0.000055 -0.010271 0.005331 -0.008780 
-0.023948 0.018667 0.016100 0.025744 
0.000313 -0.013834 0.011811 -0.007209 
-0.042095 -0.009429 0.037535 0.021261 
-0.019010 -0.012540 0.022516 0.003414 
0.004745 -0.011302 0.011344 -0.004644 
0.014769 0.012487 -0.017101 0.009034 
-0.011491 -0.029969 -0.030642 -0.009552 
0.000907 0.038712 -0.038683 0.001761 
-0.009669 0.012768 -0.014642 -0.006489 
-0.014164 -0.002324 -0.004680 -0.013568 
-0.029231 0.031747 0.037360 -0.021600 
0.016443 0.003422 -0.001807 0.016698 
0.005360 -0.016492 0.016492 0.005359 
-0.023752 0.000610 0.023195 -0.005152 
0.034717 0.030358 0.034094 -0.031057 
0.032086 -0.031856 -0.040289 -0.020520 
-0.007821 0.024392 0.014374 -0.021202 
-0.008497 0.024141 0.014825 -0.020861 
-0.023812 -0.001593 0.023746 -0.002381 
0.004744 -0.002032 0.004980 -0.001354 
-0.006204 0.000594 -0.006196 -0.000668 
-0.007555 0.001605 -0.007683 -0.000788 
0.015317 0.020490 -0.009139 -0.023894 
0.016553 0.014583 -0.021895 -0.002696 
0.019276 -0.016049 -0.021384 0.013108 
-0.007740 0.002947 -0.008282 0.000046 
-0.001667 0.003708 -0.001981 0.003551 
-0.018160 0.008007 0.001414 -0.019796 
0.014866 0.017758 -0.019939 -0.011780 
-0.009591 0.006405 -0.011468 -0.001220 
-0.020088 0.003272 0.008512 -0.018488 
-0.029052 -0.003988 0.002476 0.029219 
-0.019647 0.001261 0.007478 -0.018212 
0.002390 0.009439 -0.002383 0.009441 
0.020447 0.025338 0.032215 0.004721 
0.007065 0.011063 -0.004274 0.012411 
0.007486 -0.004840 0.008802 -0.001411 
0.002494 -0.002017 0.002599 -0.001881 
0.020855 -0.015488 -0.025132 0.006573 
-0.032578 -0.010558 -0.033831 -0.005320 
0.002655 -0.005346 0.003599 -0.004763 
-0.003835 0.013620 -0.013707 0.003510 
0.021783 -0.023616 -0.004698 -0.031783 
0.020783 -0.008390 -0.013903 0.017579 
-0.021625 0.000372 0.016325 -0.014188 
