-0.029286 0.006908 -0.005342 0.029612 
-0.019684 0.042947 -0.022269 0.041666 
0.053645 0.020920 0.055338 0.015912 
-0.008646 0.032137 -0.008098 0.032280 
0.006390 0.016783 -0.017850 0.001970 
-0.010263 -0.003338 -0.006070 -0.008923 
0.017535 0.006382 -0.012696 0.013675 
-0.011468 -0.021315 0.007627 0.022971 
0.000145 0.022519 -0.006198 -0.021650 
-0.031503 0.018747 -0.025973 -0.025871 
-0.014684 -0.026905 -0.030488 -0.003162 
-0.024078 -0.016899 -0.021006 0.020593 
0.019899 0.010365 -0.022047 -0.004165 
0.029309 0.016068 0.028685 0.017157 
-0.030032 -0.015515 -0.026741 -0.020676 
-0.005204 -0.011237 0.005205 -0.011236 
0.010037 -0.023285 -0.019909 0.015703 
-0.009935 -0.030197 -0.024576 -0.020164 
-0.018042 -0.018463 0.003732 0.025544 
-0.009394 -0.021397 0.010493 0.020880 
0.013840 0.012156 -0.016157 0.008848 
-0.029084 0.002270 -0.000717 0.029164 
0.015166 -0.017558 -0.013412 0.018932 
-0.012216 0.032593 -0.027899 0.020813 
0.028825 -0.013813 0.018602 -0.025993 
0.023596 -0.025632 0.033817 -0.008377 
0.009205 0.025836 0.019134 -0.019651 
0.030169 -0.046270 -0.046769 -0.029389 
-0.003360 -0.015411 0.014659 -0.005821 
0.001702 0.006340 0.000121 0.006564 
-0.004103 -0.015814 0.015536 -0.005054 
-0.014776 0.010024 -0.006343 -0.016690 
0.015640 0.018054 -0.014022 -0.019338 
-0.007491 0.014641 -0.014933 -0.006890 
-0.005421 -0.000459 -0.005268 -0.001356 
-0.022176 -0.020477 -0.027998 0.011279 
-0.001529 -0.007831 0.001329 -0.007867 
0.023354 0.017321 0.018932 -0.022068 
0.033333 -0.015517 0.021996 0.029462 
0.001617 0.015650 -0.015149 0.004246 
0.019972 0.033997 -0.036152 -0.015739 
0.027515 -0.059729 -0.015236 -0.063973 
0.029058 0.003348 0.007039 -0.028391 
0.000919 -0.009051 0.004905 -0.007662 
0.003882 -0.011617 0.011284 -0.004764 
-0.005587 -0.006887 -0.002079 -0.008621 
-0.023325 0.001444 0.023219 -0.002647 
0.010482 -0.002019 0.009591 0.004685 
0.002056 0.005691 0.000842 0.005992 
0.020507 -0.004536 -0.013646 0.015966 
-0.010902 0.023667 0.023584 -0.011081 
0.012339 -0.026119 -0.026011 -0.012566 
0.030839 -0.024932 -0.014114 0.037060 
-0.019579 0.011898 0.017255 -0.015072 
-0.000906 -0.017659 0.017492 0.002589 
0.013674 -0.015446 0.000193 0.020628 
-0.029602 -0.000370 -0.007568 0.028620 
0.043117 0.017636 0.046354 0.004626 
-0.017714 -0.018447 0.005237 0.025033 
-0.025185 0.013452 0.015900 0.023716 
-0.022817 0.024158 -0.021938 0.024959 
0.004306 -0.009737 0.009276 -0.005226 
-0.005388 -0.012479 0.008091 -0.010921 
0.016072 -0.001044 0.002694 0.015879 
-0.010228 -0.000566 -0.008161 -0.006191 
0.013874 -0.029034 0.000669 -0.032171 
0.043232 -0.001175 -0.018454 -0.039113 
-0.013462 -0.023167 -0.010278 0.024744 
-0.026617 -0.031728 0.016860 0.037826 
0.003171 0.009642 -0.002659 0.009795 
0.036849 -0.025353 -0.012333 -0.042994 
-0.011193 0.022058 0.017560 -0.017420 
-0.010911 -0.028633 -0.029796 -0.007148 
0.001987 0.010127 -0.004102 0.009470 
-0.001111 -0.029290 -0.029133 -0.003227 
-0.028762 -0.018131 -0.023207 -0.024849 
0.011449 0.012886 -0.014067 0.009962 
0.016011 0.017047 -0.016795 -0.016275 
0.009986 0.018536 -0.019021 -0.009028 
-0.000794 -0.035978 0.030695 -0.018784 
-0.005255 -0.011604 0.006027 -0.011223 
0.018237 0.005295 -0.012973 0.013868 
0.023909 -0.008427 -0.025045 -0.003926 
-0.022854 -0.017331 -0.015978 0.023820 
0.002826 0.005598 0.001521 0.006084 
0.017934 -0.016278 -0.020521 0.012864 
-0.019096 -0.023998 -0.030607 0.001939 
0.043239 0.021266 0.024934 0.041233 
-0.022731 0.035039 0.035590 -0.021857 
-0.009250 0.004483 -0.010169 -0.001501 
0.017967 0.016559 -0.013595 -0.020303 
0.010376 0.009420 -0.003839 0.013478 
0.010945 -0.027581 -0.023678 -0.017883 
-0.023142 0.008171 0.024476 -0.001798 
-0.030137 -0.004774 -0.019941 0.023095 
0.008025 -0.005929 0.009951 -0.000728 
0.011849 -0.001501 0.009279 0.007520 
0.001471 -0.004178 0.001925 -0.003989 
0.016368 -0.007257 0.003108 0.017632 
-0.022065 -0.029735 0.027460 -0.024839 
-0.023736 0.016208 0.017115 0.023090 
0.010312 0.023226 0.002387 -0.025300 
-0.016685 -0.023158 -0.021316 0.018982 
-0.014544 -0.001073 -0.004224 -0.013958 
-0.042566 -0.000042 0.028822 0.031323 
-0.012879 0.012618 -0.008751 -0.015764 
0.022866 -0.021629 0.004225 -0.031189 
0.019817 0.007189 -0.020264 0.005812 
-0.022300 0.014723 0.025409 0.008275 
-0.018937 -0.000668 0.009017 -0.016666 
-0.009885 0.045340 0.007769 0.045750 
-0.017885 -0.010399 0.020303 -0.003976 
-0.015002 0.026261 0.016802 0.025148 
-0.011014 0.022237 0.017839 -0.017249 
0.018434 -0.025713 0.000066 -0.031638 
-0.044390 -0.022590 0.017979 -0.046450 
0.018865 -0.014356 -0.019397 0.013629 
0.036562 -0.026860 0.000697 -0.045362 
0.020775 -0.018102 -0.024961 -0.011672 
-0.027392 -0.010212 -0.013489 0.025936 
0.006692 -0.005965 0.008632 -0.002420 
-0.006946 0.017058 -0.013662 -0.012353 
-0.003984 0.016448 -0.016230 -0.004795 
0.025197 0.019807 0.031445 0.006200 
-0.040071 -0.036356 -0.001113 0.054094 
-0.006050 -0.022713 0.006410 0.022614 
-0.021694 0.008545 0.021084 -0.009954 
-0.023206 -0.000131 0.023114 -0.002067 
0.001306 -0.004784 0.001957 -0.004556 
0.026127 -0.010392 -0.016290 -0.022919 
-0.012800 0.026797 0.022270 0.019646 
-0.023525 -0.007090 0.020730 0.013189 
-0.026932 -0.022643 -0.005273 -0.034789 
-0.006898 0.001473 -0.007036 -0.000501 
-0.024331 0.003733 0.024394 0.003295 
-0.014416 0.034035 -0.035562 -0.010077 
0.018787 0.035057 -0.032734 -0.022593 
0.001838 -0.037488 0.037023 0.006165 
-0.030757 -0.030689 -0.019651 0.038751 
0.002747 -0.029543 -0.027758 -0.010481 
-0.001899 0.004268 -0.002410 0.004001 
-0.014001 0.004231 -0.008897 -0.011609 
-0.021789 -0.004207 0.021891 -0.003639 
0.004113 0.008876 -0.001049 0.009726 
0.025449 0.017203 0.028852 -0.010542 
-0.011884 0.018623 0.004120 -0.021704 
0.010566 -0.036871 0.028115 0.026089 
-0.012495 -0.028966 -0.027520 -0.015422 
-0.026445 0.014015 0.003934 0.029670 
0.004737 -0.002086 0.004998 -0.001347 
-0.005103 0.011506 -0.012173 0.003200 
-0.004113 0.011911 -0.011880 0.004201 
0.002953 0.003044 0.002629 0.003328 
-0.010389 -0.000285 -0.008345 -0.006195 
0.023454 0.013591 -0.000806 -0.027096 
-0.017047 0.017581 0.020883 -0.012790 
-0.012728 0.018532 0.007069 -0.021342 
-0.032080 -0.013696 -0.018730 -0.029426 
0.024271 0.046490 -0.030833 -0.042423 
-0.011137 0.018865 0.002342 -0.021782 
0.006545 -0.008807 0.010631 -0.002719 
-0.049383 0.034955 -0.019392 -0.057310 
0.010134 0.026737 0.025757 -0.012416 
0.044388 0.026879 -0.051760 -0.003710 
0.032359 0.001464 0.030931 -0.009620 
0.002255 0.004899 0.001422 0.005202 
-0.038300 -0.039584 -0.034950 0.042571 
-0.014265 -0.002803 -0.002618 -0.014300 
-0.008926 0.010427 -0.013443 -0.002767 
0.002323 -0.021178 0.009539 0.019051 
-0.027381 0.014785 -0.008330 0.029982 
0.012333 -0.026577 -0.024524 -0.016031 
-0.045843 0.021387 -0.004830 -0.050356 
-0.018255 -0.005333 0.013099 -0.013788 
-0.002004 0.011160 -0.008916 0.007004 
0.043120 -0.026491 0.009951 0.049620 
0.031286 -0.040362 0.014795 0.048877 
0.039772 -0.041727 0.037660 -0.043642 
0.028246 -0.019212 0.032844 -0.009389 
0.020913 0.024243 0.029788 0.011736 
-0.018782 -0.019018 -0.003235 0.026533 
-0.020579 0.034987 0.016863 -0.036922 
-0.022663 -0.000132 0.022068 -0.005163 
-0.028437 0.022201 -0.032973 -0.014640 
-0.019317 -0.015254 0.014228 0.020085 
-0.027181 -0.005315 0.004945 0.027251 
-0.028520 -0.024550 0.028724 -0.024311 
-0.041585 -0.008571 0.023716 0.035218 
-0.026586 0.041947 -0.046087 -0.018504 
-0.003500 -0.019900 0.017066 0.010817 
0.018156 0.021390 0.016031 -0.023026 
-0.015076 -0.012022 0.018014 -0.006879 
0.011670 -0.015101 0.007835 0.017402 
-0.009429 0.006048 -0.011093 -0.001559 
-0.013176 -0.020277 0.009628 0.022182 
0.034503 0.037281 -0.048744 0.014295 
-0.006076 0.020691 -0.004810 -0.021021 
0.022463 0.014482 -0.002621 -0.026598 
0.026975 -0.001631 -0.016160 -0.021660 
-0.009215 -0.020033 0.016149 0.015015 
0.032395 -0.014511 0.032351 0.014608 
0.001013 -0.012727 0.010755 -0.006880 
-0.017062 0.040189 0.042867 0.008287 
0.003768 -0.026846 -0.024809 0.010930 
-0.014421 0.039154 0.029284 -0.029723 
0.018920 -0.001890 -0.006964 0.017692 
-0.003957 -0.001617 -0.003769 -0.002017 
-0.001883 0.010538 -0.007865 0.007262 
0.014941 0.023124 0.014924 -0.023134 
-0.007566 0.016546 -0.013547 -0.012145 
0.028249 0.011181 0.023543 -0.019202 
0.019249 0.015012 -0.015327 -0.018999 
0.024413 0.022840 0.023473 0.023806 
-0.018828 -0.013179 0.020620 0.010150 
-0.026689 0.019968 -0.026742 0.019897 
0.009107 0.015059 -0.016456 0.006240 
0.014582 -0.016479 -0.006969 0.020872 
-0.007349 0.014874 -0.014972 -0.007149 
-0.018234 0.027640 -0.015965 0.029009 
0.018717 -0.056141 0.056792 -0.016637 
-0.007985 -0.014358 0.013995 -0.008605 
-0.002381 0.024383 0.008439 -0.023000 
0.031294 0.011084 0.031784 0.009590 
0.022386 0.037633 0.033932 -0.027677 
-0.012826 0.015000 -0.004508 -0.019214 
-0.005166 0.001740 -0.005384 0.000851 
0.003495 -0.006538 0.005327 -0.005155 
-0.007916 0.005556 -0.009638 0.000800 
-0.004559 0.003029 -0.005005 0.002216 
0.001289 -0.035668 0.029242 -0.020464 
-0.017939 -0.006811 0.014732 -0.012296 
-0.001885 0.008832 -0.005620 0.007069 
0.019689 0.001878 -0.013300 0.014639 
-0.001331 -0.004932 -0.000591 -0.005074 
-0.022804 0.006091 0.022868 -0.005850 
-0.014572 0.019878 0.019726 -0.014777 
-0.023650 -0.001003 0.023612 0.001678 
0.036791 0.002817 0.002743 0.036797 
0.001368 -0.013312 0.012019 -0.005884 
-0.023199 0.028784 -0.031390 -0.019528 
-0.011478 0.014060 -0.010146 -0.015049 
-0.003737 -0.040457 0.007176 0.039991 
0.044549 -0.019059 0.046103 0.014913 
0.005719 0.000993 0.005428 0.002058 
0.031657 -0.034688 0.028459 -0.037357 
-0.009036 -0.018868 0.018758 0.009262 
-0.011176 0.007968 -0.012380 -0.005928 
0.006522 -0.012132 0.013774 -0.000058 
-0.013979 -0.017519 0.018526 0.012615 
-0.004891 0.023435 0.007231 -0.022822 
-0.000763 -0.028703 -0.028634 0.002136 
-0.041410 -0.008054 0.028278 0.031305 
-0.007472 0.006210 -0.009593 0.001541 
0.043204 0.012323 0.029003 -0.034311 
0.016432 0.001794 -0.001382 0.016471 
0.004771 -0.030087 -0.023394 -0.019512 
0.025731 -0.009001 -0.020383 -0.018100 
-0.019645 -0.044811 0.026175 -0.041338 
0.016263 0.007759 -0.011764 0.013649 
0.010057 -0.019488 -0.001221 0.021896 
-0.011643 0.056702 -0.017678 0.055120 
-0.005279 0.016909 -0.015485 -0.008603 
-0.030335 0.002373 -0.013175 0.027428 
-0.005661 0.023488 0.009350 -0.022278 
-0.015035 -0.015682 0.020516 0.007145 
0.017804 0.012843 -0.021471 -0.004572 
0.013727 0.025656 0.026644 -0.011695 
0.015684 -0.028031 0.002055 -0.032054 
-0.005993 -0.000820 -0.005697 -0.002034 
-0.014643 -0.023430 -0.016027 0.022506 
-0.004963 0.034083 -0.018675 0.028940 
0.045083 -0.015975 0.047799 0.001726 
-0.021545 0.002818 0.017926 -0.012279 
-0.004917 -0.025942 -0.015246 0.021558 
-0.017701 -0.008337 0.016827 -0.009984 
0.021425 0.024579 0.027171 0.018025 
-0.000442 -0.011380 0.007294 -0.008747 
-0.022846 -0.027541 0.009493 -0.034501 
-0.025678 0.016222 0.001715 0.030325 
-0.002237 -0.000180 -0.002231 -0.000243 
0.022819 0.016317 0.009903 -0.026247 
-0.047181 0.003643 -0.047306 -0.001230 
-0.023658 0.012624 0.024301 0.011337 
-0.021015 0.033547 0.000019 -0.039585 
-0.029377 0.037766 -0.041425 0.023942 
-0.032286 -0.006713 -0.032886 -0.002445 
-0.002950 -0.006861 -0.000675 -0.007437 
-0.036296 0.007802 -0.009822 -0.035803 
0.000945 0.001871 0.000898 0.001894 
-0.006627 -0.024712 -0.007556 0.024444 
0.018855 0.013448 -0.020185 -0.011354 
-0.010392 0.012273 -0.013318 -0.009013 
0.000428 -0.013380 0.011584 -0.006709 
0.014779 -0.001532 0.006128 0.013536 
-0.035636 -0.013866 0.027152 -0.026924 
0.018342 0.000046 -0.006032 0.017322 
0.007710 -0.015363 0.014509 0.009217 
-0.000734 0.026586 0.020631 -0.016784 
0.034010 0.016539 -0.024087 0.029155 
0.026083 -0.037072 -0.014636 -0.042900 
0.014245 0.012353 -0.017249 0.007616 
0.003910 0.005490 0.002386 0.006304 
-0.009261 -0.012655 0.010799 -0.011371 
-0.028423 0.012699 -0.010690 0.029238 
-0.015499 0.034079 -0.032807 -0.018035 
0.005221 0.002566 0.004637 0.003513 
-0.001188 0.028897 0.028867 0.001761 
0.032534 -0.034816 0.040893 -0.024462 
0.006361 -0.016051 0.015209 0.008172 
-0.021048 -0.000666 0.017367 -0.011909 
0.003825 0.005188 0.002511 0.005936 
-0.011771 -0.004271 -0.004124 -0.011823 
0.024720 -0.033813 -0.037921 0.017787 
-0.031462 -0.002505 -0.026606 0.016977 
0.009488 -0.003842 0.010016 0.002114 
-0.013722 -0.000562 -0.006132 -0.012288 
-0.029748 -0.024971 0.038128 -0.007400 
-0.010094 0.020010 0.003732 -0.022099 
-0.012415 0.026009 0.026169 0.012076 
0.007169 -0.015015 0.015047 0.007101 
-0.040758 -0.022841 -0.044709 -0.013564 
0.019957 0.027538 0.012186 0.031751 
0.003699 -0.002534 0.003963 -0.002097 
0.014047 0.008112 -0.006932 0.014665 
0.018030 0.007522 -0.016266 0.010821 
-0.039184 -0.007114 0.038357 -0.010712 
-0.024289 0.000987 0.023994 0.003900 
0.001586 0.021339 -0.012526 -0.017348 
0.006752 0.026458 0.020094 -0.018489 
0.003351 0.009452 -0.002270 0.009768 
-0.004631 -0.020542 0.015883 0.013827 
-0.023097 -0.027081 0.006302 -0.035030 
-0.034916 -0.013881 0.018409 -0.032756 
0.010532 -0.021355 -0.011921 0.020612 
-0.004778 -0.002142 -0.004390 -0.002855 
0.016985 0.012920 -0.021263 -0.001816 
0.023883 -0.001178 -0.023889 -0.001054 
0.007173 -0.012739 0.014453 0.002204 
0.011724 -0.014298 0.009197 0.016040 
0.017070 -0.030396 0.031140 -0.015673 
0.039701 0.017283 0.000973 -0.043289 
0.013958 -0.004668 0.009117 0.011554 
-0.017558 0.010135 0.004641 -0.019735 
0.019617 -0.005529 -0.009857 0.017840 
0.017039 -0.016836 -0.018706 0.014963 
-0.039977 -0.002060 0.038155 -0.012108 
-0.011520 0.030993 -0.008440 0.031969 
0.013328 0.024620 0.020020 -0.019571 
0.008940 -0.028012 -0.025969 -0.013793 
-0.056178 0.021056 -0.024196 -0.054899 
-0.003339 0.025492 0.017113 -0.019187 
0.003235 0.006470 0.001206 0.007133 
-0.029093 0.022709 -0.026744 -0.025434 
-0.012798 -0.025065 -0.021462 0.018205 
-0.012309 0.019630 0.010199 -0.020804 
0.037592 0.007922 -0.024870 0.029282 
-0.000922 0.021524 -0.009811 -0.019180 
-0.029344 -0.022743 0.021066 -0.030570 
-0.010896 -0.028868 -0.029355 -0.009506 
0.018575 -0.038273 -0.040589 0.012743 
0.008216 0.005361 0.004251 0.008841 
-0.012693 0.030234 -0.006431 0.032153 
-0.052929 0.032061 0.039893 -0.047307 
-0.037005 0.028230 -0.026622 0.038178 
-0.035664 0.040196 0.052493 -0.011495 
0.014290 0.010395 -0.012978 0.011993 
0.019789 0.004936 -0.017454 0.010552 
0.013800 -0.032813 0.034140 -0.010078 
0.016552 -0.019957 -0.025323 0.005570 
0.015438 -0.022301 -0.027082 -0.001500 
-0.012139 -0.009213 0.005826 -0.014081 
-0.032485 0.012723 -0.033970 -0.007949 
0.013342 0.000381 0.006798 0.011486 
0.018939 -0.006577 -0.007231 0.018699 
0.017975 -0.011778 -0.009579 0.019237 
0.015980 0.004550 -0.004407 0.016020 
0.023101 0.006462 -0.022217 -0.009044 
-0.009200 -0.014550 0.015440 -0.007612 
-0.007905 0.010299 -0.012974 -0.000486 
0.015694 -0.005394 0.005592 0.015625 
-0.002379 -0.017337 0.017494 0.000443 
0.018838 -0.012590 -0.015353 0.016663 
0.010747 -0.027323 -0.025192 -0.015079 
-0.041186 -0.020449 -0.045515 0.006543 
-0.025920 -0.033008 0.005242 0.041640 
-0.043119 -0.024958 0.020804 -0.045270 
-0.014905 -0.025465 -0.028043 0.009177 
0.017969 -0.023534 -0.018405 -0.023195 
0.012476 -0.033580 0.034813 -0.008445 
0.008798 0.020933 -0.013237 -0.018449 
0.008132 -0.004745 0.009412 -0.000250 
0.004844 -0.003891 0.005573 -0.002749 
-0.000837 -0.007808 0.001882 -0.007624 
0.016535 0.006335 -0.009540 0.014917 
-0.025011 -0.009506 0.007875 0.025571 
-0.020032 -0.005835 0.019257 -0.008031 
-0.000104 0.015990 -0.015880 0.001876 
0.009241 -0.001623 0.008894 0.002989 
-0.003879 0.017354 -0.016102 -0.007546 
0.000058 -0.002078 0.000108 -0.002076 
0.018417 0.001449 -0.007846 0.016725 
-0.015025 0.018929 0.017895 -0.016243 
-0.004840 -0.021791 0.011496 0.019134 
-0.032332 -0.027580 0.003031 0.042389 
-0.004077 -0.032162 -0.014482 -0.029005 
-0.006462 0.044670 0.035274 0.028159 
0.013945 0.037923 -0.020787 -0.034649 
0.005333 -0.024922 -0.017261 0.018751 
0.021233 0.019263 0.017902 -0.022392 
0.010749 0.005598 0.003111 0.011713 
0.023056 -0.026453 0.034581 -0.005959 
-0.024222 -0.007453 0.017827 0.018012 
0.016415 -0.002328 0.002584 0.016377 
0.014260 -0.027826 -0.008595 -0.030063 
0.029212 -0.028298 -0.027267 0.030176 
-0.039723 -0.024933 -0.042461 -0.019915 
-0.024594 -0.004135 0.021342 0.012902 
0.010960 -0.008631 0.012657 0.005867 
0.001368 -0.005628 0.002405 -0.005269 
-0.001154 0.020618 -0.012874 -0.016146 
0.026358 0.014288 0.022915 -0.019333 
0.001025 -0.007580 0.003433 -0.006835 
-0.043842 -0.022247 0.000370 -0.049163 
-0.031010 -0.007215 -0.030226 0.010002 
0.019476 -0.005779 -0.009302 0.018060 
-0.019182 0.000341 0.009092 -0.016893 
0.002374 0.012104 -0.007632 0.009690 
-0.025409 0.002390 0.022984 0.011095 
-0.005183 0.040645 0.008160 -0.040153 
0.012699 -0.010876 0.010738 0.012815 
-0.024876 0.014057 0.016314 0.023458 
-0.033718 0.009003 -0.032824 -0.011854 
-0.014954 0.000266 -0.004747 -0.014183 
0.014918 -0.022863 -0.027207 -0.002244 
0.001568 -0.025849 -0.016944 0.019584 
-0.029356 -0.036558 -0.033837 -0.032454 
0.029131 -0.011327 0.013422 -0.028227 
-0.022924 0.020159 0.004906 0.030130 
0.018792 -0.005136 -0.005933 0.018555 
-0.038221 -0.037641 0.011696 0.052354 
-0.028879 0.032662 0.038615 0.020242 
-0.019477 -0.029267 0.004274 -0.034894 
0.016401 0.022270 0.014488 -0.023559 
-0.011112 -0.033056 0.009408 -0.033581 
0.004930 -0.006557 0.007014 -0.004256 
-0.006784 -0.009862 0.002473 -0.011712 
-0.005836 0.012310 -0.013582 0.001063 
-0.001762 -0.031894 -0.017118 -0.026969 
0.000617 0.023443 -0.001322 -0.023414 
-0.011861 0.014460 -0.008564 -0.016626 
0.005069 -0.000658 0.005110 0.000096 
0.028056 -0.008229 -0.004692 -0.028859 
-0.027948 -0.012770 -0.026774 0.015077 
-0.011469 -0.009363 0.005133 -0.013888 
-0.016139 0.000855 -0.002350 -0.015990 
-0.021250 0.012468 0.023943 -0.005808 
0.012745 0.007742 -0.003446 0.014509 
0.003391 -0.004278 0.004061 -0.003648 
0.004097 -0.010966 0.010601 -0.004965 
-0.038303 -0.009427 0.036631 -0.014634 
-0.006017 0.000681 -0.006028 -0.000572 
-0.027325 -0.018592 -0.029095 -0.015677 
-0.004661 -0.006997 -0.001569 -0.008260 
-0.003296 -0.007801 0.000051 -0.008468 
0.002388 -0.001255 0.002437 -0.001156 
-0.010707 -0.036427 0.037963 0.000600 
0.008608 0.020773 -0.014031 -0.017572 
-0.016158 -0.033174 0.030379 -0.020946 
-0.005584 0.003030 -0.006125 0.001687 
0.003809 -0.001067 0.003888 -0.000726 
-0.045022 0.018358 -0.044370 -0.019883 
-0.006538 0.029382 0.024274 0.017800 
-0.030285 0.005409 -0.013808 0.027491 
0.000979 0.002702 0.000852 0.002745 
-0.009231 0.039304 0.001137 -0.040358 
0.017897 0.003099 -0.008179 0.016217 
-0.008816 -0.020868 0.013490 0.018199 
-0.032793 0.010602 -0.034199 -0.004267 
-0.012916 0.036253 -0.024876 -0.029365 
-0.019206 -0.005950 0.017100 -0.010577 
-0.005014 0.010732 -0.011169 0.003948 
-0.022960 -0.018539 -0.023001 0.018488 
-0.018403 0.028102 -0.021144 0.026103 
-0.015946 -0.039510 -0.018995 0.038138 
-0.032941 -0.000972 -0.032760 0.003585 
-0.030480 0.043238 0.035633 -0.039100 
-0.007360 -0.004634 -0.004773 -0.007271 
0.007578 0.042560 0.035708 -0.024367 
0.013417 0.018476 -0.016692 -0.015582 
-0.007261 -0.018155 0.019116 0.004112 
0.017965 0.023016 0.024857 -0.015316 
-0.004021 0.024062 0.009298 -0.022554 
-0.000415 -0.004500 0.000106 -0.004518 
-0.015071 0.015464 0.005737 -0.020817 
0.007806 -0.046917 0.018394 -0.043861 
-0.022582 -0.020561 -0.029454 0.008075 
0.014692 -0.021027 -0.023823 0.009511 
-0.032759 -0.032268 -0.045289 -0.007954 
-0.007353 -0.029603 -0.029066 -0.009251 
0.023749 -0.017407 -0.012529 -0.026647 
0.019325 -0.021676 -0.020505 -0.020563 
0.007914 -0.008737 0.011775 -0.000572 
0.001833 -0.008160 0.004837 -0.006823 
-0.001897 -0.013600 0.010992 -0.008229 
0.015685 -0.004396 0.005476 0.015341 
-0.007375 -0.034251 0.015232 -0.031552 
-0.004520 0.051191 -0.032256 -0.040006 
-0.019880 0.029998 -0.035926 -0.002112 
-0.031924 -0.015284 -0.011133 -0.033597 
-0.026459 -0.009467 -0.002778 0.027964 
0.011206 0.008537 -0.002841 0.013798 
-0.008549 0.020248 -0.000201 -0.021977 
0.008800 0.016611 -0.018766 0.001104 
-0.060573 -0.006164 0.037079 -0.048293 
-0.016279 -0.006775 0.009702 -0.014724 
-0.000836 0.017394 -0.017091 -0.003337 
0.046001 0.022373 -0.046032 0.022308 
0.027571 -0.045612 -0.041987 0.032829 
0.020498 0.024453 0.029972 0.010944 
-0.006073 0.024868 0.018458 -0.017737 
-0.030028 -0.001829 -0.013595 0.026837 
0.044913 0.030419 -0.001941 -0.054210 
-0.020869 0.042925 -0.033378 0.034117 
-0.002650 -0.006326 -0.000893 -0.006800 
0.017307 0.026745 0.028617 0.013997 
0.022462 0.023157 0.029640 0.012737 
-0.021988 -0.007302 0.022630 0.004964 
0.004509 -0.020511 0.008754 0.019090 
-0.028171 -0.019563 -0.019130 -0.028467 
0.005319 0.006673 0.002202 0.008245 
0.002843 0.002793 0.002581 0.003037 
-0.008190 -0.014401 0.014251 -0.008448 
-0.011138 0.016287 -0.006564 -0.018607 
0.003045 -0.012363 0.011667 -0.005100 
-0.017231 0.008581 0.001224 -0.019211 
-0.024864 0.026764 -0.032976 -0.015718 
0.045273 0.012123 0.046514 0.005751 
-0.020653 0.006340 0.015070 -0.015480 
0.022798 -0.010594 -0.025139 0.000029 
0.016365 0.005619 -0.007585 0.015552 
0.031374 -0.014210 0.034442 0.000103 
-0.020798 -0.025670 -0.023438 -0.023285 
-0.008273 0.005865 -0.010135 0.000353 
-0.000532 0.016817 -0.016792 -0.001049 
0.005707 0.022876 -0.005630 -0.022895 
-0.006289 0.009790 -0.011319 0.002696 
-0.025795 0.015150 0.005369 0.029429 
0.010641 0.003576 0.005710 0.009665 
-0.001695 -0.034657 0.016011 -0.030784 
-0.015319 0.033282 -0.036098 -0.006270 
-0.011716 0.005469 -0.011290 -0.006302 
-0.005592 -0.014093 0.012089 -0.009151 
0.019443 -0.010795 -0.014672 0.016712 
0.008385 -0.024575 -0.021874 0.013991 
-0.026124 -0.005459 0.012245 0.023713 
-0.000975 0.010925 -0.007633 0.007877 
0.026150 0.003808 -0.015288 -0.021554 
-0.003891 -0.012760 0.008703 -0.010110 
0.015915 -0.023459 -0.025763 -0.011828 
-0.004872 0.019067 -0.012682 -0.015048 
-0.003835 -0.006249 -0.001787 -0.007111 
-0.014154 -0.015437 0.020646 0.003518 
-0.004465 -0.014289 0.012307 -0.008523 
0.013204 0.016304 -0.020385 -0.004961 
0.017180 -0.006445 0.000453 0.018344 
0.022570 -0.027347 0.035413 -0.001795 
-0.015975 0.031354 -0.032720 0.012951 
-0.002398 -0.013289 0.010173 -0.008880 
-0.013541 0.009305 -0.009886 -0.013122 
-0.013478 -0.003881 -0.002476 -0.013805 
0.000063 -0.001151 0.000071 -0.001150 
-0.027857 0.019874 -0.032905 0.009392 
0.036281 0.020731 -0.023510 -0.034546 
0.025515 0.015931 0.024725 -0.017132 
-0.029232 -0.007983 -0.020644 0.022183 
-0.001803 -0.012190 0.008053 -0.009327 
0.027011 -0.015820 0.009294 -0.029891 
-0.012443 -0.008966 0.005752 -0.014218 
0.006159 0.021512 -0.012404 -0.018624 
-0.008560 0.007695 -0.011509 -0.000199 
-0.002276 0.018501 -0.016200 -0.009221 
0.003633 -0.028563 -0.028636 -0.003007 
-0.031948 0.035333 -0.040253 0.025471 
-0.005905 0.019879 -0.008453 -0.018936 
0.026676 -0.027550 0.012619 0.036213 
0.017266 -0.011226 -0.005142 0.019942 
0.024373 0.008892 -0.013655 -0.022060 
0.037381 0.010525 -0.031649 0.022503 
-0.016268 0.008053 -0.003005 -0.017902 
0.002786 0.002726 0.002542 0.002955 
0.012193 -0.003984 0.010476 0.007403 
0.004660 0.026777 0.020693 -0.017620 
-0.021827 -0.032753 0.037326 0.012487 
0.004160 -0.004842 0.005156 -0.003763 
0.034781 0.003557 0.025948 0.023432 
0.000409 0.020016 -0.015612 -0.012533 
-0.015189 0.030327 -0.021585 0.026163 
0.020661 -0.053756 0.016019 -0.055318 
-0.000773 -0.033646 0.003427 -0.033480 
0.013348 -0.025128 -0.026666 -0.009928 
0.010589 0.051721 -0.007401 -0.052273 
-0.040939 0.028574 -0.030017 -0.039893 
-0.024333 0.037188 0.032275 0.030551 
0.035145 0.021791 -0.028671 -0.029798 
-0.008322 0.018560 -0.007533 -0.018894 
-0.017476 0.000886 0.001936 -0.017391 
-0.015490 0.022738 0.027124 0.004610 
-0.018110 0.028402 -0.021796 0.025682 
-0.015642 -0.005627 0.005511 -0.015683 
0.023735 -0.005959 -0.024471 -0.000011 
-0.008617 -0.020585 0.014724 0.016768 
-0.026214 0.016216 -0.003354 0.030641 
-0.027506 0.025593 -0.021741 -0.030642 
-0.009457 0.036395 -0.034628 -0.014660 
-0.019694 -0.000612 0.012032 -0.015604 
-0.002464 -0.006514 -0.000607 -0.006937 
-0.005679 0.040941 0.015290 -0.038401 
0.030531 -0.006893 0.017883 -0.025688 
0.034771 -0.019434 -0.022933 0.032570 
-0.036249 -0.038784 0.026150 0.046200 
0.023331 -0.036839 -0.041299 -0.013993 
0.002286 -0.025706 -0.016925 0.019482 
-0.002700 -0.002740 -0.002461 -0.002956 
-0.009761 0.012429 -0.013808 -0.007688 
-0.006666 0.021147 -0.001214 -0.022139 
0.032749 -0.001571 0.031772 -0.008093 
-0.040053 0.021216 -0.006326 0.044881 
-0.002367 -0.011151 0.005724 -0.009858 
0.002632 -0.019300 0.014754 0.012718 
0.009112 0.017880 -0.019510 -0.004700 
0.020932 -0.041154 -0.001599 -0.046144 
-0.002997 0.029516 0.027674 0.010693 
-0.020342 -0.008000 0.021814 -0.001393 
0.044322 -0.006981 0.010589 -0.043601 
-0.007647 0.008107 -0.011075 0.001244 
-0.039122 -0.003105 0.031671 -0.023175 
-0.004403 -0.032916 -0.005839 -0.032692 
-0.031959 0.041704 0.028122 -0.044383 
-0.012154 -0.028342 -0.029778 -0.008019 
-0.001032 -0.004793 -0.000372 -0.004888 
-0.026462 0.030679 0.021984 -0.034031 
0.018984 -0.016321 -0.023876 0.007532 
0.010261 -0.010523 0.013395 0.006048 
0.005152 0.016762 -0.017390 0.002260 
-0.019220 -0.005657 0.016713 -0.011050 
-0.035853 -0.015046 0.034597 -0.017746 
-0.013835 0.053529 0.053309 0.014660 
0.002640 -0.010726 0.008866 -0.006589 
0.042714 0.013294 0.026305 -0.036184 
0.005024 0.004099 0.003916 0.005168 
0.021951 0.013120 -0.011667 -0.022756 
0.010951 -0.020732 -0.010295 0.021065 
-0.013526 -0.012581 0.016537 -0.008231 
0.017737 0.027145 0.025665 0.019817 
0.001265 0.000685 0.001257 0.000700 
0.001362 -0.040068 0.011734 0.038336 
-0.009430 -0.019100 0.018296 0.010909 
-0.014697 0.006156 -0.008069 -0.013740 
0.027312 -0.017153 0.018519 -0.026404 
0.010308 -0.035229 0.036654 0.001967 
0.019244 -0.003391 -0.007882 0.017881 
-0.002075 0.020200 -0.013180 -0.015448 
0.012685 -0.036720 0.020408 0.033058 
0.007731 -0.021345 -0.002759 0.022534 
-0.028468 -0.026665 0.038925 -0.002503 
-0.006912 0.031850 0.001945 0.032534 
0.005203 0.018720 -0.018596 -0.005630 
-0.021358 -0.014046 0.010743 0.023195 
-0.045254 -0.004031 -0.031680 0.032566 
0.016080 0.012090 -0.019688 0.004136 
0.037656 0.016649 -0.034393 -0.022634 
-0.006740 0.017168 -0.013769 -0.012271 
0.004004 -0.009268 0.008409 -0.005586 
0.015174 0.040543 0.031642 -0.029543 
0.029125 -0.015698 0.027600 -0.018246 
-0.012881 -0.015650 0.020227 0.001316 
-0.012710 0.004502 -0.010414 -0.008564 
-0.020813 0.002310 0.015018 -0.014594 
0.000943 -0.015634 0.015545 -0.001916 
-0.009021 0.021921 0.009833 -0.021568 
-0.018516 -0.047410 0.050350 0.007439 
-0.037626 -0.002481 0.009561 -0.036475 
0.003838 -0.028497 -0.028613 -0.002849 
-0.005370 -0.030242 -0.027666 -0.013343 
-0.012322 0.045026 -0.001396 0.046661 
-0.032169 0.039106 -0.024833 -0.044130 
-0.013018 -0.019861 0.012033 0.020472 
-0.010329 -0.024702 -0.013259 0.023260 
-0.004718 0.026520 0.024471 -0.011258 
0.025919 0.026916 -0.028072 0.024663 
0.026234 0.022949 0.009023 0.033667 
0.015327 0.038455 -0.004480 -0.041154 
-0.010142 0.052119 0.022351 -0.048163 
-0.014727 -0.007243 0.006543 -0.015051 
0.033236 -0.039419 -0.001726 0.051532 
0.016570 -0.041689 -0.032238 -0.031197 
0.025404 0.026998 -0.024912 0.027453 
-0.011392 -0.023314 -0.005494 0.025360 
0.012525 0.026751 0.028865 -0.006270 
-0.003863 -0.001098 -0.003746 -0.001445 
-0.013275 0.029972 -0.006933 0.032038 
-0.003175 -0.019643 0.017376 0.009696 
-0.019922 0.001508 0.011476 -0.016354 
-0.011103 -0.007660 0.000842 -0.013462 
-0.021781 0.022490 -0.001001 0.031293 
-0.017570 -0.003725 0.008025 -0.016068 
-0.023412 -0.006406 0.021764 0.010745 
0.030014 0.036019 0.034426 0.031828 
0.042010 0.025335 -0.001086 0.049047 
-0.019046 0.027970 -0.024112 0.023742 
-0.017703 -0.021470 -0.014542 0.023725 
-0.017177 0.021334 0.026789 0.005703 
0.004400 -0.028912 -0.028126 -0.008014 
0.008541 0.038496 -0.029524 -0.026138 
0.023227 0.032030 -0.036814 -0.014497 
-0.006583 -0.005334 -0.003940 -0.007500 
0.023709 0.000623 -0.023664 -0.001591 
0.027887 -0.019041 0.030680 -0.014108 
0.014474 -0.032109 0.032268 -0.014115 
0.013733 0.008081 -0.006167 0.014692 
0.015930 0.001616 0.000306 0.016009 
0.028217 -0.013516 0.011578 -0.029066 
-0.042769 -0.041033 0.012886 -0.057852 
0.021479 0.004910 -0.021714 0.003735 
0.026874 0.013104 0.021419 -0.020860 
-0.011330 0.007189 -0.012063 -0.005877 
-0.024162 -0.021841 -0.029277 -0.014271 
-0.002710 0.036688 -0.036507 0.004535 
-0.025159 -0.026619 0.019132 -0.031233 
0.018882 -0.010942 -0.012295 0.018030 
0.014172 -0.013874 0.002380 0.019689 
0.010281 -0.007812 0.012360 0.003737 
-0.040842 0.013567 0.031975 0.028805 
-0.024109 0.001140 0.023998 0.002581 
-0.019098 -0.006377 0.017417 -0.010103 
0.021147 0.005638 -0.021567 0.003725 
-0.050375 -0.004017 0.019248 -0.046725 
-0.022527 0.001870 0.021358 -0.007401 
-0.019660 -0.008194 0.020956 -0.003812 
0.037881 0.037922 -0.012630 -0.052092 
-0.021035 0.019697 0.019992 0.020754 
-0.002048 -0.009322 0.002812 -0.009121 
-0.021586 0.008554 0.020715 -0.010488 
0.018769 -0.001946 -0.006299 0.017787 
0.013939 0.003338 0.002474 0.014118 
-0.004716 0.012207 -0.012732 0.003025 
-0.017458 0.015595 0.016797 -0.016304 
0.032515 -0.005152 0.031364 -0.010003 
-0.007502 -0.005059 -0.004451 -0.007878 
0.027710 -0.003355 -0.011509 -0.025429 
0.000465 0.015220 -0.014593 0.004347 
-0.004266 0.009800 -0.009308 0.005255 
-0.008522 0.023464 0.016697 -0.018559 
-0.008821 0.030930 0.004896 0.031788 
0.003789 0.020451 -0.015995 -0.013294 
-0.021872 0.011437 0.024297 -0.004341 
0.008241 -0.018681 0.007336 0.019054 
0.013637 -0.002371 0.008476 0.010943 
0.005779 -0.032644 0.003634 -0.032952 
-0.013938 0.036014 -0.022382 -0.031470 
0.002043 -0.017527 0.016821 0.005332 
-0.035616 0.035793 -0.024208 -0.044313 
-0.027903 -0.008441 -0.011069 0.026969 
-0.033779 -0.007838 -0.025419 -0.023587 
0.002958 -0.004771 0.003757 -0.004171 
0.013217 -0.023386 -0.026684 0.003092 
-0.015848 -0.001741 -0.000372 -0.015939 
0.000342 0.021290 -0.011890 -0.017664 
-0.008597 0.008289 -0.011932 -0.000473 
0.022478 0.005989 -0.022885 -0.004172 
0.004036 0.003490 0.003424 0.004093 
-0.001408 -0.018442 0.017732 0.005262 
-0.000362 -0.011989 0.008468 -0.008495 
-0.020787 -0.021261 -0.026315 0.013844 
0.040876 0.018607 0.033541 -0.029867 
-0.026158 0.009402 0.017608 0.021508 
-0.001839 -0.022689 0.006529 0.021807 
-0.028000 -0.012328 -0.025710 0.016583 
0.032749 -0.003095 0.031829 -0.008308 
0.008538 0.013115 -0.011317 0.010808 
0.017716 -0.026255 -0.000435 -0.031671 
0.007133 -0.012567 0.014334 0.001827 
-0.010788 0.045141 0.006700 0.045926 
-0.004122 -0.007638 -0.000595 -0.008659 
-0.043812 -0.018906 -0.035779 -0.031572 
-0.000961 0.014542 -0.013909 0.004352 
0.014161 0.027210 0.030411 0.004014 
-0.026635 -0.039227 -0.020350 -0.042826 
-0.012122 0.024702 0.027506 0.000753 
-0.011542 -0.013616 0.015904 -0.008105 
-0.043827 0.013405 -0.025551 0.038048 
-0.027254 -0.028168 0.039103 0.002682 
-0.042152 -0.019502 -0.046327 -0.003311 
-0.033649 0.031943 -0.019075 0.042294 
-0.038132 0.034515 0.004819 -0.051207 
-0.002860 -0.016910 0.017103 -0.001272 
-0.017825 -0.019248 -0.000131 0.026233 
-0.016214 -0.025225 -0.029412 0.005845 
0.006232 -0.022252 -0.003511 0.022840 
0.011940 0.037605 -0.031506 -0.023750 
0.010825 -0.036459 0.030998 0.022034 
0.009345 -0.036624 0.033550 0.017409 
-0.016811 0.012973 0.006740 -0.020136 
0.008667 -0.008115 0.011861 0.000535 
-0.022429 0.013508 0.025687 0.005067 
0.007377 0.013398 -0.011183 0.010433 
0.006288 0.008508 0.000034 0.010579 
0.014832 -0.019729 -0.020074 0.014362 
-0.000468 -0.001359 -0.000452 -0.001364 
-0.018100 -0.003568 0.009633 -0.015734 
-0.014635 0.005015 -0.008046 -0.013213 
0.021825 0.026441 0.010875 0.032515 
-0.016237 -0.035386 0.037288 0.011201 
-0.025367 0.045683 0.012773 -0.050669 
-0.009787 -0.036443 0.037666 -0.002273 
0.016909 -0.000802 -0.000052 0.016928 
0.027978 -0.031245 -0.039896 0.012935 
-0.034221 -0.034926 0.009006 -0.048060 
0.017778 -0.008698 -0.003745 0.019434 
-0.012104 -0.007105 0.001044 -0.013996 
0.013566 -0.002788 0.008798 0.010696 
-0.016653 -0.025762 -0.030654 -0.001150 
-0.026800 -0.001563 0.014637 0.022504 
0.006422 0.029212 0.029648 0.003947 
-0.024032 0.018130 0.006909 0.029300 
-0.041660 0.025401 -0.045736 -0.017000 
-0.025640 0.040650 -0.042033 0.023303 
-0.027979 -0.038454 -0.018532 -0.043796 
0.003906 0.031624 0.019575 0.025143 
-0.001664 0.001612 -0.001712 0.001561 
0.020954 -0.030460 0.032759 0.017140 
-0.032421 0.007309 -0.032154 0.008408 
0.015632 -0.003855 0.005460 0.015147 
0.007408 -0.043593 -0.043004 -0.010294 
0.015934 -0.012081 -0.000854 0.019978 
0.004742 0.004592 0.003478 0.005610 
-0.021833 0.012526 0.025095 -0.001959 
0.008039 0.032597 0.004946 0.033207 
0.000464 0.000266 0.000464 0.000266 
-0.004535 -0.006278 -0.002187 -0.007429 
0.006286 0.026620 0.020716 -0.017860 
-0.003032 -0.009113 0.001914 -0.009411 
0.007657 0.014915 -0.015062 0.007364 
-0.006911 -0.013429 0.010992 -0.010357 
-0.000881 -0.029731 -0.028719 -0.007743 
-0.021888 -0.016636 -0.005839 0.026866 
-0.000209 0.008004 -0.003035 0.007409 
-0.003142 -0.006212 -0.001343 -0.006831 
0.013240 -0.023554 -0.026955 0.001879 
0.009916 0.013131 -0.012733 0.010421 
-0.008698 -0.021019 0.012966 0.018690 
-0.001496 -0.029051 -0.029081 -0.000686 
-0.029148 -0.005098 -0.011915 0.027085 
0.016990 0.020630 0.005586 -0.026135 
-0.005148 -0.035735 0.029339 -0.021041 
-0.034815 -0.015387 0.026197 -0.027614 
-0.000020 -0.020959 0.012805 0.016592 
-0.008733 0.019588 -0.002568 -0.021292 
-0.018113 0.026256 -0.002455 0.031803 
-0.008049 0.023878 0.017645 -0.017989 
-0.014524 -0.007236 0.006034 -0.015063 
-0.021439 0.020086 0.016158 0.024535 
0.004321 -0.000265 0.004325 0.000193 
0.015880 -0.000340 0.002606 0.015668 
-0.021258 -0.000904 0.018274 -0.010899 
0.029423 0.023869 -0.030794 0.022072 
0.022983 0.018494 0.022900 -0.018596 
0.023373 0.009751 -0.016087 -0.019560 
0.016550 -0.033445 0.033036 0.017352 
0.020451 -0.019208 -0.023799 -0.014860 
0.031691 -0.013164 0.034313 -0.000490 
0.029402 -0.013220 0.021850 -0.023703 
0.009461 0.017868 -0.019565 -0.005101 
-0.007572 0.012379 -0.014303 -0.002449 
-0.007239 0.008613 -0.011115 0.001745 
0.002731 0.028321 0.027713 -0.006445 
0.002108 -0.013141 0.012209 -0.005299 
-0.001504 0.025052 0.011632 -0.022238 
0.030253 -0.030498 -0.041862 -0.009640 
-0.017122 0.001538 0.000200 -0.017190 
0.003997 -0.008056 0.007145 -0.005462 
-0.039183 -0.004193 0.033947 -0.020011 
0.011247 -0.012840 0.011930 0.012208 
0.027126 -0.006417 -0.014540 -0.023782 
0.002545 -0.044067 -0.043980 -0.003766 
0.001045 0.015297 -0.014607 0.004662 
-0.026702 -0.004221 0.011047 0.024673 
-0.023207 0.014447 0.023592 0.013809 
0.038650 0.038716 0.023277 -0.049507 
0.026637 -0.043374 0.024356 0.044695 
0.002408 0.018503 -0.017985 -0.004968 
-0.011333 0.014669 -0.009527 -0.015901 
-0.012361 0.017608 0.001914 -0.021428 
0.025205 0.004881 -0.018274 -0.018032 
-0.052195 -0.023639 -0.056652 -0.008583 
0.027781 0.013362 0.027649 -0.013634 
0.027916 -0.034470 -0.030374 -0.032325 
0.014334 -0.027523 -0.010781 -0.029099 
-0.025971 0.027478 -0.020715 -0.031629 
-0.004286 0.042142 0.031200 -0.028650 
0.001605 0.007063 -0.000531 0.007224 
0.026455 0.000134 -0.017985 -0.019402 
-0.020889 0.034655 0.015043 -0.037563 
-0.009483 -0.000566 -0.007997 -0.005128 
0.000414 0.015675 -0.015349 0.003208 
-0.024872 0.011294 0.021685 0.016610 
0.034892 0.021793 -0.031239 -0.026768 
0.005914 0.016982 -0.017931 0.001371 
0.006175 0.011473 -0.005863 0.011636 
-0.015966 -0.002682 0.001271 -0.016140 
-0.006301 0.039926 -0.000996 -0.040408 
-0.012199 0.017227 -0.000094 -0.021109 
-0.021960 -0.037427 -0.027887 0.033246 
-0.000915 0.005570 -0.001899 0.005316 
0.025028 -0.039404 0.015026 -0.044195 
0.035111 0.039615 -0.028989 -0.044292 
0.036384 0.031807 0.009852 0.047312 
0.039185 0.048051 -0.049513 -0.037322 
-0.001284 0.025315 0.013123 -0.021686 
0.028632 -0.007364 -0.000569 -0.029558 
-0.007442 0.008286 -0.011032 0.001524 
-0.033373 -0.008775 -0.026154 -0.022510 
-0.037364 0.029178 -0.041273 0.023322 
-0.028784 0.036026 -0.006338 0.045675 
-0.042514 -0.021132 -0.037876 -0.028625 
0.006641 -0.026387 -0.026172 0.007442 
-0.012010 0.003210 -0.010167 -0.007153 
-0.002243 0.038049 -0.034735 -0.015692 
-0.002675 -0.024359 -0.003581 0.024243 
0.009185 0.003265 0.006217 0.007508 
-0.000629 0.006938 -0.002487 0.006508 
0.028255 0.029425 -0.028525 -0.029164 
-0.032902 -0.018026 0.021496 -0.030747 
-0.017643 -0.018278 0.006486 0.024562 
0.009097 -0.018952 0.004047 0.020629 
0.007273 -0.016741 0.013675 0.012090 
-0.007149 -0.015339 0.015674 -0.006381 
0.021517 0.043717 -0.019343 0.044721 
0.032603 -0.010710 0.034251 0.002138 
-0.020021 0.002753 0.011466 -0.016642 
0.012259 -0.005614 0.011135 0.007604 
-0.011515 -0.012015 0.011970 -0.011562 
0.023703 0.048938 0.029310 -0.045800 
0.042095 0.015326 0.029128 -0.034036 
-0.011942 0.026475 0.025708 0.013515 
-0.000657 -0.032001 -0.015552 -0.027976 
-0.013144 -0.004094 -0.002689 -0.013502 
-0.014792 -0.020455 0.004086 0.024910 
-0.026565 -0.018480 -0.031359 -0.007990 
-0.005336 -0.004453 -0.003936 -0.005728 
0.041444 0.018009 0.037192 -0.025664 
-0.012757 0.005235 -0.010667 -0.008738 
0.021973 -0.017608 -0.022096 -0.017453 
-0.042731 0.001528 0.027137 0.033043 
0.029830 0.046468 0.045609 -0.031127 
0.003455 0.019366 -0.017781 -0.008416 
-0.012710 -0.020164 0.011210 0.021035 
0.003581 0.025119 0.008919 -0.023754 
0.005131 -0.004766 0.006241 -0.003178 
0.013274 -0.011274 0.009235 0.014766 
-0.029077 -0.041643 0.050203 -0.007701 
-0.017705 0.019488 0.026293 -0.001389 
0.030536 0.012336 0.032012 0.007738 
-0.004348 -0.014016 0.011653 -0.008919 
0.014412 0.011268 -0.015256 0.010095 
-0.028329 -0.010565 -0.022035 0.020703 
-0.029415 0.038300 -0.046305 0.013711 
0.000527 0.036753 -0.035833 0.008186 
-0.004295 -0.005227 -0.002813 -0.006153 
-0.023776 -0.015202 -0.009998 0.026390 
-0.011045 -0.032502 0.001920 -0.034273 
-0.043410 0.022933 -0.040939 -0.027099 
0.008325 -0.013360 0.014569 0.005961 
0.011510 -0.047538 0.045693 -0.017449 
-0.039356 0.004407 0.031203 -0.024386 
-0.041866 -0.011904 0.000017 0.043525 
0.019051 0.011999 -0.021585 -0.006404 
0.005748 0.000667 0.005519 0.001737 
0.016539 0.020261 0.001149 -0.026129 
-0.012801 -0.024007 -0.014370 0.023103 
-0.003116 -0.016952 0.017192 -0.001236 
0.018014 -0.009785 -0.006240 0.019527 
-0.019034 -0.000611 0.009350 -0.016591 
0.002907 -0.007087 0.005059 -0.005753 
0.003833 -0.011635 0.011265 -0.004811 
-0.019185 0.006145 0.008126 -0.018433 
0.035595 -0.011893 0.007746 0.036721 
0.021184 -0.002780 -0.016488 0.013589 
-0.001605 -0.005654 -0.000477 -0.005858 
0.003965 -0.025903 -0.020454 0.016381 
-0.036150 0.009478 -0.007732 -0.036564 
-0.014117 0.026308 0.020293 0.021900 
-0.005913 -0.009933 0.002512 -0.011283 
-0.018709 0.036499 0.021994 -0.034618 
0.020128 -0.050895 -0.054675 -0.002453 
0.004815 -0.043061 -0.041845 0.011242 
-0.004600 0.018477 -0.014260 -0.012617 
0.012749 0.021203 -0.005397 -0.024145 
-0.020218 0.009171 0.015800 -0.015596 
-0.008930 -0.018577 0.019105 0.007736 
-0.009346 0.000319 -0.008377 -0.004157 
0.010449 0.008676 -0.002241 0.013395 
0.018625 -0.023258 -0.016448 -0.024846 
-0.013149 -0.028132 -0.029608 -0.009364 
-0.019099 -0.014163 0.018261 0.015228 
0.000984 0.015191 -0.014428 0.004853 
-0.012023 -0.029712 -0.024192 -0.021026 
-0.029242 -0.035579 -0.043772 -0.014316 
0.010090 0.023830 0.006322 -0.025094 
-0.016751 -0.012709 0.021026 0.000187 
0.053818 0.035553 0.034260 -0.054650 
-0.037799 -0.018660 0.019601 0.037319 
-0.020799 -0.014946 0.009450 0.023805 
-0.010408 0.038296 -0.009787 -0.038459 
-0.035394 0.006748 -0.023139 -0.027619 
-0.023338 0.012453 0.025049 0.008503 
-0.028141 0.007666 0.004801 0.028769 
0.000727 -0.009316 0.005058 -0.007857 
0.018149 -0.032318 0.033685 0.015464 
-0.033431 0.014885 -0.023470 -0.028078 
0.015545 0.013730 -0.020738 -0.000324 
-0.022802 0.007929 0.023755 -0.004300 
0.008286 0.032086 0.010512 0.031427 
0.032998 -0.013204 0.031477 0.016505 
-0.054220 0.029166 0.031180 -0.053087 
0.008483 0.012547 -0.009794 0.011552 
0.043036 0.014903 0.040016 -0.021746 
-0.013044 0.007058 -0.010868 -0.010092 
-0.020223 -0.006739 0.020659 -0.005255 
-0.004680 0.011436 -0.011735 0.003870 
0.007511 0.020671 -0.015049 -0.016038 
0.015509 -0.051425 -0.042324 0.033071 
0.014342 0.022366 0.007397 -0.025519 
-0.004847 -0.034184 0.010862 -0.032773 
0.002000 0.015728 -0.015259 0.004306 
-0.003538 -0.000901 -0.003460 -0.001165 
-0.005314 0.017491 -0.014933 -0.010545 
0.031789 -0.005038 0.026935 -0.017620 
-0.047975 -0.037090 0.052376 -0.030562 
0.041981 -0.000235 -0.035987 -0.021619 
0.043982 0.006282 0.013723 -0.042256 
0.041611 -0.025872 0.043893 0.021778 
-0.006430 -0.028061 -0.027903 0.007086 
-0.037440 0.000893 0.002141 -0.037389 
-0.017609 -0.033456 0.036620 -0.009402 
-0.008326 -0.001447 -0.007087 -0.004603 
0.004731 -0.011269 0.011570 -0.003939 
-0.015124 -0.006404 0.005721 -0.015395 
-0.005461 0.011642 -0.012612 0.002512 
0.007709 -0.024524 -0.020166 0.015943 
-0.011466 0.006192 -0.011644 -0.005849 
-0.001582 -0.021699 0.011119 0.018700 
-0.013385 0.047236 -0.047869 0.010904 
-0.004207 -0.014319 0.012347 -0.008383 
0.031891 0.033824 0.041339 0.021264 
-0.012389 -0.049619 0.046785 0.020656 
0.010697 -0.033337 0.028733 -0.020006 
0.039759 0.017599 0.005076 -0.043183 
0.030776 0.002837 0.021823 -0.021886 
-0.002688 -0.030441 -0.027062 -0.014195 
0.032493 -0.014429 0.032011 0.015469 
-0.012810 0.012898 -0.008555 -0.016039 
0.015919 -0.020609 -0.025425 0.005631 
0.012339 0.051325 -0.009379 -0.051948 
0.020189 -0.019995 -0.022695 -0.017097 
0.023424 -0.034181 -0.032210 0.026068 
0.007273 -0.005548 0.009003 -0.001622 
0.010626 0.050970 -0.028375 -0.043655 
0.023035 -0.022016 0.008472 -0.030717 
0.002372 -0.014305 0.014161 -0.003120 
0.015224 -0.004122 0.006543 0.014351 
0.020769 0.010359 -0.021650 -0.008362 
0.026251 -0.028849 0.003086 0.038882 
0.002334 0.002386 0.002179 0.002529 
-0.029451 0.024822 -0.006188 -0.038015 
0.009265 0.015027 -0.016522 0.006220 
0.017181 0.012571 -0.021258 -0.001154 
-0.006978 -0.032354 -0.009709 -0.031642 
0.023937 -0.025403 0.034169 -0.007124 
-0.009992 0.029444 0.014527 0.027492 
-0.040474 -0.003916 0.040649 0.001081 
-0.001044 0.043657 0.042947 -0.007911 
-0.016321 0.009362 -0.001666 -0.018741 
0.008678 -0.024786 -0.023367 0.011985 
-0.008145 0.009034 -0.012163 0.000001 
0.043079 0.013176 0.031771 -0.031937 
0.001146 0.003734 0.000820 0.003819 
-0.015233 -0.020453 0.002599 0.025370 
0.012825 0.015505 -0.020114 -0.000582 
0.017983 -0.003117 -0.002587 0.018067 
-0.020777 0.007011 0.016096 -0.014892 
-0.008954 -0.004970 -0.004645 -0.009126 
-0.005999 0.035207 -0.031865 0.016130 
-0.005289 0.032511 -0.000532 0.032934 
0.022172 0.008427 -0.021803 -0.009342 
-0.005901 -0.000553 -0.005676 -0.001707 
-0.001860 0.009181 -0.006008 0.007187 
0.014260 0.016103 -0.020404 -0.006807 
-0.021598 0.013276 0.025311 -0.001431 
0.051200 -0.028073 0.058282 -0.003571 
0.013152 -0.006080 0.010555 0.009927 
-0.008055 0.018161 -0.009368 -0.017520 
0.026148 0.013377 0.017570 -0.023537 
0.005379 0.016034 -0.016271 0.004612 
0.018246 -0.011800 -0.010918 0.018787 
-0.032112 -0.008829 -0.032183 -0.008567 
-0.027022 -0.016549 -0.031642 0.001682 
-0.013123 0.034794 -0.035175 -0.012064 
-0.026766 0.011264 0.009673 0.027381 
0.003183 -0.010308 0.008825 -0.006205 
-0.011014 0.005938 -0.011567 -0.004773 
-0.002174 -0.017087 0.017222 -0.000323 
-0.024334 -0.005125 0.021005 0.013312 
-0.002666 -0.002244 -0.002506 -0.002421 
-0.012253 0.004701 -0.010771 -0.007497 
-0.018102 0.034509 -0.013374 -0.036601 
0.031432 -0.037990 0.046972 0.014993 
0.014123 -0.036228 0.018613 0.034139 
0.008916 0.012001 -0.008755 0.012119 
-0.022774 -0.015078 -0.002538 0.027195 
0.002113 -0.005260 0.003030 -0.004791 
0.011837 0.011624 -0.011462 0.011994 
0.032223 -0.006327 0.030543 -0.012062 
-0.016433 0.008006 -0.002436 -0.018117 
-0.001444 0.013160 -0.011805 0.005994 
0.010806 0.027282 0.028652 -0.006337 
-0.024645 -0.017658 -0.027151 0.013490 
-0.006693 -0.006406 -0.002929 -0.008789 
-0.022295 -0.034450 0.018675 0.036539 
0.009769 0.012358 -0.010564 0.011686 
-0.002609 -0.035671 0.027591 -0.022758 
0.011697 0.029389 0.026640 0.017054 
0.004198 -0.002283 0.004457 -0.001723 
-0.018358 -0.014470 0.019061 0.013531 
-0.031453 0.002219 -0.023527 0.020993 
0.002762 -0.037142 0.037158 0.002547 
-0.039846 0.008905 0.039903 -0.008644 
0.024985 0.045939 -0.035042 -0.038816 
-0.009666 0.026852 0.027713 0.006817 
0.001682 -0.009343 0.006028 -0.007333 
-0.006544 -0.018698 0.018849 0.006096 
-0.024358 0.023955 -0.030660 0.015070 
0.020330 -0.020175 -0.021572 -0.018840 
-0.004580 0.015366 -0.015793 -0.002765 
-0.030401 0.005658 -0.015193 0.026933 
0.030681 -0.002175 0.016577 -0.025908 
0.031315 -0.021144 0.013681 0.035221 
-0.007814 0.019165 -0.006725 -0.019574 
-0.014101 0.016389 0.004580 -0.021129 
-0.012886 0.028938 0.005891 0.031125 
0.001107 -0.029019 -0.028904 -0.002816 
-0.044714 0.021099 -0.033619 -0.036253 
-0.024117 0.036250 0.041375 0.013556 
0.010915 -0.024278 -0.025575 0.007382 
0.006541 0.011017 -0.004905 0.011836 
-0.022487 0.008125 0.023142 -0.006009 
-0.019195 -0.036026 0.019091 0.036082 
-0.018447 0.039523 0.042711 0.008838 
-0.002561 0.031046 0.020319 0.023613 
0.039275 -0.030465 0.036314 0.033939 
-0.002399 0.004818 -0.003154 0.004362 
0.014635 -0.006402 0.008207 0.013705 
0.001418 -0.000845 0.001431 -0.000823 
0.020887 -0.019667 -0.020802 -0.019757 
-0.035171 -0.013016 0.016567 -0.033645 
-0.020978 0.013611 0.024607 -0.004455 
-0.001273 -0.019494 0.016922 0.009762 
-0.014661 -0.022608 -0.010268 0.024913 
0.013958 -0.019285 -0.015178 0.018340 
-0.013719 -0.031717 0.002236 -0.034484 
-0.012496 0.030029 -0.003128 0.032374 
0.008397 -0.021833 -0.007389 0.022194 
-0.020441 -0.010353 0.021906 0.006719 
-0.003538 0.027529 0.027050 -0.006220 
0.001603 -0.017796 0.016931 0.005710 
-0.017484 -0.030483 0.006388 -0.034556 
-0.024653 -0.024270 -0.010397 -0.032995 
-0.024519 0.013876 0.018929 0.020867 
0.012462 0.018014 -0.018804 -0.011234 
0.010122 0.006649 0.001927 0.011956 
-0.010801 0.004854 -0.011036 -0.004292 
-0.011985 0.021126 0.015870 -0.018386 
-0.001843 0.028791 0.028797 0.001748 
-0.000795 -0.011189 0.006707 -0.008991 
-0.044963 0.023058 -0.008298 -0.049845 
-0.029574 0.016732 -0.032787 0.008922 
0.010457 -0.020303 -0.006416 0.021918 
0.010862 -0.011896 0.012946 0.009587 
0.005434 0.013777 -0.011274 0.009604 
0.026379 -0.017164 0.009736 -0.029928 
-0.006049 0.016553 -0.015145 -0.009013 
-0.002110 -0.008682 0.001891 -0.008732 
-0.001482 -0.015029 0.014032 -0.005583 
-0.014024 -0.000471 -0.005764 -0.012793 
-0.014184 -0.039187 -0.002263 0.041614 
-0.019255 0.040300 0.033093 0.029995 
-0.010092 0.000520 -0.008738 -0.005076 
0.026087 0.015656 0.026615 -0.014739 
-0.008016 0.011308 -0.013739 -0.001836 
0.000793 0.026914 0.021597 -0.016081 
0.031247 -0.036382 0.043889 -0.019333 
0.003581 -0.032406 -0.005165 -0.032192 
0.008778 0.015264 -0.016607 0.005850 
0.006737 -0.010757 0.012629 -0.001265 
-0.016858 -0.022569 -0.018287 0.021427 
0.002832 0.000165 0.002821 0.000294 
-0.018082 0.025448 0.004717 0.030860 
-0.013554 0.030431 -0.013419 0.030491 
0.029529 -0.004158 0.005299 -0.029345 
0.004059 -0.011393 0.011135 -0.004720 
-0.026379 -0.005194 0.011171 0.024455 
-0.023221 -0.034635 0.007379 0.041041 
-0.002964 -0.005945 -0.001403 -0.006493 
0.004891 -0.007979 0.008097 -0.004693 
-0.023424 -0.013928 -0.000702 0.027243 
-0.026578 0.014505 0.000754 0.030270 
0.012486 -0.005144 0.010824 0.008076 
-0.002441 0.017920 -0.016549 -0.007296 
0.024229 0.017821 0.025935 -0.015231 
-0.044497 -0.013126 -0.046149 0.004751 
0.002221 -0.002674 0.002399 -0.002516 
0.007206 -0.015756 0.014712 0.009152 
-0.027996 -0.031867 -0.001439 0.042393 
-0.008186 0.014580 -0.014489 -0.008345 
0.012523 -0.029148 -0.005789 -0.031191 
-0.046826 0.001413 -0.046090 0.008386 
0.014918 -0.002533 0.006494 0.013667 
0.031671 0.018810 -0.012930 0.034492 
0.016194 0.003681 -0.003512 0.016232 
-0.019524 -0.025596 -0.028260 -0.015419 
0.000317 -0.011410 0.007905 -0.008235 
-0.032919 -0.018140 0.022516 -0.030096 
0.031135 0.000578 0.022173 -0.021864 
0.001432 0.037073 -0.036896 0.003889 
0.047675 -0.003531 0.045812 0.013663 
0.001590 0.003660 0.001254 0.003788 
-0.034576 -0.001565 -0.029690 -0.017789 
-0.010184 0.003091 -0.010012 -0.003612 
-0.007093 0.023906 0.015386 -0.019624 
-0.006858 0.011121 -0.013048 0.000684 
-0.018353 -0.002054 0.008367 -0.016463 
-0.026941 0.028114 -0.003208 -0.038806 
0.033108 -0.004496 0.033238 -0.003405 
-0.004966 -0.015553 0.015212 -0.005930 
0.010172 -0.004628 0.010741 0.003084 
-0.011796 0.003191 -0.010217 -0.006703 
-0.007589 0.019281 -0.006860 -0.019552 
0.033735 0.015798 -0.015685 0.033787 
0.031982 -0.020618 0.008843 0.037010 
-0.023704 0.022815 -0.019786 0.026285 
-0.017530 -0.005374 0.010783 -0.014830 
0.007223 -0.023228 -0.011821 0.021259 
-0.030046 -0.015155 -0.027948 -0.018743 
0.049223 0.012100 -0.030280 0.040650 
0.012930 0.005640 0.000475 0.014098 
0.011528 0.025366 0.020449 -0.018926 
0.033529 0.011876 0.012368 0.033351 
-0.033468 0.016531 -0.015544 -0.033938 
-0.023869 0.039204 0.004605 0.045667 
-0.014621 0.031042 -0.025049 0.023451 
0.031794 -0.004271 0.026580 -0.017961 
0.020870 0.006107 -0.021388 0.003927 
-0.021525 0.023171 -0.003920 0.031382 
-0.015688 0.038058 0.021633 -0.035022 
-0.026101 0.041722 -0.048831 -0.006132 
-0.010235 -0.029700 -0.026960 -0.016125 
-0.019389 -0.020596 -0.016670 0.022853 
0.004892 0.009380 -0.001606 0.010456 
-0.014714 -0.002573 -0.002016 -0.014801 
0.004915 -0.014219 0.015031 0.000641 
0.029508 0.005162 0.015341 -0.025729 
-0.034967 -0.001685 -0.026807 -0.022515 
0.035982 0.023514 0.001570 -0.042955 
0.005477 0.000443 0.005322 0.001367 
0.002391 -0.007803 0.005094 -0.006376 
-0.013538 0.011993 -0.007788 -0.016323 
-0.004349 0.001447 -0.004489 0.000921 
-0.008219 -0.010949 0.005539 -0.012520 
-0.019897 0.021645 0.017779 0.023416 
0.016872 0.012096 -0.020691 0.001686 
0.018111 0.020558 0.010239 -0.025412 
-0.009664 -0.007006 -0.001635 -0.011824 
0.013728 0.001097 0.005590 0.012587 
0.025168 -0.024549 0.035088 -0.002210 
0.025563 -0.000862 -0.022120 -0.012841 
-0.021893 0.000203 0.019817 -0.009306 
0.006800 0.008535 -0.000011 0.010913 
-0.002242 -0.002490 -0.002079 -0.002627 
-0.024004 0.000226 0.023862 0.002615 
-0.044379 -0.012764 -0.045048 0.010155 
-0.010118 -0.026390 -0.023959 0.014993 
-0.038472 -0.007441 0.033475 -0.020369 
-0.032191 -0.029662 -0.024339 0.036383 
0.021299 -0.031302 0.024888 0.028531 
0.036670 0.019032 -0.031303 -0.026964 
0.047259 0.005724 0.044288 0.017456 
0.009759 -0.011953 0.013820 0.006865 
0.019089 -0.029249 0.032511 -0.012764 
-0.025847 0.004940 0.021904 0.014585 
0.027083 0.018815 0.029298 0.015137 
0.008477 0.018187 -0.019333 -0.005371 
0.008453 0.003109 0.006201 0.006531 
0.005781 0.010917 -0.004541 0.011488 
0.004641 0.005284 0.003001 0.006361 
0.002640 -0.013182 0.012625 -0.004618 
0.006297 -0.008199 0.009841 -0.003165 
-0.021982 0.006964 0.020862 -0.009824 
0.021429 -0.027270 0.032177 -0.012944 
-0.005546 0.024524 0.015368 -0.019900 
0.015034 0.025137 0.027001 -0.011350 
0.029894 -0.004447 0.009156 -0.028803 
0.030839 -0.017735 0.033353 0.012376 
0.022350 0.012181 -0.013258 -0.021728 
0.016537 -0.008999 0.001199 0.018789 
0.002829 0.006720 0.000711 0.007256 
0.044419 -0.006366 0.011294 -0.043429 
-0.049005 -0.017275 0.051731 -0.004877 
-0.028153 0.000111 0.006470 0.027400 
0.005369 -0.004244 0.006293 -0.002690 
0.008191 0.040512 0.001692 -0.041297 
-0.009859 -0.024912 -0.013838 0.022942 
-0.029536 -0.009624 -0.027136 0.015121 
-0.012078 0.002381 -0.009704 -0.007575 
0.005768 0.002554 0.005053 0.003777 
-0.014363 0.022331 0.026244 -0.004028 
0.031873 0.026528 -0.022461 -0.034859 
-0.027986 0.016024 -0.019559 0.025641 
-0.002623 -0.018152 0.018015 0.003444 
0.016632 0.009266 -0.015899 0.010474 
-0.005103 0.013081 -0.013993 0.001169 
-0.007518 0.004284 -0.008614 0.000815 
-0.002625 0.031043 0.020252 0.023673 
0.003363 0.002513 0.003096 0.002835 
0.014782 -0.021238 -0.024594 0.008044 
-0.001683 -0.000086 -0.001682 -0.000113 
0.041603 0.010300 -0.015110 -0.040107 
-0.048200 -0.024519 0.014042 0.052223 
0.018573 0.010405 -0.021241 0.001422 
-0.002587 -0.018407 0.018036 0.004496 
0.019227 0.018252 0.000617 -0.026503 
0.034094 0.023177 -0.029082 -0.029220 
0.002766 0.007492 -0.000058 0.007986 
-0.015826 0.009848 -0.003002 -0.018396 
0.029042 0.004713 0.009978 -0.027678 
0.001476 -0.006645 0.003147 -0.006036 
-0.017700 0.022871 0.022522 0.018142 
-0.011110 -0.007982 0.001515 -0.013596 
-0.016193 -0.003201 0.002724 -0.016280 
-0.017016 0.021907 0.026489 0.008233 
-0.032073 0.013289 -0.034362 -0.004952 
-0.001107 -0.000480 -0.001103 -0.000489 
0.004644 -0.000098 0.004621 0.000468 
0.003427 -0.012549 0.012234 -0.004422 
-0.010749 -0.008030 0.001198 -0.013364 
0.000598 -0.025238 -0.011830 0.022301 
-0.015037 0.034110 -0.033991 -0.015303 
-0.029255 0.028209 0.026889 -0.030472 
-0.037861 -0.020338 0.002239 0.042920 
-0.012142 -0.010950 0.010224 -0.012760 
0.000970 -0.004404 0.001469 -0.004263 
-0.010050 -0.033499 0.011845 -0.032906 
-0.042197 0.010489 0.022456 0.037234 
0.031741 0.002698 0.028586 -0.014058 
0.023994 -0.005717 -0.024611 -0.001643 
-0.017502 -0.001183 0.004130 -0.017049 
-0.011456 0.026185 0.027115 0.009035 
0.031207 -0.000186 0.022206 -0.021927 
-0.015049 0.015716 0.006448 -0.020782 
-0.014964 0.034709 -0.030411 -0.022446 
0.037963 0.012874 -0.040085 0.000262 
-0.015650 0.050343 0.016475 -0.050079 
0.050899 0.001301 -0.026842 0.043266 
-0.030121 -0.000337 -0.012625 0.027349 
0.010150 -0.026439 -0.027800 -0.005403 
0.031292 0.025147 -0.037430 -0.014510 
0.005377 -0.021522 0.002491 0.022044 
0.023605 -0.021671 0.011120 -0.030053 
-0.025417 0.014124 0.012275 0.026360 
-0.007103 0.040873 0.019315 -0.036714 
-0.005693 0.018671 -0.012424 -0.015056 
-0.001509 0.006657 -0.003192 0.006034 
0.020938 0.016987 0.002208 -0.026871 
0.035047 0.020550 -0.036689 -0.017451 
0.022513 0.003821 -0.022829 0.000534 
-0.021691 -0.019318 -0.020599 0.020478 
-0.006075 0.044963 0.032083 0.032082 
0.013169 -0.007762 0.010766 0.010852 
-0.034725 -0.020951 0.036968 0.016679 
0.008114 -0.007092 0.010756 -0.000660 
-0.004273 -0.020523 0.015894 0.013670 
-0.029915 -0.016405 -0.023671 -0.024570 
-0.005553 0.005923 -0.007329 0.003493 
-0.008001 0.004234 -0.009050 0.000209 
-0.011780 -0.022499 -0.000636 0.025388 
0.033304 0.031238 0.045654 -0.000783 
0.038011 0.034863 -0.051391 -0.004382 
-0.048238 0.039592 0.049870 -0.037515 
-0.030449 0.040193 -0.031477 -0.039393 
-0.036627 0.044053 -0.023015 0.052464 
0.004375 0.035046 -0.021372 0.028118 
-0.026444 -0.005407 0.010235 0.024976 
0.008844 -0.025524 -0.026170 0.006695 
-0.019288 0.005505 0.008317 -0.018253 
-0.000073 -0.036689 0.035635 -0.008730 
0.000302 -0.027562 -0.025357 0.010808 
-0.016280 0.020711 0.026155 -0.003147 
-0.022741 0.003241 0.021960 -0.006740 
-0.025305 0.022772 -0.030517 0.015087 
0.025043 0.014644 0.015850 -0.024297 
0.004236 0.016653 -0.016993 0.002556 
-0.016239 0.005187 -0.003984 -0.016575 
-0.008537 0.016201 -0.012607 -0.013282 
0.005842 -0.005095 0.007206 -0.002856 
0.012399 -0.013405 0.008893 0.015949 
-0.010248 0.021214 0.010221 -0.021227 
-0.006828 0.021941 0.003380 -0.022729 
-0.024222 0.029962 -0.013080 -0.036240 
-0.013778 -0.010141 0.011274 -0.012867 
-0.035278 0.006418 -0.024691 -0.026002 
-0.025260 0.030583 0.006612 -0.039111 
-0.027785 -0.021009 -0.011667 -0.032822 
-0.037978 0.000677 0.010894 -0.036388 
-0.012558 0.032842 -0.030952 0.016681 
0.007307 0.023883 0.002262 -0.024873 
0.005196 0.004783 0.003659 0.006040 
-0.006464 -0.021949 0.010279 0.020442 
0.019661 0.042119 0.032676 0.033057 
-0.008695 0.000175 -0.007984 -0.003448 
0.034903 0.018713 -0.039535 0.002334 
0.008832 -0.016831 0.010955 0.015533 
0.003382 -0.021152 0.008086 0.019836 
-0.007597 0.000108 -0.007230 -0.002335 
0.027899 -0.021777 0.035042 0.004966 
0.035796 -0.027235 -0.008925 -0.044085 
0.015770 0.004501 -0.003722 0.015972 
0.024616 -0.033604 -0.035594 0.021639 
-0.005219 0.008325 -0.008783 0.004403 
-0.003884 -0.007121 -0.001028 -0.008046 
0.021945 0.002176 -0.021122 0.006336 
-0.019531 0.044782 -0.047664 0.010727 
-0.012965 -0.011631 0.013390 -0.011140 
-0.009346 0.020650 0.004281 -0.022258 
0.017006 -0.018859 -0.024022 0.008235 
-0.017102 -0.022069 -0.015981 0.022894 
0.001181 -0.014638 0.014154 -0.003918 
0.007516 -0.014068 0.014932 0.005605 
0.001563 -0.030548 -0.024675 -0.018077 
-0.045244 -0.011297 -0.046625 0.000858 
-0.016059 -0.001291 -0.000355 -0.016107 
0.030352 -0.026214 -0.020395 0.034532 
0.008336 0.048133 -0.033755 0.035311 
0.026057 0.017409 0.031040 -0.004312 
0.016796 -0.032760 0.035301 0.010450 
-0.004180 0.001468 -0.004317 0.000995 
-0.006973 -0.005980 -0.003446 -0.008516 
0.001742 -0.015390 0.015410 -0.001560 
0.001851 -0.008047 0.004743 -0.006759 
0.014800 -0.015563 -0.004860 0.020920 
0.009262 -0.009303 0.012897 0.002444 
-0.009284 -0.016961 0.019317 0.000842 
-0.003599 -0.007475 -0.000492 -0.008282 
0.014085 -0.006918 0.009298 0.012640 
-0.042446 -0.017597 -0.044754 0.010408 
-0.026140 -0.012745 -0.014609 0.025146 
-0.026955 0.025520 -0.027056 -0.025412 
-0.013443 -0.011786 0.014617 -0.010293 
0.021304 0.012147 -0.017449 -0.017232 
-0.015627 -0.043360 -0.035919 -0.028882 
0.026388 -0.029111 -0.001805 0.039250 
0.015835 0.019558 -0.005966 -0.024447 
-0.030201 -0.006773 -0.024778 0.018548 
-0.022810 -0.018225 -0.020628 0.020662 
-0.002944 -0.008493 0.001107 -0.008920 
-0.027306 0.016348 -0.014662 0.028247 
-0.040189 -0.016647 -0.004481 0.043269 
-0.001331 0.032704 0.005902 0.032194 
-0.045016 -0.011753 -0.046429 0.002995 
0.002582 -0.001673 0.002668 -0.001533 
-0.002103 0.009980 -0.007289 0.007134 
0.023746 0.006439 -0.021001 -0.012818 
0.014190 0.024155 0.019448 -0.020163 
0.011309 -0.007998 0.012350 0.006273 
0.003463 0.028913 0.029102 -0.000997 
0.028450 -0.021934 0.033605 0.012697 
-0.011710 0.012025 -0.011752 -0.011984 
0.028273 0.022546 -0.007814 0.035308 
0.012413 -0.038733 -0.009863 0.039459 
0.014618 0.022055 0.006137 -0.025738 
0.028098 -0.004051 -0.008283 -0.027153 
-0.038939 0.006007 0.027581 -0.028135 
0.031134 0.040715 -0.051118 -0.003737 
0.015636 0.027410 0.029027 0.012379 
-0.025156 0.020855 -0.019417 0.026281 
-0.015911 -0.001208 -0.000869 -0.015933 
-0.009907 0.006591 -0.011627 -0.002527 
0.044308 -0.012668 0.031107 -0.034000 
-0.019383 -0.006154 0.017903 -0.009647 
0.021619 -0.035897 -0.036387 0.020783 
0.001023 0.018593 -0.017580 -0.006138 
0.012210 -0.004645 0.010767 0.007399 
-0.019621 -0.023950 -0.030952 -0.000766 
-0.011644 0.031787 -0.017742 0.028831 
0.011656 -0.010939 0.012308 0.010199 
-0.018913 -0.003575 0.012577 -0.014570 
0.008691 0.015106 -0.016219 0.006376 
-0.006995 0.016278 -0.014511 -0.010166 
-0.027872 -0.019792 -0.020001 -0.027723 
-0.031360 0.036293 -0.044021 0.019048 
0.012214 0.041555 0.034014 -0.026815 
-0.023926 -0.020004 -0.031076 0.002621 
-0.025468 -0.005643 0.015672 0.020853 
-0.004689 0.008312 -0.008176 0.004922 
-0.042072 0.010362 0.025006 0.035386 
-0.019572 0.030423 -0.035909 -0.004372 
-0.027508 -0.017585 -0.031029 -0.010154 
-0.007117 -0.000191 -0.006773 -0.002197 
-0.019391 0.010111 0.013309 -0.017352 
0.022429 -0.014621 -0.025274 -0.008834 
0.001702 -0.021401 0.009425 0.019289 
-0.006556 0.011512 -0.013224 0.000796 
0.025359 -0.017373 0.001014 -0.030723 
0.009067 0.021488 -0.010426 -0.020862 
0.025522 0.018934 0.031704 0.002180 
0.030338 -0.001633 0.013381 -0.027276 
0.026796 -0.002044 -0.017364 -0.020511 
-0.005049 0.012352 -0.013140 0.002327 
-0.001610 0.015413 -0.015406 0.001672 
-0.001623 -0.025058 -0.008869 0.023492 
0.013472 0.007573 -0.004458 0.014798 
0.015182 0.042085 0.044733 -0.000777 
0.045796 0.002438 0.037492 -0.026411 
0.022597 -0.018603 -0.015405 -0.024887 
-0.037440 0.008697 0.010492 -0.036978 
-0.019344 -0.056103 0.040158 -0.043693 
-0.003016 0.006074 -0.004478 0.005094 
-0.009301 -0.013331 0.012586 -0.010286 
-0.008311 0.031966 -0.004711 0.032691 
0.015400 -0.024244 -0.024915 -0.014289 
0.003101 -0.027456 -0.026551 0.007649 
0.023446 0.010391 -0.013932 -0.021531 
-0.008081 -0.002195 -0.006605 -0.005147 
-0.016387 0.020043 0.025177 -0.006028 
0.000315 -0.008591 0.003776 -0.007723 
0.004896 -0.013171 0.013984 -0.001373 
-0.005830 -0.008423 -0.000120 -0.010243 
0.008770 0.018284 -0.019321 -0.006157 
0.013804 -0.019580 -0.015792 0.018016 
-0.019123 -0.011432 0.021810 0.004549 
-0.006550 0.004522 -0.007720 0.001937 
0.018096 -0.022297 -0.023120 -0.017033 
-0.010225 -0.016110 0.019026 -0.001456 
-0.031109 -0.023379 0.038039 -0.008210 
0.008774 0.040120 -0.004013 -0.040872 
0.015682 0.026219 0.030538 0.000894 
0.032196 0.036286 -0.001055 0.048499 
-0.008219 -0.003105 -0.006134 -0.006290 
-0.009522 0.000926 -0.008732 -0.003909 
0.016031 0.008314 -0.012346 0.013180 
0.023270 0.018038 0.022146 -0.019401 
0.010984 -0.030204 -0.002905 -0.032007 
0.017468 -0.033820 0.025957 0.027842 
0.016019 -0.030637 0.028339 -0.019802 
-0.027544 -0.009707 -0.012752 0.026274 
0.032964 -0.010401 0.034062 0.005877 
0.025990 0.015152 0.024221 -0.017843 
-0.000881 0.001248 -0.000897 0.001236 
-0.017621 0.008759 0.003110 -0.019431 
-0.002414 0.038550 -0.030762 -0.023359 
0.028023 0.024079 -0.020219 0.030924 
-0.010072 0.012009 -0.013625 -0.007747 
0.026004 0.008776 -0.003435 -0.027229 
0.004695 0.007370 0.001177 0.008659 
-0.010332 0.005839 -0.011397 -0.003308 
-0.002586 0.015762 -0.015963 -0.000563 
0.002786 0.003758 0.002300 0.004074 
-0.012708 0.039955 0.030904 -0.028335 
-0.002742 -0.015275 0.014379 -0.005839 
-0.017420 0.024869 0.013375 0.027258 
-0.005793 -0.017864 0.018665 0.002081 
0.000753 0.014458 -0.013117 0.006127 
0.006400 0.013260 -0.010322 0.010500 
0.011215 -0.035839 0.034168 0.015580 
-0.019475 0.009383 0.012634 -0.017541 
-0.018016 -0.003027 0.008498 -0.016171 
0.002207 -0.015162 0.015248 -0.001500 
0.019911 -0.009560 -0.014921 0.016286 
0.013586 0.003028 0.003516 0.013468 
-0.012581 -0.045257 -0.016294 -0.044056 
0.001697 0.034139 -0.009351 0.032877 
0.015996 0.025677 0.030125 -0.002771 
0.021903 -0.048222 -0.029408 0.044048 
0.008171 -0.025261 -0.024333 0.010621 
0.011431 0.002834 0.006086 0.010083 
0.015606 0.003026 -0.000803 0.015877 
0.001548 -0.005924 0.002761 -0.005465 
0.023992 -0.000239 -0.023860 -0.002525 
-0.036429 -0.007481 0.006419 -0.036631 
-0.017691 0.037932 0.033375 -0.025258 
0.003902 0.025913 0.014670 -0.021714 
-0.007028 0.008075 -0.010478 0.002193 
0.009685 0.021135 -0.011417 -0.020252 
0.012077 0.002829 0.005620 0.011058 
-0.016979 0.020453 0.026576 -0.000575 
0.012691 -0.012488 0.009377 0.015135 
-0.044995 -0.011882 -0.046467 0.002568 
-0.021351 -0.016728 -0.003098 0.026946 
-0.023121 -0.003095 0.023270 0.001636 
0.005733 0.009372 -0.001467 0.010888 
-0.014870 0.017504 0.011948 -0.019615 
0.014487 0.039193 0.004134 -0.041579 
0.016895 -0.045798 0.046606 -0.014520 
0.014024 -0.039831 -0.035594 0.022723 
-0.002492 0.018089 -0.016422 -0.007984 
-0.004885 -0.005953 -0.002653 -0.007229 
-0.009814 -0.008051 0.000354 -0.012689 
0.020810 0.049263 0.003883 -0.053337 
0.016496 0.030053 0.004641 0.033967 
-0.000410 -0.020233 0.015134 0.013436 
0.002549 0.027841 0.025949 -0.010406 
-0.037166 -0.041429 -0.049252 0.025921 
-0.012750 -0.008397 0.004951 -0.014442 
0.063474 0.007068 -0.023350 -0.059444 
-0.019019 0.015131 0.021649 -0.011045 
0.001628 -0.021568 0.008807 0.019755 
0.002666 0.011644 -0.006568 0.009977 
-0.009193 0.012801 -0.014141 -0.006957 
0.000645 -0.002372 0.000726 -0.002349 
0.026879 -0.023004 0.035234 0.003193 
-0.047805 -0.020506 0.052017 0.000308 
0.021784 0.022683 0.031230 0.003710 
-0.002508 0.012956 -0.012183 0.005070 
-0.017580 0.048327 -0.019886 -0.047425 
-0.005043 0.008831 -0.009081 0.004577 
-0.034929 -0.007517 -0.014566 -0.032624 
0.013864 0.010677 -0.012770 0.011964 
0.019806 -0.035063 -0.010533 0.038869 
0.006569 0.026443 0.019831 -0.018685 
-0.000296 0.047663 -0.013777 0.045630 
-0.019283 -0.015520 0.013320 0.020864 
-0.030443 -0.024612 0.039040 -0.002904 
0.005183 0.009571 -0.001884 0.010720 
0.003070 -0.000754 0.003107 -0.000580 
-0.016327 0.024658 0.020163 0.021634 
0.021208 0.007244 -0.022401 -0.000651 
0.003478 0.053887 0.035809 -0.040418 
-0.028057 0.013143 -0.008580 0.029771 
-0.020119 0.037274 0.039793 -0.014516 
0.000422 0.013149 -0.010679 0.007683 
-0.020605 0.008448 0.016671 -0.014765 
-0.032908 -0.017566 0.018176 -0.032575 
-0.017229 -0.002132 0.004419 -0.016788 
-0.028375 0.031960 0.042649 0.002773 
0.046324 0.023157 -0.051665 0.003594 
-0.015779 0.012265 0.000564 -0.019977 
-0.016236 -0.027226 -0.028746 -0.013361 
0.022064 0.026400 0.009575 0.033047 
-0.033523 0.009019 -0.033436 -0.009338 
0.018486 -0.024885 -0.006379 -0.030337 
-0.007065 0.025571 0.023759 -0.011802 
-0.004886 -0.015805 0.015690 -0.005241 
-0.038774 0.002745 0.022701 -0.031553 
0.024235 -0.011383 -0.023808 -0.012249 
0.020554 -0.041686 0.005253 -0.046180 
-0.009159 0.024758 0.024150 -0.010658 
0.037552 0.027717 0.043097 0.017917 
-0.001462 -0.029559 -0.029042 -0.005692 
0.019759 0.001291 -0.012950 0.014980 
0.012989 -0.000251 0.007709 0.010457 
0.013023 0.027638 0.030301 0.003916 
0.022128 -0.048939 -0.046247 0.027312 
0.013257 -0.002461 0.008949 0.010085 
-0.005236 -0.021228 0.013730 0.017015 
-0.006579 -0.006822 -0.002427 -0.009162 
-0.025337 -0.005482 0.016648 0.019871 
0.032666 0.029851 0.032463 -0.030073 
-0.035192 0.015655 0.004639 -0.038236 
0.001564 -0.014287 0.013759 -0.004153 
0.006576 0.004136 0.004811 0.006099 
0.006704 -0.002357 0.007097 -0.000371 
0.035756 -0.023947 -0.038506 -0.019216 
0.006689 0.024229 0.004088 -0.024800 
-0.005270 -0.005135 -0.003477 -0.006485 
-0.018951 0.011045 0.012807 -0.017807 
0.049632 -0.018146 -0.051082 0.013536 
0.012244 -0.033244 0.032625 -0.013808 
0.016508 0.006306 -0.009399 0.014964 
0.010316 0.015203 -0.017768 0.004674 
-0.012633 -0.020484 0.009755 0.022001 
0.016425 -0.005185 0.003389 0.016888 
0.004506 -0.011975 0.012280 -0.003594 
0.005423 -0.028257 -0.028400 -0.004615 
0.025978 -0.027659 0.018990 0.032853 
0.013861 -0.038825 -0.020961 0.035498 
0.018176 -0.042435 -0.004815 -0.045912 
0.011322 0.036231 -0.037958 0.000193 
0.012718 -0.003430 0.009919 0.008667 
-0.044708 -0.025038 0.048273 -0.017187 
0.017158 -0.038176 -0.033012 0.025729 
0.041741 0.018049 0.040795 -0.020096 
-0.017843 0.021913 0.024949 0.013269 
-0.008221 0.020790 0.001403 -0.022313 
-0.036784 0.018726 0.039925 -0.010475 
0.040984 0.034481 -0.018345 -0.050320 
0.026396 0.025666 -0.020376 0.030665 
0.038272 0.021635 0.019296 -0.039504 
-0.006476 0.031016 0.012262 0.029216 
0.020182 0.021937 0.027105 -0.012404 
-0.010081 -0.007444 -0.000580 -0.012518 
0.011229 -0.008147 0.012424 0.006174 
-0.006169 -0.031634 -0.018165 -0.026624 
-0.014975 0.031243 -0.028282 0.020012 
0.008742 0.006160 0.003261 0.010185 
0.018105 0.013700 -0.020707 -0.009311 
-0.022341 -0.032495 0.037156 0.013208 
-0.007792 0.038569 -0.017674 -0.035155 
-0.000712 0.001416 -0.000732 0.001406 
0.029153 -0.017447 0.032539 -0.009774 
0.031780 -0.041334 -0.016769 0.049368 
-0.049187 -0.031471 -0.031016 -0.049475 
-0.028327 0.003442 0.006404 0.027808 
-0.020604 -0.021094 -0.024878 0.015830 
-0.003887 0.004968 -0.004898 0.003975 
-0.025027 0.037116 0.026559 0.036037 
-0.002547 0.024521 0.009608 -0.022703 
0.027696 0.029235 -0.034059 -0.021488 
0.007766 0.029609 0.028936 0.009985 
0.003678 -0.010833 0.010022 -0.005516 
0.015920 -0.012634 -0.001934 0.020232 
0.017090 0.008481 -0.015510 0.011110 
0.021319 -0.008002 -0.019207 0.012231 
-0.014655 0.006788 -0.008147 -0.013945 
0.024847 -0.000553 -0.023506 -0.008070 
0.000209 0.024786 0.007938 -0.023481 
0.038286 -0.024039 0.000276 -0.045206 
0.030264 -0.022683 0.014877 0.034772 
-0.016042 0.016938 0.014955 -0.017905 
0.018138 0.022009 0.019874 -0.020455 
-0.025324 0.026869 -0.030160 -0.021299 
-0.001526 0.036640 -0.035914 0.007416 
0.014044 0.016676 -0.019920 -0.008861 
-0.030675 0.003659 -0.016621 0.026040 
0.016197 0.004134 -0.004299 0.016154 
0.013023 0.027751 0.030236 0.005050 
-0.019042 0.006681 0.007778 -0.018620 
0.000868 -0.005328 0.001730 -0.005113 
-0.044836 0.018526 -0.045455 -0.016950 
0.041311 0.012117 -0.009574 -0.041973 
-0.017458 0.007439 0.001211 -0.018938 
0.022236 0.001319 -0.021438 0.006049 
-0.012952 -0.013272 0.017094 -0.007191 
0.003984 0.028447 0.028243 -0.005236 
-0.014004 0.004382 -0.008948 -0.011630 
-0.024246 0.036016 0.041940 0.011228 
0.018709 -0.043683 0.027400 -0.038826 
0.014252 -0.005241 0.008805 0.012372 
-0.016420 0.008696 -0.001938 -0.018480 
-0.021063 0.018771 0.022729 0.016715 
0.000347 -0.002822 0.000475 -0.002803 
0.038627 -0.002360 -0.020498 0.032825 
-0.006423 0.012313 -0.013888 -0.000017 
0.002493 -0.001562 0.002566 -0.001438 
-0.005660 0.005093 -0.006999 0.002998 
-0.011828 -0.016598 0.020120 0.003251 
0.025201 -0.028004 0.023159 0.029715 
0.005912 0.011047 -0.004843 0.011556 
-0.004458 -0.006450 -0.001993 -0.007584 
-0.028574 -0.022478 0.010416 -0.034832 
-0.003266 0.012931 -0.012672 0.004158 
-0.003333 -0.028362 -0.027896 0.006108 
-0.004550 -0.024612 -0.005458 0.024427 
0.021108 0.000771 -0.017658 0.011591 
-0.021615 0.031317 -0.022376 -0.030777 
-0.017847 -0.018884 0.002057 0.025901 
0.004429 -0.000901 0.004503 -0.000385 
-0.042123 -0.031192 0.046663 0.023873 
-0.053608 -0.043241 0.050033 -0.047332 
-0.031897 -0.003814 -0.030435 0.010278 
-0.014782 -0.028887 -0.023249 -0.022638 
-0.029037 -0.028454 0.031063 0.026227 
0.009447 -0.003951 0.010042 0.002006 
0.010380 0.010466 -0.006385 0.013285 
0.020507 0.022924 0.030633 -0.002761 
-0.027430 -0.008294 -0.006463 0.027919 
-0.001669 -0.006398 -0.000051 -0.006612 
-0.028889 -0.015461 -0.031469 -0.009126 
-0.010304 -0.015515 0.018273 -0.003601 
-0.020613 -0.026100 -0.021267 -0.025570 
0.002513 0.030338 0.027438 0.013185 
0.019435 0.013432 -0.019216 -0.013742 
0.019327 -0.003571 -0.008228 0.017849 
-0.031704 0.015385 -0.033758 -0.010111 
0.031858 0.034981 0.028247 0.037957 
-0.007457 0.022070 0.005867 -0.022545 
-0.002202 -0.009516 0.003001 -0.009295 
-0.025714 -0.021849 -0.021941 -0.025635 
-0.009392 -0.001373 -0.007528 -0.005781 
0.033664 -0.004138 0.033738 0.003487 
0.016357 -0.034229 0.028160 0.025421 
0.006924 -0.005769 0.008764 -0.002100 
0.019091 -0.003355 -0.007209 0.017994 
0.006992 -0.027783 -0.028197 -0.005072 
-0.011164 0.017686 -0.002166 -0.020802 
0.016975 -0.042867 -0.007466 -0.045497 
0.000771 -0.034840 0.019956 -0.028569 
-0.012885 0.031986 -0.025383 0.023341 
0.044536 0.008827 0.034494 -0.029523 
-0.007361 -0.033012 -0.001029 -0.033807 
0.003535 0.014202 -0.012056 0.008298 
-0.037033 -0.003956 0.003719 -0.037057 
-0.022573 -0.029348 0.026989 -0.025346 
-0.042748 -0.024545 0.006456 -0.048869 
0.019369 0.009824 -0.021717 0.000081 
0.028539 0.027654 -0.038197 -0.010965 
-0.023284 0.009818 0.025204 0.001820 
0.015858 0.006801 -0.008556 0.014984 
0.024725 0.007211 -0.016111 -0.020093 
-0.003632 0.023305 0.003769 -0.023283 
0.023047 -0.015998 -0.021373 -0.018174 
-0.012018 0.017679 0.000872 -0.021359 
-0.007050 0.002912 -0.007613 0.000476 
-0.004341 -0.003828 -0.003542 -0.004577 
0.008684 0.027070 0.025595 -0.012373 
-0.047420 -0.005605 -0.042976 -0.020812 
-0.015617 0.038618 0.029214 -0.029696 
-0.023657 0.016894 0.015233 0.024759 
0.025563 0.029747 -0.038840 -0.005455 
0.027028 -0.046303 -0.047363 0.025124 
-0.013947 0.005232 -0.009301 -0.011635 
0.012752 -0.004207 0.010257 0.008667 
0.022115 0.014144 -0.006356 -0.025470 
0.027910 0.003821 -0.002433 -0.028065 
0.039911 0.024867 0.041233 0.022608 
-0.011295 -0.008450 0.002766 -0.013833 
0.023466 -0.006857 -0.024423 0.001086 
-0.031513 -0.006461 -0.031348 0.007218 
-0.026359 -0.001689 0.017043 0.020178 
0.016045 -0.014880 -0.008336 0.020233 
0.021660 -0.014589 -0.025914 -0.003235 
-0.035095 0.016769 0.009972 -0.037595 
0.047818 0.018487 -0.045728 0.023179 
-0.005955 0.029508 0.024611 0.017334 
0.001613 0.013634 -0.011158 0.008000 
-0.005130 0.010491 -0.010992 0.003943 
-0.002892 -0.002238 -0.002715 -0.002450 
-0.022338 0.001728 0.020816 -0.008286 
0.021297 0.001873 -0.019081 0.009642 
-0.007393 0.022816 0.009914 -0.021839 
0.026030 -0.023714 0.035212 -0.000242 
0.003979 -0.022264 0.001600 0.022560 
0.029736 0.005461 0.018071 -0.024238 
-0.021772 -0.017813 -0.012241 0.025327 
-0.015626 0.002075 -0.004613 -0.015073 
0.024384 -0.033381 -0.031712 0.026519 
-0.010548 -0.011974 0.010503 -0.012013 
0.021304 0.026489 0.013949 0.031000 
-0.005013 0.010771 -0.011213 0.003924 
-0.007664 0.004147 -0.008695 0.000578 
0.014657 0.017424 -0.017946 -0.014012 
0.009322 -0.012812 0.014065 0.007297 
-0.012611 -0.039877 -0.006876 0.041254 
-0.009071 -0.030539 -0.023508 -0.021501 
-0.002929 0.001878 -0.003051 0.001674 
-0.004576 -0.009404 0.001728 -0.010315 
0.010259 -0.013549 0.012873 0.011097 
0.017836 -0.000745 -0.003379 0.017529 
0.013632 -0.036585 0.016773 0.035256 
0.015515 -0.000113 0.003328 0.015154 
0.010809 -0.009535 0.012963 0.006303 
-0.002376 0.003231 -0.002660 0.003001 
-0.000973 -0.007793 0.001750 -0.007656 
-0.014973 0.014174 0.001569 -0.020558 
0.037454 0.007413 -0.021209 0.031748 
-0.030340 -0.051395 0.041512 -0.042879 
0.006838 -0.019779 0.006800 0.019792 
-0.022462 -0.033846 0.025379 0.031718 
-0.008685 -0.028557 -0.029832 -0.000981 
0.027018 0.002313 -0.012200 -0.024218 
-0.023638 -0.034560 0.004420 0.041637 
0.027587 -0.020644 0.033707 -0.007144 
-0.005615 -0.012224 0.007520 -0.011154 
-0.041254 -0.015636 -0.016311 0.040992 
0.010524 -0.007627 0.012302 0.004195 
0.009561 -0.006880 0.011626 0.001891 
-0.014367 -0.016823 0.019506 0.010438 
-0.030961 0.022569 -0.006815 -0.037703 
0.001487 0.028122 0.027076 -0.007742 
-0.014799 -0.015516 0.020673 0.005692 
-0.025601 -0.007068 0.011607 0.023888 
0.001190 -0.017015 0.016878 0.002465 
-0.007484 -0.000738 -0.006872 -0.003054 
0.019438 0.009952 -0.021828 -0.000648 
0.004749 -0.016819 0.015868 0.007323 
-0.016869 -0.010000 0.017818 -0.008189 
-0.040891 0.007010 0.041060 0.005940 
0.007703 -0.000193 0.007336 0.002357 
-0.015865 0.010808 -0.001607 -0.019130 
-0.027632 0.026254 -0.014647 -0.035189 
0.001288 0.004271 0.000800 0.004389 
0.014002 0.018222 -0.016627 -0.015864 
0.028858 0.009552 0.022533 -0.020403 
0.001533 0.025116 0.009325 -0.023371 
-0.006825 0.003079 -0.007444 0.000797 
0.018424 0.018152 -0.003858 -0.025575 
0.035203 0.019085 -0.039629 -0.005744 
-0.026612 -0.010318 -0.007520 0.027534 
-0.009473 0.010865 -0.013675 -0.004560 
-0.006379 0.014303 -0.015226 -0.003666 
0.014711 0.022944 0.012849 -0.024036 
0.003028 -0.035423 0.028980 -0.020593 
-0.030402 -0.020136 0.009174 -0.035293 
0.031137 -0.010631 0.029068 -0.015414 
0.014197 -0.027776 -0.009378 -0.029751 
0.040004 -0.010697 -0.041404 -0.000631 
-0.007224 0.000783 -0.007134 -0.001377 
-0.017094 0.037953 0.029884 -0.028974 
-0.006314 -0.009507 0.001712 -0.011283 
0.010454 0.017312 -0.019821 -0.004017 
-0.019672 -0.014526 0.015625 0.018811 
-0.018366 -0.022810 -0.025145 0.015011 
0.026604 0.008946 0.001940 -0.028001 
0.007298 0.008895 -0.000712 0.011484 
-0.000057 -0.024002 -0.002765 0.023842 
-0.010701 0.033131 -0.026994 0.021988 
0.039201 0.032057 -0.044094 0.024902 
0.035465 0.020400 -0.034495 -0.022000 
-0.001401 -0.023609 0.000861 0.023634 
0.014061 0.013969 -0.019636 0.002703 
-0.001042 -0.032239 -0.013420 -0.029331 
-0.008441 0.033536 -0.023053 0.025778 
0.009451 -0.004412 0.010264 0.001854 
-0.007604 0.000930 -0.007491 -0.001599 
0.016802 -0.006783 0.001756 0.018034 
0.025254 -0.017068 -0.001531 -0.030442 
-0.024566 0.001154 0.023927 0.005686 
0.007441 0.001133 0.006705 0.003419 
0.018275 0.019328 0.002764 -0.026456 
0.009703 -0.014465 0.012904 0.011700 
0.003009 0.015235 -0.014295 0.006067 
-0.019844 -0.005695 0.018584 -0.008992 
-0.012465 0.002040 -0.009324 -0.008521 
0.015381 0.005945 -0.005444 0.015565 
0.004285 -0.013494 0.014040 -0.001825 
0.018037 -0.027439 0.012744 -0.030262 
0.005422 -0.022069 -0.000480 0.022720 
-0.036392 0.007226 -0.009591 -0.035842 
-0.023233 -0.042918 0.019578 -0.044704 
0.010475 0.015253 -0.017992 0.004318 
0.028578 -0.005027 -0.003557 -0.028798 
-0.013563 0.018567 0.010625 -0.020391 
0.000237 0.012250 -0.009042 0.008269 
0.012056 -0.047004 0.041010 -0.025940 
0.006117 0.015944 -0.016377 0.004838 
-0.003670 -0.008228 0.000358 -0.009002 
0.028176 -0.020897 0.035050 0.001429 
-0.039546 -0.020926 -0.032606 0.030637 
-0.020358 0.052483 0.029460 0.047969 
0.001862 -0.031585 -0.016818 -0.026801 
-0.030094 0.029767 0.042232 -0.002864 
-0.032978 0.009911 -0.034128 -0.004588 
0.012457 -0.017786 -0.002968 0.021511 
-0.002649 -0.001972 -0.002522 -0.002132 
-0.001611 0.014409 -0.013973 0.003870 
-0.012189 0.031848 -0.020947 0.026909 
-0.053002 -0.019189 -0.048769 0.028266 
-0.016825 0.008615 -0.000427 -0.018897 
0.002470 0.003434 0.002110 0.003666 
-0.040242 -0.023761 -0.044314 -0.014839 
0.000139 0.035161 -0.022856 0.026719 
-0.001875 0.020922 -0.011083 -0.017844 
-0.026366 -0.003984 0.013703 0.022875 
0.009916 -0.002391 0.009574 0.003517 
-0.025775 -0.006874 0.011021 0.024292 
0.021480 -0.000402 -0.018326 0.011212 
-0.007346 -0.012112 0.007882 -0.011770 
-0.009312 -0.008794 0.001458 -0.012725 
-0.028285 -0.003731 -0.000677 0.028521 
-0.000558 0.003432 -0.000791 0.003386 
-0.013983 0.018866 0.013569 -0.019165 
-0.009826 0.025861 0.027660 -0.000532 
0.015976 0.003292 -0.002241 0.016157 
-0.040320 0.023669 -0.034840 0.031178 
0.007100 -0.010562 0.012702 -0.000796 
0.020885 -0.012998 -0.023676 0.006674 
-0.014722 -0.018020 0.016083 0.016817 
-0.001436 -0.003515 -0.001145 -0.003621 
-0.009848 0.007349 -0.012010 -0.002600 
0.004970 -0.002241 0.005275 -0.001377 
0.016732 0.023369 0.022700 -0.017628 
-0.005298 -0.005986 -0.002838 -0.007473 
0.010395 0.023059 0.001377 -0.025256 
0.035132 0.007484 0.012126 0.033811 
0.001237 0.039422 -0.024024 -0.031281 
-0.003407 0.034265 -0.017231 0.029812 
-0.039196 0.013736 0.041533 -0.000092 
0.010746 0.015946 -0.019179 0.001380 
0.024940 0.020054 0.031436 0.005994 
-0.046203 0.007390 -0.044132 0.015546 
-0.034922 -0.009717 -0.005369 -0.035849 
0.016663 0.004282 -0.005988 0.016129 
0.012342 -0.025755 -0.026837 -0.009768 
-0.015136 0.046250 -0.044384 0.019956 
-0.044945 0.016982 -0.047623 -0.006361 
0.000648 -0.014596 0.013875 -0.004578 
-0.023229 0.036160 0.042964 0.001122 
-0.003093 -0.013497 0.010489 -0.009040 
-0.049909 -0.016956 0.049712 0.017527 
-0.015147 -0.022780 -0.013248 0.023934 
0.001290 -0.008350 0.004468 -0.007171 
0.021709 0.015663 -0.000887 -0.026755 
-0.017282 -0.035456 0.034716 0.018723 
-0.004823 0.050618 -0.042379 -0.028098 
-0.023560 0.012619 0.024534 0.010601 
-0.020670 -0.004740 0.019756 -0.007706 
-0.029642 0.042583 0.006761 -0.051442 
0.013418 0.010146 -0.010546 0.013105 
-0.000588 -0.018614 0.017430 0.006559 
-0.027334 0.007902 0.011435 0.026054 
0.048305 0.037064 -0.056920 0.021616 
0.033736 -0.044119 -0.037650 -0.040830 
-0.008471 0.035723 -0.036713 -0.000175 
-0.014038 0.027462 0.012824 0.028050 
-0.036493 -0.004845 -0.002005 -0.036759 
0.003475 -0.004961 0.004423 -0.004138 
-0.006472 0.000506 -0.006408 -0.001036 
-0.010999 0.004723 -0.011002 -0.004717 
0.020542 0.025403 0.026089 0.019662 
0.019250 0.016503 -0.009082 -0.023673 
0.021055 -0.023979 0.006296 -0.031284 
-0.014533 0.007669 -0.008288 -0.014189 
-0.000396 0.008421 -0.003660 0.007594 
-0.020379 0.008656 0.015899 -0.015409 
0.018085 0.033068 -0.035808 0.011763 
-0.012864 0.005369 -0.010626 -0.009022 
-0.021770 0.006362 0.019732 -0.011182 
-0.045393 -0.021265 0.024784 -0.043572 
-0.016941 0.009380 0.000872 -0.019345 
0.008780 0.010383 -0.004587 0.012800 
0.026965 0.031867 -0.011050 -0.040255 
0.002974 0.020795 -0.014878 -0.014830 
0.007496 -0.006014 0.009497 -0.001470 
0.007328 -0.004702 0.008619 -0.001229 
0.028163 -0.015490 0.018923 -0.025980 
-0.039387 -0.010209 0.039914 0.007905 
0.003127 -0.013480 0.013375 -0.003551 
-0.003435 0.014146 -0.014426 0.001942 
0.018115 -0.032851 0.030702 0.021557 
0.025169 -0.013921 -0.014719 -0.024711 
-0.023288 0.013492 0.024448 0.011254 
