-0.000422 0.005902 -0.001473 0.005731 
-0.011160 0.005784 -0.011871 -0.004134 
-0.005842 0.013215 -0.014402 0.001156 
-0.003446 0.009720 -0.008001 0.006506 
-0.004893 0.004747 -0.005879 0.003453 
0.001650 0.004213 0.001198 0.004363 
0.006441 -0.001432 0.006598 0.000035 
0.002271 -0.006965 0.004085 -0.006082 
-0.011416 0.003563 -0.010852 -0.005025 
-0.008674 -0.004284 -0.005702 -0.007815 
-0.003525 -0.009200 0.001313 -0.009764 
-0.001436 -0.007519 0.000863 -0.007606 
0.002877 -0.003127 0.003155 -0.002847 
0.004530 0.007451 0.001346 0.008615 
-0.002975 -0.002565 -0.002762 -0.002793 
0.000045 -0.004490 0.000510 -0.004462 
0.002919 -0.005241 0.003834 -0.004614 
0.003416 -0.011591 0.010409 -0.006136 
-0.003635 -0.011271 0.004719 -0.010862 
0.006860 -0.001309 0.006970 0.000436 
-0.003384 0.003155 -0.003711 0.002764 
-0.002307 -0.000691 -0.002285 -0.000760 
0.000662 -0.005151 0.001368 -0.005010 
-0.010144 -0.000947 -0.008248 -0.005980 
-0.000027 -0.002007 0.000014 -0.002007 
0.005927 -0.002300 0.006275 -0.001026 
-0.001778 0.006710 -0.003371 0.006068 
0.012478 -0.000652 0.009131 0.008530 
0.001100 -0.005991 0.002218 -0.005674 
-0.005083 0.003175 -0.005580 0.002186 
0.004532 -0.001073 0.004623 -0.000561 
-0.009421 -0.004550 -0.005535 -0.008878 
-0.003128 0.011252 -0.009655 0.006571 
-0.004279 0.001053 -0.004363 0.000621 
-0.006952 -0.001202 -0.006420 -0.002924 
-0.000975 -0.007134 0.000941 -0.007138 
-0.002963 -0.002500 -0.002761 -0.002722 
0.007143 0.010126 -0.002170 0.012201 
0.008769 0.004263 0.005736 0.007884 
0.007638 0.004199 0.005461 0.006794 
0.001985 0.010481 -0.004139 0.009831 
0.012703 0.004884 0.003373 0.013185 
0.004523 0.001852 0.004262 0.002393 
0.002358 -0.009953 0.007129 -0.007335 
0.002632 -0.003214 0.002907 -0.002968 
-0.002308 -0.008660 0.001366 -0.008858 
-0.006937 -0.001079 -0.006444 -0.002785 
-0.002719 -0.004150 -0.002172 -0.004461 
-0.003235 0.001500 -0.003327 0.001285 
0.007492 -0.001496 0.007600 0.000788 
-0.002491 0.004379 -0.003040 0.004017 
0.010420 -0.008368 0.012973 0.003211 
-0.000197 -0.007733 0.002156 -0.007429 
-0.007145 0.001129 -0.007187 -0.000813 
0.009194 -0.002240 0.009230 0.002083 
0.005269 -0.005125 0.006473 -0.003482 
-0.009836 -0.005242 -0.004765 -0.010076 
-0.005943 0.012296 -0.013481 0.002184 
-0.003821 -0.006821 -0.001522 -0.007669 
-0.009975 0.002283 -0.009733 -0.003159 
-0.006015 0.004762 -0.007162 0.002750 
0.002500 -0.001634 0.002572 -0.001517 
0.002840 -0.004859 0.003592 -0.004334 
0.004254 0.003052 0.003783 0.003620 
0.004110 0.005400 0.002727 0.006214 
0.005934 -0.005328 0.007333 -0.003137 
0.009200 0.001484 0.007655 0.005315 
-0.006570 -0.001104 -0.006149 -0.002563 
-0.002547 -0.007179 -0.000321 -0.007611 
0.003902 0.002507 0.003601 0.002923 
0.013181 -0.002327 0.009817 0.009098 
-0.015674 0.003970 -0.007369 -0.014392 
-0.002614 -0.005673 -0.001430 -0.006080 
0.000904 0.001937 0.000858 0.001958 
0.001991 -0.009214 0.005855 -0.007388 
-0.004404 -0.001060 -0.004267 -0.001519 
0.001597 0.009102 -0.002428 0.008916 
0.005864 0.005749 0.003558 0.007401 
-0.000037 0.005665 -0.000968 0.005582 
0.000365 -0.007774 0.002732 -0.007287 
-0.002639 0.000203 -0.002645 0.000108 
0.004942 0.001897 0.004618 0.002588 
0.008114 -0.001295 0.008070 0.001546 
-0.002204 -0.004053 -0.001747 -0.004270 
-0.000408 -0.000826 -0.000405 -0.000827 
0.000915 -0.004705 0.001464 -0.004564 
-0.003930 -0.011537 0.005150 -0.011046 
-0.004371 0.013233 -0.013496 0.003476 
-0.008213 0.009801 -0.012781 0.000404 
-0.002545 0.002968 -0.002770 0.002759 
0.003945 0.008682 -0.000396 0.009528 
0.005262 0.001975 0.004873 0.002801 
0.004957 -0.003524 0.005534 -0.002523 
-0.006478 0.006056 -0.008339 0.003015 
0.000061 0.002250 0.000002 0.002251 
0.000917 -0.000754 0.000923 -0.000748 
0.004816 0.000018 0.004780 0.000591 
0.002234 -0.002494 0.002374 -0.002361 
0.003376 -0.000550 0.003403 -0.000346 
-0.005658 -0.008985 0.000194 -0.010616 
-0.006330 0.009724 -0.011082 0.003437 
-0.003929 0.005602 -0.005152 0.004503 
-0.001861 -0.001117 -0.001833 -0.001161 
-0.004017 -0.003444 -0.003481 -0.003985 
-0.007808 0.000320 -0.007525 -0.002110 
0.001721 -0.001561 0.001764 -0.001512 
0.010137 0.000253 0.008623 0.005336 
0.001643 0.003709 0.001323 0.003834 
-0.003570 0.005970 -0.004931 0.004906 
-0.005955 -0.000002 -0.005855 -0.001083 
-0.004200 0.007058 -0.006351 0.005208 
-0.004322 0.000094 -0.004311 -0.000322 
-0.007649 0.004283 -0.008709 0.001005 
-0.006842 0.007699 -0.009844 0.003027 
0.008878 0.002922 0.006726 0.006491 
-0.002911 -0.015110 0.013180 -0.007942 
0.006171 -0.002568 0.006593 -0.001094 
0.013850 -0.003800 0.010069 0.010241 
-0.000390 -0.009639 0.004096 -0.008734 
-0.005522 -0.008210 -0.000872 -0.009855 
-0.005362 0.001543 -0.005540 0.000668 
-0.002669 0.003390 -0.002981 0.003119 
-0.002557 0.003869 -0.002969 0.003563 
0.004730 0.008843 -0.000265 0.010025 
-0.000966 -0.012792 0.008946 -0.009194 
0.001512 -0.000296 0.001515 -0.000277 
-0.002674 0.001461 -0.002741 0.001331 
-0.007669 -0.004256 -0.005434 -0.006884 
-0.000635 0.004100 -0.000995 0.004028 
0.009034 -0.001700 0.008909 0.002265 
0.000527 0.004324 0.000103 0.004355 
-0.006438 -0.003483 -0.005246 -0.005105 
-0.003816 -0.005700 -0.002338 -0.006449 
-0.004305 -0.002664 -0.003917 -0.003207 
-0.004673 0.000586 -0.004709 0.000050 
-0.008952 0.007649 -0.011775 -0.000078 
-0.005120 0.010460 -0.010645 0.004722 
0.005914 -0.008013 0.009075 -0.004102 
-0.000745 -0.011237 0.006234 -0.009379 
0.004415 -0.011929 0.011795 -0.004761 
-0.005943 0.000310 -0.005901 -0.000772 
-0.004805 0.001562 -0.004968 0.000919 
-0.005804 -0.003494 -0.004825 -0.004755 
-0.002410 0.005051 -0.003190 0.004599 
0.002737 0.007815 -0.000133 0.008280 
-0.004875 0.005955 -0.006437 0.004217 
0.001870 -0.008557 0.005018 -0.007179 
0.005699 -0.000518 0.005705 0.000445 
-0.000274 0.002378 -0.000344 0.002369 
-0.000986 -0.002444 -0.000898 -0.002477 
-0.002758 0.005458 -0.003751 0.004830 
-0.001036 0.004819 -0.001629 0.004652 
0.003027 0.005895 0.001629 0.006423 
-0.001695 -0.000303 -0.001690 -0.000329 
0.002600 0.006287 0.001043 0.006723 
-0.003706 0.006036 -0.005125 0.004890 
-0.008880 0.007163 -0.011408 0.000100 
-0.004504 -0.001662 -0.004276 -0.002183 
-0.000883 0.015870 -0.015529 0.003389 
-0.002733 0.009090 -0.006511 0.006908 
0.002887 0.002697 0.002662 0.002920 
-0.013461 -0.003431 -0.004475 -0.013150 
-0.006457 0.011891 -0.013416 0.001766 
0.002586 0.014874 -0.012712 0.008144 
0.012354 0.008758 -0.003397 0.014758 
0.002698 0.003247 0.002389 0.003480 
-0.001306 -0.012919 0.009013 -0.009348 
-0.001259 -0.001153 -0.001242 -0.001172 
0.001472 -0.000355 0.001476 -0.000337 
0.001651 -0.006618 0.003173 -0.006037 
-0.011223 -0.002320 -0.007303 -0.008832 
0.000288 -0.004606 0.000790 -0.004547 
-0.013856 -0.004844 -0.001838 -0.014562 
-0.010731 -0.001378 -0.008060 -0.007217 
0.001806 0.008628 -0.001695 0.008650 
0.017226 0.000235 0.000507 0.017221 
0.013927 0.005786 0.000097 0.015081 
0.014468 -0.005225 0.009903 0.011770 
0.010403 0.003936 0.006024 0.009350 
0.002423 0.011451 -0.005576 0.010291 
0.004181 -0.006682 0.006069 -0.005029 
-0.015682 0.004113 -0.007406 -0.014422 
-0.009652 -0.005178 -0.004871 -0.009811 
-0.014155 -0.001730 -0.005586 -0.013121 
-0.003234 0.011770 -0.010496 0.006231 
-0.000916 -0.002829 -0.000786 -0.002868 
-0.004028 -0.010458 0.003085 -0.010774 
-0.010261 -0.005863 -0.003862 -0.011169 
-0.014297 0.002171 -0.008695 -0.011555 
-0.003077 -0.000894 -0.003026 -0.001055 
0.002833 0.007756 -0.000006 0.008257 
0.002543 -0.006644 0.004168 -0.005765 
-0.003997 -0.000281 -0.003960 -0.000610 
-0.002189 0.002005 -0.002278 0.001904 
-0.000809 -0.003834 -0.000504 -0.003886 
-0.002096 0.012150 -0.010052 0.007139 
0.007137 0.001579 0.006440 0.003458 
0.003973 0.004079 0.003241 0.004682 
0.010980 0.004462 0.005281 0.010610 
0.008579 -0.007949 0.011685 -0.000506 
0.008527 -0.001701 0.008535 0.001661 
0.000247 -0.003250 0.000424 -0.003232 
-0.013081 -0.001162 -0.007356 -0.010878 
-0.002999 -0.002075 -0.002850 -0.002276 
-0.007421 0.005567 -0.009091 0.001849 
-0.000709 0.000404 -0.000710 0.000402 
-0.005540 0.003017 -0.006038 0.001827 
0.008781 0.005553 0.004531 0.009349 
0.005342 0.002815 0.004723 0.003762 
-0.002310 0.003982 -0.002730 0.003707 
0.007573 0.004237 0.005410 0.006786 
0.007613 0.000560 0.007108 0.002785 
0.002902 0.005546 0.001732 0.006015 
-0.002786 -0.003186 -0.002481 -0.003429 
-0.008400 -0.000428 -0.007697 -0.003392 
0.001070 0.004959 0.000406 0.005057 
0.007543 -0.006017 0.009467 -0.001861 
0.000106 -0.003743 0.000376 -0.003725 
-0.008334 0.003625 -0.009087 -0.000135 
0.007790 -0.007536 0.010693 -0.001771 
0.007495 -0.002271 0.007829 0.000168 
-0.004294 0.005307 -0.005433 0.004135 
0.008735 0.011786 -0.006642 0.013080 
0.005006 0.006045 0.002872 0.007304 
-0.007128 0.002770 -0.007629 0.000532 
-0.002027 0.002070 -0.002115 0.001980 
-0.003050 0.000333 -0.003062 0.000185 
-0.003405 0.002795 -0.003667 0.002441 
-0.001203 0.006226 -0.002457 0.005846 
0.001313 -0.007870 0.003777 -0.007029 
-0.004522 -0.000991 -0.004385 -0.001483 
-0.000579 0.002151 -0.000634 0.002135 
0.008893 -0.002205 0.008999 0.001722 
0.002116 -0.001776 0.002184 -0.001692 
-0.007760 0.003233 -0.008403 0.000261 
-0.005955 0.005876 -0.007644 0.003400 
-0.005360 -0.001620 -0.005030 -0.002461 
0.012312 0.007204 -0.000084 0.014264 
0.014669 0.000828 0.005767 0.013513 
-0.006117 0.003924 -0.006946 0.002137 
-0.006142 0.001650 -0.006350 0.000345 
0.011293 -0.010489 0.013712 0.007037 
0.006708 -0.004888 0.007988 -0.002255 
-0.000190 0.005454 -0.001020 0.005361 
0.010456 -0.005500 0.011492 0.002742 
0.002553 -0.000203 0.002558 -0.000116 
-0.000391 0.006323 -0.001680 0.006108 
0.004037 -0.002925 0.004377 -0.002386 
-0.005887 -0.004104 -0.004606 -0.005503 
-0.003034 0.003063 -0.003312 0.002759 
0.008674 -0.008022 0.011810 -0.000330 
-0.003661 -0.010161 0.002720 -0.010452 
-0.004674 -0.000196 -0.004622 -0.000720 
0.002583 0.013673 -0.010078 0.009595 
0.010675 0.005966 0.003513 0.011713 
0.011020 -0.003898 0.010926 0.004153 
0.009886 -0.001983 0.009554 0.003222 
0.005691 -0.014347 0.015426 0.000510 
0.000490 -0.008910 0.004000 -0.007977 
0.002920 -0.003083 0.003193 -0.002799 
-0.008151 0.006926 -0.010625 0.001232 
-0.008275 0.000197 -0.007834 -0.002673 
-0.011054 0.000656 -0.009312 -0.005993 
-0.007452 0.003062 -0.008044 0.000449 
-0.003078 -0.004761 -0.002252 -0.005202 
0.001643 -0.001167 0.001667 -0.001133 
0.002074 0.007735 -0.000546 0.007990 
0.009875 -0.004813 0.010832 0.001834 
0.000941 -0.006337 0.002249 -0.005999 
-0.001033 -0.008757 0.002460 -0.008468 
-0.009718 0.005507 -0.011081 -0.001412 
0.008862 0.002856 0.006762 0.006401 
-0.007180 -0.014127 0.011613 -0.010783 
-0.006061 -0.000870 -0.005782 -0.002017 
0.003970 0.003633 0.003386 0.004183 
0.006145 -0.000006 0.006030 0.001181 
0.000947 0.001284 0.000931 0.001296 
-0.005277 -0.008185 -0.000822 -0.009704 
-0.006743 0.010154 -0.011895 0.002659 
-0.001886 0.006646 -0.003446 0.005988 
0.007536 0.006500 0.003406 0.009351 
-0.009352 -0.009719 0.002286 -0.013293 
-0.012000 0.000296 -0.009048 -0.007888 
-0.013672 0.002939 -0.009795 -0.009980 
-0.017230 -0.003489 0.003831 -0.017157 
-0.008796 -0.008487 -0.000420 -0.012215 
0.001070 0.004693 0.000504 0.004787 
-0.008865 -0.001005 -0.007731 -0.004453 
-0.014111 -0.003407 -0.003581 -0.014067 
0.008113 -0.001766 0.008221 0.001164 
0.010295 0.002204 0.007474 0.007415 
0.005515 -0.003070 0.006025 -0.001883 
0.002848 -0.003608 0.003222 -0.003277 
0.002315 -0.001139 0.002352 -0.001059 
-0.008559 -0.006158 -0.003861 -0.009812 
0.002482 0.007779 -0.000280 0.008161 
0.011525 -0.003276 0.010726 0.005340 
-0.001810 0.002402 -0.001920 0.002315 
0.005663 0.010274 -0.002384 0.011486 
0.013790 -0.002787 0.009605 0.010280 
0.000462 0.006672 -0.001072 0.006601 
0.002235 0.004384 0.001673 0.004627 
0.004439 -0.008525 0.007849 -0.005548 
-0.011063 -0.003731 -0.006042 -0.009990 
-0.009853 0.006520 -0.011709 -0.001577 
-0.006193 0.002838 -0.006689 0.001292 
-0.000741 0.005914 -0.001804 0.005680 
0.012308 -0.001081 0.009464 0.007943 
0.000289 -0.007142 0.002135 -0.006821 
-0.007880 -0.008513 -0.000628 -0.011584 
-0.004928 0.002972 -0.005360 0.002093 
0.003629 0.004497 0.002807 0.005051 
0.009350 -0.006122 0.011154 0.000706 
-0.010598 -0.006782 -0.002335 -0.012364 
0.002627 0.001055 0.002581 0.001163 
0.002511 -0.006481 0.004029 -0.005664 
-0.003555 -0.011024 0.004282 -0.010763 
-0.002567 0.005592 -0.003601 0.004989 
-0.008244 0.002400 -0.008546 -0.000825 
0.009077 -0.007458 0.011746 0.000266 
-0.001934 -0.011206 0.005399 -0.010008 
0.002125 0.001375 0.002078 0.001445 
-0.003348 -0.000204 -0.003330 -0.000398 
0.004931 0.002135 0.004561 0.002841 
0.004887 0.001020 0.004716 0.001636 
-0.008915 -0.009118 0.000800 -0.012727 
-0.003740 0.012196 -0.011566 0.005383 
-0.004440 0.006356 -0.006164 0.004702 
-0.003618 0.011290 -0.010186 0.006067 
-0.003493 0.001514 -0.003596 0.001249 
-0.001359 -0.004523 -0.000832 -0.004649 
-0.000930 -0.011761 0.007022 -0.009481 
-0.003863 -0.010371 0.002993 -0.010654 
0.000420 -0.010352 0.005790 -0.008592 
-0.000056 0.002099 -0.000104 0.002097 
0.005651 0.001528 0.005295 0.002496 
0.006637 0.000834 0.006271 0.002327 
0.002214 -0.002144 0.002317 -0.002034 
0.013112 -0.005436 0.011351 0.008523 
0.016247 0.003340 -0.000795 0.016567 
0.011274 0.006190 0.002772 0.012559 
0.001541 -0.003463 0.001793 -0.003339 
-0.011247 -0.002419 -0.007213 -0.008962 
0.002466 0.007956 -0.000470 0.008316 
0.009254 0.000291 0.008243 0.004215 
-0.008857 -0.006439 -0.003497 -0.010376 
-0.007675 0.012271 -0.014442 -0.000961 
-0.000810 0.011043 -0.007170 0.008438 
0.011037 0.000500 0.008635 0.006892 
-0.010972 -0.008042 0.000194 -0.013602 
-0.010218 0.007937 -0.012677 -0.002586 
0.002042 0.001896 0.001965 0.001976 
-0.007451 -0.010537 0.003089 -0.012530 
-0.003592 -0.001289 -0.003485 -0.001554 
-0.007594 0.006028 -0.009527 0.001803 
0.002590 0.011362 -0.005328 0.010364 
0.000187 0.008921 -0.003383 0.008257 
0.007062 -0.010686 0.012679 -0.001818 
0.005526 -0.017550 0.016348 0.008442 
0.010996 -0.002592 0.010290 0.004663 
0.005305 -0.004682 0.006323 -0.003175 
-0.013966 -0.003326 -0.003914 -0.013813 
-0.017384 -0.000405 0.000152 -0.017388 
-0.014153 -0.006242 0.001177 -0.015424 
-0.013115 -0.004807 -0.002983 -0.013646 
0.004463 -0.000853 0.004528 -0.000375 
-0.003478 -0.003846 -0.002914 -0.004289 
0.003034 -0.000038 0.003032 0.000106 
0.011234 0.000620 0.008556 0.007306 
0.002968 -0.011426 0.009747 -0.006659 
-0.000085 -0.002793 0.000028 -0.002794 
-0.007078 0.001821 -0.007306 -0.000169 
0.004756 0.001700 0.004493 0.002308 
0.005583 -0.004274 0.006479 -0.002731 
0.008648 -0.002317 0.008852 0.001346 
0.008064 -0.000429 0.007755 0.002252 
0.006659 0.000060 0.006473 0.001565 
-0.001116 -0.006925 0.000655 -0.006984 
-0.006785 0.004526 -0.007911 0.001985 
0.001322 0.000388 0.001318 0.000401 
-0.001563 -0.008754 0.002030 -0.008658 
0.003599 0.001776 0.003439 0.002068 
0.006661 -0.007031 0.009163 -0.003135 
-0.001122 -0.015460 0.014237 -0.006130 
0.002801 -0.018075 0.017447 0.005492 
-0.004113 -0.015243 0.013449 -0.008270 
0.004688 -0.007461 0.007221 -0.005049 
0.009732 -0.004676 0.010673 0.001637 
0.009878 -0.002738 0.009878 0.002738 
0.010440 -0.000645 0.009172 0.005028 
0.005261 0.000721 0.005102 0.001475 
0.001507 -0.004214 0.001933 -0.004036 
0.002067 -0.001186 0.002101 -0.001125 
0.001488 0.000789 0.001476 0.000810 
-0.008064 -0.000947 -0.007289 -0.003578 
-0.002364 0.003089 -0.002597 0.002896 
0.000811 0.001975 0.000764 0.001994 
0.003891 -0.000348 0.003906 -0.000042 
0.000778 0.007086 -0.001081 0.007047 
0.001260 0.000839 0.001250 0.000854 
0.001750 -0.002139 0.001833 -0.002069 
-0.004202 -0.000049 -0.004180 -0.000430 
0.004600 -0.008053 0.007606 -0.005306 
-0.000952 -0.010022 0.004169 -0.009163 
0.003665 -0.010319 0.008961 -0.006294 
-0.007153 0.007045 -0.009705 0.002571 
0.010032 0.004610 0.005415 0.009621 
0.012637 -0.005374 0.011572 0.007393 
0.006688 0.001715 0.006071 0.003288 
0.001130 0.006300 -0.000214 0.006397 
0.006670 -0.003277 0.007322 -0.001275 
-0.006817 -0.007780 -0.001738 -0.010197 
0.001471 0.000009 0.001471 0.000025 
0.010589 -0.004227 0.010928 0.003252 
0.013066 -0.006332 0.011699 0.008599 
-0.004139 -0.015434 0.013878 -0.007920 
-0.008456 -0.010145 0.002662 -0.012936 
0.002025 -0.007431 0.004165 -0.006478 
-0.000770 -0.000880 -0.000763 -0.000885 
-0.001683 0.004309 -0.002147 0.004098 
0.003838 0.010964 -0.004068 0.010881 
-0.003211 -0.002683 -0.002956 -0.002961 
-0.009178 -0.006690 -0.003105 -0.010925 
-0.001629 -0.007279 0.000493 -0.007443 
0.004228 -0.000735 0.004278 -0.000332 
-0.003532 -0.005001 -0.002507 -0.005586 
-0.007033 0.007615 -0.009984 0.002786 
-0.011373 0.001817 -0.009970 -0.005766 
-0.009565 0.000658 -0.008814 -0.003773 
0.004015 -0.000386 0.004034 -0.000049 
-0.008417 -0.008383 -0.000725 -0.011857 
-0.002446 0.007114 -0.004386 0.006112 
0.001905 0.004094 0.001466 0.004271 
0.009838 -0.006358 0.011611 0.001547 
0.004450 -0.009906 0.009305 -0.005598 
0.003006 -0.010518 0.008529 -0.006849 
-0.000071 0.002723 -0.000175 0.002719 
-0.003569 0.001851 -0.003711 0.001548 
0.006843 0.001735 0.006179 0.003414 
-0.000555 -0.014313 0.012186 -0.007529 
-0.012212 -0.005916 -0.002323 -0.013369 
0.007367 -0.002144 0.007671 0.000152 
-0.002495 0.004010 -0.002938 0.003698 
-0.002431 0.001199 -0.002474 0.001106 
0.005457 -0.000039 0.005399 0.000794 
0.000057 -0.004225 0.000444 -0.004202 
-0.004372 -0.000051 -0.004345 -0.000480 
-0.000197 -0.008221 0.002619 -0.007795 
-0.005049 0.010307 -0.010397 0.004861 
-0.005603 0.005797 -0.007196 0.003636 
-0.002819 0.000963 -0.002860 0.000834 
0.007240 0.000063 0.006961 0.001990 
-0.008097 -0.006559 -0.003387 -0.009855 
-0.003223 -0.003533 -0.002786 -0.003887 
-0.008024 0.002239 -0.008301 -0.000708 
-0.004265 0.005172 -0.005337 0.004057 
0.002763 0.003898 0.002287 0.004195 
0.002469 -0.006645 0.004087 -0.005792 
0.001313 -0.004879 0.001941 -0.004665 
-0.009210 -0.003166 -0.006649 -0.007116 
-0.007495 0.000353 -0.007284 -0.001804 
-0.008006 -0.001458 -0.007058 -0.004051 
-0.001503 -0.004575 -0.000947 -0.004722 
-0.004080 -0.001108 -0.003961 -0.001478 
0.001065 -0.001351 0.001085 -0.001334 
-0.000631 -0.012413 0.008420 -0.009142 
-0.007456 0.010350 -0.012680 0.001388 
-0.000778 -0.010803 0.005493 -0.009335 
0.003009 0.002003 0.002867 0.002200 
0.006756 0.001082 0.006303 0.002662 
-0.010264 -0.006121 -0.003508 -0.011424 
-0.010462 0.009721 -0.013639 -0.004234 
-0.007331 -0.004048 -0.005429 -0.006377 
-0.003372 -0.004639 -0.002542 -0.005141 
-0.008889 0.008190 -0.012086 -0.000090 
0.006847 0.002311 0.005987 0.004046 
0.003682 -0.010586 0.009317 -0.006231 
-0.009517 -0.007624 -0.001581 -0.012092 
-0.010088 0.004859 -0.010982 -0.002186 
-0.001411 -0.000633 -0.001403 -0.000650 
0.003078 -0.000038 0.003076 0.000112 
-0.002018 -0.008298 0.001165 -0.008460 
-0.009983 0.002659 -0.009902 -0.002945 
-0.002655 -0.011456 0.005472 -0.010409 
-0.010219 -0.006823 -0.002501 -0.012031 
-0.013016 0.002264 -0.009878 -0.008774 
0.001945 -0.001779 0.002007 -0.001709 
0.001772 0.011970 -0.006898 0.009941 
-0.006381 0.001608 -0.006578 0.000158 
0.000527 0.001506 0.000507 0.001513 
0.005643 0.004430 0.004286 0.005753 
-0.001726 0.004507 -0.002253 0.004268 
0.003232 0.004455 0.002501 0.004903 
-0.002415 0.000961 -0.002447 0.000877 
0.008779 -0.009642 0.013028 0.000560 
-0.003225 -0.011022 0.004410 -0.010603 
0.007612 -0.006063 0.009565 -0.001792 
-0.002001 -0.014523 0.012087 -0.008296 
0.003527 -0.009755 0.008131 -0.006442 
0.010606 -0.003540 0.010609 0.003531 
0.008113 -0.003008 0.008649 0.000263 
0.006665 -0.006042 0.008539 -0.002829 
-0.000545 -0.007427 0.001569 -0.007280 
0.002723 -0.004004 0.003186 -0.003647 
0.002962 -0.002383 0.003131 -0.002156 
0.003874 -0.009468 0.008182 -0.006140 
-0.008174 0.006988 -0.010686 0.001203 
-0.009009 0.001050 -0.008645 -0.002745 
-0.003304 -0.011794 0.005862 -0.010754 
-0.010467 -0.004583 -0.005338 -0.010103 
-0.006370 0.008329 -0.009843 0.003614 
-0.003357 0.005676 -0.004533 0.004789 
-0.000526 0.011014 -0.006878 0.008619 
-0.009801 -0.003085 -0.006794 -0.007709 
-0.000946 -0.006091 0.000256 -0.006159 
-0.002879 -0.005357 -0.001814 -0.005805 
0.000979 0.013822 -0.011004 0.008421 
0.012310 0.004191 0.004730 0.012113 
0.011186 0.004878 0.004674 0.011272 
0.001766 0.003895 0.001392 0.004043 
-0.004230 -0.006153 -0.002315 -0.007099 
-0.005198 0.012920 -0.013676 0.002630 
-0.008599 0.012815 -0.014968 -0.003760 
-0.001592 -0.000972 -0.001575 -0.001001 
0.003122 0.007566 0.000380 0.008176 
0.005280 0.006096 0.002984 0.007493 
-0.006101 -0.003839 -0.004869 -0.005314 
-0.000695 -0.001727 -0.000664 -0.001739 
-0.003747 -0.010752 0.003711 -0.010764 
0.003145 0.002415 0.002940 0.002661 
0.000419 -0.006628 0.001900 -0.006364 
-0.008072 -0.002788 -0.006488 -0.005552 
-0.004653 0.001494 -0.004801 0.000912 
0.002586 -0.000234 0.002593 -0.000144 
-0.007751 0.002362 -0.008096 -0.000341 
-0.009876 0.007868 -0.012489 -0.001862 
0.003157 0.011056 -0.004503 0.010580 
0.000995 -0.002649 0.001103 -0.002605 
0.005507 -0.005146 0.006757 -0.003340 
0.004349 0.002600 0.003968 0.003150 
0.006842 -0.001123 0.006909 0.000587 
-0.003632 -0.011977 0.006128 -0.010912 
-0.000624 0.001272 -0.000638 0.001265 
0.000101 0.001737 0.000074 0.001739 
-0.001068 0.007491 -0.003197 0.006858 
0.003937 -0.001553 0.004063 -0.001183 
-0.007871 0.002192 -0.008150 -0.000589 
-0.000567 0.007168 -0.002432 0.006766 
0.002258 -0.007564 0.004528 -0.006466 
-0.010640 0.005349 -0.011496 -0.003109 
-0.003144 -0.000972 -0.003085 -0.001145 
-0.001264 -0.007038 0.000610 -0.007125 
0.007514 -0.001854 0.007722 0.000513 
0.000830 -0.009603 0.005156 -0.008144 
-0.008903 -0.001859 -0.007340 -0.005370 
-0.002530 0.008100 -0.005292 0.006633 
0.007398 0.002981 0.006046 0.005202 
0.005324 -0.004398 0.006233 -0.002972 
0.008054 -0.003115 0.008634 0.000127 
0.000631 0.001752 0.000600 0.001763 
-0.001712 -0.003569 -0.001419 -0.003696 
-0.005565 -0.006206 -0.003040 -0.007762 
0.000010 -0.004755 0.000562 -0.004721 
0.001561 0.003872 0.001208 0.003996 
0.004636 -0.005219 0.005787 -0.003905 
0.008990 -0.008205 0.012168 0.000277 
-0.015909 0.002918 -0.006382 -0.014862 
-0.007886 0.001091 -0.007820 -0.001494 
-0.007552 -0.001722 -0.006671 -0.003936 
-0.002380 -0.000713 -0.002356 -0.000789 
-0.004194 -0.005433 -0.002766 -0.006281 
-0.008811 0.002745 -0.009143 -0.001255 
0.005229 0.011368 -0.004581 0.011644 
0.004154 0.007300 0.001290 0.008300 
-0.002880 0.002276 -0.003031 0.002071 
0.001527 -0.003771 0.001843 -0.003628 
0.007515 -0.002853 0.008035 -0.000243 
0.002052 0.001973 0.001968 0.002056 
0.007624 0.002740 0.006285 0.005112 
0.003933 -0.004074 0.004550 -0.003373 
-0.005360 0.003980 -0.006124 0.002657 
0.009491 -0.006692 0.011576 0.000929 
-0.013388 -0.000828 -0.007384 -0.011198 
-0.014304 -0.004119 -0.002225 -0.014718 
0.005358 -0.002958 0.005826 -0.001876 
0.006349 -0.000861 0.006388 0.000490 
0.006396 0.002437 0.005629 0.003894 
0.009827 0.003719 0.006282 0.008423 
-0.001852 -0.000308 -0.001846 -0.000341 
-0.001958 0.001752 -0.002019 0.001682 
0.005340 -0.001395 0.005493 -0.000543 
0.001001 0.009328 -0.003183 0.008825 
-0.004594 -0.016467 0.016126 -0.005678 
0.008873 -0.001947 0.008887 0.001882 
0.007790 0.008587 0.000520 0.011582 
0.002206 0.007569 -0.000287 0.007879 
-0.006733 0.003724 -0.007540 0.001532 
0.014477 -0.004111 0.009484 0.011685 
0.008716 -0.009659 0.013002 0.000449 
0.006126 -0.008576 0.009792 -0.003898 
-0.007832 0.008247 -0.011253 0.001648 
-0.007532 0.001532 -0.007645 -0.000794 
-0.012536 0.001965 -0.009920 -0.007911 
0.003299 0.015255 -0.013467 0.007889 
-0.006813 0.002221 -0.007157 0.000364 
-0.010212 -0.000190 -0.008677 -0.005387 
-0.007549 0.004494 -0.008700 0.001224 
-0.011158 0.005054 -0.011519 -0.004166 
-0.001834 -0.002550 -0.001702 -0.002639 
0.000639 0.000434 0.000637 0.000436 
0.002975 -0.002961 0.003231 -0.002679 
-0.009830 0.001007 -0.009099 -0.003853 
-0.009117 0.006289 -0.011071 -0.000305 
-0.007451 0.008364 -0.010984 0.002195 
-0.009072 0.002457 -0.009229 -0.001777 
-0.002586 -0.001173 -0.002535 -0.001280 
-0.001412 0.008440 -0.004419 0.007328 
0.010094 0.004933 0.005054 0.010034 
0.012649 0.001016 0.007798 0.010011 
0.005696 -0.013124 0.014224 -0.001539 
0.007431 -0.009515 0.011923 -0.001894 
0.005313 -0.010219 0.010571 -0.004575 
0.003149 -0.008354 0.006220 -0.006405 
-0.005049 0.003270 -0.005568 0.002278 
0.001522 0.004725 0.000912 0.004879 
0.005831 0.010717 -0.003229 0.011765 
-0.004560 0.005866 -0.006021 0.004352 
0.001837 -0.004990 0.002542 -0.004671 
0.007889 -0.003860 0.008768 -0.000510 
0.004220 0.000685 0.004137 0.001078 
0.011787 -0.004414 0.011294 0.005555 
-0.001990 0.003524 -0.002280 0.003344 
-0.001569 -0.002321 -0.001474 -0.002383 
0.006175 0.009701 -0.001307 0.011425 
-0.001775 -0.001295 -0.001743 -0.001339 
-0.007965 -0.004755 -0.005158 -0.007710 
0.005326 -0.007453 0.007957 -0.004539 
-0.011763 -0.005705 -0.003102 -0.012700 
0.004707 -0.009463 0.009096 -0.005382 
-0.005160 -0.003773 -0.004259 -0.004767 
-0.013124 -0.003194 -0.005172 -0.012478 
0.002671 -0.002908 0.002896 -0.002684 
0.003089 0.000193 0.003076 0.000345 
-0.005026 0.003151 -0.005511 0.002194 
0.005257 -0.003762 0.005938 -0.002554 
-0.004489 -0.011153 0.004250 -0.011246 
-0.013701 0.004650 -0.010583 -0.009866 
0.002149 -0.001745 0.002216 -0.001659 
0.008228 0.004048 0.005772 0.007125 
0.001899 0.002053 0.001814 0.002128 
0.001532 0.006939 -0.000302 0.007100 
0.003513 -0.005624 0.004686 -0.004693 
-0.000350 -0.007468 0.001784 -0.007260 
-0.003818 0.007304 -0.006088 0.005554 
-0.000663 -0.004904 -0.000041 -0.004948 
0.004716 -0.007835 0.007556 -0.005153 
-0.004862 -0.011683 0.005274 -0.011503 
-0.013656 -0.001878 -0.006072 -0.012375 
0.006696 -0.002132 0.007017 -0.000380 
0.011532 -0.002878 0.010528 0.005515 
-0.000154 0.000707 -0.000156 0.000707 
-0.002946 0.002366 -0.003112 0.002144 
0.009086 -0.007919 0.012047 0.000372 
0.002393 -0.008144 0.005182 -0.006723 
-0.003543 -0.012906 0.008143 -0.010622 
-0.009216 0.010608 -0.013871 -0.002252 
-0.002504 0.011140 -0.008888 0.007168 
0.001310 0.001213 0.001290 0.001234 
-0.008338 -0.008694 -0.000212 -0.012044 
0.002816 0.001006 0.002767 0.001135 
0.004241 0.005646 0.002669 0.006537 
-0.003343 0.007335 -0.005565 0.005832 
0.006808 0.003804 0.005306 0.005716 
0.004100 0.008072 0.000435 0.009043 
0.005712 0.007139 0.002214 0.008871 
-0.001586 0.001033 -0.001605 0.001003 
-0.002100 -0.001829 -0.002026 -0.001911 
-0.001224 0.003824 -0.001537 0.003710 
0.000755 -0.004785 0.001325 -0.004659 
-0.003851 0.002107 -0.004041 0.001716 
0.003056 -0.013463 0.012888 -0.004949 
-0.008506 -0.009360 0.001082 -0.012601 
0.003234 -0.006203 0.004678 -0.005201 
0.004030 -0.009846 0.008783 -0.006005 
-0.007849 0.005816 -0.009664 0.001426 
-0.006486 0.004737 -0.007676 0.002364 
0.000761 -0.005762 0.001746 -0.005543 
-0.001905 -0.007640 0.000588 -0.007852 
-0.006574 0.007628 -0.009501 0.003335 
0.002811 0.011341 -0.005184 0.010471 
0.001066 0.014147 -0.011628 0.008128 
-0.003685 0.012055 -0.011317 0.005553 
-0.012300 0.004935 -0.011485 -0.006613 
0.002495 -0.003728 0.002867 -0.003450 
0.019378 0.001545 -0.008523 0.017472 
0.013597 0.005106 0.001822 0.014410 
-0.006959 0.001516 -0.007115 -0.000332 
0.001104 0.000462 0.001100 0.000470 
0.006353 0.004778 0.004493 0.006557 
0.001231 0.002249 0.001155 0.002289 
-0.003184 0.001712 -0.003292 0.001494 
-0.002734 -0.004839 -0.001934 -0.005211 
-0.005078 -0.003188 -0.004405 -0.004068 
-0.004588 0.002768 -0.004946 0.002062 
-0.002864 0.006420 -0.004387 0.005493 
-0.005772 -0.001010 -0.005505 -0.002009 
-0.006894 0.000155 -0.006726 -0.001520 
0.000869 0.014463 -0.012350 0.007577 
0.002174 0.010493 -0.004041 0.009924 
-0.007517 0.003974 -0.008447 0.000969 
-0.005771 -0.004368 -0.004399 -0.005747 
-0.008482 -0.000578 -0.007692 -0.003622 
0.007334 -0.002940 0.007887 -0.000473 
-0.007457 0.006563 -0.009707 0.002108 
0.005721 0.000693 0.005519 0.001656 
0.001831 -0.009278 0.005763 -0.007499 
0.004076 0.001994 0.003843 0.002414 
0.010592 -0.001750 0.009761 0.004471 
0.011567 -0.002711 0.010447 0.005657 
0.010753 -0.000901 0.009387 0.005322 
0.003293 0.003547 0.002842 0.003918 
0.010401 0.001317 0.008074 0.006687 
0.001373 -0.014339 0.013225 -0.005707 
0.003352 0.002090 0.003174 0.002352 
0.010221 0.007199 0.001902 0.012356 
-0.000161 0.003047 -0.000307 0.003036 
-0.003136 -0.007375 -0.000572 -0.007994 
-0.009206 0.005172 -0.010539 -0.000655 
-0.005380 -0.006293 -0.002874 -0.007764 
0.007329 -0.001369 0.007418 0.000755 
0.005917 -0.006758 0.008140 -0.003797 
0.005538 -0.001770 0.005761 -0.000784 
-0.007472 -0.001208 -0.006799 -0.003327 
-0.006579 -0.000501 -0.006303 -0.001950 
-0.003643 -0.002577 -0.003361 -0.002936 
0.006318 0.007154 0.002404 0.009236 
-0.010138 -0.008995 0.001359 -0.013485 
-0.009647 -0.003968 -0.006066 -0.008486 
-0.008674 -0.005897 -0.004157 -0.009630 
-0.004678 0.016383 -0.016693 -0.003411 
-0.003687 0.010662 -0.009420 0.006208 
-0.002177 0.000444 -0.002187 0.000389 
-0.002256 -0.001303 -0.002209 -0.001381 
0.004829 -0.000175 0.004815 0.000405 
-0.000539 -0.002500 -0.000455 -0.002517 
-0.002059 0.005407 -0.002955 0.004974 
-0.003460 0.003477 -0.003863 0.003023 
0.010890 0.004182 0.005630 0.010217 
-0.005275 -0.015830 0.014955 -0.007399 
0.001518 -0.002930 0.001680 -0.002841 
-0.000798 0.007246 -0.002726 0.006761 
0.002241 0.002307 0.002115 0.002423 
-0.005101 0.004320 -0.005952 0.003044 
-0.006613 0.009297 -0.010957 0.003181 
0.000954 0.006953 -0.000820 0.006970 
-0.001938 -0.003033 -0.001732 -0.003156 
0.004417 0.002485 0.004051 0.003046 
0.011505 -0.004280 0.011211 0.004999 
0.012886 0.003317 0.005274 0.012216 
-0.002457 0.009417 -0.006581 0.007169 
0.001573 -0.001867 0.001629 -0.001818 
-0.014642 -0.001496 -0.005102 -0.013805 
-0.011127 -0.002017 -0.007569 -0.008402 
-0.006594 -0.002970 -0.005566 -0.004616 
0.001445 -0.001172 0.001466 -0.001146 
0.001688 -0.004394 0.002177 -0.004173 
-0.002704 -0.001504 -0.002627 -0.001636 
-0.002270 0.006567 -0.003816 0.005807 
0.001566 0.006099 0.000297 0.006290 
0.008246 -0.001314 0.008182 0.001666 
0.001918 0.001531 0.001869 0.001590 
0.000860 -0.000410 0.000862 -0.000406 
-0.002596 0.000271 -0.002604 0.000180 
-0.000120 -0.005741 0.000851 -0.005678 
0.000142 0.013205 -0.010236 0.008344 
-0.005486 0.005198 -0.006757 0.003385 
0.001444 -0.007113 0.003297 -0.006466 
-0.007464 -0.008453 -0.000776 -0.011250 
0.009766 0.002083 0.007485 0.006609 
0.001364 0.002468 0.001262 0.002521 
0.007662 -0.003512 0.008411 -0.000540 
0.000391 -0.008165 0.003121 -0.007555 
-0.010300 0.001858 -0.009699 -0.003933 
-0.000952 -0.004360 -0.000501 -0.004435 
0.004544 -0.010365 0.009941 -0.005410 
-0.003801 0.000714 -0.003845 0.000419 
-0.002916 0.009496 -0.007167 0.006879 
0.002222 -0.007271 0.004256 -0.006300 
-0.013913 0.004112 -0.010149 -0.010367 
-0.002365 0.007730 -0.004783 0.006517 
-0.012512 0.001253 -0.009503 -0.008236 
-0.000419 -0.008414 0.002614 -0.008008 
-0.001154 -0.014317 0.011941 -0.007983 
-0.012135 -0.005234 -0.003456 -0.012756 
-0.016439 0.005123 -0.005854 -0.016193 
-0.007529 0.000132 -0.007249 -0.002040 
-0.004218 -0.007954 -0.000633 -0.008981 
-0.004398 -0.004497 -0.003398 -0.005293 
0.007307 -0.005858 0.009130 -0.002084 
-0.003578 0.004809 -0.004401 0.004069 
0.007777 -0.010713 0.013227 -0.000542 
0.005981 -0.002928 0.006488 -0.001499 
0.002332 0.003651 0.001969 0.003859 
0.005103 -0.001131 0.005211 -0.000405 
-0.004864 -0.001010 -0.004697 -0.001618 
0.002682 0.002329 0.002525 0.002498 
0.001970 -0.000316 0.001976 -0.000276 
0.002451 -0.005008 0.003217 -0.004553 
0.002701 0.000904 0.002661 0.001016 
-0.005235 -0.000361 -0.005132 -0.001097 
-0.005511 -0.001185 -0.005244 -0.002067 
0.004985 0.006764 0.002255 0.008094 
0.002352 -0.011330 0.009020 -0.007248 
-0.015009 0.002184 -0.007685 -0.013076 
-0.003867 -0.007609 -0.000812 -0.008497 
0.003145 0.002335 0.002951 0.002575 
0.010443 -0.003757 0.010639 0.003159 
0.006435 -0.009477 0.010947 -0.003374 
-0.001406 0.001722 -0.001450 0.001686 
-0.006359 0.001053 -0.006438 -0.000321 
0.002500 0.004546 0.001848 0.004847 
0.000024 -0.010479 0.005632 -0.008836 
-0.009821 -0.004041 -0.005996 -0.008765 
-0.007420 0.009036 -0.011504 0.002089 
-0.013155 0.005211 -0.011235 -0.008602 
-0.017966 -0.003086 0.005556 -0.017362 
-0.013773 -0.004776 -0.002081 -0.014428 
0.002353 -0.010980 0.008511 -0.007325 
0.000847 0.001435 0.000827 0.001447 
-0.002047 0.000068 -0.002048 0.000024 
0.008856 -0.005933 0.010659 -0.000058 
-0.009334 -0.007057 -0.002539 -0.011422 
0.011522 0.001051 0.008226 0.008136 
0.009810 -0.006259 0.011540 0.001497 
0.006819 -0.006763 0.009157 -0.002898 
0.002180 -0.001100 0.002213 -0.001032 
-0.004403 -0.000214 -0.004360 -0.000653 
-0.002755 0.012049 -0.010475 0.006562 
-0.004399 0.001900 -0.004592 0.001368 
0.001805 0.000545 0.001795 0.000578 
0.004523 -0.000163 0.004515 0.000314 
-0.003023 -0.002515 -0.002814 -0.002747 
-0.000184 0.001689 -0.000209 0.001686 
-0.002984 -0.009468 0.001991 -0.009726 
-0.001494 -0.010693 0.004804 -0.009669 
-0.010065 -0.004207 -0.005816 -0.009228 
-0.007815 0.007053 -0.010386 0.001716 
0.000478 0.004985 -0.000167 0.005005 
0.006369 -0.003855 0.007197 -0.001907 
-0.002432 -0.002318 -0.002293 -0.002455 
-0.000673 -0.001106 -0.000663 -0.001112 
0.000986 -0.007668 0.003262 -0.007010 
-0.005657 -0.001619 -0.005281 -0.002596 
-0.002594 0.010244 -0.007746 0.007188 
0.005574 -0.008497 0.009111 -0.004500 
-0.007089 -0.010228 0.002363 -0.012218 
0.004384 -0.002097 0.004606 -0.001550 
0.001283 0.000880 0.001272 0.000896 
-0.009755 0.006782 -0.011797 -0.001410 
-0.003403 0.009543 -0.007750 0.006526 
-0.001757 -0.004318 -0.001264 -0.004488 
-0.010056 0.000303 -0.008873 -0.004743 
0.001311 0.002432 0.001215 0.002482 
0.007496 -0.003512 0.008248 -0.000706 
-0.003892 -0.003838 -0.003258 -0.004389 
0.005614 0.011224 -0.004266 0.011802 
0.003651 0.007114 0.001156 0.007912 
0.010578 0.008213 -0.000168 0.013391 
0.010982 -0.004299 0.011108 0.003964 
0.008802 -0.002221 0.008936 0.001598 
0.011227 -0.000500 0.009240 0.006397 
0.010678 -0.000772 0.009303 0.005300 
0.003830 0.004680 0.002886 0.005314 
-0.002145 0.007139 -0.004072 0.006244 
-0.002106 0.002566 -0.002248 0.002442 
-0.002398 0.011786 -0.009751 0.007042 
0.001512 0.004011 0.001126 0.004136 
0.003043 0.007090 0.000763 0.007678 
0.009499 0.003101 0.006747 0.007371 
-0.000246 0.003974 -0.000569 0.003941 
0.004188 -0.001064 0.004271 -0.000658 
-0.007478 -0.005407 -0.004476 -0.008070 
0.003840 -0.001015 0.003910 -0.000700 
0.010096 -0.001901 0.009625 0.003592 
0.009935 -0.002382 0.009754 0.003037 
-0.005549 0.000351 -0.005534 -0.000533 
-0.006433 -0.002858 -0.005504 -0.004389 
-0.011600 -0.003356 -0.006194 -0.010365 
-0.001606 0.013244 -0.011484 0.006790 
0.013539 0.004334 0.003114 0.013871 
0.000363 0.007095 -0.001472 0.006951 
-0.007221 0.003449 -0.007949 0.000926 
-0.001992 0.007885 -0.004511 0.006768 
0.006438 0.006250 0.003377 0.008313 
0.000152 -0.013095 0.010212 -0.008198 
0.006695 0.000359 0.006434 0.001885 
0.014891 -0.005432 0.009305 0.012831 
0.009378 0.005552 0.004493 0.009929 
-0.009103 0.002060 -0.009096 -0.002090 
-0.009728 0.005220 -0.010940 -0.001484 
-0.000309 0.005196 -0.001029 0.005102 
0.004237 0.010342 -0.002809 0.010817 
-0.002914 0.010125 -0.007926 0.006941 
-0.005325 0.000076 -0.005280 -0.000700 
-0.002218 0.005656 -0.003246 0.005136 
-0.003630 0.005226 -0.004633 0.004362 
0.001993 0.013665 -0.010254 0.009251 
0.011464 0.007481 0.000384 0.013684 
0.004932 0.005979 0.002879 0.007196 
-0.000849 -0.003426 -0.000628 -0.003473 
-0.008602 0.007133 -0.011161 0.000553 
-0.009601 0.003999 -0.010264 -0.001679 
-0.004113 -0.006657 -0.001847 -0.007604 
-0.009323 0.002096 -0.009262 -0.002353 
0.011380 0.006067 0.002877 0.012571 
-0.001510 0.019082 -0.017675 -0.007349 
-0.005825 0.013703 -0.014884 0.000412 
0.004656 0.014017 -0.010617 0.010268 
-0.001289 0.000097 -0.001290 0.000086 
0.001942 0.000880 0.001921 0.000925 
-0.002955 0.002002 -0.003080 0.001804 
-0.009880 0.003740 -0.010326 -0.002228 
-0.016895 -0.002773 0.001720 -0.017034 
-0.013966 -0.005188 -0.001080 -0.014860 
-0.006785 -0.009849 0.001586 -0.011855 
0.005432 -0.005452 0.006819 -0.003570 
-0.004217 -0.006364 -0.002148 -0.007326 
-0.010559 0.003762 -0.010694 -0.003360 
-0.005577 -0.004293 -0.004314 -0.005561 
0.000989 0.004281 0.000559 0.004358 
0.001434 0.000890 0.001420 0.000911 
0.004783 0.006600 0.002293 0.007822 
-0.005488 -0.002321 -0.004975 -0.003280 
0.003387 -0.007322 0.005606 -0.005801 
0.000443 -0.007553 0.002618 -0.007099 
0.002018 -0.003934 0.002403 -0.003711 
0.001026 -0.005159 0.001748 -0.004961 
0.002689 0.013591 -0.009867 0.009725 
0.000639 -0.005324 0.001417 -0.005171 
-0.011170 -0.004630 -0.004989 -0.011014 
-0.005040 -0.000638 -0.004911 -0.001299 
0.002229 -0.004497 0.002791 -0.004171 
-0.002961 0.013856 -0.013418 0.004551 
0.002973 0.010525 -0.003651 0.010310 
-0.007135 0.001877 -0.007376 -0.000169 
-0.003295 -0.002353 -0.003085 -0.002622 
-0.003303 -0.003603 -0.002836 -0.003980 
0.001153 -0.004688 0.001706 -0.004516 
-0.001553 -0.010960 0.005209 -0.009767 
0.002812 0.006200 0.001267 0.006689 
0.007130 0.010599 -0.003131 0.012384 
0.000782 0.003613 0.000526 0.003659 
0.008124 -0.002250 0.008391 0.000804 
-0.006782 -0.007837 -0.001656 -0.010231 
-0.000386 0.014082 -0.012212 0.007023 
-0.007563 0.002316 -0.007908 -0.000197 
0.001913 -0.003701 0.002236 -0.003516 
0.002342 -0.000479 0.002355 -0.000410 
0.001549 0.000160 0.001547 0.000179 
-0.000080 -0.003603 0.000160 -0.003601 
-0.001608 -0.014654 0.012479 -0.007849 
-0.003907 0.010329 -0.009228 0.006065 
0.007606 0.009395 -0.000864 0.012057 
0.001791 -0.004181 0.002225 -0.003967 
-0.002748 0.003482 -0.003086 0.003186 
0.001802 -0.004796 0.002431 -0.004509 
-0.013456 0.000860 -0.008674 -0.010323 
-0.006591 0.013211 -0.014763 -0.000206 
0.001455 -0.002851 0.001603 -0.002771 
-0.003286 -0.011742 0.005764 -0.010745 
-0.002443 -0.008879 0.001540 -0.009079 
-0.013138 -0.003172 -0.005184 -0.012482 
-0.001507 0.010938 -0.007642 0.007970 
0.012176 0.000478 0.008459 0.008771 
-0.006402 -0.014263 0.011602 -0.010479 
0.003816 -0.015248 0.015696 -0.000847 
0.006763 0.001636 0.006151 0.003254 
0.001085 0.002259 0.001012 0.002293 
0.004499 0.004166 0.003613 0.004954 
-0.001208 -0.002439 -0.001114 -0.002483 
0.002996 -0.006220 0.004416 -0.005306 
0.001914 -0.004188 0.002359 -0.003955 
-0.005176 -0.001923 -0.004812 -0.002708 
-0.002028 -0.002643 -0.001874 -0.002754 
-0.000445 -0.004188 -0.000061 -0.004212 
-0.007605 -0.002969 -0.006163 -0.005354 
0.011745 0.007198 0.000610 0.013762 
0.009286 -0.009095 0.012940 0.001227 
0.004697 -0.004351 0.005505 -0.003271 
0.002178 -0.005318 0.003046 -0.004873 
-0.012275 -0.003264 -0.005871 -0.011264 
-0.007351 0.003348 -0.008044 0.000739 
-0.006969 -0.003320 -0.005641 -0.005269 
-0.009789 0.008824 -0.013010 -0.002104 
0.015011 -0.006177 0.009231 0.013352 
0.011460 -0.002818 0.010491 0.005406 
-0.003869 0.004568 -0.004641 0.003781 
-0.001368 0.011849 -0.008939 0.007897 
-0.009641 0.000323 -0.008705 -0.004156 
-0.007858 -0.000978 -0.007142 -0.003420 
-0.005075 0.000634 -0.005115 -0.000053 
0.000447 0.005004 -0.000205 0.005020 
0.011560 -0.005251 0.011678 0.004984 
-0.007261 -0.003078 -0.005923 -0.005207 
-0.004334 -0.003843 -0.003609 -0.004531 
-0.004941 0.004436 -0.005812 0.003211 
0.005526 -0.009330 0.009854 -0.004528 
-0.000796 -0.011135 0.006025 -0.009398 
0.000114 0.001682 0.000090 0.001683 
-0.001217 -0.003671 -0.000931 -0.003754 
-0.001481 0.014421 -0.013427 0.005467 
-0.003333 -0.003096 -0.002985 -0.003433 
0.005108 0.001242 0.004881 0.001953 
-0.012337 0.003131 -0.010610 -0.007032 
-0.002244 0.007958 -0.004849 0.006697 
-0.001487 0.001451 -0.001519 0.001417 
-0.007490 -0.003792 -0.005657 -0.006203 
-0.000880 0.004513 -0.001365 0.004391 
0.007166 -0.005929 0.009021 -0.002265 
-0.012005 -0.003374 -0.005939 -0.010965 
-0.001243 0.011560 -0.008364 0.008076 
-0.003628 0.004243 -0.004259 0.003609 
-0.002383 0.010290 -0.007591 0.007345 
0.007701 0.008078 0.001340 0.011080 
-0.008860 -0.004772 -0.005307 -0.008551 
0.005280 0.000603 0.005137 0.001362 
0.002874 0.007205 0.000541 0.007738 
-0.006048 -0.000751 -0.005795 -0.001886 
-0.006227 -0.001484 -0.005779 -0.002756 
-0.002729 0.003253 -0.003019 0.002986 
0.001531 0.008936 -0.002273 0.008777 
0.012949 0.004639 0.003443 0.013317 
-0.002635 -0.001282 -0.002576 -0.001398 
0.003416 -0.004582 0.004134 -0.003946 
0.005184 -0.004167 0.005991 -0.002889 
-0.001016 -0.003673 -0.000739 -0.003738 
-0.000034 0.006157 -0.001227 0.006033 
0.010044 0.001979 0.007601 0.006856 
0.002290 -0.015035 0.014810 -0.003455 
0.004719 0.002332 0.004339 0.002978 
0.007954 0.007953 0.001506 0.011146 
0.014202 -0.000870 0.007916 0.011823 
0.007666 -0.009265 0.011916 -0.001621 
-0.009970 -0.010407 0.004329 -0.013746 
-0.008536 0.000148 -0.007997 -0.002990 
-0.003375 -0.003127 -0.003015 -0.003475 
-0.001382 -0.002491 -0.001277 -0.002547 
-0.006331 0.002882 -0.006846 0.001232 
-0.003016 0.001775 -0.003122 0.001581 
-0.002545 -0.002400 -0.002388 -0.002556 
0.002805 -0.000628 0.002829 -0.000508 
-0.002876 -0.006221 -0.001302 -0.006729 
-0.011326 0.002007 -0.010063 -0.005572 
0.003583 -0.000508 0.003609 -0.000266 
0.001449 0.012729 -0.008556 0.009534 
0.013472 -0.005789 0.011207 0.009455 
0.017019 -0.001542 0.002690 0.016876 
0.010364 0.007849 0.000683 0.012983 
0.007150 0.007200 0.002530 0.009827 
0.010175 -0.010158 0.013820 0.003967 
-0.000595 -0.007662 0.001726 -0.007489 
-0.006215 0.001415 -0.006374 0.000094 
0.010809 0.002729 0.007042 0.008643 
-0.000819 0.010464 -0.006311 0.008387 
0.000874 -0.004145 0.001252 -0.004047 
0.005447 -0.002506 0.005815 -0.001461 
0.006407 0.002472 0.005625 0.003940 
-0.003319 0.007822 -0.005933 0.006083 
0.015793 -0.006556 0.007580 0.015328 
0.008784 -0.010121 0.013370 0.000917 
0.007378 -0.003879 0.008269 -0.001051 
0.002310 0.003834 0.001903 0.004051 
0.009876 -0.004106 0.010493 0.002070 
-0.001844 0.004023 -0.002240 0.003817 
-0.010634 0.001239 -0.009526 -0.004886 
-0.004145 0.010071 -0.009170 0.005875 
0.002492 0.007499 -0.000005 0.007902 
0.008866 -0.007007 0.011300 -0.000130 
0.000411 -0.004875 0.001007 -0.004788 
-0.005160 0.006458 -0.007069 0.004285 
-0.009595 -0.001976 -0.007511 -0.006289 
-0.007775 0.010056 -0.012670 0.001027 
-0.008835 0.002569 -0.009094 -0.001401 
0.009883 0.000183 0.008571 0.004924 
0.002081 0.003593 0.001754 0.003763 
0.009948 0.006696 0.002830 0.011653 
0.002092 0.003835 0.001706 0.004022 
0.000371 -0.008236 0.003171 -0.007610 
0.003468 0.008228 -0.000102 0.008929 
0.006308 0.002811 0.005436 0.004260 
0.000625 0.003581 0.000380 0.003615 
-0.001202 -0.005171 -0.000442 -0.005290 
-0.003879 0.006948 -0.005900 0.005340 
-0.000300 0.010133 -0.005372 0.008597 
-0.002054 -0.000685 -0.002037 -0.000734 
-0.005868 0.001891 -0.006124 0.000714 
0.008098 0.006362 0.003619 0.009641 
0.004852 0.001798 0.004559 0.002447 
-0.003161 0.003281 -0.003493 0.002925 
0.013226 0.002089 0.006317 0.011807 
0.005416 -0.010199 0.010653 -0.004457 
-0.003260 0.004126 -0.003812 0.003622 
0.006671 0.012136 -0.006449 0.012255 
0.002652 0.007734 -0.000113 0.008175 
0.008449 -0.000249 0.007974 0.002805 
-0.005406 -0.008516 -0.000422 -0.010078 
-0.006761 -0.007673 -0.001872 -0.010053 
-0.009841 0.009896 -0.013637 -0.002969 
0.000410 0.008070 -0.002274 0.007754 
-0.002820 -0.002150 -0.002675 -0.002328 
-0.005230 0.000092 -0.005191 -0.000643 
-0.002750 -0.007100 -0.000542 -0.007594 
-0.008427 -0.003638 -0.006118 -0.006843 
-0.002108 0.008024 -0.004760 0.006794 
-0.000731 0.001963 -0.000775 0.001946 
-0.006753 0.005880 -0.008545 0.002677 
0.014636 -0.002486 0.008440 0.012213 
0.010225 -0.010036 0.013767 0.003966 
0.002295 -0.000270 0.002302 -0.000207 
-0.005845 -0.007037 -0.002373 -0.008835 
-0.005315 0.003043 -0.005801 0.001967 
-0.000150 0.005149 -0.000850 0.005080 
0.006336 0.000181 0.006164 0.001478 
-0.006915 0.001352 -0.007032 -0.000439 
-0.004222 0.005384 -0.005385 0.004220 
-0.001304 0.011136 -0.007753 0.008099 
0.002115 -0.003945 0.002510 -0.003706 
-0.003710 -0.011105 0.004377 -0.010859 
0.001684 -0.010023 0.006533 -0.007785 
0.005703 0.001887 0.005256 0.002908 
0.003932 -0.009534 0.008320 -0.006094 
0.000737 0.005705 -0.000241 0.005747 
-0.002509 -0.002877 -0.002286 -0.003057 
-0.006032 -0.001286 -0.005666 -0.002435 
-0.007602 -0.003030 -0.006131 -0.005420 
0.002152 -0.001774 0.002221 -0.001686 
-0.011212 -0.002330 -0.007298 -0.008825 
-0.003227 0.014142 -0.014005 0.003777 
-0.002601 0.011585 -0.009634 0.006940 
0.001134 -0.001013 0.001146 -0.001000 
-0.001671 -0.007866 0.000991 -0.007980 
-0.008708 -0.000053 -0.008033 -0.003362 
0.009391 -0.000257 0.008551 0.003891 
-0.005016 -0.000314 -0.004933 -0.000961 
-0.004178 0.000773 -0.004231 0.000382 
0.006111 0.006082 0.003398 0.007924 
0.003298 -0.010960 0.009419 -0.006502 
-0.008427 -0.005034 -0.005016 -0.008437 
-0.007355 0.002114 -0.007651 -0.000165 
-0.010318 0.006646 -0.012021 -0.002476 
0.001619 -0.003970 0.001987 -0.003799 
-0.015509 -0.002475 -0.002239 -0.015544 
-0.012343 0.003440 -0.010765 -0.006950 
0.000805 -0.003931 0.001128 -0.003851 
-0.000219 0.003177 -0.000384 0.003161 
-0.000663 -0.002336 -0.000592 -0.002355 
-0.004456 -0.011873 0.005730 -0.011314 
-0.015353 0.005216 -0.008407 -0.013865 
-0.015392 -0.003321 -0.001292 -0.015693 
0.006368 -0.005981 0.008173 -0.003087 
0.000506 0.004267 0.000099 0.004295 
0.004409 0.000730 0.004310 0.001179 
0.002528 -0.002043 0.002635 -0.001902 
0.008167 -0.003668 0.008952 -0.000086 
-0.007209 -0.006928 -0.002866 -0.009579 
-0.007858 0.001766 -0.008003 -0.000907 
0.005063 -0.001893 0.005290 -0.001113 
-0.001910 -0.010056 0.003525 -0.009609 
0.004250 -0.007213 0.006523 -0.005249 
-0.002322 -0.012342 0.007356 -0.010178 
-0.015442 -0.002295 -0.002622 -0.015390 
-0.002393 -0.006867 -0.000458 -0.007258 
-0.005323 -0.006839 -0.002352 -0.008341 
-0.008006 0.008883 -0.011897 0.001208 
0.001956 -0.003325 0.002205 -0.003165 
-0.001180 -0.009625 0.003434 -0.009069 
-0.004719 -0.010058 0.002170 -0.010895 
-0.012446 -0.001221 -0.007747 -0.009817 
-0.003623 0.013261 -0.012999 0.004472 
0.001968 0.007561 -0.000465 0.007799 
-0.002427 0.002793 -0.002617 0.002615 
-0.004463 0.007253 -0.006800 0.005126 
-0.004181 0.006844 -0.006179 0.005113 
0.004417 -0.000181 0.004413 0.000263 
-0.014944 0.002410 -0.007928 -0.012895 
-0.002714 0.002744 -0.002916 0.002528 
0.006423 -0.005361 0.007901 -0.002752 
0.001002 -0.005994 0.002117 -0.005697 
0.001968 0.004195 0.001493 0.004387 
0.009964 -0.001540 0.009400 0.003645 
0.001970 0.004309 0.001460 0.004507 
-0.001391 -0.003488 -0.001135 -0.003579 
0.000569 -0.003518 0.000798 -0.003474 
-0.008050 -0.007793 -0.001736 -0.011068 
-0.003304 -0.012864 0.008106 -0.010521 
-0.014386 0.005529 -0.010106 -0.011635 
-0.002290 0.010095 -0.007239 0.007398 
0.002822 0.010349 -0.003437 0.010162 
-0.002451 0.007592 -0.004763 0.006399 
-0.000293 0.005512 -0.001150 0.005398 
0.012990 -0.002623 0.010095 0.008585 
0.008431 -0.011581 0.014231 0.001641 
0.002223 0.000946 0.002194 0.001012 
0.001741 0.002437 0.001627 0.002514 
-0.003763 -0.012735 0.007719 -0.010805 
0.009149 -0.002478 0.009294 0.001864 
-0.008648 0.000619 -0.008242 -0.002690 
-0.001363 0.006591 -0.002849 0.006098 
0.008162 0.005276 0.004752 0.008478 
0.005965 -0.003043 0.006502 -0.001598 
-0.003684 -0.011608 0.005365 -0.010934 
-0.003218 -0.011627 0.005562 -0.010706 
0.003212 0.001163 0.003136 0.001353 
0.003885 -0.002483 0.004133 -0.002044 
-0.004057 -0.010115 0.002483 -0.010611 
-0.010829 -0.001175 -0.008198 -0.007172 
0.002353 0.004153 0.001851 0.004399 
0.002091 -0.001938 0.002170 -0.001849 
0.005845 0.011971 -0.005905 0.011941 
0.004689 -0.013318 0.013821 -0.002889 
0.001934 0.009999 -0.003423 0.009592 
-0.001699 -0.011117 0.005385 -0.009873 
0.002348 -0.006615 0.003932 -0.005815 
0.003720 -0.001650 0.003847 -0.001327 
0.007122 -0.005300 0.008636 -0.002059 
-0.007884 -0.009133 0.000448 -0.012057 
0.010163 -0.001148 0.009314 0.004226 
0.007818 0.004028 0.005645 0.006744 
0.007736 0.001943 0.006700 0.004328 
-0.002081 -0.009964 0.003274 -0.009638 
0.001355 -0.007744 0.003709 -0.006932 
-0.008041 -0.008010 -0.001407 -0.011262 
0.003711 0.002807 0.003376 0.003202 
-0.001257 0.009970 -0.006042 0.008029 
0.007488 0.008270 0.001061 0.011106 
-0.000804 -0.005215 -0.000051 -0.005276 
-0.010430 -0.004483 -0.005457 -0.009955 
-0.007958 -0.002583 -0.006537 -0.005223 
-0.004711 0.007211 -0.007059 0.004936 
0.003080 0.004415 0.002389 0.004823 
-0.005086 -0.001407 -0.004833 -0.002119 
-0.006592 0.005220 -0.008019 0.002532 
0.010134 0.003050 0.006834 0.008082 
0.003429 -0.011238 0.009929 -0.006282 
-0.000259 -0.004777 0.000304 -0.004774 
-0.003490 -0.003608 -0.002994 -0.004029 
-0.002577 0.006619 -0.004191 0.005735 
0.012999 0.007312 -0.001288 0.014859 
0.009785 0.002633 0.007122 0.007207 
-0.005349 0.005538 -0.006766 0.003675 
-0.005074 -0.001349 -0.004833 -0.002054 
0.000756 -0.000720 0.000760 -0.000715 
-0.004086 -0.009163 0.000988 -0.009984 
0.009381 0.000866 0.008037 0.004915 
0.000715 0.007424 -0.001411 0.007324 
-0.002647 0.010771 -0.008508 0.007116 
0.004825 0.012605 -0.007306 0.011348 
-0.008127 0.000470 -0.007816 -0.002276 
-0.014148 0.002145 -0.008855 -0.011241 
-0.010816 0.000620 -0.009254 -0.005633 
0.008347 -0.000847 0.008105 0.002166 
0.001694 0.008424 -0.001551 0.008451 
-0.008151 0.004222 -0.009170 0.000406 
-0.011615 0.005813 -0.011941 -0.005108 
-0.012275 0.001873 -0.009943 -0.007438 
-0.001046 -0.007201 0.000931 -0.007217 
-0.004274 -0.010797 0.003621 -0.011033 
-0.003758 0.003250 -0.004140 0.002748 
0.000785 0.004827 0.000186 0.004887 
0.004503 0.000458 0.004429 0.000930 
0.007715 -0.005049 0.009128 -0.001304 
0.001284 -0.014144 0.012837 -0.006076 
0.002920 0.006279 0.001298 0.006802 
0.002944 0.002202 0.002784 0.002401 
0.002213 -0.008350 0.005181 -0.006912 
-0.003503 0.002067 -0.003666 0.001762 
0.003199 0.002148 0.003026 0.002386 
-0.000784 -0.004041 -0.000429 -0.004094 
-0.006267 0.004660 -0.007399 0.002497 
0.004009 0.007628 0.000875 0.008573 
0.004795 0.009988 -0.002029 0.010892 
-0.003810 -0.002603 -0.003502 -0.003004 
0.001218 0.005400 0.000355 0.005525 
0.010588 -0.000095 0.008925 0.005697 
0.007017 0.003586 0.005534 0.005610 
-0.001499 0.002321 -0.001589 0.002261 
-0.000785 0.002703 -0.000895 0.002669 
0.005846 -0.001687 0.006060 -0.000549 
-0.007853 -0.002009 -0.006741 -0.004500 
-0.008926 0.001934 -0.008921 -0.001958 
-0.001606 -0.007777 0.000957 -0.007883 
-0.003074 -0.014135 0.010990 -0.009406 
0.004442 -0.016463 0.016747 0.003209 
0.011651 -0.001722 0.009933 0.006328 
0.005283 0.013128 -0.008543 0.011281 
0.009225 0.008091 0.000929 0.012236 
0.006927 -0.007299 0.009642 -0.002881 
-0.001830 -0.007539 0.000555 -0.007738 
-0.009386 -0.000795 -0.008074 -0.004853 
0.002128 0.009695 -0.002848 0.009508 
0.008858 0.004533 0.005521 0.008279 
0.009882 -0.001475 0.009331 0.003573 
0.001500 0.000478 0.001493 0.000497 
-0.000149 0.002757 -0.000257 0.002749 
0.000067 -0.003920 0.000376 -0.003902 
0.000183 -0.001413 0.000198 -0.001411 
-0.010702 -0.000320 -0.008714 -0.006221 
0.014426 -0.004812 0.009825 0.011608 
0.002496 0.002719 0.002299 0.002887 
0.000920 0.010343 -0.004668 0.009275 
0.008982 0.005281 0.004816 0.009240 
0.013384 0.001775 0.006481 0.011844 
0.003626 -0.006970 0.005623 -0.005488 
-0.002140 -0.003160 -0.001897 -0.003312 
0.002290 0.003868 0.001876 0.004085 
0.010976 -0.003639 0.010789 0.004161 
-0.005801 -0.014974 0.013134 -0.009240 
-0.009569 -0.008862 0.000675 -0.013025 
-0.000402 -0.002120 -0.000351 -0.002129 
-0.008861 0.007654 -0.011708 0.000080 
0.000603 -0.003250 0.000784 -0.003211 
0.005654 0.001343 0.005337 0.002301 
-0.000601 -0.002853 -0.000475 -0.002877 
-0.008227 0.003163 -0.008810 -0.000290 
-0.003965 0.005728 -0.005258 0.004570 
0.000759 0.014376 -0.012222 0.007608 
-0.005841 0.004320 -0.006786 0.002594 
0.001511 -0.004567 0.002043 -0.004355 
-0.001276 -0.002815 -0.001136 -0.002874 
-0.001013 0.007216 -0.002923 0.006675 
-0.002696 0.003150 -0.002964 0.002899 
-0.005155 0.011837 -0.012326 0.003841 
0.002245 -0.001521 0.002301 -0.001435 
0.001612 -0.006776 0.003236 -0.006167 
0.002360 0.000532 0.002343 0.000603 
0.010640 -0.000267 0.009029 0.005635 
-0.002755 -0.011799 0.006087 -0.010477 
0.004187 0.002909 0.003762 0.003441 
0.001892 -0.003118 0.002100 -0.002981 
0.004854 0.007136 0.001833 0.008433 
0.009379 0.003938 0.006080 0.008155 
0.001312 0.002189 0.001238 0.002231 
-0.002513 -0.001258 -0.002460 -0.001359 
0.010850 0.000691 0.008508 0.006767 
0.002985 0.002384 0.002798 0.002602 
-0.001323 0.006034 -0.002475 0.005660 
-0.002706 -0.003152 -0.002416 -0.003379 
-0.005634 -0.003891 -0.004541 -0.005125 
-0.009558 0.010319 -0.013800 -0.002721 
-0.001291 0.010201 -0.006385 0.008059 
0.001189 0.000926 0.001178 0.000940 
0.002094 -0.001302 0.002133 -0.001236 
0.003384 -0.004905 0.004219 -0.004208 
-0.004772 -0.003712 -0.003994 -0.004539 
0.003373 -0.003595 0.003795 -0.003146 
-0.009196 0.005771 -0.010845 -0.000502 
-0.006619 0.002336 -0.006993 0.000601 
-0.006401 -0.008698 -0.000368 -0.010794 
-0.010057 0.002035 -0.009666 -0.003443 
-0.002467 -0.002692 -0.002276 -0.002855 
-0.001806 -0.010164 0.003759 -0.009615 
-0.009570 -0.009709 0.002419 -0.013416 
0.012292 -0.001789 0.009891 0.007513 
0.001797 0.005710 0.000719 0.005943 
-0.006220 0.001241 -0.006342 -0.000064 
-0.008175 0.004516 -0.009325 0.000521 
0.008112 0.006757 0.003145 0.010078 
-0.001926 0.005632 -0.002915 0.005189 
-0.009463 0.006758 -0.011595 -0.000882 
0.000266 0.013175 -0.010103 0.008461 
-0.011855 0.007489 -0.012634 -0.006083 
0.006074 0.012771 -0.007814 0.011787 
-0.000904 -0.002380 -0.000824 -0.002409 
0.003125 -0.001058 0.003180 -0.000881 
0.002591 0.011919 -0.006394 0.010388 
0.009631 -0.009488 0.013341 0.002192 
0.007526 -0.003090 0.008126 -0.000397 
-0.003076 -0.004682 -0.002283 -0.005116 
-0.011435 0.003435 -0.010793 -0.005106 
-0.001617 0.007838 -0.004067 0.006892 
0.007268 -0.001740 0.007463 0.000392 
0.002748 -0.002664 0.002941 -0.002449 
0.006384 0.010440 -0.002693 0.011937 
0.008267 0.004794 0.005199 0.008019 
-0.002498 -0.012101 0.006796 -0.010320 
-0.008479 0.009342 -0.012614 0.000184 
0.004090 -0.000672 0.004134 -0.000308 
0.000881 -0.013152 0.010808 -0.007547 
0.000144 -0.008850 0.003605 -0.008084 
0.000823 -0.007247 0.002752 -0.006755 
-0.004659 -0.008738 0.000148 -0.009902 
-0.006345 0.001745 -0.006574 0.000299 
0.002612 0.004079 0.002102 0.004364 
-0.003564 -0.012706 0.007698 -0.010718 
-0.005175 0.013485 -0.014321 0.001880 
-0.003780 0.013279 -0.013139 0.004242 
-0.018222 -0.001521 0.004230 -0.017789 
-0.013555 -0.005801 -0.000699 -0.014728 
-0.015100 0.006082 -0.009054 -0.013528 
-0.010086 0.010844 -0.014116 -0.004479 
-0.000830 -0.005967 0.000292 -0.006017 
0.003362 -0.005450 0.004429 -0.004625 
-0.004785 -0.002818 -0.004279 -0.003539 
0.000658 -0.006815 0.002267 -0.006460 
0.003836 -0.006233 0.005388 -0.004953 
-0.010232 -0.001802 -0.007743 -0.006927 
-0.003492 0.004088 -0.004060 0.003525 
-0.010536 0.001731 -0.009732 -0.004393 
0.006944 0.004479 0.004978 0.006596 
-0.000372 0.009507 -0.004603 0.008326 
-0.001876 0.003207 -0.002099 0.003066 
-0.002672 0.001609 -0.002749 0.001474 
0.003638 -0.003438 0.004050 -0.002941 
0.001063 -0.003823 0.001369 -0.003724 
-0.004970 -0.001823 -0.004656 -0.002518 
-0.010345 0.005424 -0.011401 -0.002543 
-0.010134 0.001598 -0.009507 -0.003856 
-0.005028 0.002916 -0.005456 0.002002 
-0.011848 0.001333 -0.009706 -0.006925 
-0.009608 0.001391 -0.009148 -0.003250 
-0.005586 -0.006101 -0.003139 -0.007653 
-0.011875 -0.005188 -0.003762 -0.012401 
-0.010837 0.006306 -0.012042 -0.003491 
-0.000747 0.010900 -0.006895 0.008476 
0.002763 0.008212 -0.000535 0.008648 
0.002103 -0.002709 0.002263 -0.002577 
-0.003290 0.013442 -0.013023 0.004680 
0.000595 0.008378 -0.002420 0.008043 
0.007256 0.010711 -0.003402 0.012482 
0.005703 -0.010428 0.011193 -0.003999 
0.005608 -0.005812 0.007210 -0.003640 
-0.003506 -0.008135 -0.000026 -0.008859 
0.009061 0.003549 0.006344 0.007379 
0.018556 0.002865 -0.007259 0.017316 
0.001547 -0.005020 0.002242 -0.004750 
0.006545 -0.004205 0.007519 -0.001997 
0.000129 0.003042 -0.000017 0.003045 
-0.001474 -0.005275 -0.000645 -0.005439 
0.010520 -0.002447 0.010063 0.003926 
-0.013833 -0.003628 -0.003699 -0.013814 
0.002714 0.000522 0.002692 0.000628 
-0.004710 0.004804 -0.005691 0.003587 
0.009958 0.002072 0.007527 0.006840 
-0.005774 -0.005106 -0.003969 -0.006607 
-0.002739 0.004365 -0.003308 0.003951 
0.001620 -0.002832 0.001773 -0.002739 
-0.002311 -0.008570 0.001257 -0.008786 
-0.005787 -0.010596 0.002992 -0.011697 
-0.007439 -0.001616 -0.006636 -0.003730 
0.009806 0.010354 -0.004058 0.013671 
0.002651 0.003001 0.002394 0.003210 
0.003036 0.009808 -0.002464 0.009967 
0.002807 -0.005696 0.003920 -0.004995 
-0.007462 0.002032 -0.007727 -0.000325 
0.002574 -0.001771 0.002660 -0.001640 
-0.001042 -0.008570 0.002241 -0.008337 
0.001432 -0.004233 0.001859 -0.004064 
0.002348 -0.007530 0.004599 -0.006408 
0.003619 0.000076 0.003606 0.000319 
-0.000850 -0.004875 -0.000230 -0.004943 
-0.001815 -0.003078 -0.001609 -0.003190 
0.008970 0.004444 0.005611 0.008290 
0.004806 -0.013101 0.013628 -0.003003 
-0.004165 0.002584 -0.004452 0.002050 
-0.008986 -0.003302 -0.006504 -0.007025 
-0.007858 -0.008173 -0.001178 -0.011277 
-0.004155 0.008935 -0.007929 0.005851 
0.009807 -0.010216 0.013800 0.003179 
0.002869 -0.010062 0.007800 -0.006974 
0.001117 0.003421 0.000886 0.003488 
-0.005948 -0.008634 -0.000392 -0.010477 
-0.009073 -0.001523 -0.007583 -0.005210 
-0.002257 -0.003023 -0.002030 -0.003180 
-0.008356 -0.000559 -0.007620 -0.003474 
-0.010542 0.001198 -0.009477 -0.004769 
-0.014098 -0.001528 -0.005884 -0.012902 
-0.001040 -0.010766 0.005242 -0.009461 
-0.001669 0.002883 -0.001831 0.002783 
0.005201 0.001079 0.004990 0.001821 
0.001388 -0.000036 0.001389 -0.000022 
0.001144 0.007386 -0.000998 0.007407 
0.008220 0.003394 0.006204 0.006372 
0.004106 0.007809 0.000735 0.008792 
0.009429 0.002642 0.007052 0.006793 
-0.000101 0.005869 -0.001135 0.005759 
0.007398 0.008967 -0.000068 0.011625 
0.009061 -0.008379 0.012333 0.000465 
0.004282 0.005601 0.002725 0.006502 
0.007888 0.003667 0.005905 0.006387 
-0.008804 -0.006945 -0.002836 -0.010849 
-0.003776 0.014374 -0.014630 0.002617 
-0.003745 0.009542 -0.008123 0.006252 
-0.011449 0.005921 -0.011980 -0.004755 
-0.008116 0.003503 -0.008839 0.000047 
-0.003815 0.000724 -0.003860 0.000426 
0.013860 -0.003083 0.009700 0.010369 
0.003267 -0.015574 0.015884 -0.000965 
0.009630 0.003592 0.006383 0.008055 
0.006607 -0.000168 0.006478 0.001309 
0.002198 -0.006988 0.004020 -0.006124 
-0.001037 -0.007705 0.001371 -0.007653 
-0.009287 0.007190 -0.011729 -0.000601 
0.001130 -0.002502 0.001227 -0.002456 
-0.009435 -0.003760 -0.006232 -0.008020 
-0.003212 0.010653 -0.008920 0.006651 
-0.004610 0.002053 -0.004838 0.001433 
-0.006023 -0.005333 -0.003948 -0.007009 
-0.013386 0.001165 -0.008944 -0.010027 
-0.009699 0.009502 -0.013373 -0.002347 
-0.003748 -0.013374 0.009156 -0.010444 
-0.010235 -0.008362 0.000177 -0.013216 
-0.002032 0.003963 -0.002425 0.003735 
-0.009429 -0.000285 -0.008331 -0.004424 
-0.014452 -0.004998 -0.000523 -0.015283 
-0.007375 -0.000201 -0.007032 -0.002233 
0.002702 0.006715 0.000816 0.007192 
0.002437 -0.001158 0.002479 -0.001066 
0.007859 -0.003684 0.008668 -0.000440 
0.000090 -0.009889 0.004850 -0.008619 
-0.002985 0.004024 -0.003478 0.003605 
0.009260 -0.001495 0.008980 0.002707 
0.005173 0.006334 0.002732 0.007708 
0.005958 0.009209 -0.000494 0.010957 
0.005140 -0.009040 0.009140 -0.004960 
0.000661 -0.002324 0.000730 -0.002303 
-0.001847 0.004510 -0.002383 0.004251 
-0.000940 0.004153 -0.001323 0.004048 
0.000529 -0.001870 0.000565 -0.001860 
0.003441 0.003564 0.002965 0.003970 
-0.001818 0.010081 -0.006743 0.007711 
0.011560 0.007485 0.000276 0.013769 
0.009376 0.000332 0.008285 0.004402 
-0.009864 -0.011843 0.007769 -0.013312 
-0.004129 -0.006376 -0.002082 -0.007305 
0.001868 -0.001336 0.001903 -0.001285 
-0.000521 -0.001178 -0.000511 -0.001182 
-0.005149 0.007253 -0.007601 0.004620 
0.009981 0.000545 0.008422 0.005385 
0.009701 -0.004217 0.010433 0.001747 
0.008656 -0.000411 0.008172 0.002882 
-0.003445 0.001424 -0.003538 0.001174 
-0.002422 0.006735 -0.004094 0.005871 
-0.001881 -0.001881 -0.001811 -0.001948 
0.000336 -0.004445 0.000788 -0.004388 
-0.003644 -0.006141 -0.001926 -0.006876 
0.001911 0.004577 0.001318 0.004782 
0.004677 -0.005079 0.005770 -0.003791 
-0.001572 -0.005801 -0.000473 -0.005992 
-0.001136 0.003784 -0.001436 0.003681 
0.006628 -0.004153 0.007589 -0.001896 
-0.003268 -0.008198 0.000190 -0.008823 
-0.007594 -0.009719 0.001473 -0.012245 
-0.008046 0.008997 -0.012019 0.001101 
0.006735 0.007250 0.002397 0.009601 
0.002891 0.006637 0.001017 0.007168 
-0.004178 -0.002642 -0.003814 -0.003145 
-0.004406 -0.001815 -0.004165 -0.002316 
0.002397 -0.000998 0.002430 -0.000914 
0.004432 0.005862 0.002653 0.006854 
0.008845 -0.005825 0.010591 -0.000053 
0.009214 -0.005965 0.010965 0.000500 
0.009251 -0.005881 0.010947 0.000573 
-0.005270 -0.006687 -0.002470 -0.008148 
0.007050 0.009463 -0.000901 0.011766 
0.007497 0.001326 0.006776 0.003471 
-0.003475 0.001037 -0.003537 0.000800 
-0.001838 0.004197 -0.002280 0.003974 
-0.005143 0.012315 -0.012903 0.003410 
0.000725 0.009845 -0.004098 0.008981 
-0.001580 0.008587 -0.004744 0.007330 
0.006837 0.005720 0.003998 0.007968 
0.003052 -0.004951 0.003864 -0.004347 
-0.004862 0.000550 -0.004892 -0.000052 
-0.001771 0.005862 -0.002863 0.005414 
-0.000861 0.003610 -0.001114 0.003540 
-0.005174 0.006083 -0.006859 0.004090 
-0.000474 -0.006432 0.000903 -0.006385 
-0.010097 0.005149 -0.011131 -0.002137 
-0.002515 0.000842 -0.002544 0.000750 
0.003697 0.001750 0.003533 0.002061 
0.001128 0.003653 0.000850 0.003727 
0.005097 -0.007387 0.007641 -0.004708 
-0.006338 0.007296 -0.008994 0.003538 
0.000638 0.001835 0.000603 0.001847 
0.001333 -0.004612 0.001869 -0.004422 
0.002341 -0.005225 0.003186 -0.004757 
0.004339 0.002247 0.004031 0.002762 
-0.001150 -0.012213 0.007719 -0.009534 
-0.007067 0.010852 -0.012841 0.001682 
-0.000020 0.010284 -0.005343 0.008787 
0.015546 -0.002573 0.006951 0.014141 
0.008197 -0.010748 0.013514 0.000286 
0.008515 -0.002467 0.008799 0.001084 
0.003561 0.002023 0.003373 0.002323 
0.003633 -0.001067 0.003702 -0.000797 
0.002117 0.001529 0.002062 0.001603 
-0.011591 -0.004752 -0.004577 -0.011661 
-0.011972 0.004658 -0.011404 -0.005912 
-0.002144 0.013072 -0.011593 0.006409 
0.001101 0.005493 0.000203 0.005598 
-0.001151 0.007310 -0.003138 0.006701 
0.007455 -0.001707 0.007626 0.000581 
-0.009717 0.002247 -0.009572 -0.002801 
-0.002912 -0.003415 -0.002543 -0.003698 
-0.008007 -0.007426 -0.002268 -0.010683 
-0.009003 -0.007247 -0.002358 -0.011314 
-0.005884 -0.003618 -0.004827 -0.004940 
-0.008464 0.002683 -0.008836 -0.000877 
-0.002519 0.004963 -0.003275 0.004500 
-0.002606 0.010720 -0.008397 0.007156 
0.006910 -0.008731 0.010751 -0.002896 
0.006233 -0.002374 0.006609 -0.000897 
0.000663 0.007275 -0.001335 0.007182 
0.001753 0.002976 0.001567 0.003078 
-0.001307 -0.004366 -0.000834 -0.004481 
-0.000665 0.013097 -0.010559 0.007777 
0.004512 0.002910 0.004032 0.003546 
0.000433 -0.004410 0.000876 -0.004344 
-0.006933 0.002508 -0.007356 0.000495 
0.005725 -0.005606 0.007235 -0.003445 
0.003517 0.002772 0.003213 0.003119 
0.001743 0.010361 -0.004106 0.009671 
-0.004302 -0.001739 -0.004083 -0.002204 
-0.002359 -0.007985 0.000578 -0.008306 
0.000158 0.000848 0.000155 0.000849 
-0.001852 0.000655 -0.001864 0.000619 
0.004623 -0.002549 0.004939 -0.001862 
0.010321 -0.004818 0.011088 0.002609 
0.006493 -0.011314 0.012848 -0.002257 
0.002990 0.005952 0.001565 0.006475 
-0.002320 0.006889 -0.004086 0.006013 
0.000046 0.008651 -0.003208 0.008034 
-0.007468 0.000828 -0.007392 -0.001347 
-0.007074 -0.006927 -0.002844 -0.009484 
-0.001060 0.005415 -0.001892 0.005183 
0.012312 -0.001045 0.009441 0.007970 
0.005722 0.006636 0.002726 0.008327 
-0.009294 0.007822 -0.012126 -0.000728 
-0.001035 -0.002392 -0.000950 -0.002427 
-0.008958 -0.004818 -0.005272 -0.008698 
-0.006620 0.006681 -0.008884 0.003089 
0.000339 0.007375 -0.001716 0.007181 
-0.007285 0.001944 -0.007536 -0.000240 
0.006944 0.002121 0.006121 0.003904 
-0.002215 0.009188 -0.006062 0.007251 
-0.007987 -0.000848 -0.007275 -0.003405 
-0.012619 0.000882 -0.009222 -0.008659 
-0.002587 0.010215 -0.007702 0.007192 
-0.010526 0.002472 -0.010076 -0.003921 
-0.009149 -0.003635 -0.006295 -0.007568 
-0.005814 -0.004455 -0.004379 -0.005871 
-0.009278 0.004260 -0.010152 -0.001081 
-0.005494 0.013746 -0.014775 0.000926 
-0.016089 -0.002028 -0.001488 -0.016148 
0.002546 0.001292 0.002490 0.001398 
-0.003977 0.007452 -0.006388 0.005527 
-0.003425 -0.001689 -0.003288 -0.001941 
0.001378 -0.004174 0.001786 -0.004016 
-0.009278 0.002116 -0.009239 -0.002280 
-0.003226 -0.002232 -0.003040 -0.002481 
-0.008963 -0.001756 -0.007418 -0.005328 
0.009242 0.003039 0.006744 0.007012 
0.009027 -0.003924 0.009805 0.000871 
-0.004148 0.006087 -0.005666 0.004708 
0.005886 0.013413 -0.009333 0.011290 
0.009069 -0.009690 0.013221 0.001169 
0.004376 0.002268 0.004059 0.002796 
0.011390 0.001132 0.008190 0.007997 
0.003438 0.009910 -0.002416 0.010207 
0.013359 0.004851 0.002583 0.013976 
-0.002404 -0.000174 -0.002398 -0.000246 
-0.008118 -0.005355 -0.004670 -0.008530 
-0.007459 0.002522 -0.007874 0.000054 
-0.005576 -0.001158 -0.005306 -0.002068 
-0.000426 0.014681 -0.013342 0.006142 
-0.004720 0.004742 -0.005679 0.003539 
0.003241 -0.004976 0.004086 -0.004309 
-0.000557 -0.000405 -0.000556 -0.000406 
0.010165 -0.001949 0.009679 0.003664 
0.009196 0.003542 0.006373 0.007517 
0.006534 0.007519 0.002025 0.009753 
0.006748 0.001399 0.006209 0.002991 
-0.002882 -0.002076 -0.002741 -0.002259 
0.014259 0.001866 0.005284 0.013375 
0.010265 -0.007607 0.012515 0.002569 
0.007079 0.000997 0.006576 0.002803 
-0.000107 0.001509 -0.000125 0.001508 
0.000312 -0.005925 0.001374 -0.005772 
0.004428 0.002041 0.004146 0.002566 
-0.002258 -0.007854 0.000521 -0.008156 
0.003488 -0.001637 0.003603 -0.001366 
0.011461 -0.003459 0.010808 0.005149 
0.008673 -0.008336 0.012027 -0.000249 
0.012268 -0.003482 0.010801 0.006779 
0.003207 0.001845 0.003069 0.002067 
0.004022 0.009303 -0.001219 0.010061 
0.005814 -0.013592 0.014770 -0.000617 
0.017137 0.002837 -0.002533 0.017185 
0.008271 0.009723 -0.001703 0.012651 
-0.004290 0.006354 -0.005989 0.004787 
-0.004448 0.007451 -0.006934 0.005218 
-0.006063 -0.000546 -0.005850 -0.001686 
0.002091 0.014165 -0.011292 0.008803 
-0.000003 0.011875 -0.007885 0.008880 
0.001587 0.012952 -0.008937 0.009508 
0.007447 0.002813 0.006153 0.005051 
0.005108 0.001880 0.004763 0.002634 
-0.000513 -0.002004 -0.000468 -0.002015 
-0.003567 0.000362 -0.003583 0.000126 
0.003748 -0.008946 0.007482 -0.006173 
-0.010031 0.004483 -0.010766 -0.002194 
0.002655 0.005761 0.001414 0.006184 
0.004696 0.001508 0.004471 0.002082 
-0.001571 -0.009673 0.003207 -0.009261 
-0.007614 0.010490 -0.012922 0.001012 
0.004412 0.001546 0.004211 0.002031 
0.007658 -0.001699 0.007806 0.000770 
0.012497 -0.004325 0.011155 0.007102 
-0.007161 -0.014428 0.012361 -0.010328 
-0.009052 -0.009510 0.001656 -0.013024 
-0.008846 -0.007456 -0.002089 -0.011379 
-0.007334 -0.000150 -0.007013 -0.002150 
-0.010439 0.006680 -0.012091 -0.002721 
-0.002318 0.009040 -0.006008 0.007142 
0.002848 0.014904 -0.012737 0.008247 
0.004573 0.002205 0.004242 0.002790 
0.003364 -0.003306 0.003719 -0.002900 
0.003680 -0.004516 0.004409 -0.003808 
0.004769 0.001223 0.004580 0.001807 
0.008629 -0.002238 0.008807 0.001378 
-0.001386 0.000210 -0.001388 0.000196 
0.008857 0.005271 0.004825 0.009107 
0.000508 0.005739 -0.000475 0.005741 
0.015324 0.003113 0.001745 0.015539 
0.010216 0.003246 0.006671 0.008390 
-0.003557 0.007256 -0.005750 0.005677 
0.000615 0.008221 -0.002241 0.007934 
-0.002415 0.006641 -0.004024 0.005809 
-0.003311 0.009074 -0.007128 0.006518 
0.000370 0.006207 -0.000864 0.006158 
-0.003580 -0.005151 -0.002470 -0.005766 
0.005050 0.000164 0.004985 0.000824 
-0.002751 0.006347 -0.004216 0.005485 
-0.002071 0.004355 -0.002576 0.004076 
0.004272 -0.001352 0.004389 -0.000904 
-0.013543 0.002543 -0.009682 -0.009805 
0.001605 0.011945 -0.006945 0.009850 
-0.002657 -0.002713 -0.002448 -0.002903 
-0.000064 -0.002143 -0.000014 -0.002144 
0.000276 -0.003146 0.000437 -0.003127 
-0.003917 0.011479 -0.010732 0.005652 
-0.002224 0.005685 -0.003267 0.005157 
-0.009539 0.006579 -0.011543 -0.001010 
0.015696 -0.005789 0.007778 0.014812 
0.002666 0.008128 -0.000510 0.008539 
0.000996 0.007541 -0.001261 0.007501 
0.003747 0.001298 0.003630 0.001597 
-0.001396 -0.001774 -0.001349 -0.001810 
0.006595 0.001785 0.005981 0.003304 
0.002909 0.000816 0.002867 0.000952 
0.001827 0.002927 0.001644 0.003033 
-0.005842 -0.000204 -0.005717 -0.001224 
-0.002119 -0.008084 0.000861 -0.008313 
0.005127 -0.008678 0.008775 -0.004958 
0.001235 -0.002284 0.001314 -0.002240 
-0.001548 -0.001579 -0.001507 -0.001618 
-0.005455 -0.007718 -0.001463 -0.009337 
-0.007818 0.003576 -0.008587 0.000417 
-0.001946 -0.010337 0.003935 -0.009755 
0.003622 -0.012349 0.011682 -0.005400 
-0.002404 0.004590 -0.003013 0.004215 
-0.010402 0.003070 -0.010300 -0.003396 
-0.005083 -0.004608 -0.003829 -0.005693 
0.002269 0.008651 -0.001383 0.008837 
0.005365 -0.013072 0.013964 -0.002162 
-0.005750 -0.013047 0.008414 -0.011511 
-0.001558 -0.011275 0.005749 -0.009823 
-0.009943 -0.008366 -0.000029 -0.012994 
-0.010331 -0.002859 -0.006983 -0.008133 
0.002031 -0.002409 0.002151 -0.002302 
0.001821 -0.003003 0.002008 -0.002881 
0.005601 0.007407 0.001877 0.009095 
-0.001184 0.000867 -0.001194 0.000854 
0.001119 -0.003098 0.001290 -0.003031 
-0.007137 -0.008074 -0.001356 -0.010691 
-0.002526 -0.008803 0.001389 -0.009052 
-0.002935 -0.008921 0.001275 -0.009305 
-0.004953 0.007705 -0.007723 0.004925 
0.002849 0.009269 -0.001792 0.009530 
0.006582 0.005580 0.004018 0.007636 
-0.004652 -0.005741 -0.002877 -0.006806 
-0.002696 0.015963 -0.016165 0.000883 
-0.006124 0.001522 -0.006305 0.000243 
-0.001556 -0.005466 -0.000631 -0.005648 
-0.006149 -0.009317 0.000648 -0.011144 
-0.009908 0.002660 -0.009861 -0.002829 
0.011415 -0.000682 0.009350 0.006583 
0.004344 -0.011311 0.010919 -0.005253 
0.002809 -0.001486 0.002883 -0.001338 
0.006234 -0.002950 0.006763 -0.001352 
0.003318 -0.008738 0.006786 -0.006427 
-0.009584 0.004426 -0.010452 -0.001483 
0.016300 -0.005601 0.006278 0.016051 
0.012124 -0.003497 0.010831 0.006474 
-0.011362 0.003798 -0.010958 -0.004843 
0.005644 0.013752 -0.010109 0.010898 
0.012872 -0.005427 0.011486 0.007950 
0.001538 -0.008349 0.004460 -0.007224 
-0.004568 -0.011356 0.004639 -0.011327 
-0.001663 -0.010923 0.005075 -0.009814 
-0.002249 -0.013564 0.009947 -0.009493 
0.002253 0.002231 0.002134 0.002344 
0.008323 0.002194 0.006909 0.005134 
-0.003093 -0.004620 -0.002322 -0.005052 
-0.003125 0.008343 -0.006182 0.006415 
0.003490 0.009814 -0.002240 0.010172 
0.001608 0.008994 -0.002285 0.008846 
0.007432 0.000264 0.007059 0.002340 
-0.004443 0.002118 -0.004672 0.001549 
-0.001530 -0.001346 -0.001500 -0.001379 
-0.007460 0.000196 -0.007211 -0.001922 
-0.003052 0.008362 -0.006119 0.006466 
-0.008089 -0.005874 -0.004152 -0.009093 
-0.010169 0.007616 -0.012481 -0.002374 
-0.010357 0.001601 -0.009604 -0.004196 
-0.001914 0.014177 -0.013268 0.005349 
0.013170 0.004635 0.003170 0.013597 
-0.002768 0.003824 -0.003187 0.003482 
0.006043 0.003725 0.004885 0.005150 
0.004603 0.004905 0.003346 0.005835 
0.004618 0.009166 -0.000774 0.010235 
0.003779 0.011406 -0.004934 0.010956 
-0.004297 0.002036 -0.004504 0.001523 
0.008482 0.000205 0.007832 0.003262 
-0.006902 -0.008598 -0.000559 -0.011011 
-0.009170 -0.002463 -0.007098 -0.006307 
-0.002264 -0.000262 -0.002256 -0.000322 
0.009040 -0.001011 0.008650 0.002814 
-0.008796 -0.003671 -0.006197 -0.007242 
0.002521 0.013995 -0.010801 0.009250 
-0.003166 0.010405 -0.008549 0.006725 
0.000104 0.006324 -0.001191 0.006212 
0.003724 0.001252 0.003613 0.001544 
-0.004286 -0.000327 -0.004236 -0.000732 
-0.004528 -0.002416 -0.004160 -0.003006 
-0.000468 -0.001878 -0.000432 -0.001887 
-0.001378 0.003904 -0.001716 0.003767 
0.011857 0.001720 0.007606 0.009257 
0.009906 -0.004340 0.010622 0.002033 
0.008251 0.002860 0.006530 0.005799 
-0.000039 -0.011262 0.006809 -0.008970 
-0.009104 0.001632 -0.008931 -0.002404 
0.009287 -0.000050 0.008408 0.003944 
0.002349 0.000628 0.002329 0.000700 
-0.000067 0.010065 -0.005071 0.008694 
-0.002626 0.007906 -0.005225 0.006489 
-0.001686 0.001071 -0.001707 0.001037 
0.000882 0.003599 0.000626 0.003653 
0.005823 -0.003540 0.006496 -0.002061 
0.000278 -0.012495 0.009190 -0.008470 
-0.005948 -0.000491 -0.005759 -0.001567 
-0.003234 0.001864 -0.003359 0.001628 
-0.000947 0.003759 -0.001235 0.003675 
0.004099 -0.000965 0.004170 -0.000587 
0.005870 -0.002635 0.006295 -0.001334 
0.004334 -0.010972 0.010473 -0.005430 
0.006721 0.001743 0.006087 0.003340 
0.008105 -0.002202 0.008359 0.000820 
-0.000740 -0.001707 -0.000709 -0.001720 
-0.003463 0.002801 -0.003731 0.002434 
-0.002367 0.000636 -0.002385 0.000562 
0.007956 0.009219 -0.000624 0.012161 
0.004005 -0.014496 0.014898 -0.002055 
0.003018 -0.008554 0.006267 -0.006558 
-0.002252 -0.014849 0.012723 -0.007981 
-0.005747 -0.001769 -0.005321 -0.002803 
0.007986 0.007542 0.002107 0.010781 
0.005138 -0.011537 0.011944 -0.004103 
0.012374 -0.004051 0.011058 0.006875 
-0.003373 -0.000791 -0.003318 -0.000998 
-0.010439 -0.004089 -0.005865 -0.009554 
0.001854 -0.003478 0.002125 -0.003319 
0.004589 -0.000213 0.004585 0.000286 
-0.001840 -0.005055 -0.001070 -0.005272 
-0.009410 0.007580 -0.012051 -0.000886 
-0.007393 0.002944 -0.007947 0.000421 
-0.006703 0.001653 -0.006904 -0.000025 
-0.003249 -0.000152 -0.003236 -0.000329 
0.002089 -0.003793 0.002445 -0.003574 
-0.004459 -0.006013 -0.002565 -0.007033 
0.001466 0.001454 0.001434 0.001486 
0.001399 -0.006746 0.002989 -0.006207 
-0.003565 -0.001164 -0.003472 -0.001419 
-0.009373 0.001234 -0.008946 -0.003056 
0.001747 -0.003425 0.002002 -0.003282 
-0.008496 -0.004507 -0.005485 -0.007900 
-0.001935 0.007105 -0.003818 0.006297 
0.007102 -0.002846 0.007626 -0.000610 
0.000368 0.004663 -0.000159 0.004675 
0.003503 0.008360 -0.000236 0.009061 
-0.003409 0.006183 -0.004867 0.005115 
0.001166 0.004912 0.000513 0.005023 
0.006360 0.000917 0.006024 0.002238 
0.006222 0.007405 0.002085 0.009445 
-0.003908 -0.004629 -0.002969 -0.005281 
0.000617 0.007395 -0.001475 0.007273 
0.002827 0.002224 0.002673 0.002407 
-0.000074 0.007142 -0.001925 0.006878 
0.006484 -0.009839 0.011346 -0.003182 
-0.001213 -0.009108 0.002735 -0.008772 
0.004791 0.000195 0.004734 0.000759 
0.010536 -0.005077 0.011318 0.002951 
0.008751 0.005349 0.004743 0.009094 
0.002122 -0.006370 0.003530 -0.005711 
-0.012532 -0.005005 -0.003384 -0.013064 
0.003781 0.000184 0.003757 0.000462 
-0.006225 0.001795 -0.006465 0.000419 
-0.001704 -0.005951 -0.000505 -0.006170 
-0.000399 -0.009797 0.004302 -0.008811 
0.003407 -0.003272 0.003760 -0.002860 
0.002386 0.004027 0.001918 0.004270 
0.002080 -0.007730 0.004471 -0.006640 
-0.011668 0.006709 -0.012341 -0.005372 
0.005209 0.014954 -0.012932 0.009140 
-0.002371 0.009781 -0.006928 0.007301 
-0.000408 -0.003402 -0.000202 -0.003421 
0.000731 0.002053 0.000681 0.002070 
0.006144 -0.007628 0.009026 -0.003805 
-0.007467 0.003451 -0.008197 0.000695 
0.007431 0.005782 0.004123 0.008465 
-0.001881 -0.008973 0.002054 -0.008935 
-0.004080 0.000490 -0.004108 0.000134 
0.007644 -0.000010 0.007303 0.002255 
-0.010683 -0.004435 -0.005430 -0.010213 
-0.004384 0.004023 -0.005040 0.003162 
0.002578 0.007557 0.000005 0.007985 
0.005713 0.002645 0.005059 0.003747 
-0.001566 0.003822 -0.001895 0.003670 
-0.007144 0.003728 -0.007972 0.001178 
-0.006345 -0.001444 -0.005882 -0.002782 
0.000490 0.002559 0.000400 0.002574 
0.004197 -0.001723 0.004356 -0.001269 
0.011850 -0.004583 0.011374 0.005662 
0.004910 -0.008156 0.008054 -0.005076 
-0.004302 -0.011174 0.004334 -0.011161 
0.002283 -0.009371 0.006344 -0.007265 
0.007379 0.000560 0.006932 0.002590 
0.004452 0.007266 0.001492 0.008390 
-0.003012 0.003051 -0.003287 0.002752 
0.002796 -0.004322 0.003357 -0.003901 
0.010582 -0.007590 0.012616 0.003230 
0.003676 -0.000740 0.003720 -0.000472 
0.000476 0.002049 0.000429 0.002060 
0.009658 -0.004122 0.010360 0.001717 
-0.004465 -0.013281 0.008877 -0.010841 
-0.012886 -0.005307 -0.002501 -0.013710 
0.000277 -0.007153 0.002132 -0.006833 
-0.013207 0.004402 -0.010862 -0.008708 
-0.002923 0.003694 -0.003325 0.003337 
0.006535 -0.004719 0.007722 -0.002312 
-0.000509 -0.003282 -0.000322 -0.003306 
0.002063 -0.000888 0.002085 -0.000834 
-0.006590 0.007307 -0.009281 0.003268 
-0.009240 -0.002446 -0.007129 -0.006367 
-0.002537 -0.006249 -0.001018 -0.006667 
0.001421 -0.004208 0.001840 -0.004042 
-0.006766 -0.009992 0.001854 -0.011924 
-0.008022 0.010867 -0.013507 -0.000057 
-0.001651 0.010098 -0.006599 0.007820 
-0.000688 0.003949 -0.001012 0.003878 
0.001356 -0.001232 0.001377 -0.001208 
-0.001759 -0.003249 -0.001526 -0.003364 
0.004260 0.000554 0.004188 0.000956 
-0.008297 -0.004543 -0.005413 -0.007757 
-0.003175 -0.003198 -0.002824 -0.003511 
-0.007226 -0.007527 -0.002120 -0.010217 
0.000513 0.000276 0.000512 0.000277 
0.001784 0.002659 0.001641 0.002750 
-0.009061 0.006213 -0.010984 -0.000222 
0.004667 0.009445 -0.001181 0.010469 
-0.005940 0.005310 -0.007330 0.003122 
0.002670 -0.002179 0.002799 -0.002012 
0.007676 -0.002255 0.007992 0.000350 
0.000645 -0.009167 0.004446 -0.008043 
-0.002095 0.003391 -0.002365 0.003208 
0.002553 0.004950 0.001734 0.005293 
0.002253 -0.000781 0.002274 -0.000715 
0.001369 0.004721 0.000772 0.004855 
0.002400 -0.000396 0.002411 -0.000323 
0.000144 0.006292 -0.001133 0.006191 
0.007793 0.010807 -0.003796 0.012771 
-0.005095 0.008466 -0.008542 0.004966 
-0.011381 0.004523 -0.011310 -0.004698 
-0.007999 -0.005276 -0.004720 -0.008339 
-0.004288 0.007000 -0.006412 0.005126 
0.010034 0.002417 0.007303 0.007293 
-0.009079 -0.004943 -0.005156 -0.008959 
-0.001134 -0.004576 -0.000604 -0.004675 
0.006465 -0.002342 0.006839 -0.000715 
0.007549 -0.003658 0.008356 -0.000746 
-0.011989 0.009096 -0.013085 -0.007435 
-0.004864 0.005894 -0.006390 0.004190 
0.003382 -0.005365 0.004412 -0.004555 
-0.012639 0.004269 -0.011083 -0.007425 
-0.003289 -0.003964 -0.002719 -0.004375 
-0.010191 -0.008013 -0.000511 -0.012954 
-0.007157 -0.008030 -0.001421 -0.010662 
0.001195 0.001226 0.001176 0.001244 
0.004999 0.002573 0.004516 0.003349 
-0.002191 -0.010951 0.004801 -0.010083 
-0.010344 0.007517 -0.012498 -0.002705 
-0.004128 0.006929 -0.006176 0.005188 
0.000141 -0.000420 0.000141 -0.000419 
-0.013173 0.002623 -0.009990 -0.008978 
0.006529 0.000982 0.006147 0.002411 
0.004564 -0.009459 0.008934 -0.005521 
-0.008954 -0.006909 -0.002856 -0.010943 
-0.000846 0.015635 -0.015153 0.003946 
0.012319 0.004102 0.004835 0.012050 
-0.004723 0.009967 -0.009668 0.005308 
-0.009558 0.007154 -0.011889 -0.001087 
-0.002383 0.005330 -0.003277 0.004832 
0.004507 -0.001809 0.004692 -0.001250 
-0.000851 -0.002633 -0.000746 -0.002664 
-0.002935 0.002551 -0.003125 0.002315 
0.003490 0.011232 -0.004698 0.010783 
0.007983 0.008561 0.000530 0.011693 
0.009531 -0.001213 0.009030 0.003281 
0.004661 0.000121 0.004618 0.000641 
-0.000676 -0.002899 -0.000543 -0.002926 
-0.007053 0.003505 -0.007797 0.001114 
0.009943 0.007377 0.001771 0.012253 
0.003101 0.000069 0.003093 0.000223 
-0.007454 -0.001970 -0.006514 -0.004123 
-0.009037 -0.000518 -0.008033 -0.004172 
-0.002814 -0.005875 -0.001474 -0.006345 
0.000888 0.001849 0.000847 0.001868 
0.002877 0.014584 -0.012028 0.008736 
0.010467 0.001429 0.008011 0.006886 
0.005548 -0.001373 0.005699 -0.000426 
0.000852 -0.003013 0.001002 -0.002966 
0.010731 -0.007205 0.012462 0.003430 
-0.009235 -0.010579 0.004114 -0.013426 
0.000351 -0.008040 0.002962 -0.007482 
-0.001995 0.004071 -0.002414 0.003837 
0.011050 -0.002979 0.010492 0.004571 
0.008888 -0.001389 0.008690 0.002326 
-0.006503 -0.005841 -0.003768 -0.007888 
