-0.000072 0.013743 -0.011888 0.006896 
0.011042 0.037238 -0.038322 -0.006325 
0.045614 0.000210 0.020425 -0.040786 
0.006606 0.034774 -0.014662 0.032217 
0.008834 0.018944 -0.019266 -0.008106 
-0.007391 0.000142 -0.007101 -0.002054 
0.015750 -0.000363 0.003550 0.015349 
-0.012779 -0.018030 0.019379 0.010622 
0.003273 0.027326 0.021714 -0.016909 
-0.020643 0.022762 0.010480 0.028886 
-0.019378 -0.018270 0.001369 0.026597 
-0.021232 -0.013195 0.016407 0.018860 
0.016235 0.003406 -0.002495 0.016400 
0.027010 0.008391 -0.000197 -0.028283 
-0.021855 -0.001899 0.020161 -0.008648 
-0.001725 -0.006624 0.000021 -0.006845 
0.003652 -0.018452 0.015809 0.010193 
-0.008465 -0.018413 0.019587 0.005199 
-0.032188 -0.006864 -0.032714 0.003601 
-0.004172 -0.015412 0.014502 -0.006680 
0.009710 0.014789 -0.016093 0.007351 
-0.021729 0.003500 0.017726 -0.013046 
0.013700 -0.022658 -0.025225 0.008048 
-0.011378 0.022883 0.020265 -0.015570 
0.004173 -0.016258 0.016337 0.003854 
0.011329 -0.017982 0.001961 0.021163 
0.009142 0.018987 -0.019195 -0.008697 
0.010455 -0.038943 0.008450 0.039427 
-0.008141 -0.012111 0.008004 -0.012202 
-0.003856 0.002340 -0.004094 0.001894 
-0.007268 -0.011366 0.005662 -0.012245 
-0.017796 0.005557 0.000750 -0.018629 
0.012892 0.016477 -0.020601 -0.003645 
-0.008661 0.014743 -0.014395 -0.009228 
-0.007116 -0.001056 -0.006532 -0.003013 
-0.015287 -0.010338 0.014445 -0.011487 
-0.009702 -0.004452 -0.005242 -0.009298 
0.029775 0.011155 0.029773 -0.011160 
0.021592 -0.018872 -0.022516 -0.017760 
0.007294 0.012505 -0.008480 0.011733 
0.035137 0.009215 0.011862 0.034334 
-0.011513 -0.050851 0.042841 0.029715 
0.026942 -0.009469 -0.015174 -0.024193 
0.003662 -0.014383 0.014754 -0.001610 
0.005768 -0.012077 0.013254 -0.001855 
-0.010250 -0.008541 0.001385 -0.013270 
-0.024539 0.009113 0.025191 0.007115 
0.005280 -0.003851 0.006032 -0.002515 
0.003220 -0.000232 0.003228 -0.000047 
0.020880 -0.008929 -0.017275 0.014740 
0.004658 0.018412 -0.018727 -0.003161 
-0.000328 -0.029040 -0.028950 0.002318 
0.010220 -0.028587 -0.023114 -0.019683 
-0.010951 0.012773 -0.012907 -0.010792 
0.005993 -0.012115 0.013441 -0.001425 
0.006004 -0.019299 0.011261 0.016783 
-0.022131 0.005605 0.019810 -0.011347 
0.044841 0.000472 0.003882 -0.044676 
-0.018589 -0.009553 0.020187 -0.005412 
-0.012267 0.021240 0.015694 -0.018849 
-0.013077 0.022416 0.023064 -0.011898 
0.008260 -0.012350 0.014453 0.003446 
-0.005158 -0.015009 0.013811 -0.007818 
0.012706 0.000385 0.007701 0.010114 
-0.002228 0.007609 -0.004677 0.006402 
0.008024 -0.023640 -0.014443 0.020363 
0.022884 -0.012272 -0.025887 -0.002034 
-0.010242 -0.005764 -0.003447 -0.011236 
-0.030713 -0.017109 -0.018099 -0.030140 
0.005860 0.009180 -0.000924 0.010852 
0.023326 -0.028644 0.034796 0.012401 
0.014897 0.029134 0.024821 0.021321 
-0.019129 -0.023199 -0.027404 0.012375 
0.003110 0.005114 0.002048 0.005624 
-0.010076 -0.024267 -0.006906 0.025352 
-0.023756 -0.003884 0.023540 0.005030 
0.014717 0.013126 -0.018993 0.005304 
0.011348 0.014649 -0.017472 0.006171 
0.006188 0.010616 -0.003673 0.011726 
-0.006090 -0.029181 -0.029800 0.000769 
-0.009691 -0.006183 -0.003126 -0.011062 
0.013310 0.003918 0.003092 0.013525 
0.017410 -0.006708 0.000412 0.018653 
-0.021473 -0.001757 0.018863 -0.010410 
0.004950 0.001959 0.004586 0.002704 
0.008802 -0.016271 0.012766 0.013388 
-0.012158 -0.013683 0.016461 -0.008006 
0.044144 0.003289 -0.005869 -0.043875 
-0.001994 0.041740 0.009815 -0.040619 
-0.005061 0.006694 -0.007216 0.004284 
0.019932 0.011660 -0.021894 -0.007340 
0.010128 0.004560 0.005016 0.009910 
0.004582 -0.022871 -0.001202 0.023294 
-0.011479 0.016925 -0.004924 -0.019848 
-0.023805 0.010770 0.025647 0.004988 
0.003392 -0.004959 0.004305 -0.004191 
0.009741 -0.005277 0.010901 0.001976 
-0.000127 -0.004354 0.000328 -0.004343 
0.010285 -0.005650 0.011353 0.002970 
-0.029706 -0.009600 -0.025680 0.017752 
0.001514 0.024447 0.002435 -0.024372 
0.013021 0.020786 -0.009303 -0.022695 
-0.007800 -0.019249 0.018972 0.008451 
-0.014911 0.000879 -0.005835 -0.013750 
-0.014212 0.022309 0.025323 -0.007641 
-0.009890 0.009138 -0.013039 -0.003362 
0.012196 -0.019967 -0.009557 0.021357 
0.019893 0.005901 -0.018378 0.009633 
-0.016645 0.015984 0.012956 -0.019097 
-0.014253 0.001322 -0.007300 -0.012312 
0.005325 0.033344 0.005514 0.033314 
-0.012218 -0.000143 -0.008213 -0.009047 
-0.012631 0.022528 0.022301 -0.013028 
-0.001540 0.017548 -0.017171 -0.003934 
0.005411 -0.020446 0.008626 0.019311 
-0.043153 -0.000940 0.028344 0.032553 
0.010893 -0.012844 0.012945 0.010772 
0.015868 -0.030452 0.021827 -0.026508 
0.003874 -0.020941 0.009488 0.019066 
-0.021623 -0.007801 0.022838 0.002614 
-0.002593 -0.002654 -0.002385 -0.002843 
-0.001592 0.013356 -0.012076 0.005924 
-0.003425 0.014581 -0.014896 0.001568 
0.015088 0.015520 -0.021038 -0.005090 
-0.049984 -0.006252 -0.002135 -0.050328 
-0.008917 -0.012025 0.008401 -0.012391 
-0.015197 0.010867 -0.004980 -0.018007 
-0.020654 0.008654 0.015962 -0.015707 
-0.001764 -0.000801 -0.001748 -0.000837 
0.018576 -0.014626 -0.017605 0.015782 
0.009485 0.027742 0.027927 -0.008924 
-0.013918 0.009083 -0.009767 -0.013447 
-0.026183 -0.016291 -0.027196 0.014538 
-0.009946 0.002312 -0.009607 -0.003459 
-0.017465 0.004449 -0.000573 -0.018014 
-0.009057 0.030092 0.016525 0.026729 
0.023548 0.018083 0.021211 -0.020775 
-0.016742 -0.030402 -0.005342 -0.034294 
-0.036951 -0.003748 -0.005857 -0.036676 
-0.003107 -0.025542 -0.009602 0.023872 
-0.002695 0.006221 -0.004167 0.005348 
-0.009282 0.010909 -0.013828 -0.003733 
-0.023294 -0.000431 0.023087 -0.003127 
0.010051 0.004750 0.004825 0.010015 
0.020855 0.009498 -0.022558 -0.004038 
-0.000630 0.020808 -0.013809 -0.015578 
-0.014930 -0.023153 -0.012331 0.024635 
-0.009127 -0.023625 -0.000541 0.025321 
-0.023309 0.014721 0.024460 0.012718 
0.001925 0.000974 0.001900 0.001023 
-0.001735 0.004711 -0.002370 0.004426 
-0.003116 0.014647 -0.014855 0.001890 
0.003753 0.002066 0.003526 0.002435 
-0.008351 0.002610 -0.008688 -0.001035 
0.021365 0.007920 -0.022727 -0.001635 
-0.013288 0.016665 0.000699 -0.021303 
-0.008642 0.028161 0.027539 0.010457 
-0.030760 0.005933 -0.015023 0.027490 
0.034445 0.029650 0.040242 -0.021122 
-0.006174 0.022098 0.000672 -0.022935 
0.005461 -0.006527 0.007567 -0.003894 
-0.030411 0.033350 0.025920 0.036949 
0.016784 0.023387 0.020614 -0.020093 
0.036949 0.007809 -0.007737 0.036964 
0.024280 -0.005465 -0.024860 -0.001173 
0.002248 0.003517 0.001900 0.003716 
-0.033779 -0.014482 -0.000452 -0.036750 
-0.010169 0.006390 -0.011685 -0.002775 
-0.003615 0.011191 -0.010338 0.005606 
-0.000990 -0.015353 0.014545 -0.005014 
-0.024893 0.017608 0.006336 0.029826 
-0.005141 -0.030395 -0.028938 -0.010624 
-0.026722 0.034704 0.042719 0.009666 
-0.020658 0.000223 0.014354 -0.014858 
0.005363 0.010867 -0.004156 0.011383 
0.013603 -0.042716 -0.041673 -0.016525 
0.012051 -0.042325 -0.043938 0.002459 
0.008284 -0.050621 0.044742 0.025086 
0.016260 -0.021626 -0.027038 0.001005 
0.021630 0.012637 -0.016680 -0.018690 
-0.015437 -0.003662 0.000760 -0.015847 
0.015560 0.045146 0.016094 0.044959 
-0.023202 0.010796 0.025581 0.000731 
-0.018885 0.029159 -0.027976 0.020597 
-0.004353 0.011501 -0.011437 0.004520 
-0.021163 0.005337 0.015730 -0.015130 
-0.039445 -0.010233 0.040735 -0.001146 
-0.033498 0.011703 -0.033762 -0.010920 
-0.002041 0.037514 -0.037554 0.001081 
-0.013454 -0.014076 0.018886 -0.004743 
0.018624 0.012970 -0.021664 -0.006765 
-0.007319 -0.007570 -0.001658 -0.010398 
0.004562 -0.010707 0.010617 -0.004769 
-0.009712 0.006855 -0.011729 -0.001934 
-0.014240 -0.016120 0.020826 0.005378 
0.032030 0.025114 -0.038079 -0.014374 
0.008324 0.010134 -0.003362 0.012676 
0.028294 0.008854 0.012365 -0.026946 
0.026336 -0.009974 -0.018315 -0.021393 
-0.007469 -0.012483 0.008522 -0.011789 
0.022116 -0.014442 -0.026220 -0.003195 
-0.005513 -0.006965 -0.002070 -0.008638 
0.002083 0.042448 0.019269 -0.037880 
-0.005716 -0.020224 0.017516 0.011612 
0.005452 0.028529 0.028096 -0.007367 
0.007900 -0.008034 0.011217 -0.001067 
-0.006299 0.001050 -0.006375 -0.000379 
0.012983 0.010277 -0.009463 0.013588 
0.019337 0.018247 -0.001708 -0.026532 
-0.005062 0.011055 -0.011513 0.003911 
0.028814 0.006419 0.008860 -0.028160 
0.003406 -0.010527 0.009231 -0.006099 
0.029952 0.016108 0.028484 0.018581 
-0.016557 -0.006629 0.009494 -0.015098 
-0.017383 0.021483 0.027225 0.004743 
0.012878 0.009797 -0.008054 0.014034 
0.008421 -0.019066 0.006830 0.019692 
0.000852 0.008025 -0.002018 0.007813 
-0.011774 0.020718 0.011461 -0.020893 
-0.016439 -0.040989 -0.035448 0.026340 
-0.014604 -0.004186 -0.000319 -0.015188 
-0.005741 0.024385 0.012988 -0.021422 
0.031258 -0.010805 0.027412 -0.018505 
0.032628 0.017795 -0.009194 0.036010 
-0.011090 0.011946 -0.013071 -0.009739 
-0.007607 0.013303 -0.014879 -0.003666 
0.004198 -0.005304 0.005388 -0.004090 
-0.006927 0.007597 -0.009962 0.002540 
-0.002043 0.001169 -0.002077 0.001106 
-0.007884 -0.022875 0.005994 0.023441 
-0.018597 -0.007108 0.016496 -0.011147 
0.001021 0.006409 -0.000479 0.006472 
0.016493 -0.002908 0.003344 0.016410 
0.001892 -0.007841 0.004520 -0.006680 
-0.020226 0.013317 0.021307 -0.011507 
-0.010618 0.014448 -0.012061 -0.013267 
-0.019749 -0.003501 0.014657 -0.013692 
0.031069 -0.013115 0.030778 -0.013785 
-0.014020 -0.033516 0.020131 -0.030242 
-0.013192 0.023546 0.026498 -0.005129 
-0.007973 0.013967 -0.014983 -0.005844 
-0.014162 -0.032836 0.012262 -0.033592 
0.022191 -0.032292 0.014174 0.036529 
0.003124 0.001797 0.002988 0.002016 
0.008771 -0.031147 -0.007810 -0.031402 
-0.013205 -0.012766 0.015977 -0.009060 
-0.002603 0.014089 -0.013853 0.003655 
-0.000154 -0.006910 0.001648 -0.006712 
-0.016865 -0.009890 0.017094 -0.009489 
0.002110 0.018795 -0.018141 -0.005350 
-0.000708 -0.026941 -0.019906 0.018168 
-0.032954 0.007076 -0.032740 0.008009 
-0.003434 0.009961 -0.008528 0.006187 
0.040219 -0.002230 -0.034408 0.020945 
0.019721 -0.003817 -0.008907 0.018004 
0.002236 -0.020028 0.014379 0.014119 
0.017601 -0.013846 -0.011200 0.019392 
-0.029379 -0.029236 0.028392 0.030195 
0.014831 -0.006343 0.008327 0.013815 
0.003296 -0.015593 0.015927 0.000574 
0.014752 0.040592 0.020572 -0.037975 
0.007522 0.010262 -0.003256 0.012300 
-0.017034 0.005263 -0.002141 -0.017700 
-0.003343 0.020415 -0.012072 -0.016800 
-0.014310 -0.008984 0.008998 -0.014301 
0.017404 0.006312 -0.011410 0.014579 
0.015136 0.019939 -0.008362 -0.023596 
0.011733 -0.026167 -0.027877 -0.006726 
-0.006439 -0.005720 -0.003637 -0.007807 
-0.021828 -0.016336 -0.000615 0.027257 
-0.005755 0.027311 0.027265 -0.005970 
0.028539 -0.027259 0.001635 0.039431 
-0.017735 0.012395 0.008364 -0.019956 
-0.012046 -0.011833 0.011823 -0.012057 
-0.015807 0.002896 -0.005210 -0.015202 
0.024562 0.012518 -0.001564 -0.027524 
0.001023 -0.003797 0.001342 -0.003696 
-0.026339 -0.012056 -0.009572 0.027340 
-0.005653 0.022613 0.002205 -0.023205 
-0.006731 0.006736 -0.009134 0.002691 
0.025012 0.009712 -0.009915 -0.024932 
-0.040316 0.015799 0.037477 0.021690 
-0.020050 0.025455 -0.005314 0.031964 
-0.010513 0.027098 0.027689 0.008841 
-0.012173 0.037413 -0.021821 -0.032738 
-0.036648 0.008955 -0.009613 -0.036481 
0.006244 -0.000697 0.006248 0.000666 
-0.019303 0.026538 -0.008895 0.031587 
-0.003086 0.012281 -0.011446 0.005415 
-0.015496 -0.018223 0.015335 0.018359 
0.020631 0.006497 -0.020900 0.005573 
-0.000272 0.011655 -0.008128 0.008357 
-0.000050 -0.010494 0.005939 -0.008652 
0.011737 -0.004230 0.010882 0.006103 
-0.026689 -0.004582 0.013104 0.023698 
0.009191 0.002860 0.006624 0.006984 
0.006600 -0.021691 0.000360 0.022670 
0.010674 0.025296 0.015712 -0.022515 
0.030971 0.001598 0.018376 -0.024981 
0.015580 -0.046748 0.044436 -0.021298 
0.024649 0.005059 -0.021493 -0.013085 
-0.000732 0.005969 -0.001898 0.005707 
-0.004457 -0.006812 -0.001733 -0.007954 
-0.020707 0.016234 0.026312 0.000141 
-0.005023 0.027669 0.027672 -0.005006 
-0.000143 -0.001363 -0.000129 -0.001364 
0.001348 0.022229 -0.010119 -0.019838 
0.010359 -0.035514 0.036971 -0.001306 
-0.001585 -0.011334 0.006293 -0.009559 
-0.026902 -0.002390 0.015421 0.022173 
0.006242 0.001434 0.005762 0.002795 
-0.006635 0.000197 -0.006488 -0.001402 
0.010626 -0.031121 -0.000009 -0.032885 
-0.028944 0.016136 -0.024337 0.022490 
0.005049 -0.009218 0.009411 -0.004681 
-0.004867 -0.003154 -0.004203 -0.003996 
-0.029847 -0.001179 -0.007088 0.029018 
0.006264 0.008455 0.000294 0.010519 
-0.011685 0.027526 0.024471 0.017186 
0.007396 -0.018891 0.009769 0.017781 
-0.035920 -0.003014 -0.020844 -0.029409 
0.011961 0.015741 -0.019723 0.001357 
0.004881 0.000289 0.004800 0.000927 
0.013367 0.004891 0.001486 0.014156 
0.019933 0.007756 -0.020714 0.005329 
-0.036002 0.010014 -0.015824 -0.033852 
-0.008560 0.028187 0.027568 0.010381 
0.000307 0.022723 -0.006974 -0.021628 
0.011655 0.019282 -0.017513 -0.014175 
-0.007863 0.011868 -0.014116 -0.001848 
-0.012445 -0.016489 0.020478 0.002723 
-0.015196 -0.020832 0.002862 0.025626 
-0.034532 0.002159 -0.033563 -0.008405 
0.001111 -0.017232 0.017110 0.002328 
0.001130 0.004027 0.000737 0.004117 
0.013779 0.005169 0.000287 0.014714 
0.019548 -0.006037 -0.008604 0.018561 
0.003036 -0.016970 0.016735 0.004139 
0.011681 -0.022751 -0.020557 0.015213 
0.000476 -0.039159 0.032275 0.022181 
0.043373 -0.009818 -0.014421 -0.042067 
0.007998 -0.014854 0.014884 0.007941 
-0.016697 0.011219 0.001315 -0.020073 
0.013620 -0.013024 0.006966 0.017510 
0.014514 -0.017263 -0.007905 0.021123 
-0.025098 0.009021 0.024249 0.011102 
0.015552 0.033945 -0.030651 0.021323 
0.012441 0.016131 -0.020338 -0.001161 
0.008769 -0.016055 0.013114 0.012754 
-0.031460 0.022844 -0.006184 -0.038384 
0.008561 0.029284 0.030260 0.003902 
0.007624 0.001590 0.006682 0.004000 
-0.007579 0.019549 -0.007218 -0.019685 
-0.010125 -0.005367 -0.004041 -0.010723 
-0.003454 0.022661 -0.002230 -0.022814 
0.028989 0.002638 0.001261 -0.029081 
0.000587 0.016050 -0.015780 0.002989 
-0.024729 -0.012580 0.000104 0.027744 
-0.033899 -0.014651 0.002308 -0.036857 
-0.002944 -0.042909 -0.027422 0.033134 
0.009434 0.001941 0.007281 0.006304 
-0.008741 0.029470 0.021891 0.021579 
-0.019852 0.048292 -0.015859 -0.049746 
-0.016103 0.033946 -0.035152 -0.013266 
-0.009303 0.040669 0.015587 -0.038698 
0.009234 -0.001510 0.008882 0.002942 
0.007204 -0.000469 0.007042 0.001589 
0.004839 -0.022316 0.001310 0.022797 
0.007470 -0.018396 0.010971 0.016548 
0.000115 -0.010944 0.006796 -0.008579 
-0.010178 -0.006774 -0.001954 -0.012069 
-0.019867 0.017985 0.026720 0.002053 
0.008173 -0.002264 0.008414 0.001064 
0.012427 -0.011685 0.011292 0.012785 
0.014535 -0.011048 0.006867 0.016916 
0.007704 -0.008176 0.011152 -0.001349 
0.026806 0.000765 -0.017773 -0.020081 
-0.008556 -0.008645 0.000416 -0.012156 
-0.013212 0.014829 -0.004760 -0.019282 
0.005085 -0.007275 0.007672 -0.004464 
-0.015455 -0.012282 0.018710 -0.006295 
0.004627 -0.022931 -0.001645 0.023335 
0.003820 -0.025764 -0.017570 0.019227 
-0.031890 -0.009513 -0.033099 -0.003456 
-0.041241 -0.019802 -0.037868 0.025670 
-0.048241 -0.004099 -0.044133 -0.019907 
-0.016171 -0.022573 -0.012864 0.024607 
0.011195 -0.017774 0.003142 0.020770 
-0.002515 -0.034354 0.006043 -0.033912 
0.014680 0.010375 -0.013187 0.012217 
0.006185 -0.003367 0.006864 -0.001575 
0.003709 -0.006339 0.005402 -0.004976 
0.005627 -0.009348 0.010158 -0.003982 
0.016027 -0.001120 0.003499 0.015680 
-0.017867 0.007081 0.001641 -0.019149 
-0.017056 -0.002590 0.003740 -0.016841 
0.003438 0.013178 -0.009442 0.009815 
0.010139 -0.004278 0.010613 0.002908 
-0.004617 0.015427 -0.015928 -0.002369 
0.001013 0.000155 0.001012 0.000161 
0.009307 -0.006031 0.011032 0.001132 
-0.001486 0.016306 -0.016373 0.000064 
-0.008387 -0.018529 0.019537 0.005655 
-0.034260 -0.011164 -0.013722 -0.033318 
-0.005842 -0.017444 0.018387 -0.000566 
0.015415 0.033200 -0.022411 0.028941 
0.035243 0.000270 0.029798 0.018822 
0.007198 -0.020508 0.004385 0.021288 
0.018141 0.006520 -0.014096 0.013149 
0.006089 0.007927 0.001047 0.009941 
0.014574 -0.022587 -0.026533 0.004312 
-0.024716 -0.005949 0.020195 0.015442 
0.013784 -0.005038 0.009845 0.010884 
0.008436 -0.024827 -0.021647 0.014797 
0.013144 -0.036322 0.029342 0.025122 
-0.048504 -0.000865 -0.044522 -0.019267 
-0.027717 0.006174 0.013415 0.025028 
0.008762 -0.018283 0.008482 0.018414 
0.002204 -0.003743 0.002580 -0.003494 
0.001501 0.012824 -0.009274 0.008983 
0.032112 0.003912 0.029791 -0.012609 
-0.004152 -0.004564 -0.003112 -0.005328 
-0.036639 0.005203 -0.016265 -0.033241 
-0.021437 -0.006712 0.022423 -0.001347 
0.019025 -0.016419 -0.023369 0.009242 
-0.014257 0.008035 -0.009368 -0.013418 
0.004099 0.016867 -0.017163 0.002599 
-0.015281 0.020415 0.022504 -0.011993 
0.005242 0.030853 0.027290 0.015318 
0.006332 -0.017458 0.014488 0.011618 
-0.018504 0.011264 0.009736 -0.019352 
-0.009275 0.015964 -0.012429 -0.013652 
-0.006744 0.008510 -0.010517 0.002702 
0.009995 -0.028263 -0.025152 -0.016311 
-0.007090 -0.024382 -0.003169 0.025193 
-0.026958 -0.017869 -0.032282 -0.001973 
0.005603 -0.021528 0.003597 0.021953 
-0.012211 0.012707 -0.010890 -0.013856 
0.015161 -0.007311 0.007477 0.015080 
-0.038189 -0.017109 0.033624 0.024912 
-0.013351 0.036990 -0.021020 -0.033237 
-0.013580 -0.012240 0.015414 -0.009832 
0.016540 0.018946 -0.009258 -0.023383 
-0.013844 -0.018736 0.016551 0.016393 
0.003386 0.001137 0.003298 0.001372 
-0.006392 -0.009415 0.001323 -0.011303 
-0.006518 0.006561 -0.008785 0.002890 
-0.010214 -0.025979 -0.019510 0.019965 
0.006318 0.026726 0.019287 -0.019550 
-0.010801 0.012918 -0.013022 -0.010676 
-0.001097 0.001592 -0.001130 0.001569 
0.021951 -0.010445 -0.022980 0.007929 
-0.024920 -0.004197 0.021659 0.013020 
-0.019582 -0.001126 0.011152 -0.016135 
-0.014523 0.006287 -0.008942 -0.013057 
-0.015465 0.013873 0.001545 -0.020718 
0.011889 0.007057 -0.000238 0.013823 
0.003621 -0.011605 0.010922 -0.005339 
-0.002356 -0.013175 0.009687 -0.009235 
-0.033616 0.002002 -0.033511 0.003328 
0.003209 0.013613 -0.010465 0.009278 
-0.029660 -0.006604 -0.016913 0.025245 
-0.000540 -0.007148 0.001477 -0.007015 
-0.009078 -0.004877 -0.004879 -0.009077 
0.001936 -0.000430 0.001945 -0.000388 
-0.020049 -0.028354 -0.008910 -0.033563 
0.024576 0.024470 0.015046 0.031247 
-0.024207 -0.010393 0.012304 0.023294 
0.004616 -0.004701 0.005598 -0.003475 
0.002665 0.002371 0.002492 0.002552 
-0.027835 0.030039 0.021616 -0.034783 
0.006462 0.030110 0.029442 0.009031 
-0.030447 0.007322 -0.013642 0.028188 
0.001099 -0.000947 0.001110 -0.000934 
-0.005279 0.036386 -0.035460 0.009715 
0.017167 -0.004863 0.001677 0.017763 
-0.006826 -0.016982 0.018194 -0.001986 
-0.022472 0.010924 0.024680 -0.003901 
0.008228 0.034656 -0.016099 0.031774 
-0.013254 0.001711 -0.008770 -0.010083 
0.000023 0.012746 -0.009926 0.007996 
-0.018390 -0.012715 0.021841 0.004777 
-0.013212 0.025225 0.027697 0.006611 
-0.028356 -0.013551 -0.028953 0.012224 
-0.028160 0.007990 0.007847 0.028201 
-0.003044 0.043951 0.042794 -0.010472 
-0.008158 -0.006339 -0.003275 -0.009798 
0.030687 0.020694 -0.010291 0.035553 
0.010742 0.011469 -0.008960 0.012909 
-0.000831 -0.012008 0.008014 -0.008981 
0.013058 0.019732 -0.014205 -0.018923 
0.001128 0.018716 -0.017887 -0.005623 
-0.000597 -0.003225 -0.000405 -0.003255 
-0.009532 0.014679 -0.013480 -0.011164 
-0.009525 -0.038275 0.035218 0.017759 
-0.027909 -0.008432 -0.007521 0.028168 
0.007295 -0.026348 -0.025889 0.008786 
-0.031675 -0.015817 -0.016658 -0.031240 
-0.013476 -0.019989 0.012296 0.020735 
0.013631 -0.016123 -0.000304 0.021111 
0.011599 -0.018007 0.000928 0.021400 
0.008291 -0.015206 0.014488 0.009490 
0.002604 -0.012513 0.011417 -0.005745 
0.004661 -0.015132 0.015741 0.001712 
0.011452 -0.014724 0.009985 0.015756 
-0.010815 -0.024357 -0.009163 0.025026 
0.018890 0.034765 -0.038163 -0.010444 
-0.002102 0.025113 0.010698 -0.022817 
-0.033462 -0.003361 -0.033598 -0.001466 
-0.028037 0.001848 0.011755 0.025520 
0.000618 0.011961 -0.008059 0.008860 
-0.002970 0.024910 0.010731 -0.022676 
0.015776 0.019047 -0.011104 -0.022100 
-0.035023 0.028994 0.013664 0.043366 
-0.020833 -0.002647 0.017485 -0.011632 
0.010692 0.005896 0.002974 0.011843 
0.032718 0.006661 0.033338 0.001859 
0.004412 -0.037835 0.036902 0.009444 
0.030610 0.007170 0.025741 -0.018049 
0.002321 0.022080 -0.011271 -0.019128 
-0.020522 0.007229 0.013965 -0.016685 
0.042694 0.008311 -0.016442 -0.040268 
-0.001285 0.044554 0.044555 -0.001266 
-0.008346 -0.007466 -0.001680 -0.011072 
0.022782 0.011886 -0.014428 -0.021264 
0.024535 0.014247 0.006892 -0.027522 
-0.020430 -0.004762 0.018512 -0.009868 
-0.002578 -0.016425 0.016279 -0.003379 
-0.023447 -0.015224 -0.004631 0.027570 
0.011847 0.001835 0.007023 0.009716 
-0.001063 -0.006355 0.000405 -0.006431 
-0.011197 -0.005763 -0.002777 -0.012283 
-0.008599 0.008088 -0.011804 -0.000147 
-0.000539 -0.012085 0.008345 -0.008759 
-0.015463 0.007591 -0.006604 -0.015910 
-0.012704 0.027700 0.020548 0.022505 
0.039484 -0.001827 -0.025508 0.030194 
-0.012942 0.007392 -0.011361 -0.009647 
0.016590 -0.012559 -0.003415 0.020525 
0.011000 0.005284 0.003642 0.011647 
0.024547 -0.010136 -0.024948 -0.009104 
-0.020032 -0.015517 0.012554 0.022010 
-0.003066 0.001735 -0.003177 0.001521 
0.000725 0.016929 -0.016936 0.000555 
0.015059 0.016886 -0.019642 -0.011230 
0.001034 0.004957 0.000326 0.005053 
-0.015727 0.018184 0.016451 -0.017531 
0.002813 0.002346 0.002632 0.002548 
-0.010524 -0.025983 -0.020115 0.019525 
-0.008442 0.025589 0.024860 -0.010396 
-0.012470 0.004138 -0.010616 -0.007740 
-0.007776 -0.013756 0.011978 -0.010307 
0.006779 -0.015342 0.015487 0.006441 
0.004742 -0.019251 0.013307 0.014698 
-0.023075 0.001175 0.022368 -0.005789 
0.000177 0.014105 -0.012461 0.006611 
0.028362 -0.004325 -0.009353 -0.027122 
-0.003810 -0.014538 0.012541 -0.008281 
0.010561 -0.021052 -0.008683 0.021894 
0.000629 0.015256 -0.014452 0.004926 
-0.006287 -0.009092 0.000749 -0.011029 
-0.014368 -0.016108 0.020826 0.005673 
-0.002850 -0.005159 -0.001817 -0.005606 
0.008525 0.011933 -0.007836 0.012396 
0.009338 -0.011590 0.014095 0.004782 
0.010907 -0.028440 -0.022039 -0.021025 
0.011297 0.036109 -0.036404 0.010308 
-0.014198 -0.008710 0.008087 -0.014562 
-0.012191 0.002586 -0.009951 -0.007503 
-0.013278 -0.003422 -0.003834 -0.013165 
-0.001331 0.002778 -0.001474 0.002704 
-0.019133 0.022094 0.022271 0.018927 
0.029544 0.010814 0.027864 -0.014608 
0.026231 0.006894 -0.010698 -0.024923 
-0.021702 0.001706 0.017829 -0.012490 
0.000235 -0.007373 0.002401 -0.006975 
0.005248 -0.012674 0.013579 -0.001944 
-0.013197 -0.007805 0.003905 -0.014827 
0.011995 0.011444 -0.010735 0.012634 
0.000873 0.010436 -0.005208 0.009086 
0.002960 0.015112 -0.013808 0.006818 
-0.001457 -0.027417 -0.022422 0.015845 
-0.012937 0.037293 -0.019353 -0.034403 
0.010589 0.031307 0.018541 0.027359 
0.019126 -0.026356 0.005928 -0.032021 
0.005091 -0.013921 0.014822 -0.000156 
0.014114 -0.005310 0.009466 0.011740 
0.026208 0.002875 -0.018468 -0.018816 
-0.011384 0.005753 -0.011606 -0.005292 
0.003751 0.000007 0.003739 0.000297 
0.012670 -0.002756 0.009821 0.008467 
0.007304 0.014235 -0.012875 0.009498 
-0.050706 0.011303 0.025028 -0.045525 
0.001559 -0.011690 0.009226 -0.007347 
0.025531 -0.005680 -0.024031 -0.010324 
0.006836 0.018775 -0.019213 -0.005483 
0.000131 0.026437 0.017063 -0.020194 
-0.016043 -0.052422 -0.028269 0.046971 
-0.007615 -0.029291 -0.030177 -0.002301 
0.004004 -0.015322 0.015802 0.001038 
0.033630 0.025319 -0.023558 -0.034887 
-0.016859 0.026174 0.011383 0.028978 
-0.000673 0.036373 -0.031028 0.018991 
0.047100 -0.005383 0.045195 -0.014310 
-0.011641 0.015050 -0.008955 -0.016788 
-0.014017 0.000703 -0.007173 -0.012063 
-0.012353 0.016993 -0.001742 -0.020936 
-0.010330 0.022657 0.016039 -0.019047 
-0.017927 0.002761 0.001588 -0.018068 
0.017922 -0.005474 -0.001240 0.018699 
-0.007330 -0.015789 0.016428 -0.005757 
-0.017549 0.018534 0.023819 -0.009171 
-0.017063 0.022493 0.026754 0.009019 
0.001980 0.030307 0.029006 0.009007 
-0.013651 0.002788 -0.009013 -0.010624 
-0.008276 -0.004555 -0.005148 -0.007921 
0.011782 0.031020 0.018294 0.027684 
0.021301 -0.016745 -0.026356 -0.006282 
0.018633 -0.019761 -0.027010 -0.002844 
-0.039195 -0.009138 0.038698 -0.011053 
0.010066 -0.036943 0.033895 0.017812 
-0.002549 -0.022895 0.007480 0.021789 
0.005117 -0.004033 0.005912 -0.002738 
-0.002043 0.012864 -0.011558 0.006006 
0.005113 0.017487 -0.018212 0.000506 
0.031995 -0.018199 0.029096 0.022546 
-0.020681 0.025406 -0.009947 0.031213 
-0.002743 -0.009022 0.001822 -0.009252 
0.004002 -0.016619 0.016455 0.004629 
0.022501 -0.001013 -0.020802 0.008637 
-0.011472 -0.034827 0.026333 -0.025517 
0.016746 0.001904 -0.001788 0.016759 
-0.016346 -0.006715 0.009059 -0.015172 
0.030424 -0.006914 0.012821 -0.028444 
-0.003122 0.011111 -0.009756 0.006165 
-0.030415 0.001272 -0.010379 0.028618 
-0.009352 -0.016630 0.019020 -0.001505 
-0.006311 0.044769 0.041672 0.017536 
-0.015055 -0.024763 -0.023338 0.017182 
-0.001329 0.000678 -0.001337 0.000662 
0.011836 0.036630 -0.038493 0.000313 
0.014684 -0.020500 -0.020954 0.014029 
0.001132 -0.012536 0.010328 -0.007195 
0.004105 0.011232 -0.005060 0.010835 
-0.007308 -0.002297 -0.006201 -0.004498 
-0.039562 -0.001714 0.029024 -0.026938 
0.010888 0.041823 0.024520 -0.035587 
-0.002195 0.002628 -0.002360 0.002481 
0.033188 -0.002081 0.032156 -0.008474 
-0.001052 0.007518 -0.003345 0.006815 
0.015295 0.013211 -0.019883 0.003624 
-0.000328 -0.017093 0.017093 0.000328 
-0.018908 -0.012370 0.021901 0.005559 
0.018570 0.004517 -0.011997 0.014876 
0.003586 -0.008943 0.007502 -0.006046 
-0.003521 -0.024702 -0.003595 0.024691 
-0.018167 -0.015638 0.017819 0.016034 
0.007062 0.024230 0.002062 -0.025154 
0.014930 -0.018582 -0.014683 0.018778 
0.002807 -0.025325 -0.013171 0.021812 
0.008238 -0.000763 0.007940 0.002322 
-0.003303 0.007068 -0.005443 0.005588 
-0.002712 -0.031341 -0.025046 -0.019035 
-0.002902 -0.020196 0.017083 0.011157 
-0.032447 -0.015556 -0.009877 -0.034602 
0.018969 0.030932 -0.014654 0.033195 
0.013037 0.016115 -0.020592 -0.002367 
-0.021644 -0.000725 0.018727 -0.010875 
-0.026880 0.004063 0.019379 0.019065 
0.010041 -0.000077 0.008574 0.005227 
0.027798 0.001231 -0.010973 -0.025570 
0.002126 0.012779 -0.008916 0.009398 
0.003886 -0.003268 0.004309 -0.002686 
0.022351 0.018503 0.016732 -0.023706 
0.021415 -0.016665 -0.026285 -0.006736 
-0.007504 -0.013015 0.009903 -0.011298 
-0.008652 0.005514 -0.010259 -0.000125 
-0.012363 0.007708 -0.011932 -0.008359 
0.002884 -0.009013 0.006807 -0.006574 
-0.002640 0.016230 -0.016392 -0.001300 
-0.028912 -0.034508 -0.038740 0.022933 
-0.032492 0.009167 -0.032418 0.009426 
0.004338 -0.022641 0.000608 0.023045 
-0.005632 -0.019859 0.018127 0.009874 
0.011614 0.030767 0.020929 0.025366 
-0.006791 0.028721 0.028059 0.009149 
-0.005665 -0.012984 0.009055 -0.010894 
-0.014764 -0.016531 0.020372 0.008733 
0.001289 0.020496 -0.015859 -0.013049 
0.032581 0.013893 0.018334 0.030305 
0.023678 0.010803 -0.013714 -0.022120 
0.020083 0.028739 0.004384 0.034785 
0.014320 0.046600 -0.010654 0.047572 
-0.014295 0.004641 -0.008989 -0.012046 
0.008692 -0.045622 -0.022379 -0.040696 
0.005026 -0.038869 0.029162 0.026185 
0.018464 0.012520 -0.021889 -0.004303 
-0.005105 -0.014848 0.013430 -0.008135 
0.012551 0.020848 -0.009998 -0.022185 
0.000759 -0.003539 0.001012 -0.003475 
-0.003122 0.021864 -0.006826 -0.021005 
-0.006152 -0.015237 0.014665 -0.007413 
-0.024809 0.007455 0.025027 0.006687 
-0.007354 -0.002805 -0.005992 -0.005103 
-0.012249 0.019392 0.007179 -0.021785 
-0.010708 -0.002781 -0.006632 -0.008855 
-0.021950 -0.003153 0.021241 -0.006372 
0.034363 0.013629 -0.001762 0.036926 
0.034830 0.006199 0.025060 0.024971 
-0.008647 0.025424 0.024584 -0.010807 
-0.020697 -0.011120 0.021726 0.008944 
-0.012916 0.013539 -0.008173 -0.016833 
-0.000826 -0.018497 0.017835 0.004976 
0.010362 0.024513 0.009322 -0.024927 
0.027611 0.002511 -0.010535 -0.025645 
0.002621 -0.010416 0.008290 -0.006829 
0.018813 -0.004380 -0.004865 0.018693 
0.017957 -0.022245 -0.025535 -0.012856 
0.005339 -0.034053 0.013853 -0.031563 
0.015267 -0.000613 0.004886 0.014477 
0.014604 0.002515 0.002816 0.014549 
0.017497 -0.014329 -0.011993 0.019174 
-0.032882 -0.015995 -0.001449 -0.036538 
0.010538 -0.010060 0.013382 0.005758 
0.033948 -0.015377 0.022022 0.030066 
-0.009413 0.006737 -0.011497 -0.001345 
-0.020919 -0.011190 0.021380 0.010282 
0.011141 0.028855 0.030395 0.005734 
-0.025709 -0.014315 -0.015698 0.024888 
0.013697 -0.009700 0.009970 0.013502 
0.014652 -0.012437 0.004589 0.018663 
0.008219 -0.006410 0.010401 -0.000669 
-0.023911 0.020713 -0.002642 0.031524 
-0.004154 0.010960 -0.010542 0.005121 
-0.010691 -0.012294 0.011055 -0.011969 
0.017950 0.006998 -0.014405 0.012794 
-0.041302 0.020017 -0.006908 0.045374 
-0.023155 0.013569 0.025687 0.007777 
-0.017042 -0.009486 0.016738 -0.010014 
0.037288 0.019629 -0.028248 -0.031269 
-0.009101 0.022012 0.008704 -0.022172 
-0.001545 -0.002358 -0.001441 -0.002423 
-0.014251 0.006498 -0.009454 -0.012487 
0.011317 -0.010726 0.013043 0.008544 
0.013162 -0.008123 0.011167 0.010701 
-0.001695 0.015545 -0.015532 0.001809 
-0.011269 0.020844 0.010204 -0.021385 
0.029006 -0.019769 0.034934 -0.003425 
-0.017203 0.007368 -0.000884 -0.018693 
0.021289 -0.019778 -0.021088 -0.019992 
0.000711 0.011997 -0.008067 0.008908 
0.010023 0.012197 -0.009978 0.012233 
-0.000369 0.016427 -0.016400 0.001016 
0.001830 0.028690 0.028017 -0.006440 
0.012234 0.009534 -0.006263 0.014190 
-0.010090 0.025962 0.027784 -0.001959 
-0.002596 -0.015870 0.015318 -0.004894 
0.006963 -0.020336 0.005688 0.020729 
-0.012312 -0.040056 0.002293 0.041843 
-0.005513 0.030978 0.019197 0.024930 
-0.004144 -0.013843 0.010938 -0.009442 
-0.015237 0.039013 0.023836 -0.034439 
-0.023174 0.004760 0.022845 -0.006146 
-0.030303 0.006542 -0.011099 0.028946 
-0.005698 -0.003377 -0.004724 -0.004642 
0.006621 -0.013086 0.014617 0.001198 
-0.017429 0.002315 -0.000017 -0.017582 
0.003706 0.016538 -0.016577 0.003530 
-0.001726 0.005984 -0.002955 0.005483 
0.017341 -0.000498 -0.000995 0.017319 
0.002772 0.004948 0.001857 0.005358 
-0.001011 -0.011693 0.007308 -0.009184 
-0.004844 -0.004582 -0.003589 -0.005619 
-0.018933 -0.009615 0.020855 -0.003994 
0.043819 0.003277 -0.012573 -0.042105 
-0.019424 0.016669 0.024839 -0.006177 
-0.001460 -0.020001 0.016877 0.010833 
-0.025834 -0.004885 0.017331 0.019771 
0.015648 -0.013041 -0.000383 0.020366 
0.011151 0.016621 -0.019996 -0.000878 
0.002002 -0.025254 -0.011494 0.022576 
-0.002990 -0.016055 0.015665 -0.004617 
-0.001384 0.025553 0.012668 -0.022235 
-0.006993 -0.006643 -0.002840 -0.009218 
-0.032046 0.004790 -0.025773 0.019639 
0.008093 0.015499 -0.016310 0.006303 
0.015507 0.017717 -0.017028 -0.016260 
-0.025496 -0.020383 -0.031565 -0.008317 
0.013145 0.036027 -0.038132 0.004081 
-0.013811 0.014900 -0.002464 -0.020167 
-0.011396 0.035660 -0.036886 -0.006399 
-0.039122 -0.009644 0.039094 -0.009756 
-0.029354 -0.000189 -0.001120 0.029333 
-0.015452 0.038107 0.010968 -0.039631 
-0.009242 0.047265 -0.018603 0.044422 
-0.022285 -0.005158 0.022861 -0.000767 
-0.022743 -0.001196 0.022157 -0.005267 
-0.024245 -0.016363 -0.016315 0.024277 
0.002065 -0.022583 0.004930 0.022135 
0.013268 0.021668 -0.003467 -0.025170 
-0.014859 -0.034112 0.029787 -0.022298 
-0.012783 -0.032112 -0.002932 -0.034439 
-0.008988 0.008043 -0.012031 -0.000856 
0.007279 -0.004824 0.008613 -0.001438 
-0.012409 0.018967 0.005960 -0.021868 
0.009925 0.009334 -0.002786 0.013337 
0.010353 -0.000012 0.008609 0.005751 
0.009332 -0.015989 0.012294 0.013842 
-0.000584 0.000800 -0.000588 0.000796 
-0.014628 0.002938 -0.007715 -0.012771 
-0.013240 0.007279 -0.011012 -0.010344 
0.022117 0.017173 0.007326 -0.027026 
-0.018904 -0.023581 -0.028294 0.010624 
-0.006619 0.045334 0.034878 0.029706 
-0.015086 -0.028334 -0.028599 -0.014577 
0.013824 0.001750 0.005114 0.012962 
0.016214 -0.033394 0.036488 0.006828 
-0.041035 -0.017786 -0.018466 0.040733 
0.008180 -0.008480 0.011773 -0.000461 
-0.012479 -0.006812 0.000593 -0.014205 
0.010139 -0.003022 0.010021 0.003394 
-0.016831 -0.018568 0.010223 0.022881 
-0.018695 0.004701 0.004371 -0.018775 
0.002498 0.026816 0.018534 -0.019540 
-0.008714 0.034419 -0.027930 0.021921 
-0.015702 0.043458 0.020690 0.041317 
-0.008959 0.041283 0.024346 -0.034523 
-0.029088 -0.023271 0.016556 -0.033370 
0.005280 0.021953 -0.012199 -0.019000 
0.000037 -0.001608 0.000060 -0.001607 
0.010595 -0.027042 -0.027702 -0.008723 
-0.029974 0.019992 -0.034671 -0.009800 
0.011339 -0.014843 0.010054 0.015741 
-0.009590 -0.033836 0.008716 -0.034072 
0.010279 -0.015640 0.011052 0.015103 
0.018949 -0.004684 -0.005481 0.018734 
-0.013681 0.016453 0.001556 -0.021341 
0.013543 0.026615 0.028755 -0.008059 
-0.007684 0.007529 -0.010655 0.001480 
-0.000943 -0.008792 0.002812 -0.008383 
0.006067 0.016668 -0.017427 0.003308 
0.000591 -0.005030 0.001293 -0.004896 
0.004316 0.011805 -0.006237 0.010912 
-0.014635 -0.009426 0.010807 -0.013647 
-0.025029 -0.023356 -0.020739 -0.027237 
-0.033779 0.002988 -0.033883 0.001369 
-0.004948 0.011275 -0.011678 0.003903 
-0.011170 -0.004100 -0.005063 -0.010768 
0.009699 -0.023723 -0.019470 0.016666 
0.008059 0.004361 0.005268 0.007497 
-0.019101 -0.011379 0.022081 0.002601 
-0.010873 -0.015340 0.018260 -0.004486 
-0.012698 0.007784 -0.011661 -0.009265 
0.013499 0.013928 -0.018696 0.005161 
-0.013264 -0.026335 -0.027251 0.011263 
-0.038964 0.009713 0.028227 -0.028561 
0.000289 -0.020487 0.014926 0.014037 
-0.003285 0.020796 -0.010905 -0.018009 
-0.007072 0.027825 0.028630 0.002141 
0.000251 0.026410 0.016797 -0.020381 
-0.011403 -0.004926 -0.003831 -0.011816 
-0.018751 0.018997 0.026691 -0.000290 
0.001333 -0.004857 0.001996 -0.004624 
0.013987 -0.006095 0.009830 0.011669 
-0.013712 0.005125 -0.009964 -0.010724 
0.029222 0.011640 0.028233 -0.013869 
0.015722 0.012016 -0.018699 0.006473 
0.022631 0.003261 -0.022700 0.002741 
0.007589 -0.023680 -0.013476 0.020898 
0.015346 -0.015359 -0.005136 0.021096 
0.023498 -0.017271 -0.017973 -0.022966 
0.024046 -0.014695 -0.021874 -0.017768 
0.010837 0.013177 -0.013514 0.010413 
-0.003483 0.015781 -0.016103 -0.001360 
-0.004371 0.008034 -0.007486 0.005254 
0.007563 0.022064 -0.010703 -0.020723 
-0.008048 -0.009636 0.002149 -0.012370 
0.015261 0.021306 0.000484 -0.026204 
0.020470 -0.032388 0.026918 0.027265 
-0.013229 0.003422 -0.009764 -0.009559 
0.006362 -0.007211 0.009069 -0.003196 
-0.028288 0.003677 0.010092 0.026681 
0.008983 -0.012332 0.014382 0.005093 
0.005601 -0.022239 -0.000018 0.022933 
-0.006487 -0.033614 -0.000733 -0.034226 
0.001871 0.011462 -0.006373 0.009709 
-0.021880 -0.002060 0.020339 -0.008326 
-0.017687 0.008846 0.002340 -0.019637 
0.038675 0.013568 -0.040455 -0.006574 
0.008211 -0.043352 -0.043943 0.003972 
0.007730 0.016723 -0.018256 0.002480 
0.000357 0.019662 -0.016864 -0.010116 
-0.002277 0.012091 -0.010480 0.006444 
0.018942 0.002420 -0.010206 0.016140 
-0.037235 -0.000951 -0.007046 -0.036574 
0.020974 0.000879 -0.016408 0.013094 
-0.005722 -0.041417 -0.002598 0.041729 
0.011747 -0.026053 -0.027964 -0.005897 
-0.007783 0.028731 0.027052 0.012418 
0.001837 0.035035 -0.014971 0.031728 
0.004358 0.007483 0.000989 0.008603 
0.023808 -0.017724 -0.014282 -0.026019 
-0.009064 0.029588 0.020259 0.023391 
-0.008332 0.006089 -0.010309 0.000462 
-0.001690 0.013546 -0.012460 0.005576 
-0.013567 0.020080 0.015347 -0.018754 
0.030394 0.010777 0.031491 -0.006945 
0.016889 0.008697 -0.014779 0.011935 
0.008036 0.010316 -0.003610 0.012569 
-0.012968 -0.001325 -0.006629 -0.011224 
0.001576 0.028021 0.025489 -0.011747 
0.002540 0.022575 -0.009102 -0.020814 
-0.027197 -0.017777 -0.032302 -0.003503 
0.001792 0.005467 0.000772 0.005701 
0.002606 -0.046792 -0.019060 -0.042814 
0.050689 0.012337 -0.046153 0.024322 
0.038178 0.006839 -0.022074 0.031891 
0.051335 0.008674 -0.042442 0.030152 
0.011354 0.027718 0.029563 -0.004820 
0.026621 -0.007126 -0.019628 -0.019344 
-0.004757 0.006663 -0.006840 0.004498 
-0.023906 0.014012 0.023542 0.014615 
-0.018735 0.044779 -0.034887 0.033750 
-0.010300 0.037738 -0.026180 -0.029067 
-0.038923 -0.004985 0.026780 -0.028682 
-0.002987 -0.026575 -0.016898 0.020727 
-0.008146 0.006248 -0.010238 0.000760 
0.015731 0.030699 0.007043 0.033768 
-0.013715 -0.021113 0.005690 0.024525 
0.005007 0.001807 0.004665 0.002563 
0.004183 0.003855 0.003434 0.004535 
0.021594 0.012435 -0.017370 -0.017866 
-0.022605 0.000632 0.021211 -0.007840 
-0.013890 -0.005477 0.000481 -0.014924 
0.004006 -0.012595 0.012622 -0.003920 
-0.000852 -0.012710 0.009369 -0.008630 
-0.006453 -0.008124 -0.000815 -0.010343 
0.029815 0.031372 0.005530 -0.042925 
0.010351 -0.020029 -0.003010 0.022344 
-0.018766 0.003847 0.004692 -0.018573 
0.005927 -0.009126 0.010248 -0.003658 
-0.013105 -0.009823 0.008550 -0.013969 
0.037615 0.035614 -0.050990 0.009124 
0.037017 0.003193 0.006201 0.036633 
-0.012392 0.028062 0.019438 0.023732 
-0.004280 -0.023155 0.006319 0.022683 
-0.017031 0.007439 -0.001502 -0.018524 
-0.013835 -0.000516 -0.006372 -0.012290 
-0.030899 0.000710 -0.015461 0.026762 
-0.003826 0.004890 -0.004771 0.003974 
0.037210 -0.009962 -0.002066 0.038465 
-0.008253 0.007637 -0.011230 0.000569 
0.018808 -0.010903 -0.010533 0.019017 
-0.036555 0.011425 -0.003103 -0.038173 
0.044625 0.017138 0.044370 0.017787 
0.006584 0.015317 -0.015037 0.007199 
-0.008324 -0.019508 0.018586 0.010218 
0.006045 0.014284 -0.012380 0.009344 
0.006686 -0.004201 0.007710 -0.001705 
0.007827 -0.010919 0.013421 0.000602 
-0.032572 -0.022320 0.038354 -0.009385 
0.009557 0.024964 0.011063 -0.024334 
0.024276 -0.001276 -0.024266 -0.001442 
-0.012663 -0.010438 0.009283 -0.013532 
0.015223 0.006762 -0.006098 0.015501 
-0.018856 -0.001601 0.008831 -0.016737 
-0.010360 0.040430 0.016885 -0.038168 
0.015066 0.033133 -0.020064 0.030368 
-0.006804 -0.006160 -0.003330 -0.008553 
-0.022522 -0.011937 0.015383 0.020325 
-0.011705 -0.020370 0.013732 0.019063 
-0.027695 0.033517 0.043249 0.004463 
0.000675 -0.000283 0.000676 -0.000281 
0.000166 -0.036068 0.027888 -0.022873 
-0.031657 0.019934 -0.024408 -0.028351 
-0.041657 0.015744 0.018904 0.040321 
0.026506 0.002670 -0.017257 -0.020295 
0.009203 0.001633 0.007403 0.005706 
0.013919 0.009044 -0.008281 0.014386 
-0.018408 -0.012660 0.021855 0.004637 
-0.005003 0.001531 -0.005176 0.000763 
0.012846 -0.010946 0.010980 0.012817 
-0.013559 0.003456 -0.009460 -0.010310 
-0.001923 -0.010408 0.004451 -0.009603 
-0.000691 -0.014084 0.012200 -0.007069 
-0.013968 0.009798 -0.009347 -0.014274 
0.027182 -0.025649 0.029747 0.022623 
0.007386 -0.025178 -0.021100 0.015597 
-0.000198 0.000413 -0.000198 0.000413 
-0.000849 -0.016367 0.016220 -0.002349 
-0.029242 0.013811 -0.018374 0.026612 
-0.008893 0.021382 0.004713 -0.022672 
-0.006918 -0.004503 -0.004787 -0.006724 
-0.008463 0.027502 0.028474 0.004147 
-0.011102 -0.050852 0.044004 0.027799 
0.001964 -0.030758 -0.025760 -0.016920 
0.000530 0.022198 -0.009681 -0.019982 
0.011020 0.018087 -0.019884 -0.007295 
-0.002939 0.017452 -0.016797 -0.005573 
-0.015678 -0.006399 0.006524 -0.015627 
-0.004948 0.000997 -0.005039 0.000295 
0.004452 0.007808 0.000660 0.008964 
0.013239 -0.021475 -0.019992 0.015386 
-0.018966 -0.008052 0.018956 -0.008075 
-0.024997 -0.001009 0.023547 0.008448 
0.004932 0.007288 0.001476 0.008675 
-0.010644 -0.021377 0.010686 0.021355 
-0.042537 -0.009107 0.015578 0.040616 
0.016037 0.016674 -0.018964 -0.013251 
-0.013721 -0.008825 0.007330 -0.014574 
0.037962 0.015900 -0.039345 -0.012079 
-0.028643 0.015221 -0.018086 0.026925 
-0.008997 0.001191 -0.008609 -0.002871 
-0.001586 0.021326 -0.011168 -0.018237 
-0.009850 0.019176 -0.002333 -0.021431 
-0.012487 0.016504 -0.002801 -0.020505 
-0.017554 0.006308 -0.000004 -0.018653 
0.002533 0.000279 0.002521 0.000369 
0.008828 -0.027726 -0.028140 -0.007405 
-0.028956 0.020844 -0.035496 -0.003600 
0.014263 0.012197 -0.016515 0.008915 
-0.010388 0.018360 -0.003710 -0.020766 
0.008622 0.024467 0.005783 -0.025289 
0.018665 -0.013323 -0.014854 0.017471 
-0.020878 0.033280 -0.014090 -0.036673 
0.013011 0.005906 0.000295 0.014285 
0.028314 0.009773 0.015901 -0.025384 
-0.011160 0.007593 -0.012402 -0.005326 
-0.019480 -0.007211 0.019038 -0.008309 
-0.003451 0.011896 -0.011187 0.005317 
0.021679 0.017621 0.007373 -0.026946 
-0.002327 -0.049301 0.035340 -0.034454 
0.011110 0.009559 -0.004643 0.013901 
-0.006255 -0.024930 -0.006353 0.024905 
0.007704 0.009978 -0.002719 0.012309 
-0.004101 -0.002647 -0.003720 -0.003160 
-0.001627 0.017726 -0.017178 -0.004668 
0.027607 -0.010163 -0.008700 -0.028103 
-0.039599 -0.003623 0.032178 -0.023362 
0.019339 -0.015478 -0.022425 0.010519 
0.033177 -0.016595 0.025048 0.027363 
0.012866 -0.034166 0.036068 -0.005652 
-0.013236 -0.019173 0.016005 0.016930 
-0.023307 0.014888 0.024255 0.013289 
-0.026048 -0.011494 -0.004705 0.028079 
-0.007185 -0.004844 -0.004634 -0.007322 
-0.005107 -0.013720 0.010739 -0.009949 
-0.012008 0.001402 -0.009336 -0.007682 
-0.003761 0.017261 -0.016521 -0.006256 
0.004617 -0.018344 0.015107 0.011383 
-0.005242 0.004650 -0.006294 0.003081 
-0.010080 -0.013272 0.012842 -0.010623 
-0.002577 0.038801 -0.033399 -0.019916 
0.000139 -0.007125 0.002100 -0.006810 
0.039700 0.006987 -0.038455 0.012088 
-0.030347 -0.035053 -0.045997 -0.005827 
-0.009674 -0.036470 0.036311 -0.010255 
0.037873 -0.005894 -0.003067 0.038206 
0.029713 0.000821 0.005315 -0.029246 
-0.009273 -0.027231 -0.025456 0.013398 
0.012189 -0.025722 -0.027947 -0.005398 
-0.008171 0.013677 -0.014881 -0.005688 
0.017140 -0.022176 -0.027009 -0.007487 
0.024110 0.028523 -0.023902 0.028697 
-0.000655 -0.015319 0.014560 -0.004810 
0.012569 -0.029135 -0.010360 -0.029992 
0.006605 0.002378 0.005726 0.004061 
0.025536 0.027959 -0.028957 0.024398 
-0.007818 -0.042033 -0.018791 0.038403 
0.005011 -0.020780 0.008113 0.019776 
0.013494 -0.002618 0.009086 0.010314 
0.015923 0.001690 0.000856 0.015989 
-0.002948 -0.037967 0.038028 0.002006 
0.005178 -0.000871 0.005250 -0.000078 
-0.011037 0.027044 0.027207 0.010628 
0.004372 0.005995 0.002383 0.007027 
0.018886 0.014037 -0.020107 -0.012225 
-0.005723 -0.015421 0.014906 -0.006955 
0.006915 -0.020497 0.005141 0.021012 
0.003311 0.023387 -0.004939 -0.023098 
-0.024302 0.010660 0.025171 0.008408 
0.020370 0.030670 -0.020609 0.030510 
-0.012862 0.009631 -0.011437 -0.011286 
0.003152 -0.019261 0.015070 0.012403 
0.003657 0.017327 -0.017685 0.000923 
0.035141 -0.009994 0.025750 0.025917 
0.000223 0.004463 -0.000268 0.004460 
-0.013329 -0.012427 0.015413 -0.009723 
0.011886 0.016025 -0.019949 0.000344 
0.015276 -0.010622 0.005006 0.017920 
-0.015129 0.007418 -0.007534 -0.015071 
-0.004330 -0.005772 -0.002522 -0.006761 
0.002946 0.027899 0.024828 -0.013063 
0.012280 0.014892 -0.018881 0.004009 
0.005075 0.003487 0.004242 0.004463 
-0.006092 0.002344 -0.006470 0.000863 
0.008281 0.007178 0.002127 0.010751 
0.015559 0.015429 -0.021040 -0.006121 
-0.014268 0.019281 0.014764 -0.018904 
0.029927 -0.034048 -0.022994 -0.039066 
0.004180 -0.017214 0.016350 0.006818 
0.002975 0.014058 -0.011503 0.008611 
0.028605 0.013583 0.030066 -0.009937 
0.007658 0.012349 -0.008293 0.011932 
0.012076 -0.010756 0.012241 0.010567 
-0.024154 -0.003740 0.023342 0.007247 
-0.024979 -0.004490 0.021194 0.013963 
0.003886 0.034032 -0.002151 0.034186 
-0.007370 0.024685 0.018526 -0.017902 
-0.005254 -0.005946 -0.002922 -0.007377 
-0.011147 0.003641 -0.010603 -0.005009 
-0.005665 -0.015690 0.015459 -0.006268 
-0.023527 -0.000963 0.023519 -0.001133 
-0.006750 0.008377 -0.010409 0.002717 
-0.003804 0.001986 -0.003986 0.001591 
-0.011458 0.026839 0.027103 0.010818 
0.015675 -0.037669 -0.005469 0.040432 
0.001402 -0.037174 0.036481 -0.007282 
0.005312 0.010543 -0.003495 0.011276 
-0.017468 -0.011919 0.021078 -0.001704 
-0.000205 0.002368 -0.000279 0.002360 
0.007444 0.011890 -0.007020 0.012145 
0.023643 -0.011001 -0.025715 -0.004327 
-0.012691 0.010447 -0.011465 -0.011780 
0.001503 0.020498 -0.015960 -0.012950 
0.015155 0.019972 -0.008127 -0.023717 
-0.023103 0.000531 0.022530 -0.005142 
-0.022027 -0.003162 0.021430 -0.005995 
-0.031493 -0.019384 0.008315 -0.036033 
0.011144 0.009523 -0.004602 0.013918 
-0.008548 -0.023352 0.002185 0.024771 
0.015932 0.014916 -0.021233 -0.005046 
0.000596 -0.000532 0.000598 -0.000530 
-0.016546 -0.005243 0.006674 -0.016022 
-0.025425 0.015957 0.009215 0.028568 
-0.015283 -0.023644 -0.017003 0.022439 
-0.026185 0.015096 0.006174 0.029588 
0.031366 0.022536 -0.032112 0.021460 
-0.003302 0.024485 0.008547 -0.023181 
0.002447 -0.011354 0.009482 -0.006708 
-0.005051 -0.013317 0.009754 -0.010379 
-0.017253 0.020311 0.026522 -0.002609 
0.015175 -0.019063 -0.017466 0.016988 
-0.001119 0.013287 -0.011651 0.006485 
-0.014456 0.019986 0.018272 -0.016569 
0.021352 -0.012736 -0.023919 0.006782 
0.002300 -0.034918 0.017528 -0.030288 
-0.003322 0.005068 -0.004272 0.004298 
-0.015860 0.017230 0.013643 -0.019034 
-0.010582 0.024130 0.023411 -0.012092 
-0.013146 -0.025392 -0.022072 0.018177 
-0.028957 0.031155 0.040805 -0.012006 
-0.010255 0.033433 -0.023775 0.025646 
0.010098 -0.017871 0.006211 0.019565 
0.007596 0.011494 -0.006129 0.012339 
-0.013337 0.014238 -0.005644 -0.018675 
-0.031319 -0.009328 -0.032466 0.003725 
0.020681 0.038033 0.016695 -0.039944 
0.026105 0.031524 -0.031885 -0.025663 
0.019169 -0.029108 0.029084 -0.019207 
0.001697 0.005130 0.000854 0.005335 
0.010973 -0.007468 0.012363 0.004828 
0.002516 -0.000819 0.002546 -0.000721 
0.013373 -0.017411 -0.003650 0.021649 
-0.022542 -0.004617 0.023003 -0.000564 
-0.007629 0.017138 -0.013263 -0.013267 
-0.000841 -0.007338 0.001367 -0.007258 
-0.016467 -0.025037 -0.028150 0.010276 
0.009867 -0.011107 0.013847 0.005383 
-0.026171 -0.026726 0.022497 -0.029884 
0.012070 0.036409 -0.038253 0.002830 
-0.000938 -0.022368 0.009212 0.020405 
-0.021975 -0.000108 0.019511 -0.010110 
0.001204 0.029560 0.029521 0.001944 
-0.000207 -0.015386 0.014785 -0.004263 
-0.014603 -0.020222 0.008357 0.023501 
-0.029209 -0.014003 -0.032334 0.001926 
-0.020979 0.015732 0.026222 0.000019 
0.013262 0.013963 -0.018461 0.005482 
0.006109 0.009196 -0.000933 0.011001 
-0.009046 0.004336 -0.009974 -0.001072 
-0.010234 0.013361 -0.013476 -0.010082 
0.003922 0.022372 -0.010385 -0.020200 
0.001839 -0.006365 0.003308 -0.005740 
-0.025507 0.025326 -0.035903 -0.001737 
-0.014615 0.017772 0.010249 -0.020601 
0.002555 -0.015136 0.015264 -0.001628 
0.009012 -0.012545 0.014425 0.005523 
0.006348 0.011208 -0.004993 0.011873 
0.022702 -0.017274 -0.022033 -0.018119 
-0.002395 0.014932 -0.014947 0.002299 
-0.008541 -0.012845 0.010209 -0.011564 
-0.006785 -0.016122 0.016788 -0.004911 
-0.016135 -0.003437 0.002259 -0.016341 
-0.034268 -0.023746 0.030480 0.028445 
0.010307 0.046427 0.015536 0.044948 
-0.010882 0.021146 0.010289 -0.021440 
0.026886 0.007725 -0.003471 -0.027757 
-0.005853 0.008581 -0.009653 0.003835 
0.004152 0.020688 -0.016375 -0.013307 
0.009276 -0.034486 0.030072 -0.019261 
-0.003928 -0.031396 -0.024698 -0.019778 
0.012551 0.007896 -0.002963 0.014529 
0.009949 -0.010370 0.013591 0.004668 
-0.031983 -0.004980 -0.030288 0.011417 
0.004041 -0.017499 0.016310 0.007518 
-0.007496 0.027984 0.028552 0.004912 
0.003676 0.018118 -0.018374 -0.002044 
0.030937 -0.005546 0.016402 -0.026811 
-0.000280 -0.012209 0.008746 -0.008524 
-0.024663 -0.004598 0.021920 0.012202 
-0.032937 -0.007368 -0.033019 -0.006991 
-0.000872 -0.006212 0.000484 -0.006254 
-0.007627 -0.000689 -0.007014 -0.003073 
-0.021942 -0.009566 0.021817 0.009848 
-0.017439 0.016291 0.017339 -0.016397 
0.002926 -0.009207 0.007073 -0.006580 
0.005390 0.012803 -0.008560 0.010940 
0.021283 0.013656 -0.014719 -0.020562 
-0.045483 0.010034 -0.031093 0.034678 
0.013399 0.002535 0.004804 0.012762 
-0.006831 -0.008145 -0.000805 -0.010599 
-0.026673 -0.020661 -0.026997 -0.020237 
-0.001715 0.017943 -0.017148 -0.005554 
0.009724 -0.021983 -0.010586 0.021581 
-0.036044 0.021189 0.039533 -0.013612 
0.003275 -0.014945 0.015266 -0.001013 
0.032067 0.010053 0.032656 0.007933 
0.013800 -0.002037 0.008397 0.011139 
-0.016476 -0.018973 0.009330 0.023331 
-0.000087 -0.008432 0.003137 -0.007828 
-0.024645 -0.005216 0.021334 0.013395 
0.022886 -0.013105 -0.026003 -0.004400 
0.019464 0.019058 0.004018 -0.026943 
0.037524 -0.025345 -0.013420 -0.043247 
-0.004333 -0.002383 -0.003973 -0.002943 
-0.029833 0.007601 -0.007800 0.029781 
-0.008913 0.003773 -0.009614 -0.001113 
0.000262 0.026162 0.015138 -0.021339 
0.000920 0.012972 -0.009858 0.008482 
-0.011782 -0.002017 -0.006892 -0.009767 
-0.015687 0.029416 -0.010667 0.031585 
0.029721 -0.011621 0.015906 -0.027666 
-0.006194 -0.013376 0.010184 -0.010658 
0.010079 -0.007844 0.012416 0.002995 
-0.012838 0.003459 -0.010082 -0.008669 
-0.003059 0.015000 -0.015260 0.001214 
0.032509 -0.000609 0.028823 -0.015048 
0.023598 -0.031648 0.007993 0.038659 
-0.017298 0.018006 0.021733 -0.012292 
-0.022177 -0.002466 0.021384 -0.006372 
0.001131 -0.018903 0.016941 0.008462 
-0.029672 -0.009321 -0.024699 0.018901 
0.031013 -0.025010 -0.008172 0.038994 
0.014868 0.005170 -0.002011 0.015612 
0.005025 0.017153 -0.017790 0.001728 
0.037982 -0.004373 -0.003023 0.038113 
-0.018925 0.027598 -0.015543 0.029634 
-0.012004 0.030687 -0.002232 0.032876 
-0.004571 0.030102 0.026079 0.015715 
0.019049 -0.016553 -0.023702 0.008666 
0.019934 -0.002060 -0.010259 0.017215 
-0.013463 0.020191 0.015428 -0.018732 
-0.004157 0.034900 -0.020890 0.028265 
-0.009475 0.035258 -0.035349 0.009132 
-0.015568 -0.015617 0.020914 0.006990 
-0.019935 -0.015927 0.011182 0.022936 
0.003838 0.004567 0.002876 0.005227 
-0.006708 0.009702 -0.011560 0.002342 
0.000240 -0.005592 0.001196 -0.005467 
0.022241 -0.012188 -0.025231 0.002574 
-0.034495 0.018008 0.000060 -0.038913 
0.035246 0.012368 -0.006139 0.036845 
0.008500 -0.003582 0.009202 0.000641 
0.002549 -0.011336 0.009548 -0.006621 
-0.009211 0.011266 -0.013984 -0.004028 
0.004561 0.004016 0.003656 0.004854 
-0.006351 -0.005852 -0.003487 -0.007901 
-0.013219 0.022925 0.025002 -0.008670 
0.017983 0.008865 -0.017871 0.009088 
0.025963 0.015404 0.022497 -0.020131 
-0.015710 0.004331 -0.006010 -0.015147 
0.012028 -0.000151 0.008517 0.008494 
0.021791 -0.019352 -0.020129 -0.021075 
0.020003 -0.003428 -0.010208 0.017540 
-0.014829 0.006770 -0.008327 -0.014014 
0.007840 0.007941 0.001041 0.011110 
0.005490 -0.007030 0.007954 -0.004037 
-0.025272 0.010973 0.022295 0.016187 
-0.024544 0.021724 -0.015076 0.029104 
-0.025352 -0.015595 -0.019553 0.022441 
-0.027924 -0.000704 0.010657 0.025820 
-0.045879 -0.010409 -0.046458 0.007407 
0.004149 -0.034762 0.019283 -0.029219 
0.041409 -0.000988 -0.041421 0.000107 
0.030952 -0.016540 0.035093 0.000237 
0.005047 -0.016745 0.016068 0.006905 
0.003742 -0.022924 0.000220 0.023226 
-0.015106 0.009183 -0.006827 -0.016306 
0.022803 0.013360 -0.008739 -0.024942 
0.012422 0.013467 -0.016351 0.008263 
0.012687 0.002989 0.005124 0.011985 
0.004970 0.004746 0.003583 0.005864 
0.004387 0.003650 0.003666 0.004373 
-0.002133 -0.012763 0.008879 -0.009413 
0.003464 -0.005410 0.004594 -0.004491 
-0.020860 0.009238 0.017552 -0.014574 
-0.014923 -0.038462 0.016984 0.037597 
0.011615 0.023414 0.004137 -0.025807 
0.017615 0.011843 -0.021175 0.001467 
0.020499 -0.010244 -0.017322 0.015003 
0.023748 -0.021036 0.003294 -0.031554 
0.017370 -0.004879 0.000946 0.018017 
0.011829 -0.013386 0.010967 0.014100 
0.012123 0.004687 0.003488 0.012521 
0.019857 -0.026475 0.012589 -0.030606 
-0.044655 0.014616 -0.035086 0.031252 
-0.027866 0.007754 0.010665 0.026887 
0.004209 -0.007150 0.006555 -0.005085 
0.005403 0.030168 0.029438 0.008526 
-0.011817 -0.009426 0.005333 -0.014144 
-0.017466 0.005966 -0.000450 -0.018452 
-0.007981 0.006324 -0.010133 0.001008 
0.001466 0.001448 0.001432 0.001482 
-0.012105 0.023756 0.025248 -0.008569 
0.037590 0.011488 -0.031947 0.022900 
-0.017402 0.021060 0.027215 0.002380 
-0.004953 -0.018342 0.018778 0.002891 
0.013040 0.004650 0.002383 0.013637 
-0.003171 0.016761 -0.016654 -0.003695 
-0.006212 0.011719 -0.013176 0.001519 
0.007192 0.030092 0.029338 0.009825 
-0.001270 0.001947 -0.001327 0.001908 
0.008782 -0.018978 0.006192 0.019974 
0.001031 0.000818 0.001023 0.000828 
0.032368 -0.005289 0.028417 -0.016376 
-0.045191 0.003972 -0.011104 0.043985 
0.018448 0.006489 -0.014986 0.012565 
-0.006390 -0.012700 0.008566 -0.011346 
0.019888 0.006721 -0.019421 0.007969 
0.031471 0.000805 0.021910 -0.022606 
0.002787 0.006880 0.000605 0.007398 
-0.013495 0.005457 -0.010324 -0.010263 
0.028467 -0.006153 -0.007350 -0.028182 
0.005896 -0.002596 0.006331 -0.001192 
-0.009924 0.021921 0.010928 -0.021438 
-0.011535 -0.009148 0.004251 -0.014095 
-0.016972 -0.000983 0.001328 -0.016948 
-0.003448 0.023247 0.001093 -0.023476 
-0.012548 0.020172 0.011845 -0.020592 
-0.003969 0.004038 -0.004616 0.003279 
0.008351 0.002145 0.006808 0.005291 
-0.001630 -0.016429 0.016275 -0.002777 
-0.013987 0.000117 -0.006731 -0.012261 
-0.012412 -0.020137 0.013614 0.019345 
0.006359 0.029422 0.030041 0.001906 
-0.009103 0.023957 0.019046 -0.017148 
-0.032361 -0.000042 -0.028142 0.015976 
-0.012319 0.002682 -0.009954 -0.007737 
-0.012139 -0.008883 0.004542 -0.014340 
-0.025756 -0.012758 -0.008388 0.027492 
-0.029520 0.017680 -0.032830 0.010304 
0.018189 -0.023619 -0.019968 -0.022136 
0.023925 -0.008770 -0.025396 -0.002086 
-0.017181 -0.001168 0.002228 -0.017076 
-0.009586 0.020120 0.000838 -0.022271 
0.027642 -0.002380 -0.014744 -0.023502 
-0.006118 0.017759 -0.014324 -0.012152 
-0.006730 0.031572 0.010637 0.030479 
0.036653 0.005185 0.006217 0.036492 
-0.000092 0.047167 0.014652 0.044833 
0.035101 -0.016102 0.002830 0.038514 
-0.007412 0.015397 -0.015113 -0.007975 
0.004589 -0.019875 0.011916 0.016555 
0.029937 0.008174 0.023440 -0.020337 
-0.014139 -0.029789 -0.022238 -0.024346 
0.013194 -0.021090 -0.018269 0.016886 
-0.007080 0.018952 -0.010236 -0.017451 
0.005720 0.026814 0.019414 -0.019359 
0.008020 0.016319 -0.017795 0.003741 
0.007790 0.005319 0.004371 0.008358 
0.020161 0.004835 -0.017787 0.010652 
0.032032 0.005795 0.031369 -0.008694 
0.023109 -0.007886 -0.023987 0.004562 
-0.022329 -0.008405 0.022393 0.008231 
0.020297 0.034684 -0.035115 -0.019542 
0.006875 -0.011331 0.013231 -0.000772 
-0.038735 -0.007943 0.032303 -0.022803 
0.009001 -0.010386 0.013513 0.002505 
-0.003889 -0.016834 0.017072 -0.002657 
-0.027975 -0.006619 -0.002005 0.028677 
-0.005219 0.009586 -0.009982 0.004414 
-0.000733 0.009626 -0.005364 0.008026 
-0.011796 -0.016425 0.020188 0.001169 
0.039875 0.015534 -0.022060 -0.036670 
0.038304 0.018016 -0.026971 -0.032625 
-0.011846 0.050598 -0.029787 -0.042581 
-0.018157 0.040422 0.043067 0.010432 
-0.016636 0.047180 -0.050018 0.000952 
0.013076 0.029351 0.027344 0.016875 
-0.014221 -0.003020 -0.002859 -0.014254 
-0.000110 -0.025055 -0.007649 0.023859 
-0.009498 0.014455 -0.013689 -0.010574 
-0.010400 -0.015268 0.017704 -0.005279 
-0.002022 -0.021912 0.011830 0.018555 
-0.010641 0.015359 -0.010758 -0.015278 
-0.006040 0.011094 -0.012395 0.002432 
-0.006699 0.036250 -0.036205 0.006940 
0.027263 -0.009248 -0.013203 -0.025583 
0.019783 0.001497 -0.012348 0.015528 
-0.012881 0.016384 -0.001748 -0.020768 
-0.001063 0.017238 -0.017118 -0.002289 
0.004557 -0.009767 0.009485 -0.005117 
0.007748 -0.021057 0.000390 0.022434 
0.004386 0.015554 -0.014835 0.006409 
-0.002606 0.027880 0.026732 -0.008337 
-0.005424 0.030420 0.023212 0.020397 
-0.015376 -0.007038 0.007093 -0.015351 
-0.023182 0.025026 -0.026095 0.021972 
-0.010684 0.031135 -0.000425 0.032914 
-0.026015 -0.005400 0.015460 0.021609 
-0.026879 0.010757 0.013323 0.025704 
-0.003713 0.025879 0.018086 -0.018878 
0.009831 0.015611 -0.017834 0.004723 
0.004372 0.010955 -0.004443 0.010926 
-0.010739 -0.018002 0.019960 0.006404 
0.030126 0.032267 0.023188 -0.037564 
-0.003928 0.008123 -0.007059 0.005619 
0.034737 -0.001200 0.032842 0.011380 
-0.006359 -0.020676 0.016444 0.014055 
-0.000418 -0.020768 0.014698 0.014678 
-0.003359 0.001834 -0.003495 0.001557 
0.006245 -0.022444 -0.002737 0.023135 
-0.004633 -0.036682 0.033238 -0.016195 
0.014933 -0.006189 0.008102 0.013988 
0.023043 -0.029850 0.030415 0.022293 
-0.004050 0.002159 -0.004272 0.001676 
-0.005461 -0.010414 0.003231 -0.011307 
0.019501 -0.002963 -0.008052 0.018007 
0.007674 0.055569 0.055864 -0.005094 
-0.011560 -0.004252 -0.004604 -0.011425 
-0.007890 0.016511 -0.013773 -0.012049 
0.017681 -0.018367 -0.023792 0.009161 
-0.025662 0.001163 0.023173 0.011085 
-0.009988 -0.011660 0.008534 -0.012763 
0.003470 -0.013652 0.013717 -0.003205 
-0.017806 -0.016178 0.017061 0.016962 
-0.035923 0.004742 -0.024876 -0.026346 
-0.018869 0.001847 0.005794 -0.018052 
0.015655 -0.029088 0.007157 -0.032249 
0.021426 0.015487 -0.006245 -0.025689 
0.029352 0.013826 0.032409 -0.001531 
-0.007401 -0.026340 -0.017746 0.020824 
-0.007793 0.003014 -0.008354 -0.000128 
-0.005336 0.000806 -0.005396 -0.000056 
-0.005601 -0.012065 0.006834 -0.011412 
-0.001350 -0.014838 0.013485 -0.006337 
0.004419 -0.013744 0.014347 -0.001615 
0.004904 -0.004615 0.005892 -0.003260 
-0.011385 -0.010778 0.008065 -0.013443 
-0.002999 -0.007642 -0.000024 -0.008209 
0.004923 -0.002493 0.005270 -0.001637 
-0.049686 0.005957 -0.022629 -0.044634 
-0.020710 0.002809 0.013450 -0.015996 
-0.011699 0.026320 0.027734 0.007774 
-0.014743 -0.010228 0.012975 -0.012394 
0.017030 0.006235 -0.010104 0.015060 
-0.020801 -0.027717 -0.010743 -0.032947 
0.006075 -0.032050 -0.007664 -0.031708 
0.014134 0.008913 -0.008434 0.014425 
-0.021630 -0.002580 0.019975 -0.008690 
-0.020968 0.004889 0.014714 -0.015719 
-0.008947 -0.006087 -0.003493 -0.010242 
-0.018256 0.012448 0.010956 -0.019189 
-0.024771 0.015944 0.014288 0.025762 
0.013034 0.030933 0.015459 0.029795 
-0.035730 -0.002598 -0.023506 -0.027034 
0.008987 0.002539 0.006798 0.006403 
0.000112 0.000161 0.000112 0.000161 
0.017389 0.000579 -0.002241 0.017254 
0.014700 0.016020 -0.020838 -0.006204 
0.010540 -0.005062 0.011153 0.003512 
0.014613 0.019113 -0.013732 -0.019755 
0.019231 -0.026241 0.005711 -0.032028 
-0.008796 0.010149 -0.013305 -0.001825 
0.027740 0.013265 0.024812 -0.018160 
-0.007801 -0.037588 0.038331 0.002117 
0.014615 0.016524 -0.020452 -0.008267 
0.019424 -0.006195 -0.008109 0.018706 
-0.025628 0.006264 0.023746 0.011498 
0.035308 0.018838 -0.039744 0.004686 
0.017289 0.020815 0.005275 -0.026539 
-0.013419 0.018650 0.008704 -0.021264 
-0.009484 0.000871 -0.008743 -0.003776 
-0.010783 0.001210 -0.009327 -0.005545 
0.033885 -0.020238 -0.007237 0.038800 
-0.028785 0.008112 0.001881 0.029847 
0.014342 -0.033709 0.036561 -0.002310 
0.001051 0.009916 -0.004264 0.009014 
0.008261 -0.009454 0.012554 0.000191 
-0.018778 -0.013957 0.020403 0.011451 
-0.007966 0.029472 0.023678 0.019271 
0.003034 -0.012853 0.012270 -0.004884 
-0.019376 0.003011 0.007491 -0.018122 
0.012976 0.015076 -0.019786 0.002048 
-0.007223 0.011573 -0.013641 -0.000161 
-0.027642 -0.005485 0.004046 0.027889 
-0.014606 0.033894 -0.036857 -0.001939 
0.016613 0.031506 -0.007636 0.034789 
-0.030540 -0.001816 -0.014670 0.026847 
-0.030840 0.007483 -0.017765 0.026296 
0.005109 0.003639 0.004207 0.004652 
-0.020205 0.031497 -0.034075 -0.015468 
0.005312 0.024354 0.001605 -0.024875 
-0.026970 0.003267 0.018901 0.019515 
-0.011553 0.008501 -0.012599 -0.006857 
-0.009276 0.013313 -0.014337 -0.007597 
0.011663 -0.013557 0.011111 0.014013 
-0.006391 -0.019484 0.018662 0.008497 
-0.000120 0.012275 -0.009136 0.008199 
0.016734 -0.018989 -0.022645 0.011306 
0.009074 0.013873 -0.013325 0.009861 
0.033606 0.012297 0.015651 0.032182 
0.013962 -0.015727 -0.000408 0.021026 
0.021865 -0.008615 -0.020886 0.010773 
-0.000281 0.012190 -0.009093 0.008124 
0.000241 0.009411 -0.004199 0.008426 
-0.003383 -0.015883 0.015369 -0.005243 
0.011879 -0.006705 0.011901 0.006665 
0.025344 0.019039 0.031518 -0.003380 
0.033557 -0.017621 0.015735 0.034482 
0.019145 -0.012553 -0.015342 0.016992 
-0.027056 0.016837 -0.010086 0.030229 
-0.032198 -0.028637 0.001973 0.043045 
-0.004211 0.002559 -0.004514 0.001975 
-0.009923 -0.013278 0.012680 -0.010676 
0.000939 0.027840 0.024785 -0.012715 
0.011092 -0.016551 0.007124 0.018607 
-0.013164 -0.023191 -0.006784 0.025789 
0.019941 0.004313 -0.016402 0.012133 
-0.001350 0.001632 -0.001390 0.001598 
-0.007834 0.015600 -0.014675 -0.009453 
-0.004420 -0.011525 0.005619 -0.010990 
0.004709 -0.012905 0.013511 -0.002485 
-0.003857 -0.009045 0.001267 -0.009751 
0.012438 0.008184 -0.003420 0.014491 
0.006504 -0.019600 0.009412 0.018381 
-0.015051 -0.005120 0.002356 -0.015723 
-0.004638 0.004883 -0.005701 0.003585 
0.014919 -0.022932 -0.027355 0.000409 
-0.010442 -0.010519 0.006148 -0.013486 
-0.028637 -0.008084 -0.012613 0.026951 
0.022346 0.033242 -0.037089 -0.015126 
0.018379 0.009810 -0.020125 0.005389 
0.030419 0.009204 0.028905 -0.013210 
-0.008030 -0.004370 -0.005254 -0.007481 
-0.007287 -0.003403 -0.005643 -0.005730 
0.015070 0.002927 0.001249 0.015301 
0.024334 0.008491 -0.016984 -0.019386 
0.005247 -0.024993 -0.015577 0.020237 
0.010419 -0.022133 -0.013673 0.020285 
0.007392 -0.024819 -0.019286 0.017283 
-0.019074 -0.001316 0.009345 -0.016680 
0.016928 -0.013228 -0.006491 0.020479 
0.018313 -0.009431 -0.005884 0.019740 
-0.003746 0.004316 -0.004457 0.003576 
-0.007835 0.014075 -0.015043 -0.005763 
0.008747 0.032903 0.005466 0.033604 
0.027430 0.014697 0.027891 -0.013803 
-0.005288 0.011340 -0.012050 0.003368 
0.022347 0.004146 -0.022581 0.002585 
0.010212 -0.000441 0.008809 0.005185 
-0.007645 0.006387 -0.009851 0.001485 
0.000533 0.009280 -0.003776 0.008494 
0.000240 0.002884 0.000107 0.002892 
0.005321 0.031791 0.021466 0.024045 
-0.009590 -0.008502 0.000754 -0.012794 
-0.014820 0.025266 0.025095 0.015108 
-0.007107 -0.012705 0.008889 -0.011529 
0.005602 0.008340 0.000359 0.010040 
0.005216 0.012558 -0.007949 0.011032 
0.011099 -0.032915 0.021982 -0.026896 
-0.008528 0.016766 -0.012446 -0.014104 
-0.015439 0.005572 -0.006899 -0.014894 
0.001956 -0.013410 0.012403 -0.005461 
0.011194 -0.017478 0.004126 0.020341 
0.010724 0.002820 0.006592 0.008916 
-0.023123 -0.027425 0.003617 -0.035689 
0.017566 0.022894 0.020465 -0.020343 
0.014318 0.011422 -0.014892 0.010662 
0.006590 -0.042561 -0.034802 0.025370 
0.000301 -0.028624 -0.028109 0.005416 
0.012905 -0.000024 0.007869 0.010228 
0.008582 0.002359 0.006782 0.005764 
0.000379 -0.006742 0.002042 -0.006436 
0.018406 -0.004795 -0.003146 0.018758 
-0.033889 0.002494 -0.033981 -0.000026 
-0.004506 0.032364 0.008595 0.031526 
0.011685 0.018029 -0.019826 -0.008277 
-0.007990 0.008704 -0.011795 0.000702 
0.012318 0.016685 -0.020470 -0.003334 
0.012233 -0.007253 0.011909 0.007773 
-0.009659 0.010739 -0.013754 -0.004411 
-0.004426 -0.014751 0.013076 -0.008135 
-0.037572 0.012374 0.016948 -0.035742 
-0.017551 -0.006067 0.011393 -0.014664 
-0.022207 -0.001027 0.020689 -0.008133 
-0.002759 0.008154 -0.005768 0.006390 
-0.009251 0.021015 0.004015 -0.022607 
0.016600 0.021050 0.003935 -0.026517 
-0.015605 -0.033013 0.021112 -0.029794 
-0.018622 -0.025422 -0.031276 -0.003856 
-0.003192 0.011707 -0.010684 0.005753 
-0.004715 -0.001637 -0.004447 -0.002266 
-0.005647 -0.008497 -0.000137 -0.010202 
0.014380 0.030160 0.018352 0.027922 
0.018908 0.010697 -0.021715 0.000618 
-0.001864 -0.016633 0.016573 -0.002337 
0.004549 0.016174 -0.016096 0.004818 
-0.028810 -0.004201 -0.002888 0.028971 
-0.005600 0.008669 -0.009461 0.004122 
0.036686 -0.010232 0.005306 0.037715 
-0.016986 0.013226 0.006757 -0.020440 
0.000382 -0.016848 0.016850 0.000261 
0.010777 0.011143 -0.008162 0.013180 
0.001106 0.014384 -0.012650 0.006937 
0.000199 -0.003405 0.000416 -0.003385 
0.007915 -0.033816 0.019247 -0.028909 
-0.043396 -0.001660 0.023570 0.036476 
0.018285 0.014966 -0.019256 -0.013694 
-0.003091 0.009672 -0.007807 0.006493 
0.015841 0.033443 -0.026902 0.025410 
-0.005061 0.012884 -0.013704 0.001954 
-0.028606 -0.004318 -0.001317 0.028901 
0.015476 0.002582 0.000787 0.015670 
0.001662 -0.044493 -0.044482 0.001945 
0.018111 0.017423 -0.011363 -0.022415 
0.006640 0.027501 0.024226 -0.014611 
-0.021569 -0.009939 0.021916 0.009150 
-0.033703 0.003789 -0.033849 0.002114 
0.001750 0.010991 -0.005569 0.009636 
-0.002558 0.000112 -0.002560 0.000019 
-0.009943 0.024563 0.023723 -0.011808 
0.022415 -0.006353 -0.021184 0.009697 
0.026565 0.023915 0.003097 0.035610 
-0.019666 0.019685 0.026276 0.009156 
-0.004140 0.037538 -0.037545 -0.004072 
0.006149 0.017447 -0.018493 0.000471 
-0.003540 0.016968 -0.016614 -0.004940 
-0.029707 -0.007152 -0.018835 0.024060 
-0.013060 -0.000713 -0.007106 -0.010981 
-0.011097 0.036387 -0.034895 -0.015148 
0.042984 0.008904 -0.007973 -0.043166 
0.003978 0.030621 0.028344 0.012253 
-0.013846 -0.018143 0.018235 0.013725 
0.017105 0.019034 -0.006782 -0.024675 
-0.025633 0.012662 0.017776 0.022391 
0.012369 -0.020541 -0.012853 0.020242 
-0.004888 0.014983 -0.015661 -0.001762 
-0.014362 -0.017693 0.018725 0.012987 
-0.026592 0.017649 -0.009728 0.030397 
0.009772 -0.011257 0.013911 0.005356 
0.003823 -0.044540 -0.044511 -0.004147 
-0.006278 0.022130 0.001108 -0.022977 
0.033708 0.013401 0.008311 0.035309 
-0.019139 -0.031262 0.019624 -0.030960 
0.019385 0.001458 -0.010734 0.016208 
0.016260 -0.005634 0.004657 0.016566 
0.027832 0.012602 0.022993 -0.020119 
-0.013194 -0.050892 0.035590 0.038696 
0.013105 -0.002958 0.009629 0.009368 
-0.008795 -0.015271 0.016342 -0.006594 
-0.013214 -0.003426 -0.003918 -0.013076 
-0.020879 0.003289 0.014138 -0.015713 
0.034307 0.010770 0.015026 0.032668 
-0.026923 0.022657 -0.034705 0.005810 
0.000062 -0.009576 0.004686 -0.008351 
0.005333 0.001687 0.004965 0.002577 
0.004130 -0.017137 0.016393 0.006480 
0.019486 -0.030372 0.035849 -0.004119 
0.012867 0.014585 -0.019019 0.004072 
-0.001730 0.006284 -0.003139 0.005712 
-0.013590 0.008891 -0.010438 -0.012441 
0.039562 -0.033083 0.009775 0.050637 
-0.004345 -0.029076 -0.029245 0.003003 
0.011862 0.002873 0.005990 0.010634 
0.016389 0.011651 -0.019226 0.005893 
-0.016801 -0.010913 0.018779 -0.006979 
0.007085 -0.005985 0.009035 -0.002095 
-0.008381 -0.008368 -0.000165 -0.011842 
-0.004082 -0.025875 -0.012092 0.023237 
0.006893 -0.037950 0.033537 0.019052 
-0.005957 -0.038248 0.037590 0.009240 
-0.007734 -0.036690 0.035584 -0.011824 
0.021094 0.020638 0.022308 -0.019320 
0.004670 -0.000436 0.004689 0.000132 
-0.047253 0.002426 -0.045313 0.013619 
0.001473 -0.040843 0.007823 0.040114 
0.036800 0.003375 0.008916 0.035863 
-0.009433 0.023918 0.019711 -0.016509 
0.000695 0.021277 -0.013373 -0.016563 
-0.020870 0.018406 0.025642 0.010809 
0.041707 0.010228 -0.024320 -0.035393 
0.028693 0.011036 0.023262 -0.020099 
0.029240 0.008193 0.018079 -0.024398 
0.010318 0.015028 -0.017168 0.006130 
0.023452 0.011471 -0.012630 -0.022849 
-0.011118 -0.004910 -0.004072 -0.011451 
-0.002056 -0.009880 0.003513 -0.009461 
-0.010053 -0.029288 -0.030107 -0.007238 
-0.010984 0.033966 -0.030885 0.017900 
0.002756 0.005876 0.001332 0.006352 
0.018305 0.009952 -0.020168 0.005228 
-0.019645 -0.017339 0.005443 0.025631 
0.022070 0.035306 -0.017698 -0.037687 
0.001653 -0.001691 0.001704 -0.001639 
0.019809 -0.021770 -0.020600 -0.021023 
0.007073 -0.040883 -0.009223 0.040452 
-0.051378 0.005412 0.022571 -0.046470 
-0.023394 0.007723 0.024462 -0.002923 
-0.015552 -0.012093 0.018546 -0.006644 
-0.004186 -0.000024 -0.004164 -0.000427 
-0.008569 0.031850 0.001028 0.032966 
0.011499 0.022158 -0.004692 -0.024519 
0.026569 0.013497 0.017963 -0.023778 
0.015710 0.016020 -0.020439 -0.009257 
0.003462 -0.009481 0.007975 -0.006187 
0.012275 -0.012786 0.010683 0.014143 
0.011761 0.003819 0.004985 0.011316 
0.014047 -0.005550 0.009627 0.011638 
-0.010655 0.011319 -0.013530 -0.007652 
0.026788 -0.006958 -0.018847 -0.020269 
0.007122 0.025808 0.013663 -0.023024 
0.021736 -0.032218 0.019152 0.033818 
0.018969 -0.024845 -0.007784 -0.030273 
-0.011970 0.018140 0.000917 -0.021714 
0.019871 0.011983 -0.021671 -0.008295 
0.000236 0.018713 -0.017613 -0.006328 
0.006647 0.023667 -0.002166 -0.024487 
0.010593 0.010519 -0.006332 0.013519 
-0.018701 0.011444 0.011022 -0.018954 
0.010091 -0.002270 0.009652 0.003718 
0.015987 0.006134 -0.006824 0.015705 
-0.014430 0.008816 -0.008765 -0.014461 
0.002350 -0.004091 0.002832 -0.003773 
-0.035035 0.022569 0.037799 -0.017552 
0.038005 -0.008427 -0.010426 0.037506 
-0.018025 0.009066 0.004098 -0.019756 
0.016740 -0.004590 0.003100 0.017079 
-0.010515 -0.012708 0.011907 -0.011414 
0.007675 0.029029 0.030025 -0.000216 
-0.011833 0.010938 -0.012495 -0.010174 
-0.007131 0.031703 0.007987 0.031498 
-0.011587 -0.049043 0.046651 -0.019056 
0.014844 -0.004006 0.007811 0.013243 
-0.011231 0.012445 -0.012706 -0.010935 
-0.005242 0.016570 -0.016017 -0.006744 
-0.001548 0.001435 -0.001583 0.001397 
0.024004 -0.005886 -0.024711 0.000469 
0.002038 0.006624 0.000236 0.006926 
0.010342 0.004010 0.005545 0.009606 
-0.008936 0.009746 -0.013104 -0.001764 
-0.014513 0.002063 -0.007398 -0.012655 
0.011869 -0.034737 0.036505 -0.003866 
0.000599 0.003701 0.000311 0.003736 
-0.003747 -0.003985 -0.003043 -0.004545 
-0.018486 -0.013587 0.021219 0.008723 
-0.005367 0.020244 -0.009437 -0.018697 
-0.030062 -0.019895 -0.004120 -0.035813 
-0.031152 -0.003033 -0.021973 0.022290 
0.013838 -0.004896 0.009729 0.010991 
-0.013677 0.026808 0.022102 0.020427 
-0.017959 -0.012467 0.021760 0.002110 
0.006188 0.003156 0.005142 0.004670 
-0.042887 -0.009562 0.006398 0.043472 
-0.058704 -0.004050 -0.056505 -0.016422 
-0.027247 -0.000678 0.015337 0.022531 
-0.017234 -0.012429 0.021238 -0.000659 
-0.034653 -0.009736 -0.015558 -0.032458 
0.008453 -0.013015 0.014676 0.005047 
0.011191 0.005705 0.002871 0.012229 
0.024562 0.016714 0.020135 -0.021846 
-0.012313 0.014029 -0.008998 -0.016354 
-0.007216 -0.004353 -0.005013 -0.006775 
-0.024556 -0.004698 0.022073 0.011740 
-0.009077 -0.013675 0.012829 -0.010238 
-0.019611 -0.017949 0.002125 0.026500 
0.004126 0.022504 -0.009766 -0.020690 
0.017010 0.014042 -0.021491 -0.004968 
0.011365 -0.008215 0.012586 0.006186 
-0.013912 0.014346 -0.003438 -0.019686 
0.042904 0.020394 0.045355 0.014130 
-0.004709 0.018012 -0.015436 -0.010409 
-0.004971 -0.013725 0.010728 -0.009898 
-0.030912 -0.006477 -0.026336 0.017434 
-0.012235 0.008251 -0.012132 -0.008402 
0.019091 -0.014268 -0.018886 0.014538 
-0.001345 -0.025582 -0.010421 0.023402 
0.003857 -0.006007 0.005369 -0.004704 
0.011664 -0.009290 0.012700 0.007814 
-0.004635 -0.026563 -0.017133 0.020821 
-0.003346 0.012431 -0.011880 0.004959 
-0.024345 -0.046063 0.049433 0.016457 
-0.003311 -0.032834 -0.012483 -0.030548 
0.013816 0.022286 0.002324 -0.026118 
0.033988 -0.036714 0.046256 0.019064 
-0.008146 -0.032134 -0.015337 -0.029389 
0.006559 0.000238 0.006320 0.001772 
-0.037696 0.004672 -0.001283 -0.037962 
-0.024183 -0.018787 -0.027444 0.013586 
-0.032723 -0.000462 -0.030484 0.011906 
0.017196 0.002062 -0.003440 0.016974 
0.029217 -0.001918 -0.001698 -0.029230 
-0.013506 0.011255 -0.009396 -0.014859 
0.009717 -0.001159 0.008981 0.003888 
0.023010 -0.009623 -0.024782 0.002809 
0.005415 0.020673 -0.016516 -0.013561 
0.012427 -0.014878 0.007131 0.018026 
0.001209 0.017584 -0.017582 -0.001251 
-0.006852 0.002191 -0.007192 0.000177 
-0.007305 -0.003230 -0.005748 -0.005546 
0.004022 0.017581 -0.018035 0.000088 
-0.033381 0.004024 -0.033085 0.005991 
0.008403 0.042406 0.026803 -0.033918 
-0.014969 0.012896 -0.002615 -0.019584 
0.025032 0.019865 0.031955 0.000320 
-0.003669 -0.049582 0.040971 -0.028164 
-0.010584 0.004648 -0.010966 -0.003658 
0.010304 -0.000456 0.008839 0.005315 
0.019859 0.005196 -0.017330 0.011002 
0.023048 -0.001025 -0.022320 0.005835 
0.038762 0.009597 -0.036739 0.015649 
-0.014136 -0.003016 -0.003017 -0.014136 
0.012244 -0.014830 0.007758 0.017597 
-0.028391 -0.005798 -0.003243 0.028795 
-0.024942 0.006134 0.024890 0.006345 
0.002774 -0.019356 0.015247 0.012242 
0.018882 -0.014425 -0.018393 0.015043 
-0.026743 0.010675 0.014490 0.024883 
0.044715 0.004312 0.009412 -0.043925 
-0.003818 0.029759 0.027959 0.010883 
0.004208 0.010417 -0.003439 0.010696 
0.006535 0.010000 -0.002454 0.011692 
-0.006408 0.004471 -0.007524 0.002108 
-0.020303 0.006500 0.012410 -0.017333 
0.015101 -0.000055 0.004736 0.014339 
0.001985 0.020071 -0.016978 -0.010886 
0.016794 -0.020695 -0.026461 0.003186 
-0.001577 -0.020328 0.016347 0.012187 
0.026328 -0.010508 -0.017558 -0.022255 
-0.018479 -0.006707 0.015459 -0.012143 
-0.009905 0.005482 -0.011095 -0.002251 
0.008873 -0.024387 -0.020572 0.015820 
-0.010007 0.003847 -0.010344 -0.002817 
0.021284 0.013641 -0.014769 -0.020518 
-0.002599 0.010353 -0.008181 0.006857 
-0.005683 0.003872 -0.006488 0.002279 
0.013120 0.010727 -0.010862 0.013008 
0.007825 -0.012723 0.014612 0.003099 
-0.019968 -0.030333 0.013993 -0.033511 
-0.009766 -0.010475 0.005297 -0.013306 
-0.004995 0.009208 -0.009342 0.004740 
-0.006530 -0.002224 -0.005731 -0.003839 
0.003027 -0.007323 0.005329 -0.005864 
0.009393 -0.002304 0.009310 0.002622 
-0.002853 -0.030669 -0.028145 -0.012514 
0.013570 0.000232 0.006973 0.011644 
0.011037 -0.012743 0.012810 0.010960 
-0.002884 0.006980 -0.004899 0.005747 
0.000328 -0.003061 0.000487 -0.003040 
-0.013989 0.010363 -0.008947 -0.014935 
0.032205 -0.000700 0.026731 -0.017976 
-0.035664 -0.026042 -0.016045 0.041142 
0.001172 -0.018696 0.017076 0.007703 
-0.026225 -0.014861 -0.021742 0.020878 
-0.012020 -0.012151 0.012595 -0.011554 
0.022830 0.004876 -0.023289 -0.001614 
-0.023403 -0.020620 -0.030540 0.006340 
0.010522 -0.020103 -0.003955 0.022343 
0.003252 -0.009495 0.007764 -0.006360 
-0.028370 -0.002392 0.004692 0.028081 
0.006411 -0.008988 0.010610 -0.003052 
0.008140 -0.005455 0.009781 -0.000604 
-0.013216 -0.010404 0.010229 -0.013352 
-0.011515 0.036346 -0.034229 -0.016794 
0.010688 0.022228 -0.005877 -0.023954 
-0.014221 -0.006440 0.003043 -0.015312 
-0.021225 -0.001923 0.018164 -0.011149 
-0.002524 -0.016556 0.016482 -0.002965 
-0.004952 -0.002678 -0.004412 -0.003497 
0.013216 -0.002833 0.009469 0.009645 
0.005067 -0.012664 0.013453 -0.002252 
-0.020464 0.000952 0.013091 -0.015757 
-0.015812 0.026020 0.018009 0.024551 
-0.003725 -0.010752 0.004215 -0.010570 
-0.017493 0.004642 -0.000484 -0.018092 
-0.005388 0.023370 0.005973 -0.023227 
0.006463 0.002870 0.005439 0.004519 
0.020750 0.002453 -0.017000 0.012147 
0.026594 0.010875 0.006291 -0.028035 
0.004488 0.023553 -0.003934 -0.023651 
-0.004225 0.003757 -0.004818 0.002959 
0.020698 0.009422 -0.022541 -0.003015 
0.031320 0.007613 0.030545 -0.010290 
-0.017050 -0.002234 0.003205 -0.016895 
0.001302 0.017405 -0.017444 -0.000552 
-0.003223 0.013885 -0.013898 0.003167 
0.012725 0.019478 -0.015688 -0.017182 
-0.007289 -0.031995 -0.017942 -0.027476 
-0.020931 -0.017276 -0.000892 0.027125 
0.024871 -0.015333 -0.015643 -0.024677 
0.000701 -0.032725 -0.011621 -0.030600 
0.029302 -0.026613 -0.001389 0.039559 
-0.000324 0.006554 -0.001854 0.006294 
0.001744 0.046971 0.020017 0.042528 
-0.002260 -0.004164 -0.001730 -0.004411 
-0.001211 0.011577 -0.008747 0.007681 
-0.018012 -0.015225 0.019161 0.013751 
-0.019314 -0.016845 0.009487 0.023807 
0.019329 0.001823 -0.010937 0.016041 
0.003567 0.006272 0.001648 0.007025 
-0.001692 -0.014728 0.013182 -0.006782 
0.002086 0.037616 -0.037503 0.003579 
0.045816 0.002946 0.028633 -0.035888 
0.032330 0.014237 0.019017 0.029771 
-0.005794 -0.019096 0.018897 0.006414 
0.008856 0.008341 0.000005 0.012166 
-0.009875 -0.025283 -0.014012 0.023247 
-0.007331 0.022469 0.005832 -0.022904 
0.012219 -0.001538 0.009341 0.008026 
-0.011883 -0.000705 -0.007951 -0.008859 
0.001647 -0.006159 0.002973 -0.005640 
0.018151 -0.019525 -0.026624 0.001353 
-0.032081 0.006710 -0.027501 0.017830 
0.005452 -0.005424 0.006901 -0.003395 
0.017925 0.013832 -0.021361 -0.007505 
0.008516 -0.006619 0.010784 -0.000218 
0.005770 0.014206 -0.012092 0.009428 
-0.019508 0.002813 0.008124 -0.017958 
-0.012374 -0.000757 -0.007635 -0.009766 
0.019173 0.000972 -0.009352 0.016765 
0.002713 -0.014244 0.014134 -0.003235 
0.001707 -0.031287 -0.022981 -0.021298 
-0.007302 -0.018084 0.019313 0.002711 
-0.027036 0.007930 0.016534 0.022814 
-0.023179 -0.029765 0.029338 -0.023717 
0.011994 0.008953 -0.004476 0.014282 
0.014437 -0.011481 0.006659 0.017202 
0.004063 0.013110 -0.009219 0.010167 
0.009707 0.008452 -0.000741 0.012849 
-0.005994 -0.030634 -0.027986 -0.013824 
0.004989 0.012374 -0.007498 0.011036 
0.003489 -0.003355 0.003892 -0.002878 
0.008749 -0.032486 0.007067 -0.032893 
-0.042551 -0.005010 0.029874 0.030713 
-0.000910 0.042869 0.028244 -0.032262 
-0.006919 -0.021601 0.013161 0.018474 
-0.015140 0.026760 0.016429 0.025989 
-0.012033 0.016234 -0.005107 -0.019552 
0.006065 -0.019445 0.010734 0.017311 
-0.001881 -0.009153 0.002565 -0.008986 
-0.001396 0.013190 -0.011661 0.006321 
-0.004511 0.028304 0.028647 -0.000907 
-0.029933 0.016017 -0.030870 0.014127 
-0.014110 0.008974 -0.009411 -0.013823 
0.009368 0.009375 -0.002398 0.013034 
-0.034576 -0.011287 -0.009170 -0.035197 
0.014235 0.034576 -0.031934 0.019450 
0.003556 0.021513 -0.013840 -0.016850 
-0.022662 0.005164 0.021487 -0.008863 
0.006969 -0.003902 0.007886 -0.001266 
-0.024182 -0.006819 0.020610 0.014371 
0.016472 -0.007347 0.003571 0.017679 
-0.015176 -0.000423 -0.004107 -0.014616 
-0.017205 -0.006561 0.011294 -0.014543 
-0.024446 -0.002365 0.023632 0.006688 
0.004389 -0.004730 0.005349 -0.003609 
-0.006999 0.020324 -0.005652 -0.020739 
-0.004273 0.020745 -0.009565 -0.018898 
0.022728 -0.013364 -0.026053 -0.004048 
-0.024229 0.027854 -0.034479 -0.013194 
0.011401 -0.004394 0.010980 0.005360 
0.023130 -0.009353 -0.024828 0.002457 
-0.015199 -0.015664 0.020967 0.006063 
-0.000201 -0.002449 -0.000120 -0.002455 
-0.003628 0.005113 -0.004641 0.004215 
0.002010 -0.003036 0.002226 -0.002881 
0.019788 0.016267 -0.010250 -0.023476 
0.000757 -0.008731 0.004274 -0.007651 
0.018873 0.017641 -0.007296 -0.024782 
0.028641 -0.002390 -0.007054 -0.027861 
0.020682 0.030493 -0.020658 0.030509 
0.003017 0.030345 0.029057 0.009252 
-0.032145 0.025725 0.029644 -0.028572 
0.011525 0.005968 0.002139 0.012802 
0.029919 -0.004931 0.005628 -0.029796 
-0.019925 0.024899 0.000295 0.031889 
-0.026614 0.013209 0.009140 0.028271 
0.014397 0.006481 -0.003518 0.015392 
0.008593 -0.024735 -0.021569 0.014848 
-0.001292 0.038371 -0.036735 -0.011159 
-0.023236 0.028719 -0.034828 -0.012317 
0.000477 -0.012221 0.009288 -0.007956 
-0.018256 0.026094 0.002827 0.031721 
-0.001990 -0.008429 0.001560 -0.008519 
-0.040088 0.010285 0.040142 -0.010070 
-0.024340 -0.007533 0.018942 0.017040 
0.000048 -0.013393 0.011205 -0.007336 
0.015079 0.009418 -0.011824 0.013276 
-0.025509 -0.017674 -0.028876 0.011367 
0.020705 0.033806 -0.038421 -0.009766 
-0.011512 0.018547 0.000816 -0.021814 
-0.017497 0.006748 -0.000049 -0.018753 
-0.019499 0.040514 0.037527 0.024766 
0.020788 0.000558 -0.015444 0.013927 
-0.003915 -0.019449 0.018292 0.007682 
-0.016050 0.008430 -0.004396 -0.017588 
0.037683 0.011488 -0.032861 0.021729 
0.008344 -0.043383 -0.044098 0.002659 
0.004632 0.027271 0.021718 -0.017132 
-0.002819 0.023793 0.003269 -0.023735 
-0.024828 0.005760 0.024943 0.005240 
0.001910 -0.002826 0.002087 -0.002698 
-0.005833 0.002318 -0.006195 0.001008 
-0.008281 0.002131 -0.008454 -0.001283 
0.022378 0.018201 0.015117 -0.024568 
0.018336 0.008147 -0.017541 0.009742 
0.016617 -0.016588 -0.014763 0.018258 
-0.010910 0.005906 -0.011649 -0.004267 
0.000081 0.006847 -0.001670 0.006641 
-0.013861 0.012314 -0.007296 -0.017045 
0.020527 0.011915 -0.020988 -0.011085 
-0.004804 0.012302 -0.012834 0.003117 
-0.017274 0.006894 -0.000854 -0.018580 
-0.026856 0.009525 0.015681 0.023793 
-0.021798 0.012986 0.025145 -0.003396 
0.006391 0.010584 -0.003636 0.011818 
0.025053 0.020137 0.032035 0.002630 
0.012652 0.006725 -0.000689 0.014312 
0.002500 -0.005271 0.003438 -0.004713 
0.000745 -0.001429 0.000765 -0.001418 
0.016494 -0.025164 -0.019813 -0.022643 
-0.033145 0.007759 -0.033740 0.004517 
0.004510 -0.010638 0.010480 -0.004866 
0.002940 0.009755 -0.002803 0.009795 
0.016425 -0.029952 0.020477 -0.027342 
0.014762 -0.016149 -0.005085 0.021280 
-0.009604 0.010619 -0.013707 -0.004136 
