0.000689 0.016108 -0.015850 0.002949 
0.011326 0.038634 -0.028740 -0.028193 
0.042174 -0.000307 -0.039601 -0.014509 
0.010224 0.032059 0.011986 0.031442 
0.006481 0.021203 -0.014862 -0.016452 
-0.004103 -0.002179 -0.003816 -0.002650 
0.015703 -0.000321 0.003649 0.015276 
-0.010465 -0.015626 0.018371 -0.004024 
0.005651 0.023591 -0.003385 -0.024021 
-0.019853 0.020639 0.024196 0.015319 
-0.012566 -0.020441 0.012052 0.020748 
-0.023637 -0.012563 0.007473 0.025704 
0.014447 0.007103 -0.004934 0.015323 
0.028069 0.008173 0.007847 -0.028162 
-0.024777 0.001738 0.024430 0.004487 
-0.007598 -0.003401 -0.005788 -0.005983 
0.002889 -0.017347 0.016825 0.005115 
-0.011076 -0.020333 0.014768 0.017833 
-0.029029 -0.006068 -0.009640 0.028046 
-0.007476 -0.017258 0.018796 -0.000642 
0.005456 0.011080 -0.004597 0.011463 
-0.025631 0.005623 0.023856 0.010929 
0.012579 -0.019772 -0.010099 0.021147 
-0.007733 0.018745 -0.009522 -0.017903 
0.008519 -0.021037 -0.001730 0.022630 
0.015638 -0.020282 -0.023085 0.011091 
0.009389 0.017507 -0.019751 -0.002132 
0.008960 -0.036414 0.037222 0.004562 
-0.004709 -0.011397 0.005303 -0.011133 
-0.000788 -0.000930 -0.000780 -0.000936 
-0.003160 -0.010609 0.004151 -0.010262 
-0.013288 0.006698 -0.010878 -0.010154 
0.012770 0.018809 -0.017743 -0.014214 
-0.007385 0.013392 -0.014926 -0.003332 
-0.007428 -0.002960 -0.005954 -0.005338 
-0.018049 -0.008770 0.017850 -0.009169 
-0.007033 -0.006926 -0.002511 -0.009546 
0.028675 0.008864 0.015479 -0.025713 
0.020535 -0.024010 -0.002700 -0.031478 
0.008502 0.011218 -0.006012 0.012728 
0.032881 0.009596 0.030788 0.015010 
-0.009463 -0.049887 0.050252 -0.007280 
0.024623 -0.011354 -0.024174 -0.012282 
0.004933 -0.013989 0.014830 -0.000320 
0.001937 -0.017122 0.016968 0.002999 
-0.008411 -0.005164 -0.004596 -0.008734 
-0.022422 0.004741 0.020523 -0.010199 
0.007584 -0.006751 0.010023 -0.001621 
0.003211 0.004663 0.002343 0.005153 
0.018787 -0.008300 -0.006719 0.019408 
0.002383 0.022459 -0.009655 -0.020418 
-0.005838 -0.027848 -0.025418 0.012788 
0.011859 -0.029518 -0.010472 -0.030038 
-0.015361 0.010531 -0.004860 -0.017979 
0.005764 -0.011312 0.012409 -0.002684 
0.005700 -0.020216 0.008950 0.019003 
-0.020289 0.006039 0.012034 -0.017416 
0.043520 -0.003786 -0.024177 -0.036383 
-0.016861 -0.008434 0.014138 -0.012472 
-0.009386 0.021952 0.009243 -0.022013 
-0.013192 0.024814 0.027901 0.003369 
0.007010 -0.010016 0.012109 -0.001683 
-0.008241 -0.010660 0.004498 -0.012701 
0.014992 -0.003447 0.007311 0.013534 
-0.005599 0.008059 -0.008903 0.004126 
0.006667 -0.024487 -0.015694 0.019944 
0.026362 -0.011744 -0.015099 -0.024595 
-0.009929 -0.004982 -0.004601 -0.010112 
-0.024875 -0.022813 -0.025266 -0.022380 
-0.002803 0.005077 -0.003689 0.004475 
0.025582 -0.032070 -0.019839 0.035907 
0.017335 0.031681 -0.013708 0.033411 
-0.021322 -0.024558 -0.030078 -0.012369 
0.002741 0.006531 0.000858 0.007031 
-0.006198 -0.023851 0.001370 0.024605 
-0.021747 -0.005014 0.021974 -0.003900 
0.010500 0.013506 -0.013905 0.009966 
0.010284 0.013785 -0.014341 0.009495 
0.008617 0.011736 -0.007392 0.012543 
-0.005757 -0.026915 -0.020019 0.018890 
-0.006579 -0.008529 -0.000203 -0.010770 
0.013526 0.002608 0.004551 0.013002 
0.012496 -0.010894 0.011615 0.011829 
-0.021506 -0.005116 0.021573 -0.004827 
0.004507 0.004272 0.003507 0.005125 
0.006750 -0.015596 0.015475 0.007023 
-0.014841 -0.015441 0.021046 0.003967 
0.041967 0.002260 -0.039566 -0.014172 
-0.005236 0.042599 0.031650 -0.028990 
-0.005924 0.005342 -0.007397 0.002987 
0.017319 0.012205 -0.021151 0.001241 
0.010436 0.006395 0.002397 0.012003 
0.002804 -0.023176 0.000551 0.023339 
-0.010919 0.015003 -0.010763 -0.015115 
-0.025690 0.004553 0.023749 0.010803 
0.007345 -0.003716 0.008194 -0.000786 
0.009176 -0.005641 0.010731 0.000935 
0.000256 -0.007044 0.002148 -0.006714 
0.009874 -0.005451 0.011064 0.002187 
-0.028679 -0.011637 -0.025022 0.018215 
-0.003558 0.023587 0.003273 -0.023628 
0.015626 0.022236 0.008246 -0.025896 
-0.014568 -0.017005 0.019875 0.010314 
-0.017891 0.001795 0.001930 -0.017877 
-0.016756 0.018496 0.021271 -0.013055 
-0.005993 0.009061 -0.010251 0.003596 
0.011152 -0.018030 0.002446 0.021059 
0.018983 0.003999 -0.012597 0.014753 
-0.016012 0.016247 0.010905 -0.020035 
-0.013722 0.001394 -0.008078 -0.011179 
0.002753 0.036592 -0.031790 0.018329 
-0.013665 0.000489 -0.007473 -0.011451 
-0.008132 0.023888 0.016038 -0.019482 
-0.004889 0.017413 -0.015855 -0.008703 
0.003932 -0.016888 0.016504 0.005316 
-0.044110 -0.002760 0.008327 0.043405 
0.013223 -0.015974 0.001761 0.020662 
0.020311 -0.031967 0.031226 0.021432 
0.002563 -0.019606 0.015001 0.012881 
-0.020494 -0.006379 0.020468 -0.006463 
-0.004909 -0.004776 -0.003528 -0.005871 
-0.002286 0.012272 -0.010773 0.006306 
-0.002148 0.013647 -0.012905 0.004931 
0.018546 0.017007 -0.011790 -0.022231 
-0.045916 -0.008848 -0.043931 0.016021 
-0.007016 -0.010752 0.004140 -0.012152 
-0.013363 0.006245 -0.010697 -0.010157 
-0.021753 0.005722 0.018357 -0.012998 
0.000155 -0.000647 0.000157 -0.000647 
0.019886 -0.012664 -0.018747 0.014296 
0.005391 0.022667 -0.008846 -0.021554 
-0.013559 0.006492 -0.010513 -0.010746 
-0.022866 -0.016853 -0.010027 0.026577 
-0.005908 0.004091 -0.006818 0.002272 
-0.015507 0.008049 -0.006329 -0.016285 
-0.006308 0.025290 0.019399 -0.017408 
0.022008 0.022697 0.031611 0.000471 
-0.013047 -0.027628 -0.030548 0.000586 
-0.036651 -0.005121 -0.006721 -0.036392 
-0.001991 -0.024519 -0.002599 0.024462 
0.003130 0.003201 0.002759 0.003526 
-0.009333 0.011461 -0.014057 -0.004568 
-0.025036 0.000454 0.024003 0.007133 
0.003987 0.002776 0.003594 0.003269 
0.024677 0.008034 -0.016585 -0.019962 
-0.005856 0.024275 0.012510 -0.021611 
-0.016602 -0.024656 -0.026821 0.012811 
-0.011851 -0.019486 0.016784 0.015443 
-0.025320 0.013880 0.016964 0.023367 
0.003757 0.000444 0.003711 0.000738 
-0.001908 0.009019 -0.005767 0.007192 
-0.001733 0.008377 -0.004876 0.007029 
0.003540 0.001361 0.003422 0.001636 
-0.013206 0.003619 -0.009890 -0.009470 
0.026571 0.008478 -0.003476 -0.027674 
-0.012457 0.018093 0.002530 -0.021821 
-0.012526 0.024228 0.026993 -0.003907 
-0.029903 0.001802 -0.004874 0.029558 
0.036305 0.030640 0.040564 0.024727 
-0.009533 0.025194 0.025212 -0.009483 
0.005010 -0.008875 0.009013 -0.004757 
-0.030742 0.040709 -0.034711 -0.037383 
0.017580 0.023519 0.024034 -0.016869 
0.038110 0.007238 -0.022219 0.031797 
0.030123 -0.012979 0.023482 -0.022901 
0.001251 0.003671 0.000943 0.003762 
-0.030119 -0.016028 -0.027996 -0.019501 
-0.011781 0.006401 -0.011824 -0.006322 
-0.006336 0.008477 -0.010069 0.003257 
0.001031 -0.014798 0.014211 -0.004255 
-0.024322 0.016819 0.014384 0.025837 
-0.003278 -0.028978 -0.028846 0.004283 
-0.027471 0.034829 0.039039 0.021064 
-0.020916 -0.004631 0.019734 -0.008335 
0.007411 0.009153 -0.000968 0.011738 
0.014996 -0.039654 -0.031059 0.028856 
0.009111 -0.044831 -0.034525 -0.030014 
0.014033 -0.045828 0.017129 -0.044763 
0.022261 -0.023375 0.006684 -0.031579 
0.020785 0.013860 -0.015933 -0.019242 
-0.014819 -0.010581 0.013952 -0.011701 
0.011762 0.046679 0.003262 0.048028 
-0.023344 0.006425 0.023796 -0.004472 
-0.017156 0.030340 -0.027584 0.021306 
-0.012157 0.005753 -0.011446 -0.007062 
-0.019836 0.005145 0.009556 -0.018128 
-0.035444 -0.005813 -0.020159 -0.029727 
-0.035776 0.011049 -0.016023 -0.033842 
-0.005802 0.040385 -0.005143 -0.040475 
-0.009940 -0.015252 0.017248 -0.005823 
0.018323 0.014157 -0.020694 -0.010388 
-0.011224 -0.004029 -0.005122 -0.010769 
0.005313 -0.011284 0.012002 -0.003390 
-0.007425 0.002156 -0.007723 -0.000356 
-0.012282 -0.012264 0.013275 -0.011182 
0.031644 0.024774 -0.039886 -0.004926 
0.011138 0.017150 -0.020210 -0.003123 
0.024912 0.004718 -0.021187 -0.013929 
0.026337 -0.006204 -0.021479 -0.016455 
-0.004837 -0.016571 0.016861 -0.003698 
0.016383 -0.022450 -0.027409 -0.004602 
-0.004883 -0.010495 0.003437 -0.011053 
-0.002591 0.041254 0.001473 -0.041309 
-0.002054 -0.017926 0.017943 0.001905 
0.001935 0.032181 0.018903 0.026116 
0.008345 -0.007225 0.011028 -0.000479 
-0.005099 0.001566 -0.005281 0.000752 
0.010676 0.011110 -0.007926 0.013213 
0.020636 0.016194 -0.006807 -0.025333 
-0.001925 0.011304 -0.008925 0.007201 
0.024970 0.005768 -0.019639 -0.016464 
0.006196 -0.006204 0.008196 -0.003115 
0.029367 0.017313 0.027314 0.020398 
-0.017637 -0.001255 0.003855 -0.017256 
-0.017153 0.026217 0.009412 0.029883 
0.008251 0.008485 0.000012 0.011835 
0.010413 -0.020658 -0.006142 0.022303 
0.001125 0.012652 -0.009101 0.008861 
-0.014234 0.017073 0.005948 -0.021417 
-0.010470 -0.040872 -0.004868 0.041910 
-0.013940 -0.007021 0.003645 -0.015177 
-0.002673 0.024386 0.006727 -0.023592 
0.028258 -0.006349 -0.009100 -0.027496 
0.036369 0.014932 -0.033841 0.020011 
-0.010320 0.014125 -0.012880 -0.011837 
-0.007104 0.013732 -0.015084 -0.003395 
0.001046 -0.004810 0.001676 -0.004629 
-0.004497 0.009293 -0.008888 0.005253 
-0.000801 0.003884 -0.001133 0.003801 
-0.007007 -0.023790 0.001117 0.024775 
-0.016497 -0.002155 0.001355 -0.016582 
0.004134 0.006242 0.002045 0.007202 
0.017192 -0.004553 0.001598 0.017713 
-0.000919 -0.002725 -0.000794 -0.002764 
-0.021089 0.011265 0.021119 -0.011210 
-0.011334 0.015619 -0.008664 -0.017244 
-0.018202 0.002433 0.002764 -0.018154 
0.025094 -0.009172 -0.024239 -0.011237 
-0.017576 -0.025188 -0.030441 0.004080 
-0.012733 0.025464 0.027849 0.005914 
-0.003623 0.012149 -0.011692 0.004902 
-0.014507 -0.033618 0.023116 -0.028396 
0.024664 -0.030290 0.013370 0.036702 
-0.000367 -0.001596 -0.000344 -0.001601 
0.009859 -0.031049 -0.004507 -0.032263 
-0.013381 -0.013648 0.018038 -0.006319 
-0.007882 0.011841 -0.014106 -0.001837 
0.001592 -0.009905 0.006562 -0.007589 
-0.019484 -0.009569 0.021612 -0.002027 
0.000260 0.020033 -0.016259 -0.011706 
-0.001803 -0.023605 0.003195 0.023457 
-0.033356 0.003961 -0.032949 0.006529 
-0.004569 0.007807 -0.007510 0.005042 
0.034317 -0.000197 0.033709 0.006435 
0.018845 -0.002357 -0.005405 0.018206 
0.001216 -0.020422 0.014389 0.014544 
0.020645 -0.011342 -0.019542 0.013150 
-0.027842 -0.031364 0.019246 0.037262 
0.015198 -0.009451 0.006395 0.016715 
0.007694 -0.012466 0.014456 0.002371 
0.015384 0.038690 -0.011034 -0.040148 
0.004059 0.011722 -0.006087 0.010808 
-0.018917 0.009230 0.008429 -0.019287 
-0.004729 0.017020 -0.016154 -0.007147 
-0.012645 -0.009152 0.006020 -0.014402 
0.018046 0.005308 -0.011554 0.014844 
0.016150 0.022434 0.011700 -0.025044 
0.007617 -0.024614 -0.018659 0.017768 
-0.003272 -0.000638 -0.003227 -0.000837 
-0.016842 -0.020233 0.000634 0.026318 
-0.004119 0.026244 0.020736 -0.016605 
0.028944 -0.027742 -0.008847 0.039104 
-0.020418 0.014741 0.024211 -0.006931 
-0.016900 -0.014854 0.021027 0.008007 
-0.013151 0.005327 -0.010645 -0.009382 
0.023398 0.014133 -0.001618 -0.027287 
-0.002558 -0.007836 0.000479 -0.008229 
-0.026364 -0.013359 -0.015727 0.025024 
-0.002353 0.022717 -0.003853 -0.022511 
-0.008663 0.004094 -0.009562 -0.000608 
0.018965 0.008256 -0.019226 0.007630 
-0.037997 0.013427 0.027136 -0.029794 
-0.021866 0.023964 -0.007857 0.031474 
-0.008645 0.027280 0.028478 0.002822 
-0.004837 0.040982 0.002436 -0.041195 
-0.034127 0.002841 -0.034125 -0.002875 
0.003090 -0.004489 0.003779 -0.003927 
-0.020768 0.025216 -0.008877 0.031438 
0.004089 0.007484 0.000852 0.008485 
-0.015061 -0.018621 0.014815 0.018817 
0.016582 0.003966 -0.004429 0.016464 
-0.003657 0.012401 -0.012078 0.004611 
-0.002350 -0.008543 0.001440 -0.008742 
0.012062 -0.001816 0.009569 0.007565 
-0.029613 -0.005394 -0.013122 0.027090 
0.010974 -0.000510 0.008958 0.006359 
0.013114 -0.017788 -0.003953 0.021743 
0.006909 0.022823 -0.007231 -0.022723 
0.028847 0.008390 0.015306 -0.025851 
0.010021 -0.041564 -0.032562 0.027707 
0.019522 0.001127 -0.010880 0.016248 
0.003325 0.007226 0.000661 0.007926 
-0.007458 -0.010221 0.003133 -0.012259 
-0.021528 0.011590 0.022986 -0.008330 
-0.007051 0.028987 0.027225 0.012197 
0.004724 0.001736 0.004437 0.002375 
0.004221 0.019595 -0.018246 -0.008300 
0.018537 -0.037629 -0.027361 0.031795 
-0.004393 -0.016289 0.016266 -0.004479 
-0.021880 -0.002042 0.020303 -0.008406 
0.004507 0.001652 0.004262 0.002209 
-0.004191 0.000633 -0.004233 0.000216 
0.009585 -0.035521 0.036402 -0.005339 
-0.031419 0.015095 -0.034817 0.001683 
0.008245 -0.009283 0.012416 0.000041 
-0.008218 0.004315 -0.009282 0.000090 
-0.032076 0.000186 -0.025921 0.018895 
0.001713 0.008969 -0.002435 0.008801 
-0.009532 0.022500 0.012633 -0.020917 
0.006224 -0.019681 0.009748 0.018195 
-0.040262 -0.005898 0.040089 -0.006978 
0.016752 0.015727 -0.019985 -0.011338 
0.003611 -0.004489 0.004366 -0.003758 
0.012809 0.005815 0.000791 0.014045 
0.016857 0.000626 -0.000530 0.016861 
-0.038426 0.014049 0.034482 -0.022022 
-0.007472 0.022780 0.007916 -0.022629 
0.002959 0.020164 -0.017181 -0.010960 
0.008992 0.021053 -0.014085 -0.018047 
-0.003702 0.008986 -0.007674 0.005963 
-0.013906 -0.017207 0.020001 0.009456 
-0.019497 -0.020486 -0.013481 0.024861 
-0.034585 -0.000588 -0.032893 -0.010704 
-0.000010 -0.019114 0.017309 0.008110 
0.000947 0.001564 0.000918 0.001582 
0.016391 0.005730 -0.007141 0.015828 
0.022245 -0.007485 -0.021270 0.009921 
-0.001708 -0.014754 0.013223 -0.006763 
0.010184 -0.026656 -0.028291 -0.003727 
0.001001 -0.040083 0.021215 0.034023 
0.039815 -0.006481 -0.032442 0.023973 
0.006835 -0.012947 0.014576 0.001372 
-0.018192 0.012026 0.009696 -0.019533 
0.011970 -0.008573 0.012389 0.007955 
0.011491 -0.017464 0.003243 0.020653 
-0.030779 0.011569 -0.025235 0.021081 
0.013232 0.028362 0.030412 0.007390 
0.012814 0.016926 -0.020516 -0.005456 
0.006296 -0.018261 0.013271 0.014035 
-0.035642 0.030021 -0.011470 0.045167 
0.010604 0.030891 0.022190 0.023965 
0.004195 0.001103 0.004059 0.001531 
-0.011675 0.016106 -0.006594 -0.018768 
-0.011632 -0.008555 0.003011 -0.014122 
-0.000554 0.024990 0.007791 -0.023751 
0.035171 0.001665 0.029392 0.019389 
0.001095 0.023169 -0.005283 -0.022585 
-0.020104 -0.007572 0.020851 -0.005170 
-0.034471 -0.015294 0.014190 -0.034941 
-0.000569 -0.039990 0.023932 0.032043 
0.007943 0.002882 0.006236 0.005702 
-0.010329 0.027400 0.027362 0.010428 
-0.023577 0.048619 0.038853 -0.037552 
-0.016783 0.035109 -0.023550 -0.030979 
-0.012915 0.042134 0.044063 -0.000725 
0.007340 -0.003536 0.008119 -0.000682 
0.005259 -0.002924 0.005734 -0.001825 
0.003136 -0.024070 -0.005502 0.023642 
0.007679 -0.022365 -0.006182 0.022824 
0.003189 -0.014348 0.014502 -0.002397 
-0.007040 -0.006198 -0.003349 -0.008761 
-0.020267 0.014850 0.023988 -0.007471 
0.010747 0.000318 0.008458 0.006638 
0.015426 -0.012759 0.001152 0.019986 
0.015530 -0.011986 0.002180 0.019496 
0.008262 -0.007621 0.011226 -0.000564 
0.020278 0.001658 -0.014417 0.014356 
-0.009570 -0.010566 0.005311 -0.013229 
-0.009421 0.016354 -0.011569 -0.014912 
0.007013 -0.010583 0.012634 -0.001255 
-0.017431 -0.012174 0.021240 -0.000969 
0.007708 -0.018370 0.010607 0.016863 
0.002903 -0.025050 -0.011451 0.022467 
-0.032365 -0.009080 -0.032910 -0.006846 
-0.043265 -0.018293 -0.046951 0.001433 
-0.049447 0.000857 -0.031961 -0.037739 
-0.013510 -0.020940 0.007341 0.023814 
0.010689 -0.014160 0.012272 0.012812 
-0.006375 -0.030609 -0.028031 -0.013851 
0.011718 0.008759 -0.003595 0.014181 
0.004961 -0.003771 0.005648 -0.002634 
0.003219 -0.002343 0.003410 -0.002054 
0.003413 -0.004159 0.004029 -0.003565 
0.014900 -0.000931 0.005914 0.013708 
-0.020724 0.004967 0.013594 -0.016411 
-0.016971 -0.000738 0.001016 -0.016957 
0.004053 0.016501 -0.016568 0.003769 
0.007859 -0.003828 0.008737 -0.000288 
-0.002752 0.016205 -0.016380 -0.001370 
0.000159 -0.001603 0.000182 -0.001601 
0.012249 -0.002888 0.010098 0.007512 
-0.006181 0.016296 -0.015598 -0.007776 
-0.006251 -0.015678 0.015654 -0.006312 
-0.039771 -0.007437 0.039340 -0.009457 
-0.008958 -0.020514 0.016017 0.015637 
0.016993 0.033438 -0.031241 0.020756 
0.030037 0.010375 0.029315 -0.012267 
0.004342 -0.018344 0.015384 0.010895 
0.018050 0.011697 -0.021504 0.000473 
0.005771 0.007720 0.001259 0.009556 
0.011218 -0.022755 -0.019171 0.016617 
-0.025003 -0.006744 0.017846 0.018766 
0.014232 -0.005777 0.009403 0.012146 
0.008645 -0.023441 -0.015021 0.019965 
0.009977 -0.039229 0.006609 0.039935 
-0.048372 0.004427 -0.046115 -0.015261 
-0.026212 -0.000721 0.020591 0.016236 
0.008087 -0.010820 0.013471 0.001008 
-0.001884 -0.004884 -0.001130 -0.005111 
0.001533 0.015568 -0.014833 0.004967 
0.028613 -0.003102 -0.007524 -0.027780 
-0.007372 -0.004124 -0.005234 -0.006630 
-0.040565 0.008387 0.040666 -0.007882 
-0.020305 -0.003175 0.016193 -0.012656 
0.016469 -0.014632 -0.008008 0.020523 
-0.012366 0.007072 -0.011784 -0.008003 
0.001423 0.019498 -0.017531 -0.008654 
-0.015046 0.016096 0.006094 -0.021174 
0.002506 0.032162 0.019193 0.025928 
0.009673 -0.016607 0.010573 0.016049 
-0.019500 0.011600 0.015029 -0.016998 
-0.010483 0.024050 0.022823 -0.012938 
-0.007692 0.008067 -0.011058 0.001399 
0.007224 -0.023857 -0.013448 0.020988 
-0.005123 -0.021760 0.013065 0.018140 
-0.024258 -0.016035 -0.014508 0.025201 
0.002692 -0.017714 0.016857 0.006070 
-0.012097 0.012947 -0.010910 -0.013962 
0.015614 -0.002814 0.005657 0.014823 
-0.035980 -0.018646 0.040375 0.003480 
-0.012169 0.035778 -0.035765 -0.012208 
-0.015211 -0.012059 0.017888 -0.007539 
0.015412 0.018362 -0.015054 -0.018657 
-0.013946 -0.021960 -0.000383 0.026011 
0.005417 -0.002735 0.005857 -0.001589 
-0.004949 -0.007153 -0.001636 -0.008543 
-0.005125 0.009048 -0.009314 0.004623 
-0.007349 -0.026012 -0.015297 0.022285 
0.007170 0.026735 0.020058 -0.019075 
-0.009871 0.012028 -0.014024 -0.006739 
0.005901 0.000872 0.005618 0.002003 
0.020287 -0.008808 -0.014415 0.016774 
-0.027991 -0.003084 0.006720 0.027347 
-0.018477 -0.001568 0.007310 -0.017042 
-0.015192 0.004637 -0.007326 -0.014094 
-0.014632 0.013918 -0.001779 -0.020116 
0.011953 0.001583 0.007196 0.009675 
0.002738 -0.009459 0.007168 -0.006753 
0.001068 -0.012803 0.010749 -0.007037 
-0.031773 -0.000249 -0.023834 0.021012 
0.006007 0.011068 -0.004613 0.011718 
-0.029626 -0.007543 -0.019160 0.023822 
-0.003856 -0.006962 -0.001248 -0.007860 
-0.004757 -0.004211 -0.003713 -0.005155 
-0.000409 -0.001188 -0.000399 -0.001191 
-0.021060 -0.027580 -0.010663 -0.033022 
0.019837 0.026643 0.025055 0.021809 
-0.025599 -0.008713 0.009589 0.025284 
0.002364 -0.001851 0.002453 -0.001731 
0.004211 0.000670 0.004123 0.001087 
-0.029859 0.020239 -0.034689 -0.009892 
0.008231 0.035404 -0.024916 0.026465 
-0.026885 0.004177 0.019422 0.019054 
0.005093 -0.001637 0.005287 -0.000818 
-0.004764 0.040226 -0.011280 -0.038905 
0.016237 -0.008319 0.003866 0.017830 
-0.003209 -0.022595 0.009263 0.020858 
-0.017639 0.014001 0.011727 -0.019226 
0.011412 0.037486 -0.037487 -0.011408 
-0.014916 -0.001057 -0.003991 -0.014411 
-0.002236 0.010165 -0.007555 0.007159 
-0.015222 -0.012217 0.018198 -0.007056 
-0.010444 0.021630 0.011120 -0.021290 
-0.029665 -0.013500 -0.032590 0.000440 
-0.029460 0.014312 -0.021976 0.024286 
-0.004592 0.044371 0.044548 0.002319 
-0.004651 -0.003558 -0.003902 -0.004367 
0.029498 0.018507 0.020347 0.028260 
0.011800 0.014952 -0.018486 0.004591 
-0.003689 -0.013445 0.010013 -0.009700 
0.017321 0.015526 -0.019644 -0.012457 
0.002900 0.018625 -0.018358 -0.004277 
0.000788 -0.000976 0.000796 -0.000969 
-0.008927 0.016314 -0.012521 -0.013751 
-0.007656 -0.038742 0.034097 0.019924 
-0.025277 -0.009499 0.009069 0.025434 
0.010309 -0.020915 -0.007044 0.022228 
-0.035696 -0.016602 0.035182 -0.017664 
-0.015725 -0.019116 0.010992 0.022178 
0.012349 -0.018385 -0.003260 0.021906 
0.009816 -0.020783 -0.004688 0.022502 
0.005447 -0.011918 0.012848 -0.002574 
-0.000733 -0.007027 0.001200 -0.006963 
0.001775 -0.011958 0.009841 -0.007020 
0.012277 -0.012557 0.010922 0.013752 
-0.006950 -0.023156 0.005238 0.023602 
0.017480 0.031680 -0.014522 0.033140 
-0.001082 0.025926 0.014724 -0.021366 
-0.034894 -0.002076 -0.030731 -0.016659 
-0.027243 0.009056 0.013765 0.025194 
0.002881 0.011216 -0.005411 0.010239 
-0.005564 0.023708 0.008367 -0.022870 
0.012118 0.014292 -0.017646 0.006301 
-0.035256 0.029551 0.002462 0.045937 
-0.020218 -0.000806 0.013354 -0.015201 
0.008665 0.006526 0.002979 0.010430 
0.037583 0.005720 -0.009254 0.036872 
0.007256 -0.037954 0.032996 0.020110 
0.032917 0.005543 0.033378 0.000411 
0.003318 0.019960 -0.017596 -0.009990 
-0.021848 0.008578 0.020758 -0.010955 
0.038649 0.011534 -0.039627 0.007513 
-0.000244 0.042492 0.020822 -0.037042 
-0.006250 -0.004276 -0.004615 -0.006004 
0.022388 0.008999 -0.021803 -0.010337 
0.023288 0.013032 -0.007511 -0.025607 
-0.025547 -0.000892 0.022588 0.011967 
-0.002133 -0.020263 0.016728 0.011633 
-0.024042 -0.012620 0.004699 0.026743 
0.009863 -0.000475 0.008721 0.004631 
0.000051 -0.000310 0.000052 -0.000310 
-0.011355 -0.005362 -0.003257 -0.012127 
-0.003548 0.010641 -0.009522 0.005929 
-0.000532 -0.011965 0.008117 -0.008808 
-0.014971 0.009400 -0.007091 -0.016193 
-0.014367 0.030515 -0.013557 0.030883 
0.041513 0.002282 -0.041184 -0.005696 
-0.015486 0.008050 -0.006389 -0.016242 
0.015810 -0.009250 0.004615 0.017727 
0.012963 0.004507 0.002731 0.013449 
0.024315 -0.013704 -0.022555 -0.016440 
-0.019589 -0.013057 0.020720 0.011176 
0.000095 0.003198 -0.000085 0.003198 
0.001431 0.016657 -0.016600 0.001988 
0.009034 0.016658 -0.018868 0.001754 
0.000643 0.003507 0.000397 0.003543 
-0.015944 0.014860 0.006266 -0.020875 
0.003168 0.001526 0.003057 0.001737 
-0.007139 -0.028009 -0.026983 0.010364 
-0.011434 0.028163 0.022141 0.020825 
-0.009401 0.003444 -0.009812 -0.001991 
-0.006026 -0.012431 0.007781 -0.011415 
0.008832 -0.016716 0.012029 0.014585 
-0.002052 -0.021957 0.011713 0.018685 
-0.023753 0.003231 0.023810 -0.002778 
0.000992 0.009040 -0.003081 0.008557 
0.025072 -0.001039 -0.024114 -0.006940 
-0.004307 -0.010645 0.003838 -0.010823 
0.010797 -0.021780 -0.013094 0.020481 
0.000214 0.016394 -0.016305 0.001724 
-0.006512 -0.009690 0.001836 -0.011529 
-0.015175 -0.012181 0.018051 -0.007265 
-0.008294 -0.008635 0.000278 -0.011970 
0.011446 0.012519 -0.012653 0.011298 
0.008744 -0.012208 0.014385 0.004308 
0.014352 -0.027160 -0.017520 -0.025233 
0.009011 0.039365 -0.025396 -0.031399 
-0.013452 -0.008730 0.006529 -0.014647 
-0.010473 0.006107 -0.011650 -0.003356 
-0.014216 0.001426 -0.007444 -0.012195 
-0.001291 -0.002011 -0.001227 -0.002051 
-0.019908 0.019079 0.026530 0.007516 
0.033521 0.010000 0.025903 0.023509 
0.023767 0.011150 -0.012196 -0.023248 
-0.024798 0.001140 0.024320 0.004975 
0.001167 -0.009897 0.006139 -0.007851 
0.008267 -0.015256 0.014497 0.009536 
-0.012757 -0.003767 -0.004065 -0.012665 
0.015960 0.010916 -0.017102 0.009022 
0.000494 0.011145 -0.006665 0.008947 
-0.000008 0.017925 -0.017579 -0.003507 
0.002056 -0.025848 -0.015399 0.020862 
-0.012668 0.032883 -0.027918 0.021503 
0.008515 0.026897 0.022609 -0.016875 
0.014796 -0.024295 -0.027296 -0.008007 
0.006369 -0.016192 0.015520 0.007867 
0.018597 -0.004719 -0.003913 0.018783 
0.029930 0.002655 0.010075 -0.028308 
-0.008790 0.004208 -0.009717 -0.000738 
0.000010 0.002662 -0.000094 0.002660 
0.010944 -0.004137 0.010815 0.004465 
0.008147 0.014412 -0.013868 0.009042 
-0.046008 0.009202 -0.037191 0.028606 
0.004455 -0.011931 0.012084 -0.004023 
0.024934 -0.000012 -0.023981 -0.006826 
0.003897 0.018148 -0.018444 -0.002088 
-0.003510 0.025879 0.017694 -0.019208 
-0.014669 -0.050556 0.035844 0.038553 
-0.009253 -0.029766 -0.029487 -0.010107 
0.005409 -0.018116 0.014637 0.011966 
0.026998 0.027140 -0.032098 0.020863 
-0.012485 0.032178 -0.020590 0.027701 
-0.003198 0.034024 -0.007917 0.033244 
0.047974 -0.004318 0.047904 0.005034 
-0.005789 0.021286 -0.004375 -0.021621 
-0.014903 0.000200 -0.005284 -0.013936 
-0.013783 0.019090 0.011964 -0.020279 
-0.007283 0.025373 0.021784 -0.014910 
-0.017625 -0.000780 0.003250 -0.017340 
0.014504 -0.004018 0.008439 0.012462 
-0.008062 -0.013730 0.012101 -0.010348 
-0.019554 0.020941 0.024372 0.015061 
-0.018746 0.027299 -0.011358 0.031107 
0.001216 0.027660 0.023745 -0.014239 
-0.016525 0.004069 -0.003702 -0.016611 
-0.004576 -0.005264 -0.003021 -0.006286 
0.011652 0.031442 0.014701 0.030137 
0.025982 -0.019976 0.016845 -0.028113 
0.017507 -0.022867 -0.025233 -0.013882 
-0.037601 -0.013785 0.038782 -0.009989 
0.007876 -0.039021 0.019432 0.034742 
-0.000798 -0.023276 0.004456 0.022860 
-0.003044 -0.005656 -0.001694 -0.006195 
-0.000980 0.013062 -0.011153 0.006871 
0.003395 0.016089 -0.015748 0.004728 
0.031634 -0.011276 0.030635 -0.013761 
-0.024899 0.027423 -0.033677 -0.015423 
0.003140 -0.007536 0.005632 -0.005910 
0.006691 -0.015633 0.015498 0.006999 
0.019496 -0.001219 -0.008767 0.017456 
-0.017355 -0.036826 0.027740 0.029796 
0.018792 0.008307 -0.018897 0.008066 
-0.017457 -0.004478 0.008108 -0.016095 
0.029624 -0.010843 0.012582 -0.028928 
-0.004415 0.009499 -0.009026 0.005316 
-0.030216 0.008265 -0.012709 0.028631 
-0.005308 -0.017690 0.018468 0.000257 
-0.010068 0.042775 0.043493 -0.006276 
-0.017213 -0.027653 -0.027490 -0.017472 
-0.004472 -0.001993 -0.004171 -0.002564 
0.014765 0.038612 -0.015748 -0.038222 
0.015392 -0.018864 -0.017518 0.016909 
0.002369 -0.014234 0.013942 -0.003719 
0.008278 0.013879 -0.012644 0.010064 
-0.006986 0.001156 -0.007037 -0.000790 
-0.036165 -0.006259 -0.009914 -0.035338 
0.013851 0.040427 0.012193 -0.040958 
-0.003362 0.005771 -0.004663 0.004782 
0.035142 -0.004509 0.031202 0.016784 
0.003369 0.003038 0.003004 0.003399 
0.019594 0.013719 -0.019522 -0.013822 
-0.000859 -0.022451 0.008821 0.020663 
-0.018531 -0.012436 0.021921 0.004187 
0.017146 0.007790 -0.013593 0.013035 
0.000537 -0.006806 0.002246 -0.006448 
-0.003050 -0.031114 -0.026396 -0.016752 
-0.017616 -0.013489 0.021655 0.004832 
0.008024 0.025599 0.013167 -0.023373 
0.019510 -0.022851 -0.017234 -0.024614 
-0.000248 -0.022384 0.008646 0.020648 
0.000938 -0.004347 0.001404 -0.004220 
-0.001663 0.008710 -0.005160 0.007211 
-0.002047 -0.032262 -0.018218 -0.026705 
-0.002979 -0.017862 0.018067 0.001223 
-0.031868 -0.012306 -0.029912 -0.016501 
0.011589 0.029093 0.029895 0.009325 
0.011103 0.015571 -0.018820 0.003399 
-0.020390 -0.002367 0.015587 -0.013356 
-0.030627 -0.001221 -0.014552 0.026976 
0.009238 0.002890 0.006614 0.007068 
0.029659 0.002690 0.007544 -0.028810 
-0.000535 0.016791 -0.016798 -0.000223 
0.004761 -0.007271 0.007290 -0.004731 
0.022170 0.015493 -0.002134 -0.026962 
0.022025 -0.014928 -0.026282 -0.004144 
-0.008979 -0.011094 0.006080 -0.012913 
-0.007311 0.007228 -0.010079 0.002025 
-0.014004 0.009125 -0.009599 -0.013684 
-0.003855 -0.012055 0.006847 -0.010645 
-0.002215 0.014191 -0.013798 0.003988 
-0.030273 -0.034635 -0.045870 0.003460 
-0.031343 0.013410 -0.032617 0.009916 
0.003035 -0.023673 -0.002830 0.023698 
-0.008778 -0.023422 0.001477 0.024969 
0.012155 0.031557 0.011945 0.031637 
-0.007716 0.036527 -0.037326 -0.000752 
-0.011407 -0.014686 0.017596 -0.006014 
-0.017516 -0.017260 0.014054 0.020179 
0.003397 0.020010 -0.017545 -0.010205 
0.033808 0.008624 0.027520 0.021447 
0.025819 0.012159 0.005875 -0.027928 
0.020302 0.028186 0.009298 0.033468 
0.013424 0.042055 0.036791 -0.024399 
-0.012319 0.000187 -0.008408 -0.009006 
0.010803 -0.043068 -0.044206 -0.004170 
0.004730 -0.031929 -0.012744 -0.029656 
0.017416 0.011545 -0.020645 0.003222 
-0.008931 -0.016055 0.017921 -0.004044 
0.010810 0.018911 -0.018907 -0.010817 
-0.002993 0.000945 -0.003039 0.000782 
-0.005786 0.025933 0.021784 -0.015214 
-0.006232 -0.014489 0.012940 -0.009019 
-0.021647 0.007569 0.019112 -0.012673 
-0.010356 -0.000412 -0.008371 -0.006111 
-0.012964 0.022572 0.023274 -0.011658 
-0.011054 -0.001714 -0.007449 -0.008345 
-0.017038 -0.001039 0.001581 -0.016997 
0.038208 0.017783 -0.029974 -0.029625 
0.039644 0.003416 -0.032146 0.023452 
-0.009500 0.023636 0.018443 -0.017571 
-0.016370 -0.013970 0.021385 0.002409 
-0.015622 0.014464 0.003711 -0.020964 
0.000295 -0.019402 0.016884 0.009563 
0.013457 0.019282 -0.015327 -0.017831 
0.029114 0.001784 0.000825 -0.029157 
0.001385 -0.011076 0.008083 -0.007699 
0.019857 -0.006286 -0.010144 0.018191 
0.020491 -0.021385 -0.018956 -0.022756 
0.000192 -0.035934 0.026385 -0.024395 
0.011583 0.001289 0.007623 0.008816 
0.011399 -0.001442 0.009481 0.006491 
0.020961 -0.016595 -0.026543 -0.003199 
-0.034730 -0.016629 0.026182 -0.028235 
0.012786 -0.007772 0.011586 0.009469 
0.033059 -0.008432 0.033826 -0.004448 
-0.012994 0.007455 -0.011327 -0.009804 
-0.018927 -0.014564 0.018996 0.014474 
0.013301 0.029299 0.027329 0.016985 
-0.023656 -0.011780 0.010516 0.024244 
0.013205 -0.012408 0.008992 0.015731 
0.013348 -0.012163 0.008913 0.015705 
0.004350 -0.006774 0.006440 -0.004830 
-0.023062 0.019262 0.012860 0.027157 
-0.002026 0.010913 -0.008421 0.007232 
-0.013392 -0.008513 0.005891 -0.014734 
0.013711 0.006241 -0.001573 0.014982 
-0.036525 0.015234 0.014125 -0.036968 
-0.021674 0.014968 0.026276 0.001843 
-0.015121 -0.006675 0.005631 -0.015540 
0.042578 0.014152 0.017385 -0.041363 
-0.009190 0.024894 0.023464 -0.012392 
-0.002785 -0.004176 -0.002182 -0.004520 
-0.011720 0.012438 -0.012013 -0.012155 
0.011989 -0.005396 0.011358 0.006622 
0.009221 -0.003336 0.009644 0.001773 
-0.003713 0.012008 -0.011567 0.004917 
-0.006853 0.020797 -0.004049 -0.021520 
0.029089 -0.016485 0.026615 -0.020237 
-0.020096 0.008854 0.013577 -0.017260 
0.022146 -0.018821 -0.020252 -0.020845 
-0.000305 0.013671 -0.011866 0.006795 
0.004145 0.010341 -0.003307 0.010638 
-0.002509 0.021255 -0.010349 -0.018734 
0.001660 0.032116 0.019377 0.025666 
0.010527 0.014632 -0.016550 0.007142 
-0.009719 0.020676 0.003837 -0.022522 
-0.003200 -0.016094 0.015743 -0.004630 
0.007165 -0.019400 0.008724 0.018751 
-0.009424 -0.034473 0.016340 -0.031784 
-0.000765 0.030764 0.026689 0.015321 
-0.003254 -0.013410 0.009988 -0.009522 
-0.017082 0.040942 0.043253 0.009861 
-0.025898 0.002172 0.022935 0.012223 
-0.024731 0.007076 0.025108 0.005594 
-0.008022 -0.004544 -0.005113 -0.007672 
0.009175 -0.018255 0.007577 0.018974 
-0.017391 0.004065 -0.000823 -0.017840 
0.006618 0.021139 -0.015039 -0.016263 
-0.003755 0.010989 -0.010192 0.005565 
0.017466 -0.002215 -0.000140 0.017606 
0.001486 0.002811 0.001328 0.002890 
-0.003412 -0.009347 0.001924 -0.009763 
-0.008497 -0.006312 -0.003285 -0.010063 
-0.019049 -0.011402 0.022070 0.002408 
0.040646 0.004672 -0.040693 0.004238 
-0.020198 0.014628 0.023445 -0.008499 
-0.003070 -0.019637 0.017923 0.008591 
-0.028178 -0.009260 -0.012734 0.026788 
0.014925 -0.012888 0.002836 0.019514 
0.008712 0.011237 -0.006217 0.012788 
0.004756 -0.028659 -0.028923 -0.002726 
-0.004359 -0.014546 0.012587 -0.008495 
-0.002346 0.029423 0.029144 0.004672 
-0.007101 -0.008094 -0.000888 -0.010730 
-0.035079 -0.002779 -0.028915 -0.020055 
0.002161 0.014999 -0.013641 0.006602 
0.017193 0.018933 -0.007103 -0.024568 
-0.026849 -0.015866 -0.028723 0.012148 
0.010243 0.037581 -0.037971 -0.008687 
-0.012433 0.014353 -0.008165 -0.017144 
-0.013242 0.036919 -0.022766 -0.031939 
-0.034436 -0.010527 -0.014868 -0.032796 
-0.030979 -0.002768 -0.019973 0.023842 
-0.017478 0.032570 -0.036530 -0.005644 
-0.011714 0.047316 -0.033041 0.035838 
-0.016761 -0.008651 0.014323 -0.012272 
-0.022142 0.002997 0.019275 -0.011301 
-0.021438 -0.017532 -0.005270 0.027188 
0.003699 -0.021894 0.005763 0.021443 
0.013826 0.021953 -0.000040 -0.025944 
-0.014202 -0.035104 0.035552 -0.013040 
-0.010951 -0.034738 0.023686 -0.027669 
-0.013118 0.009928 -0.010972 -0.012258 
0.005611 -0.006257 0.007563 -0.003665 
-0.011885 0.012357 -0.011798 -0.012441 
0.008662 0.006990 0.002325 0.010885 
0.007940 0.003357 0.005952 0.006236 
0.007613 -0.016086 0.014554 0.010242 
0.000113 0.000535 0.000112 0.000535 
-0.011631 -0.001312 -0.007584 -0.008915 
-0.009732 0.001465 -0.009128 -0.003681 
0.019830 0.017389 -0.004375 -0.026009 
-0.017720 -0.020550 -0.005302 0.026612 
-0.003383 0.045875 0.034702 0.030195 
-0.018836 -0.024073 -0.029709 0.007192 
0.014780 -0.000675 0.005931 0.013555 
0.011126 -0.037177 0.029186 0.025576 
-0.039403 -0.017324 0.016412 0.039792 
0.010799 -0.009502 0.013155 0.005818 
-0.012723 -0.003636 -0.004281 -0.012520 
0.011241 -0.001400 0.009464 0.006226 
-0.019109 -0.016021 0.013967 0.020658 
-0.017894 0.004151 0.001047 -0.018339 
0.007683 0.024741 0.006377 -0.025109 
-0.008787 0.031815 0.000719 0.032999 
-0.016780 0.042087 0.035382 0.028301 
-0.006839 0.042137 0.029382 -0.030968 
-0.026780 -0.019957 -0.029434 -0.015783 
0.007192 0.025403 0.010673 -0.024148 
0.000729 0.001144 0.000718 0.001151 
0.011951 -0.026569 -0.027072 -0.010762 
-0.029605 0.020005 -0.035358 -0.005145 
0.012933 -0.014209 0.006996 0.017895 
-0.010136 -0.034118 0.013716 -0.032843 
0.012793 -0.013450 0.008673 0.016411 
0.014304 -0.002198 0.007826 0.012173 
-0.009309 0.015494 -0.013011 -0.012547 
0.014013 0.027548 0.030829 0.002190 
-0.006559 0.004120 -0.007540 0.001772 
-0.001303 -0.007322 0.000949 -0.007376 
0.008840 0.014539 -0.014728 0.008522 
-0.004014 -0.003701 -0.003356 -0.004307 
0.006071 0.010606 -0.003629 0.011669 
-0.009676 -0.014754 0.015972 -0.007498 
-0.027623 -0.020832 -0.020220 -0.028074 
-0.031288 -0.001832 -0.021338 0.022957 
-0.005028 0.008510 -0.008676 0.004737 
-0.010590 -0.006264 -0.002492 -0.012049 
0.008784 -0.018576 0.007576 0.019100 
0.006759 0.002578 0.005749 0.004390 
-0.012549 -0.008226 0.003680 -0.014547 
-0.007048 -0.020382 0.017111 0.013127 
-0.012003 0.008572 -0.012366 -0.008040 
0.013355 0.016096 -0.020703 -0.002970 
-0.017148 -0.024498 -0.027485 0.011781 
-0.037714 0.008085 0.004514 -0.038306 
0.001178 -0.017174 0.017075 0.002191 
-0.002834 0.020035 -0.013781 -0.014816 
-0.004802 0.029052 0.028734 0.006435 
0.001970 0.025450 0.009107 -0.023846 
-0.016760 -0.003705 0.004534 -0.016555 
-0.017912 0.018575 0.024778 -0.007204 
0.005043 -0.002777 0.005463 -0.001817 
0.012805 -0.002434 0.009567 0.008852 
-0.015449 0.001685 -0.005346 -0.014592 
0.030758 0.016231 0.022827 0.026238 
0.018416 0.009379 -0.019608 0.006529 
0.016386 0.004820 -0.005370 0.016214 
0.008699 -0.026151 -0.026932 0.005846 
0.015115 -0.016129 -0.006507 0.021125 
0.021098 -0.015265 -0.026022 0.000992 
0.027514 -0.018591 0.022833 -0.024110 
0.009567 0.014463 -0.015207 0.008333 
-0.006887 0.015815 -0.015329 -0.007909 
-0.003514 0.010587 -0.009416 0.005981 
0.009372 0.023771 0.001884 -0.025482 
-0.006414 -0.007446 -0.001759 -0.009669 
0.012580 0.018878 -0.017754 -0.014121 
0.019472 -0.033533 0.022804 0.031362 
-0.014488 0.000982 -0.006688 -0.012890 
0.001025 -0.004892 0.001686 -0.004706 
-0.029014 0.005845 0.002753 0.029469 
0.005742 -0.009244 0.010171 -0.003871 
0.006452 -0.023331 -0.008326 0.022730 
-0.007348 -0.035346 0.022704 -0.028068 
0.000403 0.013416 -0.011001 0.007689 
-0.024078 0.001506 0.024125 -0.000071 
-0.016885 0.009339 -0.000544 -0.019288 
0.034712 0.017057 -0.028544 0.026098 
0.002097 -0.041573 -0.006461 0.041122 
0.003508 0.018517 -0.018487 -0.003661 
-0.001414 0.021092 -0.012229 -0.017243 
-0.002539 0.015409 -0.015583 0.001030 
0.020734 0.000596 -0.015229 0.014083 
-0.036340 -0.002922 -0.016295 -0.032613 
0.021076 -0.007576 -0.016723 0.014898 
-0.008147 -0.043559 -0.041160 0.016421 
0.013920 -0.030862 0.014566 -0.030562 
-0.009582 0.031661 -0.000967 0.033065 
0.009108 0.029339 0.030239 0.005412 
0.004174 0.009008 -0.001071 0.009870 
0.028925 -0.010211 0.003777 -0.030441 
-0.004823 0.033679 -0.007612 0.033160 
-0.005127 0.001691 -0.005331 0.000851 
0.001294 0.016871 -0.016876 0.001227 
-0.010072 0.018966 -0.002505 -0.021328 
0.033090 0.013294 0.016393 0.031669 
0.019048 0.006283 -0.016437 0.011495 
0.010056 0.009937 -0.004285 0.013472 
-0.012152 -0.002272 -0.006413 -0.010569 
-0.001484 0.030499 0.027302 0.013674 
0.003368 0.020383 -0.016898 -0.011885 
-0.024990 -0.020764 -0.031734 -0.006971 
0.001505 0.002820 0.001344 0.002900 
0.002440 -0.042030 -0.015694 0.039066 
0.047432 0.016017 0.001335 0.050045 
0.037071 0.015522 -0.039772 0.005781 
0.047969 0.011502 0.024427 0.042856 
0.008242 0.024545 0.005693 -0.025258 
0.022193 -0.007935 -0.021426 0.009819 
-0.008386 0.007335 -0.011134 0.000401 
-0.022017 0.013651 0.025905 -0.000143 
-0.017627 0.046104 -0.045981 0.017944 
-0.013159 0.037930 -0.008976 -0.039132 
-0.041738 -0.005986 0.037082 0.020069 
-0.003848 -0.024038 0.000993 0.024324 
-0.006948 0.007071 -0.009596 0.002488 
0.020980 0.031492 -0.031935 0.020299 
-0.010799 -0.019622 0.017343 0.014173 
0.003523 0.004048 0.002841 0.004554 
0.004655 0.003594 0.003891 0.004410 
0.026591 0.017513 0.031593 -0.003959 
-0.026029 0.002635 0.022678 0.013044 
-0.014316 -0.002966 -0.002774 -0.014354 
0.003424 -0.015562 0.015920 0.000671 
0.000682 -0.011646 0.008425 -0.008069 
-0.007808 -0.013087 0.010270 -0.011259 
0.028224 0.032600 0.003795 -0.042953 
0.012519 -0.023502 -0.025251 0.008454 
-0.019023 0.006721 0.006509 -0.019097 
0.008247 -0.008463 0.011811 -0.000359 
-0.008238 -0.009238 0.001413 -0.012297 
0.036338 0.032263 0.019967 0.044302 
0.034569 0.000644 0.032924 0.010556 
-0.011594 0.025273 0.027793 -0.000830 
-0.002564 -0.020630 0.016130 0.013115 
-0.016737 0.000212 -0.000710 -0.016724 
-0.013307 -0.005223 -0.001040 -0.014258 
-0.030095 0.001534 -0.006903 0.029333 
-0.005004 0.001951 -0.005249 0.001136 
0.037026 -0.006223 0.009919 0.036211 
-0.009972 0.006009 -0.011403 -0.002350 
0.015387 -0.015447 -0.005527 0.021090 
-0.035889 0.007651 -0.022437 -0.029037 
0.043684 0.023433 0.006368 0.049162 
0.005436 0.015000 -0.013858 0.007906 
-0.007946 -0.017107 0.018840 -0.000918 
0.003058 0.020604 -0.016350 -0.012905 
0.008651 -0.005075 0.010027 0.000228 
0.005971 -0.014941 0.015654 0.003721 
-0.036417 -0.022698 0.013108 0.040860 
0.007084 0.028045 0.027092 -0.010134 
0.023571 0.004400 -0.023475 -0.004889 
-0.007761 -0.010303 0.003436 -0.012433 
0.013008 0.003813 0.003681 0.013046 
-0.019914 -0.001333 0.012660 -0.015430 
-0.014553 0.039781 0.030232 -0.029670 
0.015989 0.030184 0.011814 0.032049 
-0.005650 -0.002906 -0.004871 -0.004079 
-0.020561 -0.012466 0.020067 0.013247 
-0.017811 -0.024318 -0.028344 0.010256 
-0.032115 0.033033 0.005554 0.045735 
0.001554 -0.003680 0.001871 -0.003530 
-0.002087 -0.037057 0.035070 -0.012152 
-0.032585 0.018938 -0.020273 -0.031771 
-0.039762 0.012940 0.041499 -0.005125 
0.020672 0.002858 -0.017117 0.011937 
0.005610 0.002168 0.005071 0.003233 
0.014484 0.011395 -0.015139 0.010510 
-0.018085 -0.012857 0.021813 0.004074 
-0.003507 -0.000775 -0.003443 -0.001022 
0.018004 -0.013987 -0.013390 0.018453 
-0.013988 -0.001261 -0.005418 -0.012957 
0.002795 -0.010492 0.008565 -0.006675 
-0.008471 -0.014498 0.014326 -0.008759 
-0.014692 0.002613 -0.007441 -0.012935 
0.025868 -0.022949 0.031408 -0.014470 
0.007912 -0.025584 -0.023899 0.012082 
0.000623 0.001831 0.000586 0.001843 
0.002457 -0.023312 0.000333 0.023439 
-0.028431 0.014019 -0.011058 0.029708 
-0.009346 0.020441 0.001478 -0.022428 
-0.005374 -0.005176 -0.003564 -0.006555 
-0.006885 0.031085 0.014978 0.028096 
-0.008884 -0.049940 0.050058 -0.008187 
-0.001187 -0.030812 -0.027373 -0.014195 
-0.001746 0.021989 -0.008308 -0.020434 
0.012111 0.015396 -0.019431 0.002479 
-0.006406 0.018706 -0.012144 -0.015604 
-0.017931 -0.010302 0.019942 -0.005475 
-0.008356 0.004676 -0.009575 0.000056 
0.004908 0.008642 -0.000266 0.009935 
0.014417 -0.022267 -0.025584 0.007011 
-0.022461 -0.007504 0.022853 0.006208 
-0.028152 -0.002751 0.006019 0.027638 
0.004710 0.005450 0.002985 0.006555 
-0.013058 -0.018042 0.019206 0.011276 
-0.042700 -0.009312 0.011898 0.042053 
0.012091 0.015077 -0.018969 0.003697 
-0.013564 -0.006252 0.001311 -0.014877 
0.036701 0.014206 -0.033819 0.020126 
-0.024141 0.015956 0.018438 0.022302 
-0.012981 -0.000626 -0.007269 -0.010773 
-0.001819 0.026066 0.016494 -0.020265 
-0.012387 0.022182 0.020179 -0.015436 
-0.012120 0.018675 0.003550 -0.021978 
-0.019440 0.008518 0.010061 -0.018688 
0.002864 -0.005019 0.003733 -0.004412 
0.010082 -0.030191 -0.012062 -0.029456 
-0.026882 0.023607 -0.035753 -0.001285 
0.014319 0.012120 -0.016432 0.009051 
-0.012663 0.015132 -0.005897 -0.018830 
0.009538 0.024202 0.005296 -0.025469 
0.020820 -0.015517 -0.025896 0.001911 
-0.018715 0.029477 -0.029147 0.019224 
0.012675 -0.000517 0.008426 0.009482 
0.026964 0.007295 -0.004351 -0.027593 
-0.013363 0.005120 -0.010369 -0.009863 
-0.015958 -0.003451 0.001766 -0.016231 
-0.000508 0.015620 -0.015332 0.003027 
0.025206 0.009985 -0.007817 -0.025960 
-0.007193 -0.045435 -0.040676 -0.021483 
0.014532 0.008742 -0.008901 0.014435 
-0.011949 -0.025093 -0.017098 0.021912 
0.004471 0.011286 -0.005098 0.011018 
-0.002415 0.002198 -0.002540 0.002053 
-0.004547 0.014198 -0.014897 0.000573 
0.030117 -0.006578 0.009093 -0.029456 
-0.037735 -0.005373 0.010461 -0.036652 
0.025435 -0.016188 -0.008317 -0.028980 
0.036526 -0.016106 -0.018982 0.035118 
0.017654 -0.032320 0.036623 0.003878 
-0.011718 -0.019882 0.015642 0.016969 
-0.028027 0.012168 -0.000395 0.030552 
-0.027019 -0.010409 -0.007624 0.027933 
-0.008646 -0.004712 -0.005051 -0.008453 
-0.007314 -0.011436 0.005838 -0.012255 
-0.013327 0.000406 -0.007785 -0.010824 
-0.000688 0.018832 -0.017215 -0.007667 
0.003802 -0.022232 0.003908 0.022214 
-0.003641 0.003569 -0.004113 0.003014 
-0.010649 -0.012021 0.010267 -0.012349 
-0.002370 0.039612 -0.025679 -0.030255 
-0.000521 -0.007797 0.002078 -0.007533 
0.036961 0.010892 -0.021720 0.031827 
-0.028983 -0.031667 0.001304 0.042908 
-0.007834 -0.037372 0.038152 -0.001574 
0.041252 -0.002464 -0.041154 0.003767 
0.025598 -0.000928 -0.023274 -0.010698 
-0.015199 -0.024578 -0.022597 0.018014 
0.013059 -0.027233 -0.022060 -0.020629 
-0.008583 0.017908 -0.009962 -0.017179 
0.019445 -0.020760 -0.025093 -0.013394 
0.025363 0.028544 -0.032333 0.020314 
-0.004815 -0.017849 0.018468 0.000839 
0.010134 -0.031947 0.006740 -0.032832 
0.008320 0.000113 0.007682 0.003198 
0.024855 0.035455 0.011787 -0.041664 
-0.001052 -0.041755 -0.006061 0.041327 
0.004879 -0.021325 0.006142 0.020996 
0.013876 -0.004177 0.009426 0.011007 
0.013451 0.005851 -0.000337 0.014665 
0.002550 -0.036025 0.029608 -0.020680 
0.004970 0.002226 0.004542 0.003003 
-0.014638 0.025585 0.024559 0.016301 
0.007673 0.008080 0.000854 0.011109 
0.018196 0.010744 -0.020886 0.003207 
-0.006976 -0.015305 0.015201 -0.007201 
0.002759 -0.017392 0.016864 0.005071 
-0.000020 0.022075 -0.009807 -0.019777 
-0.022255 0.014903 0.026173 0.005691 
0.018145 0.027864 0.023371 0.023652 
-0.014845 0.009359 -0.007466 -0.015882 
0.003595 -0.019082 0.014986 0.012347 
0.005045 0.014637 -0.012912 0.008542 
0.034933 -0.011698 0.024087 0.027874 
-0.001885 0.006354 -0.003350 0.005718 
-0.012936 -0.013993 0.018091 -0.005988 
0.013098 0.014492 -0.019117 0.004015 
0.018500 -0.009054 -0.006231 0.019631 
-0.015282 0.010390 -0.005280 -0.017709 
-0.005298 -0.004571 -0.003891 -0.005816 
0.002461 0.028617 0.027751 -0.007405 
0.016376 0.017608 -0.015683 -0.018228 
0.005784 0.003837 0.004577 0.005218 
-0.009202 0.004202 -0.010025 -0.001357 
0.008701 0.005919 0.003749 0.009833 
0.016097 0.015315 -0.020990 -0.007285 
-0.015637 0.015289 0.006162 -0.020983 
0.029727 -0.038428 0.042721 -0.023137 
0.000818 -0.018239 0.017402 0.005522 
0.000284 0.014931 -0.013960 0.005306 
0.028447 0.008139 0.011012 -0.027463 
0.003653 0.012540 -0.007954 0.010360 
0.013229 -0.010884 0.010301 0.013688 
-0.025064 -0.006674 0.017716 0.018945 
-0.021698 -0.005593 0.022225 -0.002856 
0.003723 0.032109 0.019611 0.025695 
-0.004143 0.022044 -0.004210 -0.022031 
-0.009398 -0.006802 -0.002350 -0.011361 
-0.008361 0.005414 -0.009956 0.000289 
-0.006761 -0.015952 0.016442 -0.005461 
-0.022705 -0.001282 0.022085 -0.005423 
-0.001310 0.007336 -0.003456 0.006602 
-0.004112 0.002783 -0.004450 0.002202 
-0.008771 0.026828 0.028222 -0.000413 
0.013687 -0.036761 0.022321 0.032256 
-0.003201 -0.035386 0.019179 -0.029910 
0.003379 0.005109 0.002260 0.005693 
-0.021211 -0.009630 0.022456 0.006196 
-0.001521 0.000179 -0.001523 0.000159 
0.011300 0.006851 0.000862 0.013186 
0.022836 -0.011995 -0.025780 -0.000885 
-0.009409 0.012693 -0.014294 -0.006731 
-0.001861 0.015743 -0.015813 0.001123 
0.014826 0.021843 0.002507 -0.026280 
-0.021724 -0.002598 0.020239 -0.008311 
-0.020947 -0.003032 0.018220 -0.010772 
-0.031571 -0.021442 0.026113 -0.027832 
0.009693 0.010584 -0.005475 0.013267 
-0.004863 -0.026699 -0.018079 0.020240 
0.019280 0.015359 -0.015840 -0.018887 
0.003837 -0.002767 0.004148 -0.002275 
-0.018091 -0.004705 0.010638 -0.015370 
-0.026293 0.013100 0.012200 0.026723 
-0.010259 -0.022616 0.004330 0.024454 
-0.031759 0.014217 -0.034761 0.001560 
0.034647 0.024643 -0.017919 -0.038556 
0.000001 0.026724 0.018918 -0.018876 
0.001518 -0.009687 0.006198 -0.007598 
-0.009321 -0.011008 0.006167 -0.013039 
-0.017696 0.017449 0.021530 -0.012413 
0.012286 -0.019182 -0.006340 0.021879 
-0.002929 0.013540 -0.013226 0.004123 
-0.017675 0.021486 0.027068 0.006430 
0.028446 -0.015450 0.017015 -0.027538 
0.004098 -0.031938 -0.014088 -0.028955 
-0.000504 0.008331 -0.003583 0.007539 
-0.016202 0.017724 0.016724 -0.017232 
-0.005186 0.020685 -0.008201 -0.019685 
-0.013970 -0.026991 -0.030210 0.003324 
-0.032137 0.027805 0.041602 -0.008671 
-0.007996 0.033998 -0.021326 0.027659 
0.009149 -0.020556 -0.001387 0.022458 
0.009544 0.013444 -0.012682 0.010534 
-0.013676 0.012494 -0.007617 -0.016886 
-0.029479 -0.006563 -0.015095 0.026158 
0.023679 0.037583 0.033831 -0.028786 
0.015878 0.037633 -0.024651 -0.032568 
0.020661 -0.034533 -0.000845 0.040232 
-0.003491 0.005627 -0.004733 0.004630 
0.009461 -0.005759 0.010986 0.001414 
0.002884 0.001627 0.002780 0.001798 
0.014391 -0.019316 -0.015331 0.018579 
-0.027065 -0.005511 0.008576 0.026255 
-0.008774 0.019500 -0.004331 -0.020940 
-0.004281 -0.008032 -0.000310 -0.009097 
-0.018568 -0.019260 -0.000744 0.026743 
0.012760 -0.011656 0.010709 0.013563 
-0.022457 -0.022771 -0.031692 -0.004298 
0.018904 0.039050 0.019913 -0.038545 
-0.002702 -0.020736 0.015931 0.013545 
-0.018952 -0.004916 0.013929 -0.013760 
-0.000616 0.028013 0.026100 -0.010192 
-0.002653 -0.013107 0.009442 -0.009470 
-0.021893 -0.019581 -0.020285 0.021242 
-0.024773 -0.011800 0.003465 0.027220 
-0.019782 0.014598 0.022105 -0.010760 
0.010929 0.013202 -0.013678 0.010327 
0.006590 0.005949 0.003481 0.008167 
-0.008775 0.010196 -0.013330 -0.001813 
-0.003912 0.017435 -0.016416 -0.007057 
0.000474 0.021713 -0.011705 -0.018293 
0.002927 -0.006646 0.004706 -0.005531 
-0.027824 0.026081 -0.021779 -0.031306 
-0.013518 0.021638 0.021429 -0.013848 
0.005152 -0.018156 0.014854 0.011643 
0.010749 -0.009112 0.013039 0.005344 
0.007567 0.010011 -0.002726 0.012250 
0.021972 -0.019577 -0.018435 -0.022938 
-0.002101 0.013177 -0.012109 0.005604 
-0.006883 -0.016591 0.017641 -0.003383 
-0.003818 -0.015713 0.015071 -0.005862 
-0.018471 -0.002195 0.008098 -0.016745 
-0.034411 -0.021611 0.039677 0.008768 
0.006122 0.046184 0.032107 0.033758 
-0.012324 0.015255 -0.006663 -0.018445 
0.027080 0.008382 0.000218 -0.028347 
-0.001722 0.007352 -0.003906 0.006462 
0.005861 0.021780 -0.012857 -0.018531 
0.016651 -0.036518 0.005500 0.039756 
-0.004873 -0.030917 -0.027176 -0.015526 
0.011974 0.010795 -0.009001 0.013375 
0.004180 -0.008536 0.007744 -0.005511 
-0.030953 -0.009692 -0.031830 0.006235 
0.004505 -0.014241 0.014927 -0.000556 
-0.006283 0.029598 0.026072 0.015355 
0.004336 0.018121 -0.018532 -0.001931 
0.027244 -0.007711 -0.015487 -0.023703 
0.000629 -0.009582 0.005205 -0.008070 
-0.026272 -0.002583 0.018594 0.018739 
-0.032287 -0.004276 -0.030944 0.010161 
0.001662 -0.004927 0.002373 -0.004627 
-0.004289 -0.007322 -0.001132 -0.008410 
-0.021357 -0.008562 0.022745 0.003475 
-0.019792 0.016344 0.025114 -0.005303 
0.004310 -0.005822 0.005789 -0.004354 
0.002644 0.014189 -0.011836 0.008260 
0.020591 0.013920 -0.016391 -0.018684 
-0.047551 0.009926 -0.047551 -0.009923 
0.012100 0.004526 0.003755 0.012361 
-0.009270 -0.012123 0.008967 -0.012348 
-0.027405 -0.021370 -0.018142 -0.029641 
-0.002356 0.017969 -0.016922 -0.006487 
0.007206 -0.024765 -0.018512 0.017960 
-0.035861 0.019304 0.028499 -0.029095 
0.006882 -0.015850 0.015318 0.007996 
0.031152 0.005237 0.025559 -0.018564 
0.013782 -0.000846 0.007607 0.011524 
-0.018070 -0.021619 -0.014209 0.024331 
-0.001060 -0.009638 0.003843 -0.008902 
-0.028571 -0.009541 -0.017018 0.024854 
0.017915 -0.014534 -0.014409 0.018015 
0.017013 0.016691 -0.017300 -0.016393 
0.032996 -0.023682 -0.022809 0.033605 
0.001311 -0.004275 0.001772 -0.004105 
-0.028311 0.006488 0.008518 0.027768 
-0.009756 -0.000415 -0.008237 -0.005245 
-0.000954 0.025083 0.008887 -0.023476 
-0.001113 0.011714 -0.008888 0.007711 
-0.015532 -0.004147 0.001790 -0.015976 
-0.018580 0.024788 0.010961 0.028975 
0.026732 -0.008037 -0.018381 -0.021007 
-0.007922 -0.014731 0.014470 -0.008390 
0.010469 -0.008871 0.012970 0.004482 
-0.014543 -0.000877 -0.004900 -0.013721 
0.000569 0.018152 -0.017755 -0.003820 
0.028097 0.000330 -0.009846 -0.026318 
0.025319 -0.033254 -0.030949 0.028089 
-0.017560 0.022072 0.026636 0.009276 
-0.021741 0.000326 0.018464 -0.011482 
-0.000112 -0.020030 0.016181 0.011807 
-0.026097 -0.009665 0.002721 0.027696 
0.029015 -0.026761 0.001181 0.039454 
0.011890 0.006486 0.000846 0.013518 
0.006307 0.014999 -0.014180 0.007981 
0.036989 -0.005215 0.011725 0.035467 
-0.018219 0.024899 0.012466 0.028222 
-0.007123 0.035603 -0.033360 0.014332 
-0.005361 0.032100 0.009377 0.031164 
0.017983 -0.023445 -0.021745 -0.020005 
0.021442 0.003380 -0.020047 0.008326 
-0.013291 0.022444 0.023648 -0.011007 
-0.001027 0.034203 -0.006356 0.033623 
-0.007061 0.033346 -0.010581 0.032402 
-0.014606 -0.022210 -0.004323 0.026229 
-0.023993 -0.015330 -0.008821 0.027071 
0.004565 0.005518 0.002849 0.006571 
-0.009662 0.006355 -0.011428 -0.001772 
-0.000485 -0.008277 0.002605 -0.007871 
0.021603 -0.013736 -0.025463 0.002642 
-0.037733 0.021021 0.040885 0.013931 
0.034207 0.006179 0.029794 0.017905 
0.004785 0.000484 0.004685 0.001087 
-0.001077 -0.011017 0.006034 -0.009280 
-0.009451 0.013891 -0.014061 -0.009197 
0.000978 0.008870 -0.002876 0.008448 
-0.007903 -0.009664 0.002133 -0.012300 
-0.014563 0.021462 0.023721 -0.010488 
0.015984 0.009958 -0.015176 0.011151 
0.023189 0.011858 -0.012686 -0.022747 
-0.013760 0.005750 -0.010093 -0.010978 
0.011112 -0.003276 0.010424 0.005054 
0.017114 -0.021571 -0.027308 -0.003527 
0.024805 -0.003155 -0.024641 -0.004247 
-0.012834 0.007460 -0.011491 -0.009398 
0.007541 0.004479 0.005037 0.007181 
0.000564 -0.002025 0.000613 -0.002011 
-0.023168 0.007310 0.023804 -0.004854 
-0.022662 0.016463 0.023944 0.014537 
-0.022390 -0.016829 -0.006852 0.027158 
-0.029902 0.000402 -0.005735 0.029350 
-0.042475 -0.003439 0.034084 0.025577 
0.008071 -0.030248 -0.018493 -0.025260 
0.040689 -0.000861 -0.038424 0.013413 
0.034611 -0.015126 0.015370 0.034503 
0.003833 -0.010778 0.009987 -0.005578 
0.002718 -0.021721 0.008153 0.020315 
-0.019339 0.008106 0.009135 -0.018875 
0.025778 0.012212 0.005812 -0.027926 
0.012304 0.012032 -0.012727 0.011584 
0.012843 0.005062 0.002025 0.013655 
0.005290 0.006194 0.002731 0.007674 
0.004370 0.003888 0.003565 0.004637 
-0.000728 -0.012370 0.008766 -0.008759 
-0.000494 -0.006728 0.001188 -0.006640 
-0.017258 0.012879 0.007154 -0.020311 
-0.016472 -0.035546 0.038714 0.006009 
0.010940 0.020581 -0.013962 -0.018663 
0.017533 0.015203 -0.019966 -0.011828 
0.020142 -0.007317 -0.012215 0.017607 
0.022363 -0.020489 -0.011657 -0.028001 
0.019826 -0.006232 -0.009968 0.018236 
0.007278 -0.015654 0.015120 0.008331 
0.011143 0.004460 0.004649 0.011065 
0.018762 -0.028625 0.023079 -0.025274 
-0.044101 0.016899 -0.037175 0.029129 
-0.029670 0.012814 -0.018907 0.026212 
0.008302 -0.010345 0.013229 0.000970 
0.005148 0.027240 0.021690 -0.017265 
-0.014962 -0.007772 0.007663 -0.015018 
-0.014677 0.006481 -0.008669 -0.013500 
-0.008704 0.006886 -0.011098 -0.000090 
0.003403 0.003048 0.003032 0.003418 
-0.013211 0.025528 0.027378 0.008757 
0.034109 0.010421 0.018985 0.030192 
-0.022577 0.022196 -0.000759 0.031651 
-0.002052 -0.020486 0.016255 0.012635 
0.012234 0.007139 -0.000863 0.014138 
-0.004516 0.018414 -0.015130 -0.011425 
-0.003846 0.012199 -0.011946 0.004572 
0.005552 0.027587 0.023906 -0.014845 
0.000200 -0.000604 0.000202 -0.000604 
0.010255 -0.021454 -0.009570 0.021768 
0.000022 -0.000635 0.000024 -0.000635 
0.032780 -0.005470 0.030939 -0.012135 
-0.041257 0.002371 0.041161 -0.003679 
0.017590 0.009580 -0.018153 0.008465 
-0.004289 -0.012302 0.007335 -0.010767 
0.021866 0.011054 -0.019823 -0.014400 
0.031455 0.000334 0.021228 -0.023214 
0.002353 0.005595 0.001179 0.005954 
-0.013531 0.011224 -0.009389 -0.014863 
0.033150 -0.005647 0.032726 -0.007737 
0.007070 -0.001100 0.007097 0.000907 
-0.011833 0.021652 0.016033 -0.018756 
-0.012425 -0.008199 0.003413 -0.014490 
-0.012518 -0.005254 -0.002160 -0.013403 
-0.004608 0.024059 0.008353 -0.023028 
-0.011677 0.022689 0.020226 -0.015559 
-0.003105 -0.000473 -0.003075 -0.000641 
0.005132 -0.001418 0.005290 -0.000604 
-0.001054 -0.016952 0.016966 -0.000785 
-0.013544 0.001102 -0.008075 -0.010930 
-0.008041 -0.020759 0.015740 0.015744 
0.005827 0.028482 0.028053 -0.007629 
-0.006680 0.024376 0.015080 -0.020283 
-0.035326 0.002385 -0.030287 -0.018339 
-0.011523 -0.002014 -0.007034 -0.009347 
-0.006353 -0.007094 -0.002185 -0.009269 
-0.026182 -0.011968 -0.007805 0.027710 
-0.033076 0.017784 -0.020916 -0.031189 
0.015258 -0.023543 -0.027541 -0.005341 
0.023028 -0.006589 -0.023118 0.006267 
-0.015161 -0.003297 -0.000506 -0.015507 
-0.007701 0.021892 0.003669 -0.022915 
0.026250 -0.000612 -0.021260 -0.015410 
-0.011671 0.016378 -0.005904 -0.019225 
-0.001694 0.033330 0.003554 0.033183 
0.034870 0.000287 0.031938 0.013998 
0.007728 0.048152 -0.016966 0.045721 
0.036309 -0.017742 -0.025220 0.031577 
-0.008955 0.011421 -0.014052 -0.003629 
0.002483 -0.022954 0.002351 0.022968 
0.027211 0.012298 0.017261 -0.024367 
-0.007858 -0.027599 -0.025704 0.012757 
0.016765 -0.021598 -0.027293 -0.001616 
-0.005578 0.021387 -0.004383 -0.021663 
0.004265 0.029164 0.029381 -0.002343 
0.004914 0.016022 -0.015887 0.005331 
0.008705 0.007675 0.001245 0.011538 
0.015070 0.006306 -0.004724 0.015639 
0.032285 0.004323 0.030978 -0.010070 
0.023009 -0.004200 -0.022251 0.007208 
-0.020480 -0.007715 0.021649 -0.003205 
0.025557 0.034540 0.003959 -0.042784 
0.007695 -0.015661 0.014779 0.009278 
-0.039258 -0.011274 0.040826 0.001252 
0.004006 -0.009624 0.008727 -0.005701 
-0.006750 -0.013910 0.011747 -0.010053 
-0.028781 -0.010864 -0.023183 0.020221 
-0.001654 0.010416 -0.007337 0.007577 
-0.002975 0.008690 -0.006550 0.006440 
-0.011647 -0.016534 0.020182 0.001319 
0.041040 0.015544 -0.001785 -0.043849 
0.042562 0.015629 0.027914 -0.035729 
-0.013416 0.053834 0.055178 -0.005786 
-0.011555 0.043638 0.040216 0.020506 
-0.010800 0.052903 0.027211 -0.046636 
0.010605 0.029241 0.030051 0.008028 
-0.021646 0.000253 0.018155 -0.011789 
-0.000261 -0.025659 -0.011617 0.022880 
-0.010599 0.011990 -0.013544 -0.008524 
-0.012308 -0.017095 0.020432 0.005124 
0.000234 -0.019664 0.016576 0.010581 
-0.008929 0.015358 -0.013682 -0.011331 
-0.009968 0.006637 -0.011734 -0.002395 
-0.013474 0.031938 -0.022986 0.025947 
0.028571 -0.007783 -0.004589 -0.029254 
0.017571 0.002107 -0.004739 0.017051 
-0.010866 0.011485 -0.013381 -0.008422 
0.001365 0.017616 -0.017627 -0.001219 
0.006786 -0.013494 0.014935 0.002256 
0.005003 -0.019760 0.011651 0.016725 
0.003736 0.014615 -0.012705 0.008133 
0.004732 0.025663 0.010678 -0.023811 
-0.008635 0.035503 -0.035186 0.009845 
-0.013478 -0.001915 -0.005431 -0.012483 
-0.020111 0.028006 -0.026529 0.022022 
-0.010706 0.032916 -0.020129 0.028158 
-0.024856 -0.010046 0.009824 0.024945 
-0.027767 0.008961 0.009794 0.027484 
-0.004637 0.028524 0.028873 0.001210 
0.009468 0.021137 -0.013315 -0.018951 
0.002388 0.007494 -0.000249 0.007861 
-0.007795 -0.010737 0.004430 -0.012508 
0.029265 0.026666 -0.039510 0.002543 
-0.010693 0.010155 -0.013364 -0.006235 
0.037488 -0.001515 0.005691 0.037084 
-0.008306 -0.022206 0.009405 0.021764 
0.001716 -0.018123 0.017123 0.006179 
-0.004267 -0.002026 -0.003987 -0.002533 
0.007416 -0.027985 -0.028597 -0.004513 
-0.007615 -0.036526 0.034330 -0.014615 
0.015117 -0.006371 0.007714 0.014478 
0.020975 -0.028231 0.032233 -0.014072 
-0.006171 0.001830 -0.006425 0.000388 
-0.004360 -0.011602 0.005784 -0.010962 
0.016289 -0.004592 0.004519 0.016309 
0.010516 0.052855 0.003735 -0.053762 
-0.011579 -0.006328 -0.001488 -0.013111 
-0.006844 0.015971 -0.015293 -0.008250 
0.020313 -0.019858 -0.024615 -0.014178 
-0.025551 -0.000376 0.022844 0.011453 
-0.008278 -0.005788 -0.003929 -0.009305 
0.001425 -0.010561 0.007332 -0.007733 
-0.018503 -0.013271 0.021525 0.007427 
-0.041646 0.000703 0.041442 0.004178 
-0.015497 0.003533 -0.006269 -0.014606 
0.012044 -0.029567 -0.009133 -0.030592 
0.021978 0.020919 0.027206 -0.013436 
0.027259 0.014270 0.025499 -0.017219 
-0.005823 -0.022607 0.009010 0.021536 
-0.012944 0.002019 -0.009228 -0.009299 
-0.006695 -0.001430 -0.006109 -0.003090 
-0.003787 -0.015192 0.013981 -0.007047 
0.000040 -0.013990 0.012334 -0.006602 
0.007608 -0.017351 0.012972 0.013808 
0.008891 -0.005002 0.010183 0.000612 
-0.010195 -0.009337 0.003043 -0.013486 
-0.008200 -0.006578 -0.002974 -0.010083 
0.004110 -0.007092 0.006394 -0.005129 
-0.047367 0.005748 -0.047066 0.007842 
-0.019905 0.007221 0.011019 -0.018082 
-0.014470 0.024462 0.027432 0.007435 
-0.011651 -0.010415 0.007519 -0.013700 
0.016194 0.005066 -0.005271 0.016128 
-0.022622 -0.027709 0.002489 -0.035684 
0.007464 -0.033075 0.008786 -0.032749 
0.015891 0.006569 -0.007439 0.015503 
-0.023058 -0.000177 0.022554 -0.004797 
-0.019249 0.003812 0.006756 -0.018423 
-0.008034 -0.005434 -0.004294 -0.008697 
-0.013531 0.018259 0.007508 -0.021450 
-0.023842 0.012429 0.025220 0.009319 
0.008122 0.026494 0.019580 -0.019610 
-0.035950 0.000051 -0.024427 -0.026377 
0.005033 0.003065 0.004359 0.003965 
-0.000892 0.003109 -0.001069 0.003052 
0.020491 -0.001803 -0.012753 0.016140 
0.015730 0.016006 -0.020469 -0.009201 
0.007168 -0.004579 0.008382 -0.001443 
0.015943 0.019857 -0.006332 -0.024666 
0.015770 -0.027255 -0.009454 -0.030036 
-0.008030 0.008994 -0.012046 0.000511 
0.029417 0.011848 0.029583 -0.011427 
-0.006581 -0.034820 0.014991 -0.032110 
0.016312 0.014113 -0.021386 -0.002809 
0.021086 -0.006956 -0.016268 0.015112 
-0.030847 0.008238 -0.018897 0.025735 
0.039833 0.024924 0.046552 0.006385 
0.016584 0.020919 0.002867 -0.026541 
-0.017890 0.023787 0.020629 0.021455 
-0.013875 0.003802 -0.009266 -0.011005 
-0.009215 0.005883 -0.010889 -0.000973 
0.032182 -0.021017 0.011608 0.036642 
-0.029370 0.009841 -0.007398 0.030078 
0.011455 -0.034446 0.034834 -0.010214 
0.002875 0.011832 -0.006644 0.010204 
0.009968 -0.005769 0.011276 0.002344 
-0.019936 -0.021968 -0.024333 0.016969 
-0.008611 0.034005 -0.023466 0.026074 
0.002310 -0.011128 0.009008 -0.006929 
-0.016755 0.004144 -0.003003 -0.016996 
0.004943 0.018461 -0.018815 -0.003355 
-0.008098 0.012264 -0.014401 -0.002930 
-0.029952 -0.008502 -0.024310 0.019453 
-0.015104 0.030403 -0.016769 0.029517 
0.019765 0.033506 -0.038823 0.002469 
-0.030107 -0.006475 -0.020201 0.023244 
-0.031755 0.007397 -0.025656 0.020121 
0.006706 0.003749 0.005160 0.005693 
-0.021028 0.034882 0.009763 -0.039543 
0.008541 0.024444 0.005397 -0.025325 
-0.025894 -0.002072 0.020684 0.015716 
-0.011648 0.008321 -0.012516 -0.006947 
-0.009646 0.011090 -0.013889 -0.004810 
0.012541 -0.017620 -0.001073 0.021601 
-0.004205 -0.017969 0.018406 0.001337 
-0.005285 0.011124 -0.011791 0.003557 
0.019831 -0.023174 -0.013503 -0.027349 
0.009399 0.018655 -0.019532 -0.007406 
0.027807 0.013776 0.026828 -0.015597 
0.014285 -0.012772 0.005309 0.018412 
0.024476 -0.011603 -0.024378 -0.011807 
-0.003456 0.012464 -0.012011 0.004799 
-0.000247 0.010741 -0.006569 0.008502 
-0.004971 -0.013249 0.009567 -0.010427 
0.015939 -0.007615 0.005224 0.016875 
0.023850 0.016101 0.012149 -0.026086 
0.028816 -0.020977 0.035543 0.002669 
0.017300 -0.017986 -0.021646 0.012420 
-0.020410 0.019487 0.025083 0.012929 
-0.032889 -0.026247 0.023193 0.035109 
-0.004220 0.004831 -0.005197 0.003761 
-0.012204 -0.010291 0.008089 -0.013763 
0.001120 0.029126 0.029058 -0.002276 
0.006861 -0.015673 0.015393 0.007469 
-0.008361 -0.025897 -0.015799 0.022158 
0.020372 0.000727 -0.013900 0.014910 
-0.005390 0.002325 -0.005731 0.001269 
-0.011089 0.018344 -0.001516 -0.021381 
-0.002048 -0.006631 -0.000240 -0.006936 
0.000966 -0.010521 0.006851 -0.008043 
-0.006289 -0.006777 -0.002536 -0.008891 
0.010537 0.011011 -0.007495 0.013270 
0.006470 -0.016652 0.015182 0.009417 
-0.015296 -0.005646 0.003955 -0.015818 
-0.003150 0.009029 -0.007112 0.006392 
0.014171 -0.022609 -0.025941 0.006249 
-0.008288 -0.013942 0.012811 -0.009947 
-0.037234 -0.007404 0.010093 -0.036597 
0.021534 0.030703 -0.027939 0.025016 
0.017075 0.006986 -0.011737 0.014234 
0.030978 0.016750 0.018021 0.030256 
-0.008560 -0.005165 -0.004601 -0.008875 
-0.009377 -0.001975 -0.007250 -0.006266 
0.014913 0.003302 0.001063 0.015237 
0.021031 0.010566 -0.021938 -0.008523 
0.003834 -0.025945 -0.018599 0.018491 
0.010276 -0.026909 -0.028137 -0.006164 
0.008557 -0.027057 -0.028370 -0.000657 
-0.021335 0.001821 0.016309 -0.013875 
0.018003 -0.013613 -0.012437 0.018835 
0.018085 -0.005971 -0.002002 0.018940 
-0.001268 0.004721 -0.001876 0.004514 
-0.006908 0.014241 -0.015301 -0.004051 
0.007359 0.030249 0.028916 0.011533 
0.022445 0.016557 0.005589 -0.027325 
-0.003159 0.010899 -0.009489 0.006223 
0.023622 0.002230 -0.023699 -0.001162 
0.006039 0.001230 0.005652 0.002455 
-0.008447 0.003728 -0.009220 -0.000492 
-0.001262 0.008868 -0.004928 0.007479 
0.002580 0.004114 0.002027 0.004413 
-0.000556 0.029477 0.029370 0.002566 
-0.008325 -0.011320 0.006136 -0.012641 
-0.010209 0.029067 0.020434 0.023056 
-0.006666 -0.013948 0.011803 -0.009985 
-0.001015 0.011381 -0.008253 0.007903 
0.006626 0.008776 -0.000202 0.010995 
0.006071 -0.029370 -0.027152 -0.012738 
-0.010249 0.015704 -0.011037 -0.015160 
-0.017156 0.005008 -0.001750 -0.017786 
-0.001043 -0.014535 0.012963 -0.006657 
0.010542 -0.010810 0.013556 0.006648 
0.014121 0.001007 0.005477 0.013055 
-0.019570 -0.033078 0.037101 -0.010030 
0.015318 0.028238 0.028687 0.014461 
0.016102 0.009977 -0.015490 0.010903 
0.003380 -0.041168 -0.001723 0.041271 
-0.000835 -0.030282 -0.028874 -0.009164 
0.010325 -0.002580 0.009891 0.003928 
0.013695 0.001553 0.005532 0.012624 
0.002396 -0.007970 0.005188 -0.006508 
0.012913 -0.006032 0.011080 0.008966 
-0.031553 0.000803 -0.021323 0.023272 
-0.007560 0.031963 0.003854 0.032618 
0.013041 0.019911 -0.013547 -0.019571 
-0.007126 0.012546 -0.014369 -0.001307 
0.009799 0.015471 -0.017545 0.005250 
0.014548 -0.001306 0.006834 0.012909 
-0.012626 0.010023 -0.011703 -0.011087 
-0.007053 -0.013616 0.011163 -0.010513 
-0.036308 0.010340 -0.010902 -0.036143 
-0.020849 -0.006603 0.021414 -0.004438 
-0.025185 0.002007 0.024213 0.007214 
0.003038 0.006949 0.000726 0.007549 
-0.007532 0.019512 -0.007508 -0.019521 
0.014015 0.020920 -0.006093 -0.024433 
-0.014131 -0.033395 0.018913 -0.030939 
-0.009946 -0.031055 -0.022100 -0.023977 
-0.002790 0.011185 -0.009544 0.006466 
-0.002815 -0.000204 -0.002804 -0.000327 
-0.005049 -0.007967 -0.000711 -0.009405 
0.018934 0.027187 0.024987 0.021756 
0.017821 0.012960 -0.021762 -0.003465 
-0.000509 -0.016942 0.016946 -0.000350 
0.003686 0.018468 -0.018518 -0.003423 
-0.032129 -0.007503 -0.032920 0.002196 
-0.009550 0.005845 -0.011086 -0.001565 
0.034471 -0.010604 0.030317 0.019535 
-0.015223 0.011868 -0.003528 -0.018977 
0.000856 -0.016191 0.016172 -0.001168 
0.010865 0.013715 -0.014852 0.009249 
0.000669 0.009721 -0.004269 0.008759 
0.000376 -0.003483 0.000610 -0.003450 
0.009816 -0.031606 0.001396 -0.033066 
-0.043499 0.002414 0.025020 0.035665 
0.024278 0.013885 0.003051 -0.027801 
0.000300 0.015319 -0.014642 0.004514 
0.017035 0.037351 -0.022607 -0.034267 
-0.000160 0.019042 -0.017292 -0.007976 
-0.028935 0.000230 0.003325 0.028744 
0.015500 0.001700 0.001932 0.015473 
0.006203 -0.042291 -0.029741 0.030700 
0.015811 0.016959 -0.018657 -0.013766 
0.006951 0.031452 0.022971 0.022581 
-0.021772 -0.006507 0.022722 -0.000251 
-0.029899 0.006203 -0.006409 0.029855 
-0.000630 0.006334 -0.002015 0.006038 
-0.000758 0.002361 -0.000837 0.002334 
-0.004873 0.023530 0.005673 -0.023350 
0.022086 -0.009786 -0.022700 0.008263 
0.032750 0.028083 -0.002156 -0.043088 
-0.017758 0.023632 0.021866 0.019892 
-0.004516 0.037388 -0.037576 -0.002515 
0.008120 0.017301 -0.019112 0.000013 
-0.005866 0.020075 -0.009125 -0.018819 
-0.030977 -0.005358 -0.024517 0.019677 
-0.014739 0.000437 -0.005804 -0.013555 
-0.007687 0.041324 0.019284 -0.037349 
0.041489 0.012605 -0.015232 -0.040599 
-0.001622 0.031727 0.020006 0.024678 
-0.015319 -0.015912 0.020778 0.007493 
0.018548 0.015654 -0.016919 -0.017402 
-0.022992 0.009492 0.024665 -0.003222 
0.011835 -0.021727 -0.016388 0.018535 
-0.004627 0.016290 -0.016260 -0.004733 
-0.015373 -0.011942 0.017954 -0.007524 
-0.024711 0.018806 0.001834 0.030999 
0.004155 -0.011648 0.011453 -0.004667 
-0.001340 -0.043159 -0.030946 0.030114 
-0.006237 0.021126 -0.004069 -0.021649 
0.035866 0.014326 -0.025763 0.028774 
-0.016713 -0.028851 -0.021320 -0.025635 
0.018434 0.000356 -0.005769 0.017512 
0.013106 -0.008126 0.011253 0.010543 
0.029321 0.015896 0.031532 0.010867 
-0.006501 -0.051283 0.046902 0.021734 
0.006539 -0.003800 0.007395 -0.001590 
-0.012509 -0.015492 0.019863 -0.001383 
-0.011742 -0.006075 -0.001740 -0.013106 
-0.022798 -0.000483 0.022035 -0.005871 
0.038193 0.011985 -0.038148 0.012126 
-0.021374 0.023682 -0.001540 0.031864 
0.001633 -0.007981 0.004374 -0.006872 
0.005585 0.003509 0.004594 0.004732 
0.006954 -0.014850 0.015426 0.005562 
0.018125 -0.024950 -0.012693 -0.028105 
0.012768 0.020789 -0.009918 -0.022290 
0.001662 0.007510 -0.000826 0.007647 
-0.013936 0.011826 -0.007738 -0.016558 
0.034897 -0.031001 0.012084 -0.045087 
-0.004220 -0.031451 -0.024417 -0.020269 
0.011401 0.004557 0.004341 0.011485 
0.012498 0.013341 -0.016169 0.008530 
-0.017218 -0.009322 0.016825 -0.010013 
0.006725 -0.005574 0.008412 -0.002351 
-0.010598 -0.008046 0.000697 -0.013288 
-0.003417 -0.024276 -0.000590 0.024508 
0.006544 -0.032632 0.000236 -0.033281 
-0.002524 -0.036990 0.034678 -0.013117 
-0.006123 -0.037001 0.036025 -0.010429 
0.020654 0.019440 0.012785 -0.025319 
0.005223 -0.002026 0.005494 -0.001098 
-0.049750 0.003032 -0.025385 -0.042894 
-0.001321 -0.037712 0.037673 -0.002163 
0.038662 0.003194 -0.018794 0.033937 
-0.011294 0.020564 0.008877 -0.021717 
0.002270 0.023708 -0.002789 -0.023652 
-0.015908 0.020490 0.024359 -0.008920 
0.042716 0.012027 0.004891 -0.044107 
0.024946 0.016680 0.022146 -0.020251 
0.032148 0.007680 0.033025 -0.001327 
0.004337 0.013123 -0.009231 0.010286 
0.021828 0.010102 -0.021403 -0.010973 
-0.013541 -0.004507 -0.001840 -0.014152 
0.001851 -0.008369 0.004992 -0.006967 
-0.005554 -0.027264 -0.022060 0.016957 
-0.008213 0.035770 -0.035816 0.008011 
0.009093 0.002927 0.006564 0.006941 
0.018275 0.008704 -0.018283 0.008686 
-0.021940 -0.017066 -0.005469 0.027252 
0.018466 0.034399 -0.039015 -0.001455 
0.002221 -0.001841 0.002303 -0.001737 
0.019266 -0.022314 -0.020959 -0.020733 
0.009294 -0.043034 -0.043698 0.005365 
-0.053950 0.002149 0.051796 0.015245 
-0.026332 0.009719 0.018778 0.020862 
-0.020267 -0.013465 0.018593 0.015696 
-0.005585 0.000194 -0.005536 -0.000763 
-0.005610 0.036194 -0.034746 0.011584 
0.008060 0.019753 -0.018242 -0.011062 
0.028248 0.016352 0.032473 0.003294 
0.013969 0.010828 -0.012761 0.012229 
0.002939 -0.010170 0.008278 -0.006599 
0.009089 -0.012428 0.014385 0.005489 
0.015721 0.003432 -0.001098 0.016054 
0.017925 -0.006915 -0.001751 0.019133 
-0.013928 0.012393 -0.007022 -0.017270 
0.025770 -0.001898 -0.023185 -0.011409 
0.008032 0.025283 0.010849 -0.024208 
0.027124 -0.029165 -0.001961 0.039780 
0.020881 -0.025233 0.009937 -0.031209 
-0.011788 0.020016 0.008150 -0.021752 
0.019465 0.009115 -0.021209 0.003484 
-0.002930 0.017292 -0.016812 -0.004997 
0.004517 0.024745 0.003957 -0.024841 
0.010048 0.008660 -0.001434 0.013187 
-0.016079 0.012402 0.000814 -0.020290 
0.014614 -0.006516 0.008797 0.013366 
0.011539 0.007847 -0.001357 0.013888 
-0.014507 0.007462 -0.008968 -0.013628 
0.003785 -0.006724 0.005746 -0.005149 
-0.030009 0.023693 -0.017719 -0.033881 
0.037866 -0.005005 -0.001476 0.038167 
-0.015091 0.006826 -0.007747 -0.014639 
0.017079 -0.003848 0.001863 0.017408 
-0.011424 -0.010590 0.007624 -0.013584 
0.011030 0.029112 0.030117 0.007885 
-0.013969 0.009780 -0.009377 -0.014243 
-0.007683 0.033967 -0.019940 0.028551 
-0.007968 -0.053927 -0.025626 0.048113 
0.015311 -0.005817 0.007247 0.014689 
-0.008372 0.015007 -0.014538 -0.009162 
-0.007226 0.019686 -0.007604 -0.019543 
-0.002145 0.001512 -0.002200 0.001430 
0.032235 -0.008829 0.030698 -0.013218 
-0.001298 0.004116 -0.001712 0.003962 
0.008030 0.005677 0.004041 0.008965 
-0.011448 0.009881 -0.012926 -0.007850 
-0.015969 -0.003248 0.001472 -0.016229 
0.010883 -0.035350 0.036969 -0.001145 
0.002125 0.003058 0.001886 0.003211 
-0.001999 -0.004383 -0.001425 -0.004602 
-0.023025 -0.013923 0.004985 0.026442 
-0.002922 0.020565 -0.012195 -0.016814 
-0.026799 -0.021805 -0.019668 -0.028405 
-0.027040 -0.004895 0.010195 0.025518 
0.016625 -0.009002 0.001908 0.018810 
-0.009688 0.025332 0.025900 -0.008049 
-0.017249 -0.013128 0.021582 0.002020 
0.002555 0.003452 0.002192 0.003693 
-0.043673 -0.006661 0.004831 0.043913 
-0.054652 -0.006375 0.026903 0.047997 
-0.020524 0.001180 0.013186 -0.015772 
-0.020381 -0.016978 0.003903 0.026238 
-0.034531 -0.003727 -0.031138 -0.015384 
0.007698 -0.011184 0.013562 0.000622 
0.012487 0.006166 0.000632 0.013912 
0.022786 0.015365 0.000965 -0.027466 
-0.011830 0.008916 -0.012542 -0.007882 
-0.006397 -0.006672 -0.002682 -0.008845 
-0.022704 -0.003559 0.022905 -0.001867 
-0.008932 -0.010415 0.004401 -0.012995 
-0.021133 -0.018068 -0.006795 0.026961 
0.007737 0.025415 0.011428 -0.023983 
0.014560 0.010804 -0.013923 0.011613 
0.010486 -0.003714 0.010486 0.003712 
-0.016609 0.017157 0.016516 -0.017246 
0.040822 0.018152 0.017427 -0.041137 
-0.001291 0.018511 -0.017144 -0.007101 
0.001962 -0.012002 0.010069 -0.006820 
-0.031401 -0.008569 -0.031966 0.006135 
-0.010776 0.007686 -0.012461 -0.004464 
0.022438 -0.010658 -0.024389 0.004718 
-0.002569 -0.027082 -0.020151 0.018276 
0.004467 -0.007310 0.006980 -0.004968 
0.011778 -0.007635 0.012261 0.006833 
-0.002228 -0.023065 0.006508 0.022239 
-0.003918 0.013217 -0.013399 0.003241 
-0.026560 -0.046383 0.026346 0.046504 
-0.003289 -0.029803 -0.029759 -0.003668 
0.011225 0.024749 0.012899 -0.023919 
0.036289 -0.028638 0.004169 -0.046040 
-0.018859 -0.030455 0.007818 -0.034958 
0.007286 -0.004012 0.008255 -0.001019 
-0.039958 0.004195 0.031968 -0.024338 
-0.022371 -0.018185 -0.014860 0.024705 
-0.033016 -0.004801 -0.033358 0.000559 
0.016218 0.000399 0.001598 0.016144 
0.031778 -0.000095 0.023638 -0.021238 
-0.010034 0.015172 -0.012230 -0.013465 
0.008170 0.004018 0.005566 0.007205 
0.022511 -0.008908 -0.023166 0.007031 
0.000254 0.018969 -0.017509 -0.007302 
0.006225 -0.013924 0.015126 0.001965 
-0.002087 0.021401 -0.010336 -0.018855 
-0.002876 0.004711 -0.003621 0.004165 
-0.009028 -0.003983 -0.005732 -0.008033 
0.004847 0.013654 -0.010530 0.009953 
-0.034523 0.007864 -0.032772 -0.013404 
0.008630 0.043154 0.037730 -0.022654 
-0.020093 0.015401 0.024397 -0.006762 
0.020999 0.019194 0.013130 -0.025238 
-0.001249 -0.046718 -0.025620 -0.039086 
-0.007502 0.006246 -0.009621 0.001653 
0.010839 -0.002813 0.010151 0.004727 
0.024326 0.006582 -0.020574 -0.014552 
0.025208 -0.005798 -0.024616 -0.007944 
0.039450 0.005915 -0.034542 0.019952 
-0.010865 -0.003186 -0.006209 -0.009468 
0.015243 -0.010558 0.005221 0.017793 
-0.031031 -0.004422 -0.023190 0.021088 
-0.021143 0.004251 0.015302 -0.015196 
0.003378 -0.015454 0.015816 0.000328 
0.019156 -0.015467 -0.021760 0.011518 
-0.025014 0.015643 0.013727 0.026115 
0.040704 0.004232 -0.040675 0.004497 
0.001221 0.027984 0.025337 -0.011944 
0.004949 0.010809 -0.004054 0.011176 
0.008774 0.009405 -0.002040 0.012700 
-0.001814 0.001412 -0.001854 0.001359 
-0.021368 0.006794 0.017376 -0.014172 
0.015831 -0.004566 0.005780 0.015430 
-0.004034 0.021083 -0.008717 -0.019616 
0.016499 -0.019723 -0.023890 0.009513 
-0.006441 -0.020738 0.016303 0.014344 
0.027907 -0.006741 -0.011598 -0.026263 
-0.018115 -0.005601 0.012308 -0.014423 
-0.010716 0.006586 -0.011943 -0.003946 
0.007596 -0.025997 -0.025013 0.010386 
-0.007652 -0.000771 -0.007004 -0.003176 
0.019821 0.015772 -0.012392 -0.022093 
-0.004094 0.007352 -0.006579 0.005247 
-0.004735 0.004399 -0.005612 0.003205 
0.016861 0.011849 -0.020225 0.003955 
0.004049 -0.011841 0.011622 -0.004642 
-0.021564 -0.029158 0.011193 -0.034495 
-0.015320 -0.010136 0.014038 -0.011848 
-0.004428 0.009954 -0.009563 0.005218 
-0.004843 -0.004906 -0.003411 -0.005991 
0.006702 -0.011905 0.013655 -0.000430 
0.008462 -0.002992 0.008927 0.000924 
0.001672 -0.029750 -0.029032 -0.006708 
0.011259 0.002615 0.006600 0.009490 
0.010844 -0.012484 0.013181 0.009985 
-0.000929 0.005224 -0.001724 0.005018 
-0.002655 -0.001918 -0.002537 -0.002071 
-0.013629 0.010044 -0.009966 -0.013686 
0.031063 -0.000811 0.016826 -0.026124 
-0.037713 -0.027607 -0.046588 -0.003738 
-0.000850 -0.021265 0.013554 0.016408 
-0.027856 -0.019096 -0.028038 -0.018828 
-0.014324 -0.008899 0.008804 -0.014383 
0.021683 0.000692 -0.018815 0.010800 
-0.022857 -0.023366 -0.030237 -0.012414 
0.012042 -0.019434 -0.006493 0.021921 
-0.002219 -0.007550 0.000430 -0.007857 
-0.029203 -0.003029 -0.003869 0.029104 
0.006582 -0.010054 0.011785 -0.002350 
0.006007 -0.005567 0.007611 -0.003026 
-0.010730 -0.009916 0.004999 -0.013728 
-0.015026 0.033482 -0.036688 0.000897 
0.009543 0.023682 0.001553 -0.025485 
-0.012615 -0.004957 -0.002506 -0.013320 
-0.025086 0.002691 0.024429 0.006310 
0.001971 -0.018223 0.016989 0.006882 
-0.004922 -0.002201 -0.004509 -0.002956 
0.013581 0.001567 0.005674 0.012438 
0.002119 -0.015082 0.015047 -0.002357 
-0.014156 0.002618 -0.008291 -0.011769 
-0.012758 0.023735 0.026264 -0.006026 
-0.006430 -0.009887 0.002210 -0.011586 
-0.013697 0.010996 -0.009186 -0.014972 
-0.002190 0.024927 0.009514 -0.023144 
0.005580 0.002387 0.004985 0.003461 
0.020410 0.008159 -0.021862 0.002281 
0.024917 0.002405 -0.023045 -0.009775 
0.006030 0.024714 0.004514 -0.025035 
0.000258 0.004203 -0.000153 0.004208 
0.020037 0.009156 -0.022008 0.000964 
0.030909 0.008244 0.029539 -0.012281 
-0.015466 -0.003818 0.001066 -0.015894 
0.000370 0.017660 -0.017528 -0.002191 
-0.003161 0.016382 -0.016495 -0.002509 
0.014617 0.016855 -0.020065 -0.009756 
-0.001544 -0.031109 -0.026158 -0.016909 
-0.021441 -0.013356 0.015200 0.020176 
0.021295 -0.015851 -0.026428 -0.002509 
0.001482 -0.031949 -0.018338 -0.026204 
0.026580 -0.025361 0.034142 0.013566 
-0.002225 0.007385 -0.004480 0.006278 
-0.000204 0.043630 0.037847 -0.021708 
-0.007523 -0.002056 -0.006431 -0.004412 
0.000012 0.012417 -0.009305 0.008223 
-0.015555 -0.013032 0.019967 -0.003620 
-0.019384 -0.019039 -0.003366 0.026961 
0.022595 0.002496 -0.022326 0.004280 
0.001920 0.006193 0.000450 0.006468 
0.000268 -0.017281 0.017217 0.001512 
0.001272 0.034560 -0.008827 0.033438 
0.046223 0.000807 0.032413 -0.032964 
0.034503 0.011299 0.010305 0.034813 
-0.001913 -0.022411 0.009667 0.020309 
0.012912 0.010367 -0.009538 0.013536 
-0.004162 -0.027517 -0.022925 0.015777 
-0.006994 0.019273 -0.009495 -0.018171 
0.010375 0.000216 0.008487 0.005971 
-0.009462 -0.001568 -0.007517 -0.005957 
0.002755 -0.006937 0.004719 -0.005783 
0.017762 -0.018709 -0.024701 0.007440 
-0.027445 0.003605 0.016279 0.022387 
0.003489 -0.003783 0.004001 -0.003236 
0.014960 0.013462 -0.019796 0.003625 
0.008729 -0.009044 0.012542 0.000826 
0.006563 0.016721 -0.017703 0.003042 
-0.015745 -0.001534 -0.001535 -0.015745 
-0.010704 -0.001488 -0.007679 -0.007603 
0.016783 0.000663 -0.000340 0.016792 
0.001475 -0.016878 0.016866 0.001609 
0.006757 -0.032993 0.005263 -0.033264 
-0.006644 -0.022587 0.008707 0.021875 
-0.028278 0.015005 -0.013524 0.029015 
-0.025916 -0.024431 -0.004309 -0.035354 
0.011323 0.009478 -0.004721 0.013991 
0.015055 -0.008719 0.007268 0.015806 
0.005899 0.016748 -0.017485 0.003096 
0.004947 0.005590 0.003030 0.006822 
-0.009211 -0.036205 0.034003 -0.015473 
0.005458 0.011033 -0.004498 0.011459 
-0.001725 -0.002521 -0.001594 -0.002606 
0.011760 -0.030326 -0.003064 -0.032382 
-0.043113 0.001874 0.030847 0.030178 
0.004068 0.043033 0.029701 -0.031405 
-0.008240 -0.020310 0.016959 0.013884 
-0.013411 0.025418 0.027318 0.008923 
-0.011472 0.014765 -0.009902 -0.015861 
0.011434 -0.017081 0.004645 0.020023 
-0.000596 -0.008948 0.003293 -0.008342 
0.000082 0.012134 -0.008732 0.008427 
-0.003618 0.029425 0.028767 0.007168 
-0.028015 0.014760 -0.009890 0.030081 
-0.013922 0.008828 -0.009861 -0.013210 
0.009505 0.008758 -0.001194 0.012869 
-0.035792 -0.008128 -0.008058 -0.035808 
0.013520 0.032247 -0.001553 0.034932 
0.005124 0.020384 -0.017196 -0.012085 
-0.024427 0.000914 0.024303 0.002622 
0.009378 0.001032 0.007791 0.005321 
-0.019036 -0.006759 0.017155 -0.010665 
0.017542 -0.005938 0.000201 0.018518 
-0.015176 -0.008080 0.008901 -0.014709 
-0.017575 -0.007932 0.015082 -0.012014 
-0.024711 -0.001078 0.023858 0.006525 
0.008962 -0.000322 0.008238 0.003545 
-0.007340 0.018368 -0.011321 -0.016220 
-0.007727 0.020884 -0.001334 -0.022228 
0.021939 -0.010674 -0.023158 0.007682 
-0.026569 0.028431 -0.013156 -0.036621 
0.007589 -0.006066 0.009599 -0.001501 
0.019681 -0.007782 -0.010447 0.018406 
-0.017439 -0.017100 0.014891 0.019360 
0.001845 -0.004165 0.002308 -0.003927 
-0.008110 0.007283 -0.010867 0.000852 
-0.001436 -0.000132 -0.001434 -0.000148 
0.017911 0.013048 -0.021766 -0.004162 
-0.001334 -0.006264 0.000102 -0.006404 
0.014805 0.020215 -0.007894 -0.023781 
0.030051 -0.006130 0.007882 -0.029640 
0.015461 0.034095 -0.031493 0.020241 
0.004945 0.030901 0.027231 0.015421 
-0.033431 0.019946 -0.002201 -0.038867 
0.013972 0.009111 -0.008537 0.014330 
0.027988 -0.001777 -0.012197 -0.025253 
-0.022748 0.022601 -0.005146 0.031651 
-0.024756 0.007683 0.025096 0.006485 
0.016983 0.004325 -0.006300 0.016353 
0.012499 -0.021688 -0.018430 0.016939 
0.007888 0.038306 -0.036663 -0.013614 
-0.023388 0.031904 -0.007291 -0.038880 
0.000222 -0.009804 0.005140 -0.008352 
-0.019035 0.022434 0.021486 0.020098 
-0.004133 -0.007551 -0.000801 -0.008571 
-0.040807 0.013203 0.039833 0.015902 
-0.021623 -0.008162 0.022827 0.003621 
-0.000362 -0.013700 0.011580 -0.007329 
0.019255 0.009898 -0.021565 0.001920 
-0.022875 -0.020532 -0.028821 0.010685 
0.020971 0.034559 -0.033630 -0.022430 
-0.009073 0.014609 -0.014080 -0.009873 
-0.015476 0.003304 -0.006217 -0.014553 
-0.014323 0.040347 0.035989 -0.023192 
0.020418 -0.003082 -0.012073 0.016752 
0.000859 -0.019467 0.016492 0.010377 
-0.019457 0.005932 0.008090 -0.018663 
0.042363 0.008960 -0.019805 -0.038505 
0.009871 -0.045831 -0.012306 -0.045238 
0.000207 0.025020 0.007237 -0.023951 
0.000132 0.024575 0.004276 -0.024201 
-0.023269 0.006919 0.023843 -0.004566 
0.004867 -0.003585 0.005484 -0.002541 
-0.006048 0.003085 -0.006629 0.001469 
-0.007964 0.003925 -0.008876 0.000216 
0.019977 0.014623 -0.016127 -0.018784 
0.021360 0.010550 -0.021567 -0.010118 
0.013678 -0.020729 -0.018392 0.016688 
-0.006829 0.006408 -0.009022 0.002509 
0.000560 0.003512 0.000314 0.003542 
-0.013153 0.015628 -0.002996 -0.020205 
0.021280 0.010555 -0.021667 -0.009734 
-0.005968 0.011162 -0.012409 0.002497 
-0.017754 0.008651 0.002384 -0.019605 
-0.027903 0.013878 -0.005197 0.030727 
-0.020225 0.009998 0.015702 -0.016201 
0.004220 0.010804 -0.004168 0.010824 
0.027995 0.016627 0.032446 0.002723 
0.011725 0.008724 -0.003524 0.014183 
0.005912 -0.005602 0.007521 -0.003124 
0.002983 -0.001064 0.003037 -0.000898 
0.013721 -0.020677 -0.018332 0.016725 
-0.033771 0.007090 -0.034447 -0.002036 
0.004843 -0.007150 0.007292 -0.004626 
0.000348 0.014025 -0.012222 0.006887 
0.011571 -0.030250 -0.004796 -0.032030 
0.018995 -0.017101 -0.024553 0.007101 
-0.014261 0.008702 -0.009207 -0.013940 
