0.002016 -0.002290 0.002078 -0.002234 
-0.002153 0.000823 -0.002166 0.000789 
0.002015 -0.002242 0.002074 -0.002187 
0.001974 -0.002230 0.002031 -0.002178 
-0.002232 -0.000708 -0.002221 -0.000744 
-0.000873 -0.002080 -0.000841 -0.002092 
0.000811 0.002220 0.000774 0.002233 
0.000623 0.000760 0.000621 0.000762 
0.000697 -0.002297 0.000736 -0.002285 
0.001990 -0.002217 0.002047 -0.002164 
0.002080 0.000562 0.002073 0.000591 
0.002140 -0.000668 0.002150 -0.000636 
0.002157 0.000661 0.002147 0.000693 
-0.000777 0.000722 -0.000779 0.000719 
0.000827 0.002130 0.000794 0.002143 
-0.000718 -0.002148 -0.000686 -0.002158 
0.002145 0.000679 0.002135 0.000711 
0.000769 0.001988 0.000742 0.001998 
0.002138 0.000712 0.002127 0.000744 
0.002239 0.002100 0.002180 0.002162 
-0.002168 0.000747 -0.002179 0.000714 
-0.000780 -0.002228 -0.000743 -0.002241 
0.002063 -0.000755 0.002074 -0.000725 
0.000694 0.000727 0.000691 0.000729 
-0.002266 -0.002068 -0.002208 -0.002129 
0.002261 0.002054 0.002203 0.002115 
-0.000709 0.000616 -0.000711 0.000614 
-0.002207 0.000875 -0.002222 0.000838 
-0.001974 0.002288 -0.002034 0.002234 
0.002113 -0.000820 0.002125 -0.000788 
-0.002139 -0.000627 -0.002129 -0.000658 
0.002145 0.000616 0.002136 0.000647 
-0.000762 -0.002170 -0.000729 -0.002181 
-0.002192 -0.000672 -0.002181 -0.000706 
0.000684 -0.002176 0.000717 -0.002165 
-0.000717 -0.000795 -0.000715 -0.000797 
0.002018 -0.002322 0.002081 -0.002265 
-0.000729 0.000747 -0.000731 0.000744 
-0.002077 0.002298 -0.002140 0.002238 
-0.002172 -0.000621 -0.002163 -0.000654 
0.000805 0.002105 0.000774 0.002117 
-0.002248 -0.002002 -0.002194 -0.002061 
-0.002225 -0.002055 -0.002169 -0.002114 
0.000838 0.002010 0.000810 0.002021 
0.002125 -0.000773 0.002136 -0.000741 
0.000784 0.002134 0.000752 0.002145 
0.000678 -0.002143 0.000710 -0.002133 
0.002094 -0.000848 0.002107 -0.000817 
-0.000818 -0.000751 -0.000815 -0.000754 
0.000679 0.000791 0.000676 0.000794 
0.002109 0.000664 0.002099 0.000694 
-0.002243 0.000858 -0.002257 0.000820 
0.002294 0.002066 0.002236 0.002129 
0.000752 -0.000846 0.000755 -0.000843 
-0.002012 0.000845 -0.002023 0.000817 
0.002153 0.000703 0.002142 0.000736 
0.000643 0.002028 0.000616 0.002036 
0.001970 -0.002327 0.002033 -0.002273 
0.002105 -0.002153 0.002162 -0.002096 
0.000749 0.000701 0.000747 0.000703 
-0.002192 -0.001963 -0.002142 -0.002018 
0.000671 -0.000727 0.000673 -0.000725 
0.002091 0.000616 0.002082 0.000645 
0.000824 0.002145 0.000791 0.002157 
-0.002169 0.000842 -0.002183 0.000807 
0.000708 0.000620 0.000707 0.000622 
0.002135 -0.000765 0.002146 -0.000732 
-0.002125 0.002320 -0.002191 0.002257 
0.002060 -0.002183 0.002117 -0.002127 
0.000683 0.000604 0.000682 0.000606 
-0.000754 0.000774 -0.000757 0.000771 
0.002188 0.002097 0.002131 0.002156 
0.001983 -0.002283 0.002043 -0.002229 
0.000673 0.000612 0.000671 0.000613 
-0.000712 0.000696 -0.000714 0.000694 
0.002061 -0.002242 0.002121 -0.002185 
-0.000800 0.000653 -0.000802 0.000651 
-0.000692 0.002111 -0.000723 0.002101 
-0.000702 0.000713 -0.000704 0.000711 
0.000627 0.000683 0.000625 0.000684 
-0.000845 -0.002158 -0.000811 -0.002171 
0.000717 0.000709 0.000715 0.000711 
0.000696 0.002035 0.000668 0.002044 
0.000693 0.000645 0.000691 0.000647 
-0.002181 -0.000607 -0.002171 -0.000640 
0.002073 -0.000773 0.002084 -0.000743 
0.000653 0.000622 0.000651 0.000623 
0.001915 -0.002302 0.001975 -0.002251 
0.002100 -0.002242 0.002161 -0.002183 
-0.000826 -0.002195 -0.000790 -0.002208 
-0.000720 0.000705 -0.000722 0.000703 
0.000878 0.002115 0.000846 0.002128 
-0.000570 0.000660 -0.000572 0.000658 
0.000698 -0.002183 0.000732 -0.002172 
-0.002156 0.000779 -0.002168 0.000746 
0.000673 -0.000731 0.000675 -0.000729 
0.000590 0.000780 0.000588 0.000782 
0.000613 -0.000678 0.000614 -0.000677 
0.000769 0.000739 0.000766 0.000741 
0.000690 -0.000815 0.000692 -0.000812 
0.002015 -0.002212 0.002073 -0.002158 
-0.002310 -0.000797 -0.002295 -0.000837 
-0.000820 -0.002101 -0.000789 -0.002113 
0.000693 0.000752 0.000691 0.000754 
-0.002220 -0.000675 -0.002209 -0.000710 
0.002059 -0.002272 0.002121 -0.002214 
-0.000582 0.002090 -0.000611 0.002081 
-0.000641 0.002114 -0.000671 0.002105 
-0.002221 -0.000684 -0.002210 -0.000719 
-0.000784 -0.000767 -0.000781 -0.000770 
-0.000726 -0.000784 -0.000724 -0.000786 
-0.000621 0.002121 -0.000652 0.002111 
-0.000729 -0.002125 -0.000697 -0.002135 
0.000553 -0.002246 0.000588 -0.002237 
-0.002250 -0.000590 -0.002241 -0.000626 
0.000686 0.002027 0.000659 0.002036 
0.002262 0.002049 0.002205 0.002110 
-0.000814 0.000670 -0.000816 0.000667 
0.002280 0.002087 0.002220 0.002150 
0.000746 -0.000794 0.000748 -0.000791 
-0.000801 -0.002155 -0.000768 -0.002168 
-0.000756 0.000686 -0.000758 0.000684 
-0.000740 0.000687 -0.000742 0.000684 
-0.000626 0.000724 -0.000628 0.000723 
0.000746 0.002072 0.000716 0.002083 
0.002314 0.002016 0.002257 0.002079 
-0.002156 -0.000680 -0.002146 -0.000713 
0.000693 -0.000677 0.000695 -0.000675 
-0.002175 -0.000647 -0.002165 -0.000680 
0.000688 0.000644 0.000686 0.000646 
0.002131 0.000717 0.002120 0.000749 
-0.002195 0.000784 -0.002207 0.000749 
0.002109 -0.002235 0.002170 -0.002175 
0.000724 0.000649 0.000723 0.000651 
-0.002199 -0.000680 -0.002188 -0.000714 
0.000653 -0.002186 0.000686 -0.002176 
-0.000893 -0.002182 -0.000857 -0.002196 
-0.002299 -0.000603 -0.002289 -0.000641 
0.002244 0.002061 0.002187 0.002121 
0.000838 0.002133 0.000805 0.002146 
0.002138 0.000602 0.002129 0.000632 
-0.002262 -0.000671 -0.002251 -0.000707 
0.000639 -0.002170 0.000672 -0.002160 
0.002113 -0.000711 0.002123 -0.000680 
-0.002117 0.000785 -0.002129 0.000753 
-0.002242 -0.000648 -0.002231 -0.000684 
-0.000784 -0.002234 -0.000747 -0.002247 
0.002123 0.002080 0.002069 0.002134 
-0.002160 0.000792 -0.002172 0.000758 
0.000690 -0.000826 0.000693 -0.000824 
-0.000818 0.000804 -0.000821 0.000801 
-0.000774 0.000699 -0.000776 0.000697 
-0.002167 0.000824 -0.002180 0.000790 
0.000528 0.000658 0.000526 0.000659 
-0.002137 0.000899 -0.002151 0.000865 
-0.002220 -0.000701 -0.002208 -0.000737 
-0.000762 -0.000730 -0.000760 -0.000733 
-0.002099 0.000715 -0.002109 0.000684 
0.000587 -0.002095 0.000616 -0.002087 
-0.002236 -0.002065 -0.002179 -0.002125 
-0.000834 -0.000817 -0.000831 -0.000821 
0.002190 0.000637 0.002180 0.000671 
0.002079 -0.002371 0.002148 -0.002309 
-0.000822 -0.002225 -0.000785 -0.002238 
-0.002292 -0.002103 -0.002232 -0.002167 
-0.002198 0.000844 -0.002211 0.000808 
0.000663 0.000658 0.000661 0.000660 
0.001977 -0.002321 0.002040 -0.002267 
-0.000678 0.002057 -0.000706 0.002047 
0.000633 -0.000863 0.000636 -0.000861 
0.002128 -0.000768 0.002139 -0.000736 
-0.000816 -0.002145 -0.000783 -0.002157 
0.002166 0.000682 0.002155 0.000715 
0.001924 -0.002240 0.001981 -0.002190 
0.000692 -0.000893 0.000695 -0.000891 
-0.001997 0.002316 -0.002060 0.002260 
-0.002208 -0.002028 -0.002154 -0.002086 
-0.002237 -0.001949 -0.002186 -0.002006 
-0.001906 0.002369 -0.001969 0.002316 
-0.002217 -0.000704 -0.002206 -0.000739 
-0.002199 -0.000668 -0.002189 -0.000702 
0.002297 0.001996 0.002242 0.002058 
0.002048 -0.002228 0.002108 -0.002172 
0.002222 0.000665 0.002212 0.000700 
0.002013 -0.002257 0.002073 -0.002202 
-0.002316 -0.000646 -0.002305 -0.000685 
0.002052 -0.000741 0.002062 -0.000712 
0.002245 0.001986 0.002192 0.002044 
0.002181 -0.000774 0.002193 -0.000740 
0.001880 -0.002210 0.001934 -0.002163 
-0.000694 0.000589 -0.000696 0.000587 
-0.000675 0.002258 -0.000712 0.002247 
0.000685 -0.002267 0.000722 -0.002256 
-0.000825 0.000707 -0.000827 0.000704 
-0.000835 -0.000769 -0.000832 -0.000772 
0.000656 -0.002128 0.000687 -0.002118 
-0.002300 -0.002081 -0.002240 -0.002145 
0.000781 0.002168 0.000747 0.002180 
-0.002145 0.000745 -0.002156 0.000713 
-0.000812 0.002177 -0.000846 0.002164 
0.002185 0.000697 0.002173 0.000730 
-0.001954 0.002299 -0.002015 0.002246 
0.001986 -0.000849 0.001998 -0.000822 
0.002084 -0.002187 0.002142 -0.002130 
-0.000665 0.000635 -0.000667 0.000633 
-0.002281 -0.002053 -0.002223 -0.002116 
0.002148 0.000781 0.002136 0.000814 
-0.002158 -0.000608 -0.002149 -0.000640 
0.000814 0.002076 0.000784 0.002088 
-0.000741 0.000750 -0.000744 0.000747 
-0.000813 0.000719 -0.000815 0.000716 
0.002109 0.000694 0.002099 0.000724 
-0.002010 0.002358 -0.002075 0.002300 
-0.000788 -0.000762 -0.000786 -0.000764 
0.000647 -0.002184 0.000680 -0.002174 
0.000561 -0.002215 0.000595 -0.002207 
-0.000618 0.002150 -0.000649 0.002141 
0.002051 0.000553 0.002044 0.000580 
-0.000756 -0.000767 -0.000753 -0.000769 
-0.002218 -0.000499 -0.002210 -0.000532 
0.002250 0.001951 0.002198 0.002009 
-0.002206 0.000856 -0.002220 0.000820 
-0.000868 -0.002097 -0.000836 -0.002110 
-0.002004 0.002238 -0.002063 0.002185 
-0.000801 -0.000734 -0.000799 -0.000737 
-0.002293 -0.000721 -0.002280 -0.000760 
0.000604 -0.002171 0.000637 -0.002162 
-0.000666 0.000598 -0.000667 0.000596 
-0.002162 -0.000582 -0.002153 -0.000614 
0.000594 0.000667 0.000592 0.000669 
-0.000803 -0.002168 -0.000769 -0.002180 
0.000662 -0.000782 0.000664 -0.000780 
0.000796 0.002112 0.000764 0.002124 
0.000659 0.000727 0.000657 0.000728 
-0.000667 -0.000791 -0.000665 -0.000793 
-0.002223 -0.000691 -0.002211 -0.000726 
-0.000838 -0.000717 -0.000835 -0.000720 
-0.000838 -0.002146 -0.000805 -0.002158 
-0.002030 0.002392 -0.002098 0.002333 
-0.002328 -0.002103 -0.002266 -0.002169 
0.000682 -0.000762 0.000684 -0.000759 
-0.002165 0.000734 -0.002176 0.000701 
0.002189 0.002007 0.002137 0.002063 
-0.000713 0.000667 -0.000715 0.000665 
0.000686 0.000613 0.000684 0.000615 
0.002225 0.002110 0.002165 0.002171 
-0.002352 -0.000581 -0.002341 -0.000622 
-0.000734 0.000745 -0.000736 0.000743 
0.000701 -0.002272 0.000739 -0.002260 
0.000634 -0.000730 0.000636 -0.000728 
-0.000651 0.002233 -0.000687 0.002222 
0.002108 0.000625 0.002099 0.000654 
0.002319 0.002079 0.002259 0.002144 
-0.000777 -0.002232 -0.000741 -0.002245 
-0.002273 -0.002044 -0.002216 -0.002106 
-0.000567 0.002257 -0.000603 0.002248 
0.000707 0.002152 0.000675 0.002163 
-0.000608 0.002129 -0.000639 0.002120 
0.002219 0.001981 0.002167 0.002038 
0.000702 -0.000666 0.000704 -0.000664 
0.002154 0.000635 0.002144 0.000667 
-0.002311 -0.002090 -0.002250 -0.002155 
0.002032 -0.000850 0.002044 -0.000821 
-0.000742 -0.002102 -0.000711 -0.002113 
0.000671 -0.002225 0.000706 -0.002215 
0.002152 0.000610 0.002143 0.000641 
-0.000686 0.000545 -0.000687 0.000544 
-0.000666 0.002133 -0.000697 0.002123 
0.002115 0.000709 0.002104 0.000739 
0.000608 -0.000778 0.000610 -0.000776 
0.000676 -0.002081 0.000706 -0.002071 
-0.000825 -0.002235 -0.000787 -0.002248 
-0.002009 0.002312 -0.002072 0.002256 
0.002241 0.001999 0.002187 0.002057 
-0.000840 -0.002123 -0.000808 -0.002135 
0.000634 0.002089 0.000605 0.002098 
-0.000813 0.000660 -0.000815 0.000657 
0.000716 -0.000811 0.000718 -0.000809 
0.002090 -0.002289 0.002154 -0.002229 
-0.002215 -0.000722 -0.002204 -0.000757 
-0.000790 0.000665 -0.000793 0.000663 
0.000822 0.002093 0.000791 0.002105 
0.001951 -0.002280 0.002011 -0.002228 
0.002138 -0.000824 0.002150 -0.000791 
0.002127 -0.002303 0.002193 -0.002241 
0.002277 0.002207 0.002211 0.002274 
0.002037 0.000648 0.002028 0.000675 
-0.002201 0.000827 -0.002214 0.000791 
0.002061 -0.002214 0.002120 -0.002157 
0.002221 0.002082 0.002164 0.002142 
-0.002171 0.000725 -0.002182 0.000691 
0.000807 0.002188 0.000772 0.002201 
0.000766 -0.000772 0.000769 -0.000770 
0.000785 -0.000617 0.000787 -0.000614 
0.002140 0.000717 0.002129 0.000749 
-0.000788 -0.002150 -0.000755 -0.002162 
-0.000602 0.002117 -0.000632 0.002108 
0.000679 0.002029 0.000652 0.002037 
-0.002298 -0.000668 -0.002286 -0.000707 
-0.002230 0.000869 -0.002244 0.000832 
-0.002085 0.002260 -0.002147 0.002201 
-0.000693 -0.002180 -0.000659 -0.002190 
-0.000659 0.002151 -0.000691 0.002141 
0.002101 -0.000812 0.002113 -0.000780 
0.000680 -0.002262 0.000717 -0.002250 
-0.000813 -0.002119 -0.000781 -0.002131 
-0.000756 0.000663 -0.000758 0.000661 
-0.002161 0.000800 -0.002173 0.000766 
-0.002034 0.002239 -0.002094 0.002184 
0.002151 -0.000766 0.002163 -0.000733 
0.002124 -0.000838 0.002136 -0.000806 
-0.002203 0.000734 -0.002214 0.000699 
0.000672 0.000642 0.000670 0.000644 
0.002286 0.002136 0.002224 0.002200 
0.002044 -0.000700 0.002054 -0.000672 
-0.000600 0.002136 -0.000631 0.002127 
0.002063 -0.000775 0.002074 -0.000746 
0.002227 0.001960 0.002176 0.002017 
-0.002179 -0.002087 -0.002123 -0.002145 
0.000656 -0.000774 0.000658 -0.000772 
0.002163 0.002003 0.002111 0.002057 
0.000726 0.002117 0.000695 0.002127 
-0.000695 -0.000789 -0.000693 -0.000791 
0.000635 0.000706 0.000633 0.000708 
0.000696 0.000578 0.000694 0.000579 
0.000642 0.002192 0.000608 0.002201 
0.001974 -0.002130 0.002026 -0.002080 
-0.002239 -0.000698 -0.002227 -0.000734 
-0.000876 -0.002153 -0.000842 -0.002167 
-0.002163 -0.000677 -0.002152 -0.000710 
0.000720 -0.002207 0.000755 -0.002196 
0.002154 0.000710 0.002143 0.000742 
0.002158 0.000610 0.002149 0.000642 
0.002353 0.002114 0.002290 0.002183 
0.000721 -0.000825 0.000724 -0.000822 
0.000776 0.002094 0.000745 0.002105 
-0.000759 0.000688 -0.000761 0.000685 
0.002050 -0.000733 0.002060 -0.000704 
0.000795 0.002111 0.000763 0.002123 
-0.001945 0.002254 -0.002003 0.002202 
-0.002316 -0.002076 -0.002256 -0.002141 
-0.002076 0.000816 -0.002088 0.000786 
0.002068 -0.000680 0.002077 -0.000651 
-0.000831 -0.002074 -0.000801 -0.002086 
-0.000612 0.002135 -0.000643 0.002126 
-0.000623 0.002145 -0.000654 0.002135 
0.002091 -0.002264 0.002153 -0.002205 
-0.000870 -0.002130 -0.000837 -0.002144 
-0.002110 0.000805 -0.002122 0.000773 
0.000849 0.002104 0.000817 0.002116 
0.002051 -0.002269 0.002112 -0.002212 
0.000770 -0.002271 0.000809 -0.002258 
-0.000631 0.002175 -0.000663 0.002165 
0.001988 -0.002231 0.002046 -0.002178 
-0.000766 0.000764 -0.000768 0.000762 
-0.002201 -0.002135 -0.002141 -0.002195 
-0.000865 -0.002203 -0.000828 -0.002217 
-0.002210 0.000734 -0.002221 0.000699 
0.002235 0.002045 0.002179 0.002104 
-0.002133 0.002309 -0.002199 0.002247 
-0.002140 0.000845 -0.002152 0.000811 
0.002186 0.000630 0.002176 0.000663 
0.002076 -0.002331 0.002142 -0.002271 
0.002229 0.002053 0.002172 0.002112 
0.002259 0.001988 0.002206 0.002048 
0.002246 0.001997 0.002193 0.002056 
-0.002277 -0.001968 -0.002224 -0.002028 
0.002310 0.002033 0.002252 0.002097 
-0.000738 -0.000751 -0.000735 -0.000753 
0.002343 0.002006 0.002286 0.002071 
0.000682 -0.000824 0.000685 -0.000821 
-0.000823 -0.000805 -0.000820 -0.000808 
-0.002183 -0.000552 -0.002175 -0.000585 
0.002247 0.000541 0.002238 0.000576 
0.000725 0.000645 0.000723 0.000647 
0.002285 0.000580 0.002275 0.000618 
-0.002014 0.002346 -0.002079 0.002289 
0.000712 0.000617 0.000710 0.000619 
-0.000803 -0.002214 -0.000767 -0.002227 
0.000693 -0.002278 0.000731 -0.002266 
0.000827 0.002151 0.000793 0.002164 
0.000639 -0.002123 0.000670 -0.002113 
0.000684 0.002135 0.000653 0.002145 
0.000822 0.002110 0.000790 0.002122 
0.002220 0.002065 0.002164 0.002125 
-0.002078 0.002289 -0.002142 0.002230 
0.002207 0.002044 0.002152 0.002102 
-0.000712 0.002109 -0.000743 0.002098 
0.000725 0.002131 0.000694 0.002141 
-0.001966 0.002257 -0.002025 0.002204 
0.000752 0.000672 0.000750 0.000675 
0.000753 -0.000768 0.000756 -0.000766 
0.000757 0.000670 0.000755 0.000673 
-0.000762 -0.000795 -0.000759 -0.000797 
0.002070 -0.000767 0.002081 -0.000738 
-0.002233 -0.000643 -0.002222 -0.000678 
0.000682 -0.000688 0.000684 -0.000686 
0.000794 0.002122 0.000762 0.002134 
-0.002260 0.000771 -0.002273 0.000733 
-0.000747 0.000593 -0.000749 0.000591 
0.000679 -0.000765 0.000681 -0.000763 
0.002120 0.000682 0.002110 0.000713 
-0.002186 -0.000724 -0.002175 -0.000758 
0.002436 0.002008 0.002376 0.002078 
0.000779 0.002079 0.000749 0.002090 
0.002145 0.000745 0.002133 0.000778 
-0.002303 -0.002018 -0.002247 -0.002081 
-0.000686 0.002118 -0.000716 0.002108 
0.000740 0.002060 0.000711 0.002070 
-0.000661 0.000673 -0.000663 0.000671 
0.000777 0.000706 0.000775 0.000709 
0.002135 -0.000792 0.002147 -0.000759 
0.001992 -0.000825 0.002003 -0.000797 
-0.000636 0.002045 -0.000664 0.002037 
0.000783 0.002165 0.000749 0.002177 
-0.002077 0.002271 -0.002139 0.002212 
0.002358 0.002105 0.002296 0.002174 
0.002121 0.000597 0.002112 0.000627 
0.000772 -0.000780 0.000775 -0.000777 
-0.000735 0.000585 -0.000737 0.000583 
-0.002112 0.000677 -0.002122 0.000646 
-0.002121 -0.001998 -0.002070 -0.002050 
0.002287 0.002070 0.002228 0.002133 
0.002111 -0.000735 0.002122 -0.000704 
0.002223 0.000623 0.002213 0.000657 
-0.000668 0.002190 -0.000702 0.002180 
0.000603 -0.002131 0.000634 -0.002123 
-0.002210 -0.000674 -0.002199 -0.000708 
0.002018 -0.002288 0.002080 -0.002232 
0.002055 -0.000897 0.002068 -0.000867 
-0.000664 0.002150 -0.000696 0.002140 
0.002076 -0.002231 0.002136 -0.002174 
-0.002059 0.000801 -0.002070 0.000772 
0.000638 0.000661 0.000636 0.000663 
0.002216 0.002059 0.002160 0.002118 
-0.000722 0.002114 -0.000753 0.002103 
0.002251 0.002046 0.002195 0.002106 
-0.002359 -0.002128 -0.002295 -0.002197 
0.000702 0.000656 0.000700 0.000658 
0.000866 0.002136 0.000832 0.002149 
0.002294 0.001954 0.002241 0.002014 
0.002254 0.002088 0.002195 0.002150 
-0.002148 0.000849 -0.002161 0.000815 
-0.000778 -0.002182 -0.000743 -0.002194 
0.000634 0.000505 0.000633 0.000506 
0.000704 -0.000739 0.000706 -0.000737 
-0.000725 -0.000706 -0.000723 -0.000708 
0.000808 0.000662 0.000806 0.000665 
-0.000810 -0.002115 -0.000778 -0.002127 
-0.002214 -0.000731 -0.002202 -0.000766 
-0.000792 -0.000775 -0.000789 -0.000777 
0.000740 0.000648 0.000738 0.000650 
0.002093 0.000656 0.002084 0.000686 
-0.000808 -0.002264 -0.000770 -0.002278 
0.002124 -0.000729 0.002135 -0.000698 
-0.002260 -0.000665 -0.002249 -0.000701 
-0.000791 -0.000781 -0.000788 -0.000784 
0.002078 0.000599 0.002070 0.000628 
0.000727 -0.000717 0.000729 -0.000715 
0.000721 -0.000745 0.000723 -0.000742 
-0.002194 -0.000678 -0.002183 -0.000711 
0.002022 -0.002305 0.002085 -0.002249 
0.000607 -0.000827 0.000610 -0.000825 
-0.000672 -0.000707 -0.000670 -0.000709 
0.000579 -0.000772 0.000581 -0.000770 
0.000780 0.000734 0.000778 0.000737 
0.002141 -0.002263 0.002205 -0.002201 
-0.000789 -0.002218 -0.000753 -0.002231 
0.002284 0.002013 0.002228 0.002074 
-0.002020 -0.000670 -0.002011 -0.000697 
0.000803 0.002101 0.000771 0.002113 
0.002017 -0.002393 0.002085 -0.002334 
0.000649 -0.002156 0.000681 -0.002147 
0.002090 -0.000786 0.002101 -0.000756 
-0.000785 -0.000787 -0.000782 -0.000790 
-0.002345 -0.002157 -0.002280 -0.002226 
0.000692 0.002100 0.000662 0.002109 
0.002089 0.000650 0.002080 0.000679 
0.000525 -0.002157 0.000557 -0.002149 
0.002063 -0.002298 0.002126 -0.002239 
-0.000549 0.002081 -0.000577 0.002074 
0.000738 -0.000758 0.000741 -0.000756 
0.000579 -0.002238 0.000614 -0.002228 
0.000614 -0.002160 0.000646 -0.002150 
0.002242 0.002075 0.002185 0.002135 
0.002068 -0.000830 0.002080 -0.000800 
0.002109 -0.002280 0.002173 -0.002219 
-0.000610 0.002178 -0.000642 0.002168 
-0.002319 -0.002042 -0.002261 -0.002106 
0.002139 -0.000776 0.002151 -0.000743 
-0.000666 0.002123 -0.000697 0.002113 
-0.000734 0.000713 -0.000736 0.000711 
-0.002149 0.000850 -0.002162 0.000816 
0.000786 0.000698 0.000784 0.000700 
-0.002173 0.000758 -0.002185 0.000724 
0.002351 0.002045 0.002292 0.002111 
0.000753 0.002075 0.000723 0.002086 
0.000818 0.002088 0.000787 0.002099 
0.002265 0.001999 0.002210 0.002059 
-0.000684 0.002076 -0.000713 0.002066 
0.000793 0.002083 0.000763 0.002094 
-0.000640 0.002132 -0.000671 0.002123 
0.002142 -0.000794 0.002154 -0.000761 
0.000729 -0.000711 0.000731 -0.000709 
0.002023 -0.000714 0.002033 -0.000687 
0.000802 0.002124 0.000770 0.002136 
0.002209 0.000587 0.002200 0.000621 
-0.002366 -0.002104 -0.002303 -0.002172 
0.002206 -0.000805 0.002219 -0.000769 
0.002203 0.002157 0.002142 0.002218 
0.000635 -0.002157 0.000667 -0.002148 
-0.002218 -0.000748 -0.002206 -0.000784 
-0.000748 -0.002166 -0.000715 -0.002177 
-0.002211 0.000750 -0.002223 0.000714 
0.002037 -0.002334 0.002102 -0.002275 
0.000755 0.002057 0.000726 0.002067 
0.000722 -0.002236 0.000758 -0.002224 
-0.002252 -0.002027 -0.002196 -0.002087 
-0.002241 -0.002103 -0.002182 -0.002164 
-0.000634 0.002095 -0.000663 0.002086 
-0.000799 -0.000807 -0.000796 -0.000810 
0.001992 -0.002229 0.002049 -0.002175 
0.002039 -0.002382 0.002107 -0.002322 
-0.000829 -0.002227 -0.000792 -0.002241 
0.000660 0.000729 0.000658 0.000731 
-0.001930 0.002237 -0.001987 0.002186 
-0.000656 -0.000708 -0.000654 -0.000709 
-0.000722 -0.002150 -0.000689 -0.002161 
0.002078 0.000619 0.002070 0.000648 
0.002153 -0.000737 0.002164 -0.000704 
-0.000730 0.002135 -0.000762 0.002124 
0.000723 -0.002155 0.000755 -0.002144 
-0.000659 -0.000751 -0.000657 -0.000752 
-0.000668 0.000666 -0.000670 0.000664 
-0.000773 -0.002142 -0.000740 -0.002153 
-0.000776 -0.000813 -0.000773 -0.000815 
-0.002256 -0.002028 -0.002200 -0.002088 
-0.000684 -0.002218 -0.000648 -0.002229 
0.002153 0.000634 0.002143 0.000665 
0.000738 0.000612 0.000737 0.000614 
0.000693 0.000608 0.000692 0.000610 
0.002038 0.000720 0.002028 0.000748 
0.002172 -0.000697 0.002182 -0.000664 
-0.000568 0.002176 -0.000600 0.002168 
-0.000761 -0.000663 -0.000759 -0.000665 
0.000756 0.002211 0.000721 0.002223 
-0.000865 -0.000787 -0.000862 -0.000791 
-0.002180 -0.000618 -0.002170 -0.000651 
0.000673 0.000561 0.000672 0.000563 
0.000603 -0.002251 0.000639 -0.002241 
-0.000805 -0.002153 -0.000772 -0.002165 
0.002028 -0.000806 0.002039 -0.000777 
0.000615 -0.000725 0.000617 -0.000723 
0.002285 0.001960 0.002232 0.002020 
0.000684 -0.000730 0.000686 -0.000728 
-0.002194 -0.000630 -0.002184 -0.000664 
-0.000736 0.000638 -0.000738 0.000636 
0.002141 0.000623 0.002132 0.000654 
0.000830 0.002066 0.000800 0.002077 
-0.000723 0.002094 -0.000753 0.002083 
-0.000770 -0.000775 -0.000767 -0.000778 
0.000613 -0.002196 0.000646 -0.002186 
0.000681 -0.000756 0.000684 -0.000754 
-0.000794 -0.000755 -0.000791 -0.000758 
0.002187 0.000579 0.002178 0.000612 
0.000799 0.000709 0.000797 0.000712 
0.002284 0.001984 0.002230 0.002044 
0.001998 -0.002286 0.002059 -0.002231 
-0.000813 -0.000689 -0.000810 -0.000692 
-0.000824 -0.002205 -0.000788 -0.002218 
0.002151 -0.000817 0.002163 -0.000784 
-0.000778 -0.000743 -0.000776 -0.000746 
-0.002109 -0.000612 -0.002100 -0.000642 
-0.002116 0.000854 -0.002128 0.000822 
-0.002235 -0.000663 -0.002224 -0.000698 
0.000621 -0.000761 0.000623 -0.000759 
0.000668 -0.000760 0.000670 -0.000758 
0.002246 0.002112 0.002186 0.002174 
-0.002278 -0.000662 -0.002267 -0.000699 
0.000841 0.002107 0.000809 0.002119 
0.000737 -0.000752 0.000739 -0.000750 
-0.000639 0.002162 -0.000671 0.002152 
0.002130 0.000621 0.002120 0.000652 
0.002093 -0.002204 0.002152 -0.002147 
0.002370 0.002029 0.002311 0.002096 
-0.000663 0.000688 -0.000665 0.000686 
0.002102 -0.000806 0.002113 -0.000775 
-0.001999 0.002282 -0.002060 0.002227 
-0.000742 0.000645 -0.000743 0.000643 
-0.000769 -0.000753 -0.000766 -0.000755 
0.000798 0.000665 0.000796 0.000668 
0.000688 -0.000685 0.000690 -0.000683 
-0.002024 0.002190 -0.002081 0.002136 
0.002284 0.002035 0.002227 0.002097 
-0.002212 0.000776 -0.002224 0.000741 
-0.002223 0.000798 -0.002236 0.000762 
-0.000740 0.000675 -0.000741 0.000673 
-0.002195 -0.002115 -0.002136 -0.002174 
-0.001990 0.002255 -0.002049 0.002201 
-0.000664 0.002034 -0.000692 0.002025 
0.002164 0.000586 0.002155 0.000618 
-0.002282 -0.002021 -0.002226 -0.002082 
0.002108 -0.000742 0.002118 -0.000711 
0.002070 -0.002323 0.002135 -0.002263 
-0.002266 -0.002037 -0.002210 -0.002098 
0.002154 -0.000790 0.002166 -0.000756 
-0.000758 -0.002114 -0.000726 -0.002125 
0.000732 -0.002215 0.000767 -0.002203 
-0.000755 -0.002104 -0.000724 -0.002115 
0.002134 -0.000836 0.002147 -0.000803 
-0.000769 0.000546 -0.000771 0.000544 
0.000684 -0.002244 0.000720 -0.002233 
0.000609 -0.002300 0.000647 -0.002289 
-0.000699 -0.002237 -0.000663 -0.002248 
-0.000832 -0.002233 -0.000795 -0.002247 
-0.000757 -0.000771 -0.000754 -0.000774 
0.000718 -0.000802 0.000721 -0.000799 
-0.001992 0.002259 -0.002051 0.002205 
-0.002201 -0.000721 -0.002190 -0.000756 
-0.001971 0.002312 -0.002033 0.002258 
-0.002040 0.002354 -0.002106 0.002295 
0.000741 0.002131 0.000709 0.002142 
0.002151 0.000615 0.002142 0.000646 
0.000688 -0.000820 0.000691 -0.000818 
-0.000708 0.002105 -0.000738 0.002095 
-0.002159 -0.000715 -0.002147 -0.000748 
-0.002249 -0.002014 -0.002194 -0.002073 
0.000673 -0.000754 0.000676 -0.000751 
0.000674 -0.000709 0.000676 -0.000708 
0.002246 0.001960 0.002194 0.002018 
-0.002249 -0.002031 -0.002193 -0.002090 
-0.002012 0.002267 -0.002072 0.002212 
0.002018 -0.002322 0.002082 -0.002265 
-0.000779 0.000639 -0.000781 0.000637 
-0.002146 0.002261 -0.002210 0.002199 
0.002089 -0.002290 0.002153 -0.002230 
0.000612 -0.000732 0.000614 -0.000731 
0.002351 0.002014 0.002293 0.002080 
0.002219 0.001998 0.002166 0.002056 
-0.000743 0.002145 -0.000775 0.002134 
0.002017 -0.002168 0.002072 -0.002115 
0.002306 0.001918 0.002254 0.001979 
-0.000730 -0.000742 -0.000728 -0.000745 
0.002049 -0.000807 0.002061 -0.000777 
-0.002143 0.000762 -0.002155 0.000729 
0.002151 0.000692 0.002140 0.000725 
0.002213 0.002083 0.002155 0.002142 
0.002037 -0.002284 0.002099 -0.002227 
-0.002035 0.002290 -0.002097 0.002233 
-0.000674 0.000701 -0.000676 0.000699 
0.000766 0.000716 0.000764 0.000719 
-0.002060 0.002298 -0.002124 0.002240 
0.002131 -0.000657 0.002140 -0.000626 
0.002057 0.000695 0.002048 0.000723 
-0.002248 -0.001952 -0.002197 -0.002010 
0.002232 0.002060 0.002175 0.002120 
0.000733 0.000683 0.000731 0.000685 
0.002039 -0.002316 0.002103 -0.002258 
0.002230 0.002066 0.002173 0.002126 
-0.000763 0.000710 -0.000765 0.000707 
0.002341 0.002103 0.002278 0.002170 
-0.002251 -0.001983 -0.002198 -0.002041 
0.000583 0.000676 0.000581 0.000677 
0.002370 0.002066 0.002309 0.002134 
0.000730 0.000702 0.000728 0.000704 
0.001952 -0.002217 0.002008 -0.002166 
-0.000767 -0.002109 -0.000736 -0.002120 
-0.002121 0.000777 -0.002132 0.000745 
0.000696 -0.000712 0.000698 -0.000709 
0.001983 -0.002304 0.002045 -0.002250 
-0.002054 0.002340 -0.002120 0.002280 
-0.000765 -0.000663 -0.000763 -0.000665 
-0.000679 0.002201 -0.000713 0.002190 
0.000744 0.000791 0.000742 0.000794 
-0.002029 0.002187 -0.002085 0.002133 
-0.000743 -0.002196 -0.000708 -0.002208 
0.000687 0.000664 0.000685 0.000666 
-0.002117 0.000760 -0.002128 0.000728 
0.000663 -0.000711 0.000665 -0.000710 
0.000689 -0.000808 0.000692 -0.000806 
-0.000626 0.002165 -0.000658 0.002155 
0.002336 0.002045 0.002277 0.002111 
0.002019 0.000620 0.002011 0.000646 
0.000831 0.002230 0.000794 0.002244 
0.002099 0.000707 0.002088 0.000737 
-0.002282 -0.001999 -0.002227 -0.002060 
0.000690 -0.000796 0.000693 -0.000794 
0.002075 -0.000833 0.002087 -0.000803 
0.002135 0.000694 0.002124 0.000725 
-0.002342 -0.002068 -0.002282 -0.002134 
-0.000657 -0.002118 -0.000627 -0.002127 
-0.002315 -0.002029 -0.002257 -0.002092 
0.000564 -0.002263 0.000600 -0.002253 
0.002060 -0.002281 0.002122 -0.002223 
-0.002093 0.002321 -0.002159 0.002260 
-0.002364 -0.001997 -0.002307 -0.002062 
-0.002281 -0.001997 -0.002226 -0.002058 
0.002137 -0.000787 0.002149 -0.000754 
-0.000642 0.002086 -0.000671 0.002077 
-0.000662 0.000700 -0.000664 0.000698 
0.000649 -0.000721 0.000651 -0.000720 
-0.000633 0.002161 -0.000665 0.002151 
0.000648 -0.002174 0.000681 -0.002164 
0.002077 -0.000771 0.002088 -0.000741 
-0.002231 0.000853 -0.002245 0.000815 
-0.000732 -0.000785 -0.000729 -0.000787 
-0.000800 -0.000749 -0.000797 -0.000751 
-0.000819 -0.002123 -0.000787 -0.002136 
-0.002274 -0.001962 -0.002222 -0.002022 
-0.000726 -0.002242 -0.000690 -0.002253 
0.000618 -0.002154 0.000649 -0.002145 
0.000728 -0.000838 0.000731 -0.000835 
-0.002157 0.000789 -0.002169 0.000755 
0.002163 0.000627 0.002153 0.000659 
-0.002303 -0.002019 -0.002246 -0.002082 
0.000801 0.002125 0.000769 0.002136 
0.002184 -0.000787 0.002196 -0.000753 
-0.000597 0.002201 -0.000631 0.002192 
-0.000687 0.002150 -0.000719 0.002139 
-0.001971 0.002269 -0.002030 0.002216 
0.000679 0.000674 0.000677 0.000676 
-0.000598 0.002217 -0.000633 0.002207 
-0.000620 0.002219 -0.000655 0.002209 
0.002263 0.002035 0.002207 0.002095 
-0.002203 -0.001998 -0.002151 -0.002054 
-0.002131 0.000769 -0.002143 0.000737 
0.000659 -0.000852 0.000662 -0.000849 
0.000657 -0.002165 0.000689 -0.002155 
0.002145 -0.002215 0.002206 -0.002155 
0.000670 0.000638 0.000668 0.000640 
0.002098 0.000674 0.002088 0.000704 
0.000724 0.000677 0.000722 0.000679 
0.000714 -0.000706 0.000716 -0.000704 
-0.002208 0.000653 -0.002218 0.000619 
0.001986 -0.002352 0.002050 -0.002296 
-0.000776 0.000695 -0.000778 0.000693 
0.000806 0.002119 0.000774 0.002131 
0.002093 -0.002296 0.002158 -0.002236 
0.002100 0.000702 0.002090 0.000733 
0.000612 -0.002213 0.000646 -0.002203 
-0.002280 -0.002040 -0.002223 -0.002102 
-0.000750 -0.000833 -0.000747 -0.000836 
0.000672 0.000733 0.000670 0.000735 
-0.002260 0.000664 -0.002271 0.000627 
0.002054 -0.000749 0.002064 -0.000720 
-0.000745 0.000729 -0.000747 0.000727 
-0.002080 0.000831 -0.002092 0.000801 
-0.000787 -0.002223 -0.000751 -0.002236 
-0.001903 0.002227 -0.001958 0.002178 
0.002254 0.002090 0.002195 0.002152 
-0.000736 -0.000702 -0.000734 -0.000704 
-0.000686 0.002196 -0.000720 0.002185 
-0.002162 -0.000679 -0.002151 -0.000711 
-0.000816 -0.002301 -0.000775 -0.002314 
-0.000871 -0.002195 -0.000835 -0.002209 
-0.000611 0.002048 -0.000639 0.002040 
-0.000692 -0.002222 -0.000657 -0.002233 
0.000900 0.002068 0.000869 0.002081 
-0.002064 0.002308 -0.002128 0.002249 
-0.002314 -0.001971 -0.002260 -0.002033 
-0.000705 -0.000749 -0.000702 -0.000751 
0.002077 -0.000749 0.002087 -0.000719 
0.002056 -0.002216 0.002115 -0.002160 
0.000680 -0.000742 0.000682 -0.000740 
-0.002150 -0.000634 -0.002140 -0.000665 
0.002140 -0.000716 0.002150 -0.000684 
0.000680 0.000722 0.000678 0.000724 
-0.002261 -0.000685 -0.002250 -0.000722 
-0.000704 -0.002192 -0.000670 -0.002203 
0.000746 0.002087 0.000716 0.002098 
0.000672 0.000575 0.000671 0.000577 
-0.000713 0.000623 -0.000714 0.000621 
-0.000822 -0.002166 -0.000788 -0.002179 
0.000681 0.000738 0.000679 0.000740 
-0.000802 -0.002132 -0.000769 -0.002144 
-0.002180 -0.002096 -0.002123 -0.002154 
0.000624 -0.000815 0.000626 -0.000813 
0.002096 -0.000693 0.002106 -0.000663 
0.002085 -0.000746 0.002095 -0.000716 
-0.002143 0.002211 -0.002204 0.002151 
0.000593 -0.000757 0.000595 -0.000755 
0.002283 0.002008 0.002227 0.002069 
0.000603 -0.000762 0.000605 -0.000760 
-0.002244 -0.002016 -0.002189 -0.002075 
0.002273 0.002033 0.002217 0.002094 
-0.000632 0.002178 -0.000665 0.002168 
-0.000815 -0.002213 -0.000779 -0.002226 
-0.002165 -0.000635 -0.002155 -0.000667 
0.002218 0.002021 0.002163 0.002079 
0.001993 -0.002293 0.002054 -0.002238 
-0.002247 -0.000551 -0.002238 -0.000586 
0.002021 -0.002136 0.002074 -0.002084 
0.000734 0.002207 0.000699 0.002218 
0.002356 0.002093 0.002294 0.002160 
0.002287 0.002045 0.002230 0.002108 
0.002048 -0.002275 0.002110 -0.002217 
-0.000717 -0.000772 -0.000715 -0.000774 
0.002017 -0.002265 0.002077 -0.002210 
0.000745 0.000670 0.000743 0.000673 
0.002135 -0.000715 0.002145 -0.000683 
-0.002203 0.000749 -0.002214 0.000713 
0.002365 0.002046 0.002305 0.002113 
-0.002182 0.000731 -0.002193 0.000697 
0.000672 0.000687 0.000671 0.000689 
0.000703 -0.000764 0.000705 -0.000762 
-0.000723 0.002056 -0.000751 0.002046 
-0.000778 -0.000756 -0.000776 -0.000758 
0.002067 -0.000808 0.002079 -0.000778 
0.000738 0.000641 0.000736 0.000643 
-0.000740 -0.000755 -0.000737 -0.000758 
-0.000720 -0.000738 -0.000717 -0.000740 
-0.000681 0.000618 -0.000682 0.000616 
0.000787 0.002259 0.000749 0.002272 
0.002069 -0.000800 0.002080 -0.000770 
0.002065 -0.002257 0.002126 -0.002200 
0.000657 0.000710 0.000655 0.000711 
-0.000599 0.002174 -0.000632 0.002164 
-0.002057 0.002220 -0.002116 0.002163 
-0.002026 0.002324 -0.002090 0.002266 
0.000667 -0.002241 0.000703 -0.002230 
-0.000767 -0.000737 -0.000764 -0.000740 
0.002150 0.000632 0.002141 0.000663 
0.002094 0.000694 0.002084 0.000724 
-0.000796 -0.002195 -0.000761 -0.002207 
-0.000852 -0.002172 -0.000818 -0.002185 
0.002074 -0.002166 0.002130 -0.002111 
0.002386 0.002005 0.002328 0.002072 
0.002366 0.001985 0.002310 0.002051 
-0.000727 0.002100 -0.000758 0.002090 
-0.000773 -0.000744 -0.000770 -0.000746 
0.000758 0.000687 0.000756 0.000689 
0.002282 0.002101 0.002221 0.002164 
0.002084 -0.000669 0.002094 -0.000639 
-0.002042 0.002297 -0.002105 0.002239 
-0.000641 0.002185 -0.000674 0.002175 
0.002114 0.000629 0.002105 0.000659 
-0.000716 0.002144 -0.000748 0.002133 
-0.000872 -0.002192 -0.000836 -0.002206 
-0.002231 -0.000682 -0.002220 -0.000718 
0.000632 -0.002156 0.000663 -0.002146 
0.000790 0.002063 0.000760 0.002074 
-0.000894 -0.000651 -0.000892 -0.000655 
0.000656 -0.000821 0.000659 -0.000819 
0.000757 0.002080 0.000727 0.002090 
0.000612 -0.002226 0.000647 -0.002216 
0.002251 0.002113 0.002191 0.002175 
0.000667 -0.002203 0.000701 -0.002192 
-0.002166 -0.000591 -0.002157 -0.000623 
0.000639 0.000662 0.000638 0.000664 
0.002011 -0.000828 0.002023 -0.000800 
-0.000752 0.000637 -0.000754 0.000635 
-0.000756 -0.002220 -0.000720 -0.002232 
0.002302 0.002130 0.002239 0.002195 
-0.000762 -0.002158 -0.000729 -0.002169 
-0.002164 -0.000642 -0.002154 -0.000674 
0.002309 0.002068 0.002250 0.002133 
0.002115 0.000639 0.002105 0.000669 
-0.000690 0.002185 -0.000724 0.002174 
-0.000718 -0.000720 -0.000716 -0.000723 
-0.002212 -0.001969 -0.002160 -0.002026 
-0.000651 -0.000811 -0.000648 -0.000813 
0.000618 -0.002189 0.000651 -0.002180 
0.000536 -0.002182 0.000569 -0.002174 
0.000578 0.001976 0.000554 0.001983 
0.000694 0.000712 0.000692 0.000714 
-0.002221 -0.000746 -0.002209 -0.000782 
-0.002197 0.000870 -0.002210 0.000834 
-0.002204 -0.000671 -0.002194 -0.000705 
-0.000633 0.002120 -0.000664 0.002111 
0.000732 0.002093 0.000702 0.002103 
-0.000574 0.002143 -0.000604 0.002134 
-0.000547 0.002149 -0.000578 0.002141 
-0.000604 0.002043 -0.000631 0.002035 
-0.000696 0.000706 -0.000698 0.000703 
-0.002060 0.000737 -0.002071 0.000708 
-0.000856 -0.002196 -0.000820 -0.002209 
-0.002220 0.000738 -0.002231 0.000703 
0.000746 0.000686 0.000743 0.000688 
-0.002089 0.002253 -0.002151 0.002194 
-0.002174 -0.000643 -0.002164 -0.000676 
0.000728 0.000775 0.000725 0.000778 
0.000719 -0.000653 0.000721 -0.000651 
-0.002210 -0.000647 -0.002200 -0.000682 
0.002094 0.000686 0.002084 0.000716 
-0.001961 0.002260 -0.002020 0.002208 
-0.002103 0.000865 -0.002116 0.000833 
0.000608 -0.002193 0.000641 -0.002183 
0.002139 -0.000810 0.002151 -0.000777 
0.000748 -0.002134 0.000780 -0.002122 
-0.002286 -0.002034 -0.002229 -0.002096 
-0.002290 -0.001941 -0.002238 -0.002001 
-0.000815 0.000741 -0.000817 0.000738 
-0.002331 -0.002042 -0.002272 -0.002107 
-0.000684 0.000779 -0.000687 0.000777 
0.000677 0.002055 0.000649 0.002064 
0.002259 0.001892 0.002210 0.001949 
-0.002305 -0.002028 -0.002248 -0.002091 
-0.002034 0.002279 -0.002095 0.002222 
-0.002221 -0.000674 -0.002210 -0.000709 
0.000740 -0.002249 0.000777 -0.002236 
0.002016 -0.002278 0.002077 -0.002223 
-0.002231 0.000750 -0.002243 0.000713 
-0.002287 -0.002133 -0.002225 -0.002198 
-0.000741 -0.000790 -0.000738 -0.000793 
-0.000700 0.000723 -0.000702 0.000721 
-0.002169 0.000850 -0.002182 0.000815 
-0.000821 -0.002164 -0.000787 -0.002177 
-0.002313 -0.002106 -0.002252 -0.002171 
-0.000744 0.002176 -0.000777 0.002164 
-0.000800 0.000810 -0.000803 0.000807 
-0.000769 -0.002187 -0.000734 -0.002199 
-0.000711 -0.002168 -0.000677 -0.002179 
0.002062 -0.002234 0.002122 -0.002177 
0.000740 0.000704 0.000738 0.000707 
-0.002411 -0.001959 -0.002355 -0.002027 
-0.002243 -0.001902 -0.002194 -0.001958 
0.001977 -0.002258 0.002036 -0.002205 
0.002052 -0.002270 0.002113 -0.002213 
-0.002315 -0.002098 -0.002254 -0.002164 
0.002108 0.000663 0.002099 0.000693 
-0.000702 0.000691 -0.000704 0.000689 
-0.002247 -0.000669 -0.002236 -0.000705 
0.002117 -0.002322 0.002183 -0.002259 
0.002287 0.002032 0.002230 0.002094 
0.002242 0.002110 0.002182 0.002171 
0.002237 0.000657 0.002226 0.000693 
0.000772 0.002089 0.000741 0.002100 
0.000657 -0.002168 0.000690 -0.002157 
0.002039 -0.002172 0.002094 -0.002118 
-0.000678 0.000674 -0.000680 0.000672 
0.000692 0.000649 0.000690 0.000651 
-0.000769 0.000638 -0.000771 0.000636 
0.000809 0.002128 0.000776 0.002140 
-0.000786 -0.002239 -0.000748 -0.002252 
0.002172 0.002114 0.002115 0.002172 
0.000664 -0.000717 0.000666 -0.000715 
0.000704 -0.000766 0.000707 -0.000764 
-0.000720 -0.000802 -0.000718 -0.000804 
-0.002025 0.002189 -0.002082 0.002135 
0.002100 -0.000741 0.002111 -0.000711 
0.000674 -0.002246 0.000710 -0.002235 
-0.000761 0.000687 -0.000763 0.000684 
0.000702 -0.002229 0.000738 -0.002217 
-0.002230 -0.002055 -0.002174 -0.002115 
-0.000807 -0.002049 -0.000778 -0.002060 
0.000672 -0.002222 0.000707 -0.002212 
0.000642 0.000660 0.000640 0.000661 
-0.002203 -0.000698 -0.002192 -0.000732 
0.002098 -0.000752 0.002109 -0.000721 
0.002235 0.002015 0.002180 0.002074 
-0.002244 -0.002088 -0.002186 -0.002150 
-0.002226 -0.000727 -0.002214 -0.000763 
0.000651 0.000701 0.000649 0.000703 
0.002082 0.000670 0.002072 0.000699 
0.000630 -0.002260 0.000667 -0.002249 
-0.002242 -0.001950 -0.002191 -0.002008 
0.002136 -0.000761 0.002147 -0.000729 
0.000822 0.002100 0.000791 0.002112 
-0.000780 -0.000725 -0.000777 -0.000728 
0.002053 -0.000798 0.002064 -0.000769 
0.000683 0.000706 0.000681 0.000708 
0.001986 -0.002239 0.002044 -0.002186 
-0.002199 -0.000633 -0.002189 -0.000667 
-0.002190 0.000721 -0.002201 0.000686 
0.002167 -0.000757 0.002178 -0.000724 
-0.002214 0.000803 -0.002227 0.000767 
0.002085 -0.000850 0.002098 -0.000819 
0.002122 -0.002292 0.002187 -0.002231 
-0.000750 -0.002189 -0.000715 -0.002200 
0.002194 0.000573 0.002185 0.000606 
0.002161 -0.000687 0.002171 -0.000654 
0.002114 0.000777 0.002103 0.000808 
0.001985 -0.002248 0.002043 -0.002194 
-0.002224 -0.000605 -0.002214 -0.000640 
-0.002187 0.002324 -0.002255 0.002258 
0.002224 0.002054 0.002168 0.002113 
-0.002018 0.002320 -0.002082 0.002263 
0.000659 0.000701 0.000657 0.000703 
-0.000635 0.002176 -0.000668 0.002166 
-0.000743 0.000659 -0.000745 0.000657 
-0.000761 -0.002160 -0.000728 -0.002171 
0.002287 0.001966 0.002233 0.002026 
-0.000753 -0.000793 -0.000750 -0.000795 
-0.000811 -0.000733 -0.000808 -0.000736 
0.000666 -0.002184 0.000699 -0.002173 
0.002211 0.000582 0.002202 0.000616 
-0.000787 -0.002064 -0.000757 -0.002075 
-0.001952 0.002296 -0.002012 0.002243 
0.000748 0.002126 0.000716 0.002137 
0.000739 -0.000786 0.000742 -0.000784 
0.002185 -0.000852 0.002199 -0.000816 
-0.000654 -0.002073 -0.000625 -0.002082 
0.000678 -0.002226 0.000714 -0.002215 
-0.000778 -0.000852 -0.000775 -0.000855 
-0.002331 -0.002004 -0.002274 -0.002067 
-0.002004 0.002346 -0.002069 0.002289 
-0.002146 0.000864 -0.002159 0.000830 
-0.000813 -0.002252 -0.000775 -0.002265 
-0.002203 -0.000654 -0.002193 -0.000688 
0.002097 -0.002365 0.002166 -0.002302 
-0.000751 -0.000833 -0.000748 -0.000836 
-0.000899 0.000747 -0.000902 0.000743 
0.000774 0.000651 0.000772 0.000653 
0.002310 0.001997 0.002255 0.002060 
-0.000759 -0.002120 -0.000727 -0.002131 
0.002036 -0.000808 0.002047 -0.000779 
-0.002184 -0.000622 -0.002174 -0.000655 
0.002251 0.002067 0.002194 0.002128 
0.000861 0.002053 0.000831 0.002065 
-0.000731 -0.000820 -0.000728 -0.000822 
0.000623 -0.002146 0.000654 -0.002136 
-0.002335 -0.001994 -0.002279 -0.002058 
0.002425 0.002044 0.002364 0.002115 
-0.002228 -0.000741 -0.002216 -0.000777 
0.002129 -0.002127 0.002185 -0.002070 
-0.002161 0.000790 -0.002173 0.000757 
0.000726 -0.000727 0.000728 -0.000725 
-0.002203 -0.000636 -0.002193 -0.000670 
0.000673 0.000626 0.000672 0.000628 
0.002110 -0.000787 0.002121 -0.000755 
-0.000675 -0.002216 -0.000640 -0.002227 
-0.002194 0.000758 -0.002206 0.000723 
-0.000801 -0.002213 -0.000765 -0.002226 
-0.002253 -0.000654 -0.002242 -0.000690 
-0.000578 0.002080 -0.000606 0.002072 
0.002084 -0.002311 0.002149 -0.002251 
-0.002001 0.002278 -0.002062 0.002223 
-0.000772 -0.000829 -0.000769 -0.000832 
-0.000715 -0.002198 -0.000681 -0.002209 
0.000721 -0.000799 0.000723 -0.000796 
-0.000663 0.002016 -0.000690 0.002007 
-0.002266 -0.002059 -0.002208 -0.002121 
-0.002325 -0.002086 -0.002264 -0.002152 
0.002019 0.000604 0.002011 0.000630 
0.000789 0.002238 0.000752 0.002251 
0.000648 -0.000734 0.000650 -0.000732 
-0.000833 0.000763 -0.000836 0.000760 
-0.002153 0.000854 -0.002166 0.000820 
-0.000622 0.002215 -0.000656 0.002205 
0.002195 0.001963 0.002144 0.002018 
-0.002241 -0.001999 -0.002188 -0.002057 
-0.002292 -0.000571 -0.002282 -0.000608 
-0.002065 0.002234 -0.002124 0.002177 
0.000785 0.002063 0.000755 0.002074 
0.001907 -0.002223 0.001963 -0.002174 
-0.000792 -0.000796 -0.000789 -0.000799 
0.000676 -0.002190 0.000710 -0.002179 
0.002135 0.000625 0.002126 0.000655 
-0.002184 -0.000725 -0.002173 -0.000759 
0.000649 -0.002182 0.000682 -0.002171 
0.000716 0.000705 0.000714 0.000707 
-0.000755 -0.000910 -0.000752 -0.000914 
0.001938 -0.002244 0.001995 -0.002193 
0.002066 -0.000702 0.002075 -0.000673 
-0.000780 0.002174 -0.000814 0.002161 
-0.002144 -0.002013 -0.002092 -0.002067 
-0.002054 0.002164 -0.002110 0.002109 
-0.002199 -0.002029 -0.002145 -0.002086 
-0.002249 0.000785 -0.002262 0.000747 
-0.002092 0.000763 -0.002103 0.000733 
0.002357 0.001973 0.002302 0.002038 
0.000663 -0.000801 0.000666 -0.000799 
-0.002196 0.000732 -0.002208 0.000698 
0.000832 0.002242 0.000794 0.002255 
-0.002260 -0.001989 -0.002206 -0.002048 
0.002275 0.001952 0.002223 0.002011 
-0.000843 0.000750 -0.000845 0.000747 
0.002165 0.000700 0.002154 0.000732 
-0.002248 -0.002004 -0.002194 -0.002064 
-0.001928 0.002267 -0.001986 0.002217 
0.000816 0.002128 0.000784 0.002140 
0.000648 0.000698 0.000646 0.000700 
-0.000588 0.002081 -0.000617 0.002073 
-0.001989 0.002294 -0.002051 0.002239 
0.000663 -0.002279 0.000701 -0.002268 
0.000600 -0.002267 0.000637 -0.002257 
-0.002232 0.000830 -0.002245 0.000793 
-0.002288 -0.000638 -0.002277 -0.000676 
0.002248 0.002064 0.002191 0.002125 
-0.000813 -0.000748 -0.000811 -0.000751 
-0.002093 0.000758 -0.002103 0.000728 
0.001964 -0.002241 0.002022 -0.002189 
-0.000654 -0.002251 -0.000618 -0.002262 
-0.000764 -0.000854 -0.000761 -0.000857 
0.002234 0.002080 0.002176 0.002140 
-0.002201 -0.002042 -0.002146 -0.002100 
-0.002108 0.000758 -0.002118 0.000727 
0.000724 0.000680 0.000723 0.000682 
-0.000833 -0.002285 -0.000793 -0.002300 
-0.000646 0.002112 -0.000676 0.002102 
-0.002168 0.000724 -0.002179 0.000691 
0.000806 -0.000721 0.000809 -0.000718 
-0.000874 -0.000664 -0.000872 -0.000667 
-0.000740 0.002159 -0.000773 0.002148 
-0.002260 -0.002084 -0.002201 -0.002146 
0.002227 0.000617 0.002217 0.000652 
-0.002230 -0.000527 -0.002221 -0.000562 
0.000732 0.002114 0.000701 0.002124 
-0.000714 0.000749 -0.000716 0.000747 
-0.002141 -0.000639 -0.002131 -0.000670 
-0.001999 0.002309 -0.002062 0.002253 
0.002131 0.000648 0.002121 0.000679 
-0.002169 -0.000607 -0.002160 -0.000640 
-0.002079 0.000605 -0.002087 0.000576 
-0.000707 0.000730 -0.000709 0.000727 
0.002099 -0.000786 0.002110 -0.000755 
0.002087 -0.000679 0.002097 -0.000649 
0.002067 -0.000797 0.002078 -0.000767 
-0.002322 -0.002007 -0.002266 -0.002070 
-0.000740 0.000702 -0.000742 0.000700 
-0.000738 -0.002271 -0.000700 -0.002284 
0.002079 -0.000804 0.002091 -0.000774 
0.000661 -0.000792 0.000664 -0.000790 
-0.002244 -0.000804 -0.002230 -0.000842 
-0.000724 0.000708 -0.000726 0.000706 
-0.000735 -0.000761 -0.000733 -0.000763 
-0.002216 0.000773 -0.002228 0.000737 
-0.002137 0.002282 -0.002202 0.002220 
-0.000657 0.002124 -0.000688 0.002114 
0.000557 -0.000816 0.000560 -0.000814 
-0.000835 -0.002232 -0.000798 -0.002246 
-0.000741 0.000597 -0.000743 0.000595 
0.000683 0.000704 0.000681 0.000706 
0.002166 0.000611 0.002157 0.000643 
-0.002228 -0.000742 -0.002216 -0.000778 
-0.000758 -0.002104 -0.000727 -0.002115 
-0.002059 0.000857 -0.002072 0.000827 
0.002079 -0.000778 0.002090 -0.000748 
0.002201 0.002051 0.002146 0.002109 
-0.000691 0.002151 -0.000723 0.002140 
0.000635 0.000767 0.000632 0.000769 
0.000646 -0.002175 0.000679 -0.002165 
-0.000670 0.002229 -0.000705 0.002218 
-0.000808 -0.002127 -0.000776 -0.002139 
0.000631 -0.000754 0.000634 -0.000753 
-0.002176 -0.000643 -0.002166 -0.000675 
0.002131 -0.000759 0.002142 -0.000727 
0.000657 -0.002210 0.000692 -0.002199 
-0.002221 -0.001991 -0.002168 -0.002048 
-0.000816 -0.000821 -0.000813 -0.000824 
0.002071 -0.000789 0.002082 -0.000760 
0.000617 -0.000756 0.000619 -0.000754 
-0.002161 0.000717 -0.002172 0.000684 
0.002198 0.000671 0.002187 0.000705 
-0.002147 -0.000677 -0.002137 -0.000709 
0.000634 -0.002187 0.000668 -0.002178 
-0.002097 0.002365 -0.002165 0.002303 
0.001991 0.000605 0.001983 0.000631 
-0.000827 -0.002293 -0.000787 -0.002307 
0.000618 -0.002173 0.000651 -0.002164 
-0.000743 -0.002127 -0.000711 -0.002138 
0.002195 0.000658 0.002185 0.000692 
0.002036 -0.002349 0.002102 -0.002290 
0.001990 -0.000789 0.002001 -0.000762 
0.000636 0.000800 0.000634 0.000802 
-0.000613 0.002199 -0.000647 0.002190 
-0.000772 -0.002081 -0.000742 -0.002092 
0.002308 0.002099 0.002247 0.002164 
0.002079 -0.002256 0.002141 -0.002198 
0.002159 0.001979 0.002108 0.002033 
-0.000763 0.000667 -0.000765 0.000665 
0.000694 0.000670 0.000692 0.000672 
0.000662 -0.000807 0.000665 -0.000805 
0.000620 0.000720 0.000618 0.000722 
0.002118 -0.000739 0.002129 -0.000707 
0.002116 -0.000762 0.002128 -0.000730 
-0.002188 -0.000808 -0.002175 -0.000843 
0.002217 0.000663 0.002207 0.000697 
0.002101 0.000663 0.002092 0.000692 
0.000749 0.000815 0.000746 0.000818 
0.001985 -0.002249 0.002044 -0.002196 
0.002280 0.002080 0.002220 0.002143 
0.000660 -0.000708 0.000662 -0.000706 
-0.000804 -0.002141 -0.000771 -0.002153 
-0.000830 -0.002125 -0.000797 -0.002137 
0.002151 0.000668 0.002141 0.000700 
0.002184 0.000645 0.002174 0.000678 
0.002066 -0.000741 0.002077 -0.000711 
-0.000846 -0.002230 -0.000808 -0.002243 
-0.002018 0.000809 -0.002029 0.000781 
-0.000811 0.000593 -0.000813 0.000591 
-0.002196 -0.000663 -0.002186 -0.000697 
-0.000814 -0.000712 -0.000812 -0.000715 
-0.000632 0.002119 -0.000662 0.002110 
0.000671 -0.000789 0.000674 -0.000787 
-0.002264 -0.002037 -0.002208 -0.002097 
0.000638 0.000630 0.000636 0.000631 
0.002160 -0.000805 0.002172 -0.000771 
0.000707 0.000727 0.000705 0.000729 
-0.000621 0.002141 -0.000652 0.002131 
-0.000623 0.002213 -0.000658 0.002203 
-0.000760 -0.000763 -0.000757 -0.000765 
0.000595 -0.002225 0.000630 -0.002215 
0.002074 0.000706 0.002064 0.000735 
0.000709 -0.002297 0.000748 -0.002285 
0.002268 0.002104 0.002208 0.002167 
0.001946 -0.002214 0.002002 -0.002163 
-0.002322 -0.000607 -0.002311 -0.000646 
-0.002139 -0.000676 -0.002129 -0.000707 
-0.000759 0.000541 -0.000760 0.000539 
-0.002196 0.000809 -0.002209 0.000773 
-0.002001 0.002221 -0.002058 0.002167 
0.000774 0.002146 0.000741 0.002158 
-0.000806 -0.000617 -0.000805 -0.000619 
0.002060 0.000545 0.002053 0.000572 
0.002338 0.002018 0.002280 0.002083 
-0.002190 0.000807 -0.002203 0.000772 
0.001960 -0.002191 0.002014 -0.002140 
-0.002115 0.000872 -0.002128 0.000840 
-0.002194 0.000823 -0.002207 0.000787 
0.002176 0.000673 0.002166 0.000706 
0.002081 -0.000838 0.002093 -0.000807 
0.002231 0.002054 0.002175 0.002113 
-0.002228 -0.000681 -0.002217 -0.000716 
0.002184 0.000702 0.002173 0.000736 
0.002178 -0.000797 0.002191 -0.000762 
-0.000695 -0.002181 -0.000661 -0.002191 
0.000691 0.002143 0.000659 0.002153 
-0.000753 -0.000759 -0.000751 -0.000762 
-0.001968 0.002157 -0.002021 0.002107 
-0.002018 0.002242 -0.002077 0.002187 
-0.000807 -0.002149 -0.000774 -0.002162 
0.002191 0.001963 0.002141 0.002019 
-0.000624 0.002115 -0.000654 0.002106 
0.000682 -0.000716 0.000684 -0.000714 
0.002248 0.002032 0.002192 0.002091 
0.002087 0.000666 0.002077 0.000695 
-0.002096 0.002165 -0.002153 0.002109 
-0.000804 0.000718 -0.000806 0.000716 
0.002110 0.000670 0.002100 0.000700 
0.002137 0.000656 0.002127 0.000687 
0.000674 -0.000773 0.000677 -0.000771 
-0.000806 -0.002122 -0.000774 -0.002134 
0.000829 0.002154 0.000795 0.002167 
-0.002257 -0.001952 -0.002205 -0.002010 
-0.002178 -0.000638 -0.002168 -0.000671 
0.002145 -0.000774 0.002156 -0.000741 
0.000698 -0.002173 0.000731 -0.002162 
-0.000783 -0.000771 -0.000781 -0.000773 
-0.000650 0.002180 -0.000683 0.002170 
-0.000751 -0.000763 -0.000748 -0.000765 
-0.000807 -0.000740 -0.000805 -0.000743 
-0.002163 0.000705 -0.002174 0.000672 
0.000746 0.002064 0.000717 0.002074 
0.002138 -0.000779 0.002150 -0.000746 
0.000699 0.000690 0.000697 0.000692 
-0.002176 -0.000782 -0.002164 -0.000816 
-0.000788 -0.002075 -0.000758 -0.002086 
-0.002007 0.002274 -0.002067 0.002219 
-0.002199 -0.000775 -0.002187 -0.000810 
-0.000766 -0.000833 -0.000763 -0.000836 
-0.000779 -0.002094 -0.000748 -0.002105 
0.002145 0.000578 0.002136 0.000609 
0.002107 -0.000755 0.002118 -0.000724 
-0.001841 0.002263 -0.001897 0.002216 
-0.000791 -0.002161 -0.000757 -0.002174 
-0.002269 -0.000655 -0.002258 -0.000692 
-0.002224 -0.002073 -0.002167 -0.002132 
0.001999 -0.000606 0.002007 -0.000580 
0.002018 -0.002346 0.002083 -0.002288 
0.002173 -0.000729 0.002184 -0.000695 
-0.002058 0.002280 -0.002120 0.002222 
-0.000720 -0.002131 -0.000688 -0.002141 
0.000620 -0.002227 0.000655 -0.002217 
0.001907 -0.002228 0.001963 -0.002179 
0.002033 -0.000792 0.002044 -0.000763 
0.002083 0.000686 0.002073 0.000715 
0.002096 -0.000812 0.002108 -0.000781 
-0.002304 0.000762 -0.002317 0.000722 
0.000655 0.000651 0.000653 0.000652 
0.000697 -0.000755 0.000700 -0.000752 
0.002298 0.002007 0.002242 0.002069 
-0.001996 0.002250 -0.002055 0.002197 
-0.000771 -0.000739 -0.000768 -0.000742 
0.002151 0.000610 0.002141 0.000641 
0.000723 -0.000819 0.000726 -0.000816 
-0.000566 0.002097 -0.000595 0.002089 
0.000720 -0.000744 0.000722 -0.000741 
-0.000768 -0.000737 -0.000766 -0.000740 
-0.002134 0.000792 -0.002146 0.000760 
-0.002204 -0.000629 -0.002194 -0.000663 
-0.002100 0.000747 -0.002111 0.000716 
0.000601 -0.002284 0.000638 -0.002274 
-0.000673 0.002214 -0.000708 0.002203 
-0.000650 0.002147 -0.000681 0.002137 
-0.002226 0.000847 -0.002240 0.000810 
0.000619 -0.000704 0.000621 -0.000702 
0.000805 0.002017 0.000777 0.002028 
0.000609 -0.000832 0.000612 -0.000830 
-0.002198 -0.000614 -0.002188 -0.000648 
0.001999 -0.002305 0.002061 -0.002250 
0.000774 0.002168 0.000740 0.002180 
0.002319 0.002104 0.002257 0.002170 
-0.002024 0.002263 -0.002085 0.002207 
-0.002141 0.000756 -0.002152 0.000724 
-0.002279 -0.002003 -0.002224 -0.002064 
-0.002224 -0.000642 -0.002213 -0.000677 
0.002287 0.002117 0.002226 0.002182 
0.000723 -0.000729 0.000725 -0.000726 
-0.002230 -0.000673 -0.002219 -0.000708 
-0.002262 -0.000670 -0.002251 -0.000707 
0.000816 0.002045 0.000787 0.002056 
0.000716 0.000667 0.000715 0.000669 
-0.000670 0.000666 -0.000671 0.000665 
0.000639 -0.000690 0.000640 -0.000688 
0.000646 -0.000732 0.000648 -0.000730 
0.000568 0.000692 0.000566 0.000693 
-0.002231 -0.001998 -0.002178 -0.002056 
-0.001951 0.002311 -0.002012 0.002257 
0.000734 -0.000809 0.000737 -0.000807 
-0.002055 0.002328 -0.002121 0.002269 
-0.002222 -0.000584 -0.002213 -0.000618 
-0.002061 0.002298 -0.002125 0.002239 
0.002112 -0.000866 0.002125 -0.000834 
-0.000800 -0.000879 -0.000797 -0.000882 
0.002092 0.000604 0.002084 0.000633 
-0.001983 0.002204 -0.002039 0.002152 
0.002181 0.002108 0.002123 0.002166 
0.002055 0.000638 0.002046 0.000666 
-0.000747 -0.000739 -0.000745 -0.000741 
-0.002146 -0.002065 -0.002092 -0.002120 
0.002385 0.002067 0.002324 0.002136 
-0.002233 -0.000650 -0.002222 -0.000685 
0.002119 -0.000771 0.002130 -0.000739 
-0.002206 -0.000748 -0.002194 -0.000783 
-0.000841 -0.002098 -0.000809 -0.002111 
-0.002246 -0.001938 -0.002195 -0.001996 
0.000756 -0.000824 0.000759 -0.000822 
0.002160 -0.000908 0.002174 -0.000873 
-0.000743 0.000646 -0.000745 0.000644 
-0.002205 0.000828 -0.002218 0.000792 
-0.000812 -0.002181 -0.000777 -0.002193 
-0.002172 -0.000597 -0.002163 -0.000629 
0.002096 -0.000755 0.002107 -0.000724 
0.000706 0.000655 0.000704 0.000657 
-0.000685 -0.000831 -0.000682 -0.000834 
0.002340 0.002007 0.002283 0.002072 
0.000806 0.002080 0.000775 0.002092 
-0.000760 0.000762 -0.000762 0.000760 
0.000633 -0.002174 0.000666 -0.002164 
-0.002034 0.002251 -0.002094 0.002195 
-0.000765 0.000714 -0.000768 0.000711 
0.000700 0.000692 0.000698 0.000694 
-0.002159 0.000800 -0.002172 0.000766 
0.000714 0.002051 0.000685 0.002061 
-0.002209 0.000773 -0.002221 0.000737 
-0.000728 -0.000825 -0.000725 -0.000828 
0.000544 -0.002323 0.000583 -0.002313 
0.002076 -0.000807 0.002087 -0.000777 
-0.002283 -0.001995 -0.002229 -0.002056 
-0.000721 0.000793 -0.000724 0.000790 
0.000743 -0.000740 0.000746 -0.000738 
0.002137 0.000630 0.002128 0.000661 
0.000777 0.002119 0.000745 0.002130 
-0.000774 -0.002241 -0.000737 -0.002254 
0.002141 0.000706 0.002130 0.000738 
-0.002235 -0.001970 -0.002182 -0.002027 
0.000650 -0.000743 0.000652 -0.000742 
0.001982 -0.002256 0.002041 -0.002203 
-0.000781 -0.000740 -0.000779 -0.000743 
0.000702 -0.002189 0.000735 -0.002177 
0.002236 0.002052 0.002179 0.002112 
0.002156 0.000640 0.002147 0.000672 
-0.002034 0.002308 -0.002097 0.002250 
-0.000734 -0.002221 -0.000698 -0.002232 
-0.000775 -0.000776 -0.000772 -0.000779 
-0.002116 0.000834 -0.002129 0.000802 
-0.002160 0.000808 -0.002172 0.000774 
-0.000794 -0.000813 -0.000791 -0.000816 
-0.002163 -0.001976 -0.002113 -0.002030 
-0.000739 -0.002204 -0.000703 -0.002216 
0.002051 -0.002227 0.002111 -0.002171 
-0.002224 -0.002040 -0.002168 -0.002099 
0.002331 0.002105 0.002269 0.002171 
-0.000598 -0.000586 -0.000596 -0.000587 
-0.002104 0.002320 -0.002170 0.002259 
0.000786 0.002105 0.000755 0.002116 
-0.000624 0.002151 -0.000656 0.002142 
0.000737 -0.002149 0.000769 -0.002138 
0.002027 -0.002341 0.002092 -0.002283 
-0.002215 0.000790 -0.002227 0.000754 
0.002195 0.000587 0.002185 0.000620 
-0.000748 0.000651 -0.000750 0.000649 
-0.002141 0.002192 -0.002201 0.002132 
-0.000726 0.000682 -0.000728 0.000680 
0.001970 -0.002238 0.002028 -0.002186 
-0.000779 -0.002130 -0.000746 -0.002142 
0.000805 0.002107 0.000774 0.002119 
0.002333 0.002045 0.002275 0.002110 
0.000651 -0.000807 0.000653 -0.000805 
0.002047 -0.000718 0.002057 -0.000690 
0.002074 -0.000879 0.002087 -0.000848 
-0.002165 0.000739 -0.002176 0.000706 
0.000645 0.000696 0.000643 0.000698 
0.002064 -0.002236 0.002124 -0.002179 
0.001944 -0.002303 0.002005 -0.002251 
0.002030 -0.002295 0.002092 -0.002238 
0.002254 0.001997 0.002200 0.002056 
0.002306 0.002028 0.002249 0.002092 
0.002064 -0.002235 0.002124 -0.002178 
0.000612 -0.002246 0.000647 -0.002236 
0.002175 0.000613 0.002166 0.000646 
0.000794 0.002109 0.000762 0.002121 
-0.000765 -0.002177 -0.000731 -0.002189 
0.002290 0.002013 0.002234 0.002075 
0.000541 0.000706 0.000540 0.000707 
-0.002190 -0.002051 -0.002135 -0.002108 
0.000754 0.000552 0.000752 0.000554 
-0.002260 -0.001966 -0.002208 -0.002025 
-0.000701 0.002170 -0.000735 0.002159 
-0.002236 -0.001976 -0.002184 -0.002034 
0.000660 0.000565 0.000659 0.000566 
-0.002156 0.000853 -0.002169 0.000819 
0.002059 -0.000823 0.002071 -0.000793 
0.000761 0.002145 0.000728 0.002156 
-0.000788 -0.002227 -0.000752 -0.002240 
0.001990 -0.002334 0.002053 -0.002278 
0.002130 -0.000853 0.002143 -0.000820 
-0.002235 -0.000747 -0.002222 -0.000783 
0.002012 -0.002305 0.002075 -0.002249 
0.002013 -0.000798 0.002024 -0.000771 
0.002078 -0.000668 0.002087 -0.000638 
0.000758 -0.002162 0.000792 -0.002150 
-0.000819 -0.002145 -0.000785 -0.002157 
-0.002189 0.000733 -0.002200 0.000698 
-0.000638 0.000650 -0.000639 0.000648 
0.000693 -0.002221 0.000728 -0.002209 
-0.002254 -0.002005 -0.002199 -0.002065 
-0.000796 0.000681 -0.000798 0.000678 
-0.002084 0.002236 -0.002145 0.002178 
0.002143 0.000590 0.002134 0.000621 
0.000772 0.002143 0.000740 0.002154 
0.000724 -0.002209 0.000759 -0.002197 
-0.002040 0.002312 -0.002104 0.002255 
-0.002324 -0.002139 -0.002260 -0.002206 
0.002302 0.002086 0.002242 0.002150 
-0.000722 0.000654 -0.000724 0.000652 
0.000814 -0.000767 0.000817 -0.000764 
-0.000782 -0.000759 -0.000779 -0.000762 
0.002150 0.002126 0.002092 0.002183 
0.002217 0.002123 0.002157 0.002184 
-0.002177 -0.000669 -0.002166 -0.000702 
-0.000753 -0.000799 -0.000750 -0.000802 
0.002269 0.002103 0.002209 0.002166 
-0.000836 -0.002234 -0.000798 -0.002248 
-0.000691 0.000665 -0.000693 0.000664 
0.000581 -0.002210 0.000615 -0.002201 
0.002232 0.002056 0.002176 0.002116 
0.002143 0.000714 0.002132 0.000746 
-0.000754 -0.002063 -0.000724 -0.002074 
-0.002018 0.002191 -0.002074 0.002138 
0.000650 -0.000736 0.000652 -0.000734 
-0.002052 0.002260 -0.002113 0.002203 
0.002007 -0.000805 0.002018 -0.000777 
-0.002268 -0.000652 -0.002257 -0.000689 
0.002112 -0.000714 0.002122 -0.000683 
0.000616 -0.000662 0.000617 -0.000661 
0.002175 -0.000748 0.002186 -0.000714 
0.000664 0.000705 0.000662 0.000707 
0.000618 -0.000703 0.000620 -0.000701 
-0.000817 -0.000734 -0.000814 -0.000737 
0.000662 -0.002160 0.000694 -0.002150 
-0.002071 0.002342 -0.002138 0.002282 
-0.001930 0.002261 -0.001988 0.002210 
0.001987 -0.002249 0.002046 -0.002196 
0.002157 0.000628 0.002147 0.000660 
0.000690 -0.002196 0.000725 -0.002185 
-0.002153 0.000833 -0.002166 0.000799 
0.002253 0.002012 0.002198 0.002072 
0.000650 0.000756 0.000647 0.000758 
-0.000661 0.002213 -0.000696 0.002202 
0.002066 -0.002212 0.002125 -0.002155 
-0.000845 -0.000611 -0.000843 -0.000613 
0.000662 -0.000736 0.000664 -0.000734 
-0.002147 0.000861 -0.002160 0.000827 
0.002003 -0.002245 0.002062 -0.002191 
0.002256 0.001990 0.002202 0.002050 
0.000767 0.002023 0.000739 0.002034 
-0.002296 -0.000628 -0.002285 -0.000666 
0.002241 0.000712 0.002229 0.000749 
-0.000804 0.000649 -0.000806 0.000646 
-0.000670 0.002148 -0.000702 0.002138 
0.000601 0.000743 0.000599 0.000744 
-0.001989 0.002235 -0.002047 0.002182 
-0.002201 -0.000675 -0.002190 -0.000709 
-0.000669 0.000736 -0.000671 0.000734 
-0.002068 0.002204 -0.002127 0.002148 
-0.000603 0.002159 -0.000635 0.002150 
-0.000766 0.000734 -0.000769 0.000732 
0.002090 0.000647 0.002080 0.000676 
0.000603 -0.002200 0.000637 -0.002191 
-0.002240 -0.002052 -0.002184 -0.002112 
0.000644 -0.002220 0.000679 -0.002210 
-0.000824 -0.002250 -0.000786 -0.002264 
-0.000681 -0.000800 -0.000679 -0.000802 
-0.000801 0.000725 -0.000803 0.000722 
0.002279 0.001994 0.002224 0.002054 
-0.002069 0.002167 -0.002126 0.002112 
-0.002190 -0.000590 -0.002180 -0.000623 
0.002197 0.000749 0.002184 0.000784 
0.000765 -0.000796 0.000768 -0.000793 
0.000562 -0.002287 0.000600 -0.002277 
-0.000803 -0.002106 -0.000772 -0.002118 
0.002150 0.000607 0.002141 0.000638 
-0.000795 -0.002234 -0.000758 -0.002247 
-0.002209 -0.000721 -0.002198 -0.000756 
0.000684 -0.002150 0.000716 -0.002139 
0.002191 -0.000901 0.002206 -0.000865 
0.002005 -0.002177 0.002061 -0.002125 
0.000685 -0.002191 0.000719 -0.002180 
0.002275 0.001969 0.002222 0.002028 
0.002125 -0.000731 0.002135 -0.000700 
-0.002157 0.000729 -0.002167 0.000696 
0.002003 -0.002279 0.002064 -0.002224 
0.002213 0.002017 0.002159 0.002074 
-0.000817 -0.002175 -0.000783 -0.002188 
-0.000530 0.002152 -0.000561 0.002144 
0.000659 -0.000705 0.000661 -0.000703 
0.002228 0.002089 0.002169 0.002150 
0.000566 -0.000817 0.000569 -0.000816 
-0.000606 0.002084 -0.000635 0.002075 
-0.000625 0.002134 -0.000656 0.002125 
-0.000701 0.000565 -0.000702 0.000563 
-0.002056 0.002320 -0.002121 0.002261 
0.002126 -0.000776 0.002137 -0.000744 
-0.000751 0.000811 -0.000754 0.000808 
-0.000787 0.000624 -0.000789 0.000622 
-0.000733 0.000648 -0.000735 0.000646 
-0.000846 -0.002204 -0.000810 -0.002218 
0.000814 0.002082 0.000783 0.002093 
-0.002330 -0.002082 -0.002270 -0.002148 
-0.002227 0.000765 -0.002239 0.000729 
0.000684 0.002091 0.000655 0.002101 
0.002117 -0.002308 0.002183 -0.002246 
0.000622 0.000747 0.000620 0.000749 
-0.000707 -0.000885 -0.000704 -0.000888 
0.000642 -0.002164 0.000675 -0.002155 
-0.002202 0.000752 -0.002214 0.000717 
0.000799 0.002072 0.000769 0.002083 
-0.002101 0.002196 -0.002159 0.002138 
0.000701 0.000712 0.000699 0.000714 
-0.002261 0.000820 -0.002275 0.000782 
-0.000824 -0.000796 -0.000821 -0.000799 
0.000586 -0.000718 0.000588 -0.000717 
0.002038 -0.000805 0.002049 -0.000776 
-0.000758 -0.000678 -0.000756 -0.000680 
0.002091 0.000578 0.002082 0.000607 
0.000675 0.000663 0.000674 0.000665 
-0.002250 -0.000626 -0.002240 -0.000662 
0.000688 0.000655 0.000686 0.000657 
0.001965 -0.000682 0.001973 -0.000657 
0.000677 -0.000741 0.000679 -0.000739 
0.001975 -0.002304 0.002036 -0.002250 
0.000835 -0.002204 0.000871 -0.002190 
-0.001935 0.002361 -0.001999 0.002307 
-0.000785 -0.000806 -0.000782 -0.000809 
0.000712 -0.002256 0.000749 -0.002244 
0.002130 0.000723 0.002119 0.000754 
-0.000696 0.000740 -0.000698 0.000738 
0.000749 0.002081 0.000719 0.002092 
0.000765 0.002062 0.000736 0.002073 
0.000757 0.002145 0.000724 0.002156 
0.000633 0.002120 0.000603 0.002129 
0.000559 -0.002207 0.000593 -0.002198 
-0.002026 0.002238 -0.002085 0.002183 
0.000642 0.000683 0.000641 0.000684 
-0.002127 0.000813 -0.002139 0.000780 
-0.000768 -0.002178 -0.000734 -0.002189 
-0.002236 -0.000644 -0.002225 -0.000679 
-0.002239 -0.000663 -0.002228 -0.000699 
-0.000837 0.000746 -0.000840 0.000743 
0.002154 0.000591 0.002146 0.000622 
-0.000847 -0.000695 -0.000845 -0.000698 
-0.000854 0.000708 -0.000856 0.000705 
-0.000684 0.000719 -0.000686 0.000717 
-0.000729 -0.000716 -0.000727 -0.000718 
-0.000641 0.002082 -0.000670 0.002073 
0.000604 -0.002235 0.000639 -0.002225 
-0.000828 -0.002166 -0.000794 -0.002179 
0.000663 0.000633 0.000661 0.000635 
-0.000730 0.000717 -0.000732 0.000715 
0.000640 0.000768 0.000638 0.000770 
0.000604 -0.002209 0.000638 -0.002200 
-0.002110 0.000736 -0.002120 0.000705 
0.000701 -0.000830 0.000704 -0.000828 
0.002094 -0.000789 0.002105 -0.000758 
0.000706 0.000680 0.000704 0.000682 
0.000749 0.000669 0.000747 0.000671 
0.001982 -0.002330 0.002045 -0.002275 
-0.000790 -0.002140 -0.000757 -0.002152 
-0.002083 0.000796 -0.002095 0.000766 
-0.002008 0.002242 -0.002067 0.002188 
0.000669 0.002043 0.000641 0.002052 
0.000665 0.000626 0.000663 0.000628 
0.000649 0.000654 0.000647 0.000655 
-0.000664 -0.000709 -0.000662 -0.000711 
0.002093 -0.000664 0.002102 -0.000634 
0.000630 -0.002193 0.000664 -0.002183 
-0.000739 -0.002174 -0.000706 -0.002185 
-0.002108 0.000845 -0.002120 0.000813 
-0.000815 -0.000704 -0.000813 -0.000707 
0.000762 0.002098 0.000731 0.002109 
0.000705 0.000704 0.000703 0.000706 
-0.002306 -0.002087 -0.002246 -0.002152 
0.002278 0.001941 0.002226 0.002000 
0.002127 0.000696 0.002117 0.000727 
0.000549 -0.002307 0.000587 -0.002297 
0.002051 -0.000741 0.002061 -0.000712 
-0.002193 -0.000687 -0.002182 -0.000720 
-0.000741 -0.002219 -0.000706 -0.002231 
-0.002242 -0.000595 -0.002233 -0.000630 
0.002228 0.002026 0.002173 0.002085 
-0.002192 0.000711 -0.002202 0.000677 
-0.000782 0.000759 -0.000784 0.000757 
0.000688 -0.000735 0.000690 -0.000733 
-0.000838 -0.000824 -0.000835 -0.000827 
-0.002003 0.002355 -0.002068 0.002298 
0.000758 -0.000748 0.000761 -0.000745 
0.002108 -0.000787 0.002119 -0.000755 
-0.002198 -0.000605 -0.002188 -0.000638 
0.002277 0.001976 0.002223 0.002036 
-0.002244 -0.002094 -0.002185 -0.002156 
-0.000795 -0.002146 -0.000762 -0.002158 
0.002103 -0.000794 0.002114 -0.000762 
0.000546 -0.000690 0.000547 -0.000688 
0.000804 0.002045 0.000775 0.002057 
-0.002240 -0.000600 -0.002231 -0.000636 
0.002172 0.000627 0.002163 0.000660 
-0.001964 0.002324 -0.002026 0.002270 
-0.002100 0.002277 -0.002164 0.002217 
-0.000725 -0.000775 -0.000723 -0.000777 
-0.000676 0.002133 -0.000707 0.002123 
-0.002339 -0.002004 -0.002282 -0.002068 
0.002102 -0.000780 0.002113 -0.000749 
0.002193 -0.000904 0.002208 -0.000867 
-0.002123 0.000703 -0.002133 0.000672 
-0.002003 0.002336 -0.002067 0.002279 
-0.000735 -0.000669 -0.000733 -0.000671 
-0.002312 -0.002127 -0.002249 -0.002194 
0.002177 0.002165 0.002116 0.002224 
0.000782 -0.002256 0.000820 -0.002242 
-0.002101 -0.000681 -0.002091 -0.000711 
-0.000727 0.000667 -0.000729 0.000665 
-0.002358 -0.002074 -0.002297 -0.002142 
0.000796 0.002024 0.000768 0.002035 
-0.002307 -0.002002 -0.002251 -0.002064 
0.002142 -0.000776 0.002153 -0.000743 
0.002029 -0.002296 0.002092 -0.002239 
-0.002179 -0.000572 -0.002170 -0.000604 
0.002124 -0.002290 0.002188 -0.002228 
0.000646 -0.000760 0.000649 -0.000758 
-0.000797 -0.002109 -0.000765 -0.002121 
0.001918 -0.002302 0.001978 -0.002251 
0.001981 -0.002310 0.002043 -0.002256 
0.002237 0.002187 0.002173 0.002251 
-0.002201 -0.000624 -0.002191 -0.000658 
-0.000708 -0.002074 -0.000678 -0.002084 
0.002208 -0.000778 0.002220 -0.000743 
0.000700 0.000662 0.000698 0.000664 
-0.002288 -0.002005 -0.002233 -0.002067 
0.002254 0.002016 0.002199 0.002076 
0.000615 -0.002213 0.000650 -0.002203 
-0.002050 0.002254 -0.002110 0.002197 
-0.002095 0.000772 -0.002106 0.000741 
-0.000808 -0.000756 -0.000805 -0.000759 
-0.001969 0.002259 -0.002028 0.002206 
0.000797 0.002017 0.000769 0.002028 
-0.002245 0.000818 -0.002258 0.000781 
0.000787 0.002044 0.000758 0.002055 
-0.002285 -0.002005 -0.002230 -0.002067 
-0.002274 -0.002097 -0.002214 -0.002160 
0.002149 0.000674 0.002139 0.000705 
-0.000742 -0.002291 -0.000702 -0.002303 
-0.000660 -0.000817 -0.000657 -0.000819 
-0.000807 -0.002248 -0.000769 -0.002261 
-0.002266 -0.002131 -0.002204 -0.002194 
0.000708 -0.000736 0.000710 -0.000734 
0.000701 -0.000794 0.000703 -0.000792 
0.000757 0.002121 0.000726 0.002132 
-0.002031 0.002268 -0.002092 0.002212 
-0.002100 -0.000637 -0.002091 -0.000667 
-0.000634 0.002242 -0.000670 0.002232 
0.000683 0.000632 0.000682 0.000634 
-0.002212 -0.000716 -0.002201 -0.000751 
-0.002149 0.002306 -0.002215 0.002242 
-0.000692 0.002124 -0.000724 0.002114 
0.000715 0.000713 0.000713 0.000715 
-0.000699 0.002093 -0.000729 0.002083 
0.000617 -0.002179 0.000650 -0.002169 
0.000832 0.002144 0.000799 0.002157 
0.000626 -0.002203 0.000660 -0.002194 
0.000778 0.002159 0.000745 0.002171 
-0.002029 0.002206 -0.002087 0.002152 
-0.000637 0.002189 -0.000671 0.002179 
-0.001991 0.002150 -0.002044 0.002099 
0.000686 -0.000692 0.000687 -0.000690 
-0.002088 0.002201 -0.002147 0.002144 
-0.002074 0.002254 -0.002136 0.002196 
-0.002226 -0.001935 -0.002176 -0.001992 
-0.002166 -0.000632 -0.002156 -0.000664 
-0.000748 -0.000748 -0.000745 -0.000751 
-0.000540 0.002178 -0.000572 0.002170 
-0.000739 -0.002209 -0.000704 -0.002220 
-0.002331 -0.002063 -0.002271 -0.002128 
-0.000774 -0.002178 -0.000740 -0.002190 
-0.002271 -0.001995 -0.002216 -0.002055 
0.000819 0.002030 0.000791 0.002042 
-0.000710 0.000562 -0.000711 0.000560 
-0.000814 -0.002185 -0.000779 -0.002198 
0.000701 0.000695 0.000699 0.000697 
0.000576 -0.002206 0.000609 -0.002197 
-0.000800 -0.002129 -0.000768 -0.002141 
0.000739 0.002092 0.000709 0.002102 
-0.000696 0.000735 -0.000699 0.000733 
0.002053 -0.002248 0.002113 -0.002191 
-0.000824 -0.002174 -0.000790 -0.002187 
0.000710 0.001979 0.000684 0.001988 
-0.000670 0.002158 -0.000702 0.002148 
-0.002045 0.002317 -0.002110 0.002259 
0.002444 0.002005 0.002384 0.002076 
0.002093 0.000571 0.002085 0.000600 
0.000685 -0.002352 0.000726 -0.002340 
-0.000712 -0.000790 -0.000709 -0.000792 
-0.002202 -0.002125 -0.002142 -0.002185 
-0.000751 -0.000678 -0.000749 -0.000681 
-0.001988 0.002262 -0.002047 0.002208 
0.000616 -0.000823 0.000619 -0.000821 
0.001991 0.000614 0.001983 0.000640 
0.000641 0.000546 0.000639 0.000548 
0.000784 0.002067 0.000754 0.002078 
0.000696 0.000709 0.000694 0.000711 
-0.002146 0.000801 -0.002158 0.000768 
-0.000642 0.002125 -0.000673 0.002116 
-0.002128 -0.000648 -0.002118 -0.000679 
-0.001995 0.002241 -0.002053 0.002187 
-0.002251 -0.000594 -0.002241 -0.000629 
-0.000788 -0.000667 -0.000786 -0.000670 
0.000845 0.002048 0.000815 0.002060 
-0.002252 -0.001997 -0.002198 -0.002056 
-0.000762 -0.000691 -0.000760 -0.000693 
0.000731 0.002129 0.000699 0.002139 
-0.000756 -0.002118 -0.000724 -0.002129 
0.000782 0.002158 0.000749 0.002170 
-0.002258 -0.001924 -0.002207 -0.001982 
0.000686 0.000660 0.000684 0.000662 
0.000693 -0.000856 0.000696 -0.000853 
-0.002275 -0.002065 -0.002217 -0.002127 
-0.000841 -0.002090 -0.000809 -0.002103 
0.002119 -0.000783 0.002131 -0.000751 
-0.000744 0.000688 -0.000746 0.000685 
-0.000805 -0.002187 -0.000770 -0.002200 
-0.002210 0.000789 -0.002222 0.000753 
-0.000827 -0.000639 -0.000825 -0.000642 
-0.002291 -0.002034 -0.002235 -0.002097 
-0.002136 0.002242 -0.002198 0.002181 
-0.000767 -0.002127 -0.000735 -0.002138 
-0.000662 0.002037 -0.000690 0.002028 
0.000780 -0.000741 0.000782 -0.000738 
-0.000758 0.000654 -0.000760 0.000652 
0.002208 -0.000718 0.002219 -0.000683 
-0.000686 0.002113 -0.000716 0.002103 
-0.002107 -0.000722 -0.002096 -0.000752 
0.000654 -0.002202 0.000688 -0.002192 
0.002337 0.001986 0.002281 0.002049 
0.000659 0.000677 0.000658 0.000679 
-0.000760 -0.000726 -0.000758 -0.000729 
0.000637 -0.000748 0.000640 -0.000747 
-0.000815 -0.002040 -0.000786 -0.002052 
0.000591 -0.002255 0.000627 -0.002245 
0.002177 0.002126 0.002119 0.002185 
-0.002022 0.002350 -0.002088 0.002292 
0.000657 -0.002192 0.000690 -0.002182 
0.000607 -0.002329 0.000647 -0.002319 
0.000674 -0.000688 0.000676 -0.000687 
-0.002001 0.002273 -0.002061 0.002219 
-0.002004 0.002139 -0.002058 0.002088 
0.002245 0.001939 0.002194 0.001996 
0.000804 0.002033 0.000775 0.002044 
0.002104 -0.002211 0.002163 -0.002153 
0.000643 -0.000755 0.000645 -0.000753 
0.002087 0.000726 0.002076 0.000756 
-0.000765 0.000709 -0.000767 0.000707 
0.000769 0.002053 0.000740 0.002063 
-0.002292 -0.000593 -0.002282 -0.000631 
0.002142 -0.000762 0.002154 -0.000729 
0.002106 -0.000732 0.002116 -0.000701 
0.000720 -0.000789 0.000723 -0.000786 
0.000648 -0.002223 0.000683 -0.002212 
-0.002285 0.000747 -0.002297 0.000708 
-0.002155 -0.000559 -0.002147 -0.000590 
0.000794 0.002090 0.000764 0.002101 
0.000667 -0.002175 0.000700 -0.002165 
-0.002173 -0.002042 -0.002119 -0.002098 
0.002096 -0.000819 0.002108 -0.000788 
0.000704 -0.000742 0.000706 -0.000740 
0.002082 -0.002234 0.002142 -0.002176 
-0.000822 -0.000750 -0.000819 -0.000753 
0.002203 0.002156 0.002142 0.002217 
0.000780 0.000658 0.000778 0.000660 
0.000757 -0.000758 0.000760 -0.000756 
0.002250 0.002002 0.002196 0.002062 
0.000704 0.000662 0.000702 0.000664 
-0.002228 -0.002107 -0.002169 -0.002168 
-0.002061 0.002261 -0.002122 0.002204 
-0.002245 0.000824 -0.002258 0.000786 
0.002082 -0.002240 0.002143 -0.002182 
-0.002370 -0.002096 -0.002307 -0.002165 
-0.002088 0.002275 -0.002151 0.002215 
0.002108 0.000685 0.002097 0.000715 
0.002218 0.002053 0.002162 0.002112 
0.000729 0.002079 0.000699 0.002089 
0.002378 0.002075 0.002317 0.002143 
-0.002250 -0.001931 -0.002199 -0.001988 
-0.000611 0.002108 -0.000640 0.002099 
0.000591 -0.002179 0.000624 -0.002170 
-0.002120 0.000650 -0.002129 0.000619 
-0.002344 -0.002039 -0.002286 -0.002104 
-0.000692 0.000649 -0.000693 0.000647 
0.002121 -0.000802 0.002132 -0.000770 
-0.002153 0.000877 -0.002167 0.000843 
0.000605 -0.002215 0.000640 -0.002205 
-0.000703 -0.000760 -0.000701 -0.000762 
-0.000706 0.002123 -0.000737 0.002112 
0.002095 -0.002309 0.002160 -0.002248 
0.000629 -0.002299 0.000667 -0.002288 
0.000690 -0.002279 0.000727 -0.002267 
-0.002320 -0.002015 -0.002263 -0.002079 
-0.002379 -0.002032 -0.002319 -0.002099 
0.000704 0.000671 0.000702 0.000673 
0.000823 0.002061 0.000793 0.002073 
-0.002188 0.000773 -0.002200 0.000738 
-0.002271 -0.001968 -0.002218 -0.002027 
-0.000779 -0.002168 -0.000746 -0.002180 
-0.000735 0.000756 -0.000738 0.000753 
0.002158 -0.000760 0.002169 -0.000726 
0.002107 -0.000781 0.002118 -0.000749 
-0.000732 -0.002200 -0.000697 -0.002211 
0.000595 0.000644 0.000593 0.000645 
0.002108 0.000606 0.002099 0.000636 
-0.000820 -0.002085 -0.000789 -0.002097 
-0.002291 -0.002137 -0.002228 -0.002202 
-0.000824 -0.000837 -0.000820 -0.000840 
0.000765 0.002069 0.000735 0.002080 
-0.002190 0.000707 -0.002201 0.000673 
0.000705 -0.002148 0.000737 -0.002137 
0.002081 -0.000781 0.002092 -0.000751 
-0.000730 0.000634 -0.000732 0.000632 
-0.002228 0.000726 -0.002239 0.000690 
0.000781 0.002111 0.000750 0.002122 
-0.002047 0.002270 -0.002109 0.002213 
-0.000742 0.000680 -0.000744 0.000678 
0.002074 -0.002274 0.002137 -0.002216 
-0.000731 -0.000702 -0.000729 -0.000704 
0.002268 0.002035 0.002212 0.002096 
-0.002217 -0.000631 -0.002206 -0.000666 
-0.002191 -0.000728 -0.002179 -0.000763 
-0.000753 0.000703 -0.000755 0.000700 
-0.000785 -0.000797 -0.000782 -0.000800 
0.002185 0.000584 0.002176 0.000616 
0.000718 0.000723 0.000716 0.000725 
0.002051 -0.002330 0.002116 -0.002271 
-0.000814 0.000757 -0.000817 0.000754 
-0.002166 -0.000623 -0.002156 -0.000655 
0.000691 0.000653 0.000689 0.000655 
0.000678 -0.000798 0.000681 -0.000795 
0.002267 0.002005 0.002213 0.002065 
0.000718 0.000732 0.000716 0.000735 
0.000818 0.002106 0.000786 0.002118 
-0.000640 0.002144 -0.000671 0.002135 
-0.000858 -0.002100 -0.000827 -0.002113 
-0.000737 0.000619 -0.000738 0.000617 
-0.002273 -0.000615 -0.002263 -0.000652 
-0.000721 0.002116 -0.000752 0.002105 
0.002197 0.002068 0.002141 0.002126 
0.000724 0.000644 0.000723 0.000646 
0.002068 -0.002261 0.002130 -0.002203 
-0.000747 0.000680 -0.000749 0.000678 
0.000731 0.002113 0.000700 0.002123 
0.002177 0.000578 0.002169 0.000610 
-0.002050 0.002314 -0.002114 0.002255 
0.002053 -0.002377 0.002121 -0.002317 
0.000620 -0.000743 0.000623 -0.000741 
0.000714 0.000729 0.000711 0.000731 
0.000637 -0.000791 0.000640 -0.000789 
-0.000704 -0.000702 -0.000702 -0.000704 
-0.002183 -0.001989 -0.002131 -0.002044 
0.002040 -0.000831 0.002051 -0.000802 
-0.002213 -0.000684 -0.002202 -0.000719 
0.000565 -0.000762 0.000567 -0.000761 
0.002109 -0.000813 0.002121 -0.000782 
-0.000744 -0.000780 -0.000741 -0.000783 
0.002096 -0.000813 0.002108 -0.000781 
0.000745 0.000638 0.000743 0.000640 
-0.002308 -0.000750 -0.002294 -0.000790 
0.002025 -0.002280 0.002087 -0.002223 
-0.000692 0.002086 -0.000721 0.002076 
0.002060 -0.002250 0.002121 -0.002193 
-0.002068 0.000814 -0.002080 0.000784 
0.002090 0.000761 0.002079 0.000791 
-0.002201 0.000804 -0.002213 0.000769 
-0.002280 -0.000678 -0.002268 -0.000715 
-0.000844 -0.002164 -0.000810 -0.002177 
0.000851 0.002102 0.000819 0.002115 
-0.000819 0.000654 -0.000821 0.000652 
0.000720 0.002072 0.000690 0.002082 
-0.000770 -0.002148 -0.000737 -0.002159 
-0.000650 0.002077 -0.000679 0.002068 
-0.000706 -0.000765 -0.000704 -0.000767 
0.000793 0.002022 0.000765 0.002033 
0.002134 0.000615 0.002125 0.000646 
0.002087 0.000596 0.002078 0.000625 
-0.000740 0.002133 -0.000772 0.002122 
-0.002066 0.002283 -0.002129 0.002225 
-0.002181 -0.000657 -0.002170 -0.000690 
0.002246 0.001993 0.002193 0.002052 
0.002305 0.001988 0.002250 0.002050 
-0.002344 -0.000587 -0.002334 -0.000627 
0.000554 -0.002187 0.000587 -0.002178 
0.002228 0.000632 0.002217 0.000667 
0.002185 0.000584 0.002176 0.000617 
-0.000760 0.000704 -0.000762 0.000702 
0.000683 0.000718 0.000681 0.000720 
0.000632 -0.002090 0.000661 -0.002080 
0.001965 -0.002173 0.002019 -0.002122 
-0.002229 -0.002022 -0.002174 -0.002081 
0.000646 -0.002201 0.000680 -0.002190 
0.000725 0.000704 0.000723 0.000706 
-0.000732 0.002134 -0.000764 0.002123 
0.002203 -0.000771 0.002215 -0.000735 
-0.002238 -0.000680 -0.002227 -0.000716 
0.000735 0.002065 0.000706 0.002075 
0.000639 -0.002249 0.000675 -0.002238 
-0.000665 0.000625 -0.000666 0.000623 
0.002188 -0.000797 0.002200 -0.000762 
-0.000730 -0.002151 -0.000698 -0.002162 
-0.000709 0.000675 -0.000711 0.000673 
-0.000634 0.002142 -0.000666 0.002133 
-0.002163 0.000874 -0.002177 0.000840 
-0.000740 -0.002192 -0.000705 -0.002203 
-0.000763 -0.000727 -0.000760 -0.000729 
-0.000800 -0.000777 -0.000797 -0.000780 
0.002149 -0.000794 0.002161 -0.000761 
0.000846 0.002120 0.000813 0.002133 
-0.002064 0.002340 -0.002130 0.002280 
0.002159 0.000620 0.002150 0.000652 
0.002232 0.002015 0.002178 0.002074 
-0.000696 0.002113 -0.000726 0.002103 
0.000706 0.000708 0.000704 0.000710 
-0.002023 0.002292 -0.002085 0.002236 
0.002085 -0.002277 0.002148 -0.002218 
-0.001960 0.002198 -0.002016 0.002147 
-0.000680 0.002085 -0.000709 0.002075 
0.000686 -0.000768 0.000688 -0.000766 
0.000824 0.002168 0.000790 0.002181 
-0.002020 0.002290 -0.002082 0.002233 
0.002336 0.001980 0.002281 0.002044 
0.002266 0.002019 0.002210 0.002079 
0.000637 -0.000817 0.000639 -0.000815 
-0.002235 -0.002155 -0.002173 -0.002217 
0.000658 0.000669 0.000656 0.000670 
0.002148 -0.000744 0.002159 -0.000712 
0.000812 0.002084 0.000782 0.002096 
-0.000788 -0.000723 -0.000786 -0.000725 
-0.002140 0.000787 -0.002151 0.000754 
0.002095 -0.002209 0.002155 -0.002151 
0.000851 0.002117 0.000819 0.002130 
0.000697 -0.000718 0.000699 -0.000716 
0.002073 -0.002325 0.002138 -0.002265 
-0.000784 -0.002165 -0.000751 -0.002177 
-0.002195 0.000800 -0.002208 0.000764 
0.000598 -0.000772 0.000600 -0.000771 
0.000774 0.000702 0.000772 0.000705 
-0.002172 -0.000656 -0.002162 -0.000689 
0.002152 0.000623 0.002142 0.000654 
-0.000784 -0.002157 -0.000750 -0.002169 
0.002102 -0.000775 0.002113 -0.000744 
0.002005 -0.000764 0.002015 -0.000736 
-0.000744 0.002155 -0.000777 0.002143 
-0.000662 -0.000765 -0.000660 -0.000767 
-0.002170 0.000778 -0.002182 0.000744 
-0.002245 -0.002057 -0.002188 -0.002117 
0.000681 -0.000706 0.000683 -0.000704 
0.000760 0.000599 0.000758 0.000601 
0.002128 0.000668 0.002118 0.000699 
0.002123 0.000594 0.002114 0.000624 
-0.002227 0.000727 -0.002239 0.000691 
0.000668 0.000650 0.000666 0.000652 
-0.000860 -0.000762 -0.000857 -0.000765 
0.002078 0.000657 0.002068 0.000686 
-0.000694 0.002149 -0.000726 0.002138 
-0.002255 -0.000553 -0.002245 -0.000588 
-0.002276 -0.002059 -0.002218 -0.002121 
0.000700 -0.002222 0.000735 -0.002210 
0.002168 -0.002266 0.002233 -0.002203 
0.002035 0.000749 0.002024 0.000777 
-0.002284 -0.002080 -0.002225 -0.002143 
-0.000608 0.002205 -0.000642 0.002195 
0.002038 -0.002286 0.002100 -0.002229 
0.000800 0.002204 0.000765 0.002216 
0.000703 0.000690 0.000701 0.000692 
0.002177 -0.000833 0.002190 -0.000798 
-0.002232 -0.002058 -0.002175 -0.002118 
0.000721 -0.000837 0.000724 -0.000835 
0.000658 -0.000698 0.000660 -0.000696 
-0.002203 -0.002066 -0.002147 -0.002124 
0.002215 0.002083 0.002158 0.002142 
0.002121 0.000684 0.002110 0.000714 
0.000652 -0.002207 0.000686 -0.002196 
0.000878 0.002004 0.000850 0.002016 
-0.000711 0.000672 -0.000713 0.000670 
0.001919 -0.002418 0.001985 -0.002363 
0.000672 -0.002201 0.000706 -0.002191 
-0.002162 0.000822 -0.002175 0.000788 
0.000720 -0.000749 0.000722 -0.000747 
-0.002348 -0.002012 -0.002290 -0.002077 
0.000840 0.002091 0.000808 0.002104 
0.002232 0.000623 0.002222 0.000658 
0.000722 -0.002263 0.000759 -0.002250 
-0.002227 -0.002058 -0.002171 -0.002118 
-0.002351 -0.002046 -0.002292 -0.002112 
-0.000659 -0.000847 -0.000656 -0.000850 
-0.002347 -0.002071 -0.002287 -0.002137 
0.000653 0.000647 0.000652 0.000649 
0.000710 -0.000740 0.000712 -0.000738 
-0.000775 0.000671 -0.000777 0.000668 
-0.002237 -0.000673 -0.002226 -0.000709 
-0.002162 -0.000763 -0.002150 -0.000796 
-0.000674 0.002237 -0.000709 0.002226 
-0.000731 0.002047 -0.000759 0.002037 
0.000684 -0.000722 0.000687 -0.000720 
-0.000804 0.000767 -0.000806 0.000764 
-0.002360 -0.001966 -0.002304 -0.002031 
-0.000590 0.002140 -0.000621 0.002131 
0.000631 -0.000773 0.000633 -0.000771 
-0.002172 -0.000635 -0.002162 -0.000667 
0.002025 -0.002263 0.002085 -0.002207 
0.000798 0.002013 0.000770 0.002023 
-0.000722 -0.000611 -0.000720 -0.000613 
-0.002088 0.002334 -0.002154 0.002273 
0.000649 0.000713 0.000648 0.000715 
0.000703 -0.000694 0.000705 -0.000692 
0.000671 0.000636 0.000669 0.000638 
0.002250 0.002018 0.002195 0.002078 
0.002151 0.000703 0.002140 0.000736 
0.000719 -0.000740 0.000721 -0.000738 
-0.000599 0.002124 -0.000630 0.002115 
0.000742 0.002068 0.000713 0.002078 
-0.000611 0.002149 -0.000643 0.002140 
