0.003003 -0.008097 0.003236 -0.008007 
-0.004731 0.003328 -0.004774 0.003267 
0.005340 -0.010111 0.005845 -0.009828 
0.002999 -0.009373 0.003348 -0.009254 
-0.007871 -0.002082 -0.007815 -0.002283 
-0.003248 -0.005293 -0.003168 -0.005341 
0.004024 0.007045 0.003843 0.007146 
0.003280 0.001078 0.003275 0.001093 
0.001845 -0.008342 0.002080 -0.008286 
0.005975 -0.007903 0.006271 -0.007671 
0.008885 0.000763 0.008857 0.001037 
0.007788 -0.003158 0.007872 -0.002944 
0.005917 0.001517 0.005894 0.001603 
-0.001966 0.003710 -0.001991 0.003697 
0.003445 0.004929 0.003376 0.004977 
-0.002520 -0.005728 -0.002433 -0.005766 
0.007640 0.002661 0.007570 0.002854 
0.004670 0.006726 0.004494 0.006845 
0.008612 0.002269 0.008538 0.002533 
0.006589 0.004618 0.006471 0.004781 
-0.006647 0.002283 -0.006690 0.002156 
-0.002310 -0.006513 -0.002189 -0.006554 
0.006789 -0.002934 0.006849 -0.002789 
0.001909 0.000001 0.001909 0.000004 
-0.007767 -0.002409 -0.007703 -0.002607 
0.007549 0.005644 0.007350 0.005900 
-0.003824 0.002662 -0.003846 0.002630 
-0.007785 0.005111 -0.007953 0.004847 
-0.003020 0.008055 -0.003250 0.007965 
0.005260 -0.004493 0.005343 -0.004395 
-0.006239 -0.000290 -0.006234 -0.000384 
0.006836 -0.000590 0.006846 -0.000465 
-0.005099 -0.006878 -0.004902 -0.007020 
-0.006351 -0.002070 -0.006315 -0.002180 
0.000735 -0.007686 0.000912 -0.007667 
-0.001661 -0.002954 -0.001648 -0.002961 
0.004539 -0.007235 0.004742 -0.007104 
-0.003435 0.003431 -0.003466 0.003399 
-0.005791 0.007797 -0.006072 0.007580 
-0.007531 0.000499 -0.007540 0.000333 
0.003114 0.004544 0.003060 0.004580 
-0.010530 -0.005473 -0.010216 -0.006039 
-0.008190 -0.003079 -0.008095 -0.003321 
0.005207 0.005840 0.005067 0.005962 
0.006775 -0.002261 0.006819 -0.002127 
0.004620 0.004625 0.004542 0.004701 
0.001981 -0.007599 0.002162 -0.007549 
0.005977 -0.003503 0.006041 -0.003391 
-0.001941 -0.001448 -0.001937 -0.001452 
0.003649 0.002242 0.003633 0.002268 
0.005845 0.001279 0.005826 0.001360 
-0.005303 0.005653 -0.005433 0.005528 
0.008353 0.004405 0.008196 0.004690 
0.000550 -0.002635 0.000557 -0.002633 
-0.005360 0.004126 -0.005433 0.004030 
0.007475 0.001880 0.007430 0.002051 
0.006052 0.005421 0.005912 0.005573 
0.006053 -0.010397 0.006626 -0.010042 
0.005520 -0.007901 0.005800 -0.007697 
0.002075 0.000403 0.002075 0.000406 
-0.007957 -0.006124 -0.007712 -0.006430 
0.002590 -0.002154 0.002599 -0.002143 
0.007820 0.002374 0.007756 0.002575 
0.002385 0.006216 0.002278 0.006256 
-0.006399 0.003792 -0.006479 0.003654 
0.003879 0.001907 0.003865 0.001935 
0.004330 -0.003013 0.004362 -0.002966 
-0.002853 0.007505 -0.003039 0.007432 
0.005694 -0.007611 0.005956 -0.007407 
0.002022 0.002642 0.002011 0.002651 
-0.001398 0.004108 -0.001428 0.004098 
0.010776 0.002507 0.010645 0.003015 
0.005293 -0.007257 0.005518 -0.007088 
0.002219 0.002525 0.002208 0.002534 
-0.000679 0.001958 -0.000682 0.001957 
0.004979 -0.007459 0.005209 -0.007300 
-0.002941 0.003913 -0.002977 0.003885 
-0.001959 0.007600 -0.002140 0.007551 
-0.001813 0.002934 -0.001827 0.002925 
0.002392 0.000923 0.002389 0.000929 
-0.002759 -0.006129 -0.002651 -0.006177 
0.002943 0.003484 0.002915 0.003508 
0.003899 0.006828 0.003735 0.006919 
0.001620 0.001306 0.001618 0.001309 
-0.005993 -0.001106 -0.005977 -0.001192 
0.006662 -0.002368 0.006707 -0.002239 
0.004236 0.000643 0.004232 0.000673 
0.005725 -0.010665 0.006320 -0.010324 
0.003932 -0.010198 0.004400 -0.010005 
-0.003827 -0.006093 -0.003704 -0.006168 
-0.001885 0.003924 -0.001914 0.003910 
0.002445 0.007043 0.002293 0.007094 
-0.001486 0.001471 -0.001488 0.001468 
-0.000169 -0.007273 -0.000020 -0.007275 
-0.006140 0.002652 -0.006185 0.002545 
0.002526 -0.002112 0.002535 -0.002102 
0.002567 0.001457 0.002563 0.001466 
0.002249 -0.002351 0.002259 -0.002342 
0.002837 0.001405 0.002832 0.001416 
0.002915 -0.003560 0.002944 -0.003536 
0.002812 -0.009085 0.003128 -0.008981 
-0.007510 -0.001999 -0.007461 -0.002174 
-0.002938 -0.006093 -0.002829 -0.006144 
0.001364 0.001068 0.001363 0.001070 
-0.005792 -0.001279 -0.005774 -0.001357 
0.004312 -0.006868 0.004485 -0.006756 
-0.001302 0.008478 -0.001543 0.008438 
-0.002249 0.006793 -0.002384 0.006747 
-0.007498 -0.001577 -0.007460 -0.001747 
-0.002730 -0.002950 -0.002712 -0.002967 
-0.003659 -0.001219 -0.003652 -0.001240 
-0.001200 0.005768 -0.001278 0.005752 
-0.002889 -0.007479 -0.002702 -0.007548 
-0.000479 -0.008178 -0.000266 -0.008188 
-0.006951 0.000747 -0.006964 0.000615 
0.005286 0.007719 0.005022 0.007894 
0.007360 0.005951 0.007150 0.006202 
-0.001230 0.004286 -0.001263 0.004276 
0.008645 0.004854 0.008454 0.005179 
0.001567 -0.003848 0.001593 -0.003838 
-0.003298 -0.006376 -0.003170 -0.006441 
-0.002857 0.002682 -0.002872 0.002665 
-0.002879 0.002653 -0.002895 0.002636 
-0.001970 0.003752 -0.001996 0.003738 
0.005081 0.007194 0.004862 0.007343 
0.006849 0.004193 0.006743 0.004363 
-0.006474 -0.001906 -0.006439 -0.002020 
0.000619 -0.003505 0.000636 -0.003502 
-0.006671 -0.000407 -0.006663 -0.000522 
0.003425 0.002492 0.003407 0.002515 
0.005680 0.000913 0.005668 0.000986 
-0.004882 0.003370 -0.004928 0.003303 
0.005619 -0.007314 0.005857 -0.007125 
0.001381 0.001174 0.001379 0.001176 
-0.007186 -0.002277 -0.007134 -0.002435 
0.000479 -0.009005 0.000762 -0.008986 
-0.004976 -0.007107 -0.004767 -0.007249 
-0.006348 0.001303 -0.006368 0.001200 
0.009050 0.006290 0.008744 0.006708 
0.005045 0.006802 0.004854 0.006940 
0.005576 0.000368 0.005571 0.000436 
-0.006887 -0.002020 -0.006845 -0.002157 
0.002674 -0.007846 0.002882 -0.007772 
0.004658 -0.003542 0.004705 -0.003480 
-0.007616 0.002653 -0.007680 0.002460 
-0.007613 -0.002359 -0.007553 -0.002545 
-0.003606 -0.004679 -0.003543 -0.004728 
0.006463 0.004785 0.006341 0.004945 
-0.006299 0.003002 -0.006354 0.002883 
0.001074 -0.002169 0.001078 -0.002166 
-0.002922 0.002174 -0.002933 0.002159 
-0.003474 0.003042 -0.003499 0.003013 
-0.005983 0.003772 -0.006055 0.003656 
0.001231 0.001821 0.001228 0.001823 
-0.007666 0.002975 -0.007741 0.002773 
-0.007619 -0.001625 -0.007579 -0.001803 
-0.004090 -0.002304 -0.004070 -0.002339 
-0.005581 0.002793 -0.005622 0.002709 
-0.000871 -0.008900 -0.000595 -0.008923 
-0.008507 -0.005327 -0.008293 -0.005654 
-0.001737 -0.001159 -0.001735 -0.001162 
0.008949 -0.000655 0.008965 -0.000376 
0.004410 -0.010126 0.004883 -0.009907 
-0.005563 -0.007637 -0.005295 -0.007825 
-0.009903 -0.003891 -0.009723 -0.004321 
-0.005999 0.003908 -0.006075 0.003788 
0.004178 0.001428 0.004167 0.001459 
0.004458 -0.006364 0.004605 -0.006258 
-0.001093 0.006915 -0.001224 0.006893 
0.003141 -0.003087 0.003164 -0.003063 
0.005766 -0.005004 0.005877 -0.004873 
-0.002353 -0.005973 -0.002258 -0.006010 
0.009047 -0.000793 0.009068 -0.000503 
0.005828 -0.008274 0.006151 -0.008036 
0.000340 -0.001888 0.000343 -0.001888 
-0.005414 0.007416 -0.005653 0.007235 
-0.010081 -0.005466 -0.009789 -0.005972 
-0.010926 -0.002925 -0.010768 -0.003463 
-0.006238 0.007652 -0.006522 0.007411 
-0.008590 -0.001681 -0.008537 -0.001935 
-0.006423 0.001262 -0.006443 0.001156 
0.011038 0.002689 0.010890 0.003237 
0.005720 -0.007862 0.006003 -0.007648 
0.008959 -0.000832 0.008981 -0.000551 
0.003131 -0.009129 0.003458 -0.009010 
-0.005778 -0.001370 -0.005759 -0.001449 
0.006942 -0.002970 0.007006 -0.002816 
0.009945 0.004066 0.009754 0.004507 
0.007880 -0.005377 0.008064 -0.005096 
0.004636 -0.007340 0.004848 -0.007202 
-0.002717 0.003545 -0.002744 0.003524 
-0.000296 0.006119 -0.000385 0.006114 
0.000792 -0.006677 0.000909 -0.006662 
-0.002527 0.001658 -0.002533 0.001649 
-0.002184 -0.003486 -0.002161 -0.003501 
-0.000546 -0.009174 -0.000246 -0.009187 
-0.008133 -0.002810 -0.008049 -0.003042 
0.002157 0.006372 0.002045 0.006409 
-0.007107 0.005233 -0.007262 0.005016 
0.000324 0.007586 0.000154 0.007591 
0.005864 0.001891 0.005836 0.001978 
-0.003185 0.008235 -0.003432 0.008135 
0.007560 -0.005410 0.007737 -0.005154 
0.004531 -0.007644 0.004763 -0.007502 
-0.002849 0.001468 -0.002855 0.001456 
-0.006758 -0.003914 -0.006664 -0.004073 
0.005678 0.000264 0.005674 0.000335 
-0.006941 0.000667 -0.006952 0.000536 
0.002355 0.006661 0.002226 0.006705 
-0.003068 0.002583 -0.003084 0.002564 
-0.001270 0.002968 -0.001282 0.002963 
0.005798 0.001513 0.005776 0.001594 
-0.005860 0.007087 -0.006089 0.006891 
-0.001759 -0.003744 -0.001734 -0.003755 
0.001383 -0.008950 0.001666 -0.008901 
0.000642 -0.006275 0.000738 -0.006264 
0.000425 0.007726 0.000246 0.007734 
0.006751 0.000673 0.006738 0.000794 
-0.003772 -0.002490 -0.003752 -0.002520 
-0.006595 0.001198 -0.006615 0.001083 
0.006804 0.004955 0.006665 0.005140 
-0.006904 0.002446 -0.006954 0.002302 
-0.005729 -0.004905 -0.005619 -0.005030 
-0.005567 0.007390 -0.005809 0.007201 
-0.004263 -0.002574 -0.004238 -0.002615 
-0.007021 -0.002550 -0.006964 -0.002701 
0.001026 -0.006660 0.001143 -0.006640 
-0.003581 0.002254 -0.003596 0.002230 
-0.007020 -0.000893 -0.007001 -0.001029 
0.002371 0.000926 0.002369 0.000932 
-0.002726 -0.007233 -0.002558 -0.007294 
0.002279 -0.001558 0.002283 -0.001551 
0.003200 0.007031 0.003037 0.007104 
0.001869 0.001437 0.001866 0.001441 
-0.004416 -0.002757 -0.004387 -0.002803 
-0.007907 -0.001742 -0.007861 -0.001942 
-0.003085 -0.003743 -0.003051 -0.003771 
-0.006050 -0.005020 -0.005928 -0.005163 
-0.005451 0.007003 -0.005662 0.006834 
-0.007529 -0.005730 -0.007326 -0.005988 
0.000523 -0.002937 0.000533 -0.002935 
-0.005343 0.005547 -0.005469 0.005423 
0.007870 0.005603 0.007662 0.005884 
-0.001946 0.002931 -0.001960 0.002922 
0.003470 0.003153 0.003443 0.003182 
0.006720 0.004064 0.006621 0.004223 
-0.008024 -0.000662 -0.008005 -0.000863 
-0.001541 0.001637 -0.001544 0.001634 
0.001556 -0.007570 0.001731 -0.007532 
0.001564 -0.001767 0.001568 -0.001763 
0.000552 0.007734 0.000372 0.007745 
0.008569 0.001991 0.008505 0.002246 
0.008231 0.002851 0.008143 0.003092 
-0.005153 -0.007894 -0.004878 -0.008067 
-0.009130 -0.003346 -0.009002 -0.003678 
-0.000701 0.008721 -0.000959 0.008697 
0.003188 0.007527 0.002992 0.007607 
0.000581 0.008797 0.000316 0.008811 
0.008555 0.004724 0.008374 0.005037 
0.002962 -0.002019 0.002972 -0.002004 
0.005970 -0.001563 0.005993 -0.001475 
-0.007344 -0.004487 -0.007212 -0.004696 
0.005878 -0.005040 0.005994 -0.004902 
-0.003360 -0.007513 -0.003162 -0.007599 
0.002211 -0.006859 0.002349 -0.006813 
0.006480 0.001468 0.006454 0.001578 
-0.002829 0.003767 -0.002861 0.003743 
0.000115 0.007564 -0.000052 0.007564 
0.007235 0.000937 0.007214 0.001086 
0.002527 -0.003948 0.002561 -0.003927 
0.000319 -0.009112 0.000612 -0.009097 
-0.005656 -0.005297 -0.005532 -0.005427 
-0.002620 0.010944 -0.003153 0.010803 
0.008252 0.002891 0.008163 0.003134 
-0.003282 -0.005360 -0.003199 -0.005409 
0.002921 0.006822 0.002775 0.006882 
-0.001958 0.002062 -0.001965 0.002056 
0.002773 -0.003651 0.002803 -0.003628 
0.003045 -0.009269 0.003385 -0.009150 
-0.007860 -0.000799 -0.007839 -0.000989 
-0.001930 0.003668 -0.001954 0.003655 
0.005673 0.005463 0.005540 0.005598 
0.006074 -0.008935 0.006472 -0.008651 
0.007390 -0.005173 0.007549 -0.004938 
0.005379 -0.006814 0.005576 -0.006654 
0.009900 0.004770 0.009666 0.005228 
0.006163 0.001178 0.006144 0.001272 
-0.004679 0.003274 -0.004720 0.003215 
0.005376 -0.007397 0.005613 -0.007219 
0.006838 0.004676 0.006712 0.004856 
-0.006200 0.005173 -0.006329 0.005015 
0.003769 0.005882 0.003658 0.005953 
0.002655 -0.003384 0.002679 -0.003365 
0.002810 -0.002129 0.002820 -0.002115 
0.006646 -0.000975 0.006662 -0.000859 
-0.004614 -0.005157 -0.004518 -0.005242 
-0.000458 0.008567 -0.000702 0.008551 
0.002299 0.005575 0.002220 0.005607 
-0.008267 -0.000480 -0.008251 -0.000699 
-0.008115 0.005227 -0.008298 0.004931 
-0.005173 0.006747 -0.005360 0.006600 
-0.004337 -0.005244 -0.004242 -0.005321 
0.000548 0.006781 0.000426 0.006790 
0.006846 -0.005183 0.006991 -0.004986 
0.000623 -0.009003 0.000906 -0.008979 
-0.003771 -0.005935 -0.003657 -0.006006 
-0.003489 0.002407 -0.003505 0.002383 
-0.007688 0.005240 -0.007859 0.004980 
-0.002770 0.008261 -0.003011 0.008177 
0.007710 -0.003812 0.007816 -0.003590 
0.004846 -0.003491 0.004893 -0.003423 
-0.005873 0.003265 -0.005929 0.003161 
0.003270 0.003337 0.003242 0.003365 
0.009983 0.004170 0.009783 0.004617 
0.005544 -0.002362 0.005577 -0.002284 
0.000811 0.006952 0.000679 0.006966 
0.006941 -0.002502 0.006992 -0.002355 
0.007782 0.002274 0.007721 0.002471 
-0.007798 -0.005774 -0.007582 -0.006055 
0.002290 -0.002072 0.002297 -0.002063 
0.008806 0.006249 0.008515 0.006640 
0.002960 0.005878 0.002861 0.005927 
-0.002328 -0.001943 -0.002321 -0.001951 
0.002569 0.002438 0.002557 0.002451 
0.003027 0.002912 0.003007 0.002932 
0.005885 0.005144 0.005762 0.005281 
0.002897 -0.009119 0.003218 -0.009010 
-0.007901 -0.002045 -0.007846 -0.002248 
-0.005170 -0.006977 -0.004964 -0.007125 
-0.007057 -0.002193 -0.007009 -0.002342 
0.002411 -0.007318 0.002579 -0.007260 
0.008594 0.001561 0.008544 0.001814 
0.008111 0.001662 0.008064 0.001877 
0.008504 0.004733 0.008325 0.005042 
0.001949 -0.001727 0.001954 -0.001721 
0.002553 0.007093 0.002396 0.007147 
-0.001050 0.002498 -0.001057 0.002495 
0.006601 -0.002348 0.006645 -0.002222 
0.002535 0.006558 0.002409 0.006605 
-0.005755 0.006986 -0.005974 0.006800 
-0.010513 -0.004380 -0.010280 -0.004903 
-0.005083 0.003676 -0.005138 0.003598 
0.005882 -0.005195 0.006004 -0.005053 
-0.004394 -0.005600 -0.004283 -0.005685 
-0.001846 0.008609 -0.002104 0.008550 
0.000921 0.006335 0.000820 0.006349 
0.004100 -0.010350 0.004592 -0.010141 
-0.005383 -0.006258 -0.005216 -0.006398 
-0.006014 0.005440 -0.006150 0.005285 
0.005607 0.005298 0.005484 0.005426 
0.005251 -0.009954 0.005732 -0.009685 
-0.000358 -0.006050 -0.000272 -0.006054 
0.000694 0.006393 0.000591 0.006403 
0.004323 -0.007646 0.004549 -0.007514 
-0.002951 0.001131 -0.002955 0.001120 
-0.008871 -0.005999 -0.008596 -0.006387 
-0.005239 -0.006240 -0.005077 -0.006373 
-0.005228 0.006048 -0.005376 0.005916 
0.007035 0.005351 0.006870 0.005562 
-0.006227 0.008932 -0.006631 0.008637 
-0.004712 0.004372 -0.004781 0.004296 
0.009351 -0.000756 0.009371 -0.000437 
0.005043 -0.007098 0.005250 -0.006947 
0.010299 0.005481 0.009996 0.006016 
0.010517 0.005636 0.010191 0.006207 
0.007831 0.002689 0.007757 0.002896 
-0.007738 -0.002407 -0.007674 -0.002603 
0.007560 0.004512 0.007422 0.004737 
-0.002145 -0.000424 -0.002144 -0.000428 
0.008270 0.004893 0.008090 0.005185 
0.001417 -0.002701 0.001427 -0.002695 
-0.004154 -0.003080 -0.004122 -0.003123 
-0.006257 -0.000389 -0.006250 -0.000484 
0.007062 0.001748 0.007025 0.001893 
0.003609 0.002298 0.003593 0.002323 
0.005687 0.001775 0.005662 0.001853 
-0.004800 0.008509 -0.005111 0.008326 
0.002142 0.000688 0.002141 0.000692 
-0.003342 -0.007784 -0.003124 -0.007873 
0.000894 -0.006179 0.000988 -0.006165 
0.004326 0.004911 0.004244 0.004982 
0.001366 -0.005923 0.001451 -0.005903 
0.003763 0.007960 0.003523 0.008069 
0.005635 0.007542 0.005373 0.007731 
0.007277 0.004944 0.007126 0.005160 
-0.002703 0.010416 -0.003167 0.010284 
0.008128 0.006228 0.007868 0.006552 
-0.000043 0.008966 -0.000321 0.008960 
0.002817 0.006950 0.002665 0.007010 
-0.004537 0.008489 -0.004838 0.008320 
0.002815 0.001559 0.002809 0.001570 
0.002325 -0.002164 0.002333 -0.002155 
0.001880 0.002001 0.001875 0.002007 
-0.001681 -0.002281 -0.001674 -0.002286 
0.005029 -0.003936 0.005090 -0.003856 
-0.006181 -0.001748 -0.006152 -0.001846 
0.002487 -0.001603 0.002492 -0.001594 
0.002416 0.006340 0.002302 0.006382 
-0.007201 0.003532 -0.007286 0.003352 
-0.002167 0.002126 -0.002175 0.002118 
0.003057 -0.002195 0.003069 -0.002178 
0.005787 0.000215 0.005783 0.000290 
-0.006458 0.001486 -0.006483 0.001376 
0.008584 0.006302 0.008299 0.006673 
0.005334 0.006349 0.005163 0.006489 
0.006156 -0.001281 0.006175 -0.001187 
-0.009025 -0.003430 -0.008896 -0.003753 
-0.000857 0.008929 -0.001135 0.008898 
0.002482 0.007200 0.002320 0.007254 
-0.002074 0.002970 -0.002089 0.002959 
0.003726 0.001869 0.003714 0.001894 
0.007399 -0.004078 0.007509 -0.003872 
0.005586 -0.002540 0.005623 -0.002458 
-0.000163 0.008719 -0.000419 0.008710 
0.002493 0.006941 0.002347 0.006992 
-0.002404 0.010540 -0.002879 0.010421 
0.009958 0.004905 0.009713 0.005374 
0.007357 0.001172 0.007330 0.001330 
0.001495 -0.002255 0.001502 -0.002251 
-0.003473 0.002587 -0.003492 0.002562 
-0.007119 0.002660 -0.007177 0.002500 
-0.007771 -0.002121 -0.007715 -0.002315 
0.009843 0.004201 0.009647 0.004633 
0.007588 -0.003087 0.007666 -0.002889 
0.006726 0.002111 0.006684 0.002240 
-0.000454 0.006087 -0.000542 0.006080 
-0.000716 -0.008075 -0.000511 -0.008091 
-0.005888 -0.001234 -0.005870 -0.001316 
0.006257 -0.008700 0.006637 -0.008413 
0.005693 -0.002451 0.005728 -0.002366 
0.001233 0.006491 0.001123 0.006511 
0.003102 -0.008030 0.003331 -0.007938 
-0.006299 0.003769 -0.006377 0.003637 
0.003396 0.002944 0.003373 0.002970 
0.007789 0.006131 0.007550 0.006423 
0.000751 0.008931 0.000473 0.008950 
0.007613 0.002496 0.007549 0.002685 
-0.007520 -0.004455 -0.007385 -0.004676 
0.003009 0.003026 0.002987 0.003047 
0.005306 0.007820 0.005032 0.007999 
0.010521 0.005650 0.010193 0.006222 
0.006965 0.004784 0.006830 0.004975 
-0.007011 0.001868 -0.007048 0.001725 
-0.002976 -0.006114 -0.002866 -0.006166 
0.002951 0.001660 0.002944 0.001673 
0.001542 -0.002980 0.001555 -0.002974 
-0.002289 -0.001848 -0.002282 -0.001855 
0.002580 0.000844 0.002577 0.000851 
-0.004667 -0.007085 -0.004468 -0.007212 
-0.007451 -0.001637 -0.007412 -0.001804 
-0.001881 -0.001674 -0.001877 -0.001678 
0.003745 0.002459 0.003726 0.002488 
0.007426 -0.000679 0.007439 -0.000519 
-0.002286 -0.007021 -0.002138 -0.007067 
0.004735 -0.004246 0.004800 -0.004172 
-0.007775 -0.001988 -0.007723 -0.002182 
-0.001407 -0.001493 -0.001404 -0.001496 
0.007620 0.000927 0.007597 0.001100 
0.002575 -0.002951 0.002592 -0.002936 
0.000634 -0.003620 0.000653 -0.003616 
-0.005913 -0.001633 -0.005888 -0.001719 
0.005533 -0.008552 0.005872 -0.008323 
0.001921 -0.003009 0.001936 -0.002999 
-0.001950 -0.002708 -0.001938 -0.002716 
0.002651 -0.002308 0.002662 -0.002296 
0.003877 0.001242 0.003869 0.001267 
0.004005 -0.010198 0.004474 -0.010001 
-0.003329 -0.004194 -0.003282 -0.004231 
0.006868 0.003944 0.006770 0.004110 
-0.007155 0.000785 -0.007169 0.000642 
0.005577 0.005028 0.005465 0.005149 
0.005219 -0.009735 0.005673 -0.009478 
0.002315 -0.007739 0.002510 -0.007678 
0.006013 -0.003320 0.006073 -0.003210 
-0.003776 -0.003283 -0.003744 -0.003320 
-0.008022 -0.003103 -0.007930 -0.003331 
0.005057 0.006751 0.004870 0.006888 
0.007900 -0.000414 0.007907 -0.000223 
0.001650 -0.008699 0.001913 -0.008644 
0.004187 -0.006670 0.004346 -0.006567 
-0.001058 0.006447 -0.001164 0.006429 
0.002621 -0.003943 0.002656 -0.003920 
0.001370 -0.008881 0.001647 -0.008834 
0.001204 -0.006181 0.001298 -0.006162 
0.009956 0.004003 0.009768 0.004443 
0.007596 -0.005334 0.007770 -0.005078 
0.003762 -0.006984 0.003931 -0.006890 
-0.001531 0.005637 -0.001605 0.005616 
-0.007069 -0.005363 -0.006902 -0.005576 
0.005359 -0.002465 0.005391 -0.002392 
-0.002274 0.007159 -0.002430 0.007108 
-0.003955 0.002814 -0.003980 0.002778 
-0.006364 0.003532 -0.006435 0.003400 
0.001102 0.002072 0.001098 0.002074 
-0.005197 0.005633 -0.005324 0.005513 
0.009127 0.006204 0.008824 0.006628 
0.004273 0.007871 0.004027 0.008000 
0.005290 0.007497 0.005043 0.007666 
0.008007 0.005775 0.007784 0.006073 
-0.000502 0.008541 -0.000743 0.008523 
0.003071 0.007318 0.002892 0.007390 
0.000301 0.006808 0.000179 0.006813 
0.006800 -0.003707 0.006884 -0.003548 
0.002934 -0.002735 0.002951 -0.002716 
0.006783 -0.002030 0.006821 -0.001898 
0.004742 0.007249 0.004529 0.007383 
0.006044 -0.001354 0.006063 -0.001264 
-0.006995 -0.005103 -0.006844 -0.005304 
0.006663 -0.003112 0.006726 -0.002972 
0.008986 0.002942 0.008878 0.003251 
-0.000485 -0.008334 -0.000260 -0.008344 
-0.007492 -0.002305 -0.007435 -0.002483 
-0.005373 -0.006508 -0.005191 -0.006654 
-0.004584 0.003042 -0.004619 0.002988 
0.004920 -0.006926 0.005112 -0.006786 
0.004322 0.005111 0.004232 0.005185 
-0.000541 -0.009152 -0.000243 -0.009165 
-0.010125 -0.005669 -0.009815 -0.006189 
-0.009051 -0.003275 -0.008928 -0.003597 
-0.001871 0.006145 -0.001969 0.006114 
-0.001678 -0.002914 -0.001665 -0.002922 
0.005605 -0.010355 0.006153 -0.010039 
0.004152 -0.010117 0.004615 -0.009914 
-0.002912 -0.006128 -0.002802 -0.006179 
0.001564 0.002236 0.001557 0.002241 
-0.005785 0.007747 -0.006061 0.007532 
-0.003421 -0.003416 -0.003390 -0.003447 
-0.002830 -0.005404 -0.002752 -0.005445 
0.008966 0.000782 0.008937 0.001063 
0.005728 -0.002522 0.005766 -0.002435 
-0.000579 0.005879 -0.000659 0.005871 
0.000760 -0.007886 0.000952 -0.007866 
-0.003088 -0.001920 -0.003078 -0.001936 
-0.002161 0.001268 -0.002164 0.001263 
-0.003998 -0.007109 -0.003814 -0.007210 
-0.003808 -0.003559 -0.003770 -0.003598 
-0.008963 -0.006183 -0.008670 -0.006588 
-0.002387 -0.005756 -0.002300 -0.005791 
0.007646 0.001863 0.007599 0.002046 
0.002944 0.002525 0.002929 0.002542 
0.004019 0.002420 0.003998 0.002454 
0.008775 0.000450 0.008757 0.000712 
0.005644 -0.002306 0.005677 -0.002224 
-0.002080 0.006576 -0.002201 0.006536 
-0.002833 -0.000956 -0.002830 -0.000966 
0.002649 0.005682 0.002563 0.005721 
-0.003531 -0.002976 -0.003506 -0.003006 
-0.007103 -0.000899 -0.007083 -0.001039 
0.003178 0.001018 0.003173 0.001032 
0.000617 -0.008772 0.000880 -0.008750 
-0.002673 -0.006757 -0.002534 -0.006811 
0.007081 -0.003483 0.007163 -0.003311 
0.002519 -0.001538 0.002524 -0.001530 
0.008105 0.004517 0.007950 0.004785 
0.000996 -0.003557 0.001015 -0.003552 
-0.007558 -0.001140 -0.007530 -0.001311 
-0.001441 0.002831 -0.001452 0.002826 
0.007981 0.002520 0.007910 0.002735 
0.003094 0.007842 0.002877 0.007924 
-0.001801 0.006157 -0.001898 0.006127 
-0.002113 -0.003702 -0.002087 -0.003717 
0.001942 -0.007665 0.002127 -0.007615 
0.001518 -0.003375 0.001536 -0.003367 
-0.001417 -0.002061 -0.001412 -0.002064 
0.007755 0.001618 0.007714 0.001806 
0.003378 0.003225 0.003350 0.003253 
0.010728 0.002610 0.010593 0.003114 
0.004903 -0.008393 0.005207 -0.008208 
-0.003050 -0.003440 -0.003022 -0.003465 
-0.001991 -0.006620 -0.001868 -0.006656 
0.006002 -0.003600 0.006069 -0.003485 
-0.004003 -0.002765 -0.003978 -0.002802 
-0.008914 -0.000260 -0.008901 -0.000534 
-0.007514 0.003069 -0.007590 0.002876 
-0.006517 -0.001655 -0.006487 -0.001769 
0.002326 -0.002880 0.002342 -0.002868 
0.002585 -0.001726 0.002591 -0.001716 
0.007047 0.003716 0.006953 0.003888 
-0.007203 0.000672 -0.007215 0.000526 
0.003641 0.006039 0.003524 0.006108 
0.001768 -0.001655 0.001772 -0.001651 
0.000225 0.007911 0.000033 0.007914 
0.009216 -0.001048 0.009246 -0.000740 
0.005242 -0.007603 0.005490 -0.007425 
0.007154 0.005759 0.006963 0.005990 
-0.000863 0.002556 -0.000870 0.002553 
0.004721 -0.002920 0.004756 -0.002863 
-0.005913 0.008358 -0.006248 0.008111 
-0.002299 0.001808 -0.002305 0.001800 
-0.002042 -0.001837 -0.002036 -0.001843 
0.002735 0.001726 0.002728 0.001737 
0.000008 -0.002098 0.000011 -0.002098 
-0.002511 0.010699 -0.003008 0.010570 
0.006404 0.005066 0.006271 0.005229 
-0.007716 0.004292 -0.007842 0.004057 
-0.007189 0.003872 -0.007287 0.003685 
-0.003021 0.001394 -0.003027 0.001381 
-0.010661 -0.002541 -0.010531 -0.003034 
-0.005090 0.010011 -0.005573 0.009751 
0.000707 0.007869 0.000517 0.007884 
0.005943 -0.001357 0.005961 -0.001271 
-0.006938 -0.004764 -0.006805 -0.004953 
0.007179 -0.005482 0.007348 -0.005252 
0.003001 -0.010797 0.003522 -0.010639 
-0.006796 -0.004820 -0.006664 -0.005000 
0.005975 -0.004972 0.006090 -0.004831 
-0.003041 -0.007668 -0.002838 -0.007745 
0.000296 -0.008935 0.000573 -0.008922 
-0.002756 -0.006913 -0.002607 -0.006970 
0.005417 -0.002716 0.005455 -0.002639 
-0.001436 0.001278 -0.001438 0.001276 
0.001312 -0.008496 0.001555 -0.008455 
0.000463 -0.009193 0.000765 -0.009173 
-0.003977 -0.007587 -0.003760 -0.007697 
-0.003944 -0.007155 -0.003758 -0.007255 
-0.002283 -0.002635 -0.002271 -0.002645 
0.000118 -0.002170 0.000122 -0.002170 
-0.006033 0.008010 -0.006340 0.007769 
-0.009069 0.001001 -0.009097 0.000708 
-0.005381 0.010349 -0.005918 0.010051 
-0.004307 0.009940 -0.004754 0.009734 
0.004654 0.006909 0.004467 0.007032 
0.007424 0.000743 0.007406 0.000903 
0.001124 -0.001294 0.001125 -0.001292 
-0.001717 0.006538 -0.001832 0.006507 
-0.009053 -0.001298 -0.009006 -0.001590 
-0.007557 -0.005635 -0.007359 -0.005892 
0.002538 -0.003117 0.002558 -0.003101 
0.002678 -0.001578 0.002684 -0.001568 
0.007658 0.002015 0.007607 0.002201 
-0.011128 -0.002088 -0.011011 -0.002638 
-0.002283 0.007544 -0.002464 0.007486 
0.004708 -0.007741 0.004951 -0.007588 
-0.003546 0.003603 -0.003581 0.003568 
-0.002383 0.007512 -0.002563 0.007452 
0.005247 -0.008278 0.005551 -0.008077 
0.002691 -0.001649 0.002698 -0.001639 
0.010246 0.005536 0.009942 0.006067 
0.007478 0.005882 0.007267 0.006141 
0.001687 0.006148 0.001590 0.006173 
0.005623 -0.007355 0.005864 -0.007164 
0.007536 0.004357 0.007405 0.004576 
-0.001479 -0.002262 -0.001472 -0.002266 
0.005234 -0.003076 0.005277 -0.003001 
-0.005139 0.004717 -0.005227 0.004619 
0.008271 0.001668 0.008222 0.001896 
0.010728 0.002642 0.010591 0.003146 
0.002202 -0.007951 0.002411 -0.007890 
-0.005734 0.008763 -0.006101 0.008512 
-0.001738 0.003022 -0.001752 0.003014 
0.001030 0.002414 0.001023 0.002417 
-0.003055 0.007966 -0.003278 0.007877 
0.007256 -0.003231 0.007333 -0.003053 
0.006628 -0.001382 0.006651 -0.001264 
-0.007956 -0.002535 -0.007884 -0.002748 
0.008688 0.005690 0.008443 0.006048 
0.003964 0.001092 0.003957 0.001118 
0.005697 -0.007160 0.005926 -0.006972 
0.007563 0.005590 0.007367 0.005845 
-0.001233 0.004005 -0.001260 0.003996 
0.007470 0.002519 0.007407 0.002698 
-0.007821 -0.004363 -0.007682 -0.004604 
0.003239 0.003090 0.003214 0.003115 
0.008308 0.005394 0.008098 0.005705 
0.003899 0.001106 0.003892 0.001130 
0.003817 -0.009687 0.004220 -0.009518 
-0.005435 -0.006545 -0.005249 -0.006695 
-0.006141 0.002642 -0.006186 0.002536 
0.002769 -0.003769 0.002801 -0.003746 
0.002437 -0.007939 0.002648 -0.007871 
-0.005563 0.007488 -0.005812 0.007296 
-0.003327 -0.001087 -0.003322 -0.001103 
-0.001321 0.007532 -0.001491 0.007500 
0.001220 0.002752 0.001210 0.002756 
-0.005209 0.007216 -0.005427 0.007053 
-0.002536 -0.005769 -0.002447 -0.005807 
0.000882 0.002386 0.000877 0.002388 
-0.006108 0.002829 -0.006157 0.002721 
0.002437 -0.002976 0.002454 -0.002962 
0.001436 -0.001712 0.001439 -0.001709 
0.000376 0.009230 0.000071 0.009238 
0.009579 0.005536 0.009306 0.005984 
0.007828 0.002244 0.007768 0.002444 
0.005012 0.007198 0.004795 0.007344 
0.006279 -0.001010 0.006294 -0.000912 
-0.007526 -0.005756 -0.007321 -0.006014 
0.003439 -0.002933 0.003462 -0.002905 
0.007249 -0.003284 0.007327 -0.003106 
0.006317 -0.001271 0.006337 -0.001169 
-0.009041 -0.005945 -0.008762 -0.006348 
-0.004960 -0.007598 -0.004715 -0.007752 
-0.007963 -0.006320 -0.007704 -0.006634 
0.001943 -0.008791 0.002218 -0.008726 
0.002343 -0.007635 0.002531 -0.007575 
-0.004859 0.007275 -0.005072 0.007128 
-0.010229 -0.005923 -0.009894 -0.006468 
-0.006773 -0.005054 -0.006630 -0.005239 
0.005755 -0.002452 0.005792 -0.002364 
-0.001995 0.007459 -0.002167 0.007411 
-0.001854 0.001868 -0.001859 0.001863 
0.001047 -0.001695 0.001049 -0.001693 
-0.000150 0.005940 -0.000232 0.005937 
0.002260 -0.007571 0.002442 -0.007514 
0.004935 -0.003460 0.004983 -0.003390 
-0.006986 0.002772 -0.007044 0.002619 
-0.003150 -0.003173 -0.003125 -0.003197 
-0.002851 -0.003340 -0.002826 -0.003361 
-0.005429 -0.007892 -0.005145 -0.008080 
-0.009219 -0.005995 -0.008929 -0.006420 
-0.003046 -0.007651 -0.002844 -0.007728 
0.001541 -0.007804 0.001732 -0.007764 
0.000617 -0.002363 0.000622 -0.002361 
-0.005406 0.004479 -0.005490 0.004375 
0.006388 -0.000751 0.006399 -0.000648 
-0.007893 -0.003426 -0.007791 -0.003650 
0.005309 0.006445 0.005133 0.006586 
0.005577 -0.002471 0.005612 -0.002391 
-0.001504 0.008814 -0.001776 0.008763 
-0.001862 0.008487 -0.002110 0.008429 
-0.004306 0.008591 -0.004610 0.008431 
0.001781 0.003087 0.001765 0.003095 
-0.001841 0.008505 -0.002090 0.008448 
0.000874 0.009110 0.000578 0.009133 
0.007891 0.002530 0.007821 0.002739 
-0.010101 -0.004437 -0.009881 -0.004908 
-0.005729 0.002494 -0.005766 0.002407 
0.001983 -0.004078 0.002015 -0.004062 
0.001843 -0.008985 0.002135 -0.008920 
0.005386 -0.007470 0.005628 -0.007289 
0.003489 0.002426 0.003472 0.002450 
0.007554 0.001502 0.007518 0.001675 
0.002551 0.001758 0.002545 0.001768 
0.000621 -0.002147 0.000625 -0.002146 
-0.005039 0.003497 -0.005090 0.003423 
0.004320 -0.007735 0.004553 -0.007600 
-0.002406 0.003507 -0.002431 0.003490 
0.005687 0.005337 0.005560 0.005470 
0.006227 -0.007644 0.006510 -0.007404 
0.007796 -0.000698 0.007810 -0.000513 
-0.000884 -0.009406 -0.000559 -0.009431 
-0.008632 -0.006067 -0.008363 -0.006434 
-0.002480 -0.001697 -0.002474 -0.001705 
0.001501 0.002540 0.001493 0.002545 
-0.005106 0.003317 -0.005153 0.003243 
0.006052 -0.002735 0.006098 -0.002632 
-0.003391 0.002521 -0.003408 0.002498 
-0.006497 0.002570 -0.006544 0.002447 
-0.005810 -0.005043 -0.005693 -0.005175 
-0.003140 0.011056 -0.003701 0.010881 
0.007155 0.004401 0.007032 0.004594 
-0.003226 -0.001277 -0.003220 -0.001292 
-0.002244 0.006387 -0.002357 0.006346 
-0.007604 -0.002254 -0.007547 -0.002438 
-0.004416 -0.007431 -0.004199 -0.007555 
-0.004017 -0.005598 -0.003914 -0.005671 
-0.001043 0.005925 -0.001126 0.005910 
-0.003426 -0.004817 -0.003360 -0.004863 
0.002833 0.007239 0.002663 0.007303 
-0.005039 0.007263 -0.005256 0.007107 
-0.008697 -0.005813 -0.008443 -0.006177 
-0.001674 -0.002772 -0.001663 -0.002778 
0.007933 -0.005072 0.008102 -0.004797 
0.005277 -0.008814 0.005632 -0.008591 
0.000577 -0.003115 0.000589 -0.003113 
-0.005942 -0.001424 -0.005920 -0.001510 
0.006597 -0.002395 0.006641 -0.002269 
0.001607 0.001502 0.001604 0.001505 
-0.007699 -0.002192 -0.007643 -0.002383 
-0.003168 -0.005038 -0.003099 -0.005081 
0.003173 0.006843 0.003021 0.006911 
0.002059 0.002664 0.002048 0.002673 
-0.002609 0.001260 -0.002614 0.001252 
-0.002984 -0.006164 -0.002872 -0.006217 
0.002116 0.000672 0.002115 0.000676 
-0.005370 -0.008060 -0.005074 -0.008250 
-0.007669 -0.005380 -0.007482 -0.005637 
0.003299 -0.002980 0.003321 -0.002955 
0.007776 -0.004265 0.007902 -0.004027 
0.004364 -0.002948 0.004395 -0.002901 
-0.004588 0.007389 -0.004803 0.007252 
0.002224 -0.001493 0.002228 -0.001487 
0.008578 0.004578 0.008404 0.004889 
0.001015 -0.004565 0.001054 -0.004556 
-0.007374 -0.002354 -0.007318 -0.002524 
0.007613 0.006460 0.007358 0.006749 
-0.001087 0.006004 -0.001174 0.005987 
-0.005103 -0.006978 -0.004899 -0.007122 
-0.006780 0.001464 -0.006806 0.001337 
0.010766 0.002400 0.010641 0.002904 
0.003197 -0.009204 0.003533 -0.009080 
-0.005770 -0.001005 -0.005756 -0.001082 
0.005056 -0.007376 0.005282 -0.007216 
0.005138 0.007436 0.004900 0.007595 
0.010056 0.005552 0.009760 0.006059 
0.010746 0.002821 0.010599 0.003331 
0.004255 -0.008843 0.004582 -0.008678 
-0.002153 -0.002974 -0.002138 -0.002985 
0.005471 -0.007629 0.005729 -0.007438 
0.003706 0.001675 0.003695 0.001699 
0.004715 -0.003329 0.004758 -0.003268 
-0.005157 0.006062 -0.005304 0.005934 
0.007189 0.005039 0.007035 0.005251 
-0.005835 0.003611 -0.005900 0.003504 
0.003073 0.001926 0.003063 0.001941 
0.001308 -0.001314 0.001310 -0.001312 
-0.001690 0.006832 -0.001821 0.006799 
-0.001577 -0.002316 -0.001570 -0.002321 
0.007093 -0.002490 0.007146 -0.002334 
0.001772 0.001544 0.001769 0.001548 
-0.003172 -0.002582 -0.003155 -0.002602 
-0.002941 -0.001577 -0.002934 -0.001590 
-0.001847 0.003525 -0.001868 0.003514 
0.005056 0.005944 0.004914 0.006061 
0.007524 -0.005462 0.007703 -0.005207 
0.005607 -0.007289 0.005842 -0.007101 
0.001557 0.003295 0.001540 0.003303 
-0.001999 0.008169 -0.002222 0.008111 
-0.005278 0.010413 -0.005820 0.010120 
-0.003872 0.007119 -0.004052 0.007019 
0.000635 -0.007893 0.000827 -0.007875 
-0.001790 -0.001524 -0.001787 -0.001528 
0.008419 0.001206 0.008382 0.001441 
0.006652 -0.000669 0.006662 -0.000554 
-0.003763 -0.007765 -0.003538 -0.007871 
-0.002809 -0.007309 -0.002634 -0.007373 
0.005142 -0.006969 0.005343 -0.006816 
0.010073 0.005325 0.009793 0.005825 
0.007723 0.006068 0.007491 0.006352 
-0.002061 0.006202 -0.002163 0.006167 
-0.002412 -0.001753 -0.002406 -0.001762 
0.003172 0.002873 0.003152 0.002896 
0.010157 0.004022 0.009961 0.004487 
0.004477 -0.003750 0.004526 -0.003691 
-0.005211 0.010143 -0.005715 0.009868 
0.000323 0.007550 0.000156 0.007555 
0.006706 0.002435 0.006657 0.002566 
-0.001014 0.005662 -0.001087 0.005649 
-0.005380 -0.006613 -0.005192 -0.006762 
-0.006566 -0.002154 -0.006525 -0.002275 
0.001449 -0.005927 0.001534 -0.005906 
0.002856 0.005847 0.002760 0.005893 
-0.002002 -0.003314 -0.001983 -0.003326 
0.002472 -0.001655 0.002478 -0.001646 
0.004694 0.005338 0.004588 0.005429 
0.001448 -0.006435 0.001556 -0.006409 
0.009169 0.003152 0.009049 0.003483 
-0.000750 -0.008472 -0.000512 -0.008490 
-0.007247 -0.000710 -0.007231 -0.000859 
0.004214 0.001383 0.004204 0.001415 
0.005746 -0.002623 0.005786 -0.002534 
-0.002011 0.000964 -0.002012 0.000960 
-0.003368 -0.004636 -0.003309 -0.004678 
0.008125 0.002762 0.008043 0.002993 
-0.005652 -0.007147 -0.005419 -0.007325 
-0.006532 0.001065 -0.006549 0.000954 
0.010163 0.005175 0.009890 0.005680 
0.006531 0.001540 0.006503 0.001654 
-0.001791 0.006642 -0.001912 0.006608 
-0.004124 -0.003269 -0.004088 -0.003313 
-0.008688 -0.006012 -0.008420 -0.006382 
-0.001943 -0.003129 -0.001927 -0.003139 
0.001167 -0.008535 0.001412 -0.008498 
0.001367 -0.005975 0.001454 -0.005955 
0.003654 0.006693 0.003502 0.006774 
0.001234 0.001730 0.001231 0.001732 
-0.009078 -0.000356 -0.009062 -0.000646 
-0.008248 0.002970 -0.008333 0.002723 
-0.008080 0.000680 -0.008094 0.000474 
-0.000846 0.008452 -0.001082 0.008425 
0.003147 0.007780 0.002933 0.007863 
-0.001555 0.008438 -0.001795 0.008391 
-0.001182 0.008256 -0.001404 0.008221 
-0.001666 0.007582 -0.001843 0.007541 
-0.003549 0.002833 -0.003572 0.002804 
-0.006998 0.002337 -0.007045 0.002189 
-0.004977 -0.006105 -0.004829 -0.006222 
-0.006313 0.003711 -0.006389 0.003579 
0.001090 0.002641 0.001081 0.002645 
-0.006225 0.007799 -0.006521 0.007553 
-0.006704 -0.000677 -0.006691 -0.000795 
0.002828 0.001581 0.002822 0.001592 
0.000664 -0.003107 0.000676 -0.003104 
-0.006501 -0.000384 -0.006494 -0.000491 
0.005559 0.001145 0.005545 0.001214 
-0.006423 0.009097 -0.006853 0.008778 
-0.005774 0.002453 -0.005811 0.002365 
0.002183 -0.008068 0.002400 -0.008006 
0.006740 -0.004983 0.006873 -0.004797 
-0.000934 -0.009223 -0.000627 -0.009249 
-0.010083 -0.005703 -0.009773 -0.006218 
-0.008788 -0.004356 -0.008619 -0.004681 
-0.002937 0.001481 -0.002943 0.001469 
-0.008318 -0.004559 -0.008155 -0.004846 
-0.002087 0.004192 -0.002122 0.004174 
0.005556 0.007400 0.005308 0.007580 
0.007733 0.001996 0.007681 0.002186 
-0.010590 -0.002755 -0.010451 -0.003243 
-0.006221 0.007814 -0.006518 0.007568 
-0.006622 -0.002031 -0.006584 -0.002153 
0.002009 -0.008773 0.002283 -0.008706 
0.002942 -0.007800 0.003151 -0.007718 
-0.007286 0.002728 -0.007347 0.002557 
-0.008536 -0.005324 -0.008321 -0.005655 
-0.003247 -0.001544 -0.003239 -0.001560 
-0.003691 0.002490 -0.003710 0.002462 
-0.006604 0.002425 -0.006649 0.002298 
-0.005423 -0.007827 -0.005145 -0.008012 
-0.009114 -0.003129 -0.008996 -0.003455 
-0.002218 0.006973 -0.002362 0.006926 
-0.002187 0.001196 -0.002189 0.001191 
-0.004149 -0.007943 -0.003900 -0.008068 
-0.003046 -0.007512 -0.002854 -0.007587 
0.005688 -0.007591 0.005949 -0.007388 
0.002035 -0.000027 0.002035 -0.000023 
-0.010150 -0.005506 -0.009852 -0.006022 
-0.006725 -0.005191 -0.006578 -0.005377 
0.005950 -0.010086 0.006477 -0.009756 
0.002977 -0.010594 0.003470 -0.010442 
-0.006949 -0.003999 -0.006848 -0.004171 
0.006869 0.001879 0.006830 0.002013 
-0.003441 0.002002 -0.003453 0.001981 
-0.006001 -0.001375 -0.005980 -0.001463 
0.005150 -0.007290 0.005373 -0.007127 
0.010485 0.005799 0.010147 0.006373 
0.010085 0.005336 0.009804 0.005837 
0.007363 0.001971 0.007317 0.002136 
0.004358 0.005135 0.004267 0.005210 
0.001981 -0.008536 0.002234 -0.008473 
0.004239 -0.007317 0.004440 -0.007197 
-0.001991 0.002578 -0.002001 0.002570 
0.002358 0.002504 0.002347 0.002515 
-0.001538 0.003656 -0.001560 0.003647 
0.002842 0.004968 0.002779 0.005003 
-0.003332 -0.004882 -0.003266 -0.004927 
0.008439 0.004536 0.008273 0.004833 
0.002322 -0.002893 0.002337 -0.002880 
0.001683 -0.002951 0.001697 -0.002944 
-0.004448 -0.001112 -0.004439 -0.001148 
-0.002901 0.008123 -0.003133 0.008037 
0.006849 -0.005031 0.006987 -0.004838 
0.000940 -0.006577 0.001052 -0.006560 
-0.001336 0.001500 -0.001338 0.001498 
-0.000660 -0.008932 -0.000382 -0.008948 
-0.008977 -0.006139 -0.008686 -0.006543 
-0.003213 -0.007812 -0.002996 -0.007897 
0.001741 -0.006761 0.001869 -0.006727 
0.001554 0.001622 0.001551 0.001625 
-0.006248 -0.001189 -0.006229 -0.001287 
0.006838 -0.002495 0.006888 -0.002354 
0.007310 0.002306 0.007256 0.002472 
-0.009791 -0.004833 -0.009558 -0.005279 
-0.006610 -0.000503 -0.006600 -0.000615 
0.003652 0.002491 0.003633 0.002519 
0.008048 -0.000194 0.008050 0.000008 
-0.000978 -0.008994 -0.000692 -0.009021 
-0.007127 -0.005130 -0.006971 -0.005340 
0.006583 -0.002175 0.006622 -0.002053 
0.002533 0.005870 0.002440 0.005909 
-0.001666 -0.002366 -0.001658 -0.002371 
0.006643 -0.002951 0.006702 -0.002814 
0.004526 0.000849 0.004519 0.000886 
0.003089 -0.008947 0.003397 -0.008834 
-0.009101 -0.000682 -0.009074 -0.000975 
-0.004911 0.003226 -0.004954 0.003160 
0.004526 -0.003419 0.004568 -0.003362 
-0.005169 0.003419 -0.005219 0.003342 
0.007752 -0.005201 0.007923 -0.004936 
0.004178 -0.010374 0.004675 -0.010159 
-0.002633 -0.005975 -0.002534 -0.006018 
0.008678 0.000514 0.008659 0.000768 
0.007343 -0.003194 0.007420 -0.003011 
0.008660 -0.000888 0.008682 -0.000634 
0.003385 -0.009464 0.003753 -0.009324 
-0.009187 0.001007 -0.009215 0.000702 
-0.002516 0.010724 -0.003017 0.010594 
0.007464 0.005097 0.007299 0.005330 
-0.004255 0.008266 -0.004529 0.008119 
0.002154 0.003151 0.002136 0.003163 
-0.001839 0.007507 -0.002012 0.007462 
-0.002871 0.001279 -0.002876 0.001268 
-0.003167 -0.004916 -0.003102 -0.004957 
0.007478 0.004683 0.007333 0.004906 
-0.003021 -0.002770 -0.003003 -0.002789 
-0.002092 -0.003505 -0.002070 -0.003518 
0.002277 -0.006676 0.002405 -0.006631 
0.006807 -0.000602 0.006816 -0.000478 
-0.005870 -0.005277 -0.005741 -0.005417 
-0.004094 0.009869 -0.004526 0.009679 
0.003572 0.005766 0.003469 0.005828 
0.003508 -0.002792 0.003530 -0.002764 
0.005770 -0.005084 0.005885 -0.004951 
-0.003172 -0.007858 -0.002952 -0.007943 
0.000651 -0.007674 0.000827 -0.007657 
-0.003523 -0.003381 -0.003492 -0.003413 
-0.010920 -0.003052 -0.010754 -0.003591 
-0.005855 0.008919 -0.006242 0.008653 
-0.006735 0.002269 -0.006778 0.002136 
-0.005270 -0.007360 -0.005034 -0.007523 
-0.006265 -0.001378 -0.006242 -0.001477 
0.004664 -0.008267 0.004950 -0.008100 
-0.003175 -0.001872 -0.003165 -0.001889 
-0.001890 0.002833 -0.001903 0.002824 
0.003505 0.003101 0.003479 0.003131 
0.007877 0.003238 0.007783 0.003458 
-0.002029 -0.006123 -0.001930 -0.006155 
0.004892 -0.004460 0.004967 -0.004376 
-0.006463 0.001377 -0.006486 0.001268 
0.008927 0.006120 0.008641 0.006518 
0.002479 0.005748 0.002392 0.005785 
-0.002166 -0.003524 -0.002143 -0.003538 
-0.001053 -0.008942 -0.000772 -0.008970 
-0.007742 -0.002456 -0.007676 -0.002653 
0.006915 0.003872 0.006819 0.004039 
-0.005479 -0.001195 -0.005464 -0.001261 
0.003016 -0.008237 0.003260 -0.008143 
-0.006293 0.002525 -0.006337 0.002412 
0.000615 -0.003133 0.000627 -0.003130 
-0.007101 -0.001209 -0.007075 -0.001351 
0.003873 0.001854 0.003859 0.001882 
0.006109 -0.005330 0.006243 -0.005173 
-0.005776 -0.006342 -0.005593 -0.006504 
-0.006569 0.002116 -0.006607 0.001995 
-0.005204 -0.006862 -0.005004 -0.007009 
-0.008374 0.000764 -0.008392 0.000534 
0.001064 0.006305 0.000964 0.006321 
0.002774 -0.007543 0.002962 -0.007472 
-0.005603 0.007393 -0.005846 0.007202 
-0.003073 -0.003581 -0.003042 -0.003608 
-0.002637 -0.007113 -0.002478 -0.007170 
0.001103 -0.001848 0.001106 -0.001846 
-0.001144 0.005899 -0.001226 0.005882 
-0.010075 -0.005491 -0.009782 -0.005998 
-0.007006 -0.004105 -0.006899 -0.004282 
0.007451 0.002178 0.007398 0.002351 
0.003632 0.005995 0.003517 0.006063 
0.001733 -0.002065 0.001738 -0.002061 
-0.003318 0.002858 -0.003339 0.002833 
-0.007250 0.005292 -0.007411 0.005063 
0.000999 0.008928 0.000720 0.008954 
0.007921 0.002572 0.007849 0.002783 
-0.010232 -0.004912 -0.009974 -0.005416 
-0.009255 0.000967 -0.009282 0.000656 
-0.004421 0.010135 -0.004896 0.009915 
0.005917 0.004908 0.005803 0.005042 
0.004351 -0.008813 0.004677 -0.008644 
-0.002075 -0.002981 -0.002060 -0.002992 
0.002395 -0.006785 0.002531 -0.006736 
0.005916 0.000311 0.005911 0.000392 
-0.006630 -0.002146 -0.006588 -0.002270 
0.001580 -0.006680 0.001701 -0.006650 
0.002005 0.001469 0.002001 0.001473 
-0.001772 -0.002971 -0.001759 -0.002979 
0.006215 -0.008732 0.006597 -0.008447 
0.005685 -0.002519 0.005722 -0.002434 
-0.001169 0.005587 -0.001239 0.005572 
-0.010916 -0.002520 -0.010780 -0.003047 
-0.005349 0.007132 -0.005566 0.006964 
-0.010319 -0.003800 -0.010130 -0.004279 
-0.007811 0.003867 -0.007922 0.003636 
-0.005356 0.005602 -0.005485 0.005476 
0.008253 0.004672 0.008085 0.004957 
0.000702 -0.002298 0.000708 -0.002297 
-0.005984 0.005040 -0.006102 0.004897 
0.003349 0.004525 0.003293 0.004565 
-0.007823 -0.002585 -0.007753 -0.002790 
0.007436 0.005795 0.007232 0.006048 
-0.001101 0.003376 -0.001117 0.003371 
0.006551 -0.001405 0.006574 -0.001291 
-0.010482 -0.002903 -0.010338 -0.003380 
-0.004433 0.010028 -0.004894 0.009811 
0.003596 0.006599 0.003451 0.006676 
0.002029 0.003094 0.002012 0.003105 
-0.002059 0.008379 -0.002300 0.008316 
-0.003939 0.006972 -0.004111 0.006872 
0.001375 -0.008638 0.001630 -0.008593 
-0.000805 -0.007102 -0.000665 -0.007117 
-0.007461 0.002998 -0.007534 0.002810 
-0.006357 0.001196 -0.006376 0.001093 
0.007413 0.004709 0.007269 0.004929 
-0.004200 -0.002162 -0.004181 -0.002198 
-0.004730 0.002989 -0.004766 0.002931 
0.004363 -0.009978 0.004817 -0.009768 
-0.003745 -0.007394 -0.003547 -0.007491 
-0.002231 -0.000490 -0.002230 -0.000494 
0.007832 0.002284 0.007770 0.002486 
-0.009993 -0.003829 -0.009814 -0.004268 
-0.006169 0.003870 -0.006247 0.003743 
0.002138 0.000892 0.002136 0.000896 
-0.004362 -0.004891 -0.004280 -0.004962 
-0.002159 0.007690 -0.002349 0.007635 
-0.006293 0.002674 -0.006340 0.002559 
0.001738 -0.003173 0.001754 -0.003164 
-0.003313 -0.001248 -0.003307 -0.001264 
-0.001281 0.005917 -0.001365 0.005899 
-0.007087 -0.003780 -0.006991 -0.003956 
0.005978 0.000556 0.005970 0.000640 
-0.007356 0.000319 -0.007361 0.000164 
0.002616 0.006835 0.002474 0.006888 
-0.003661 0.001734 -0.003672 0.001711 
-0.009029 0.000588 -0.009043 0.000301 
-0.002816 0.009254 -0.003150 0.009146 
0.005825 0.000435 0.005818 0.000512 
-0.009034 -0.000788 -0.009004 -0.001075 
-0.006805 0.003827 -0.006893 0.003665 
-0.000623 0.002270 -0.000628 0.002269 
0.007475 -0.003795 0.007576 -0.003590 
0.007629 -0.004179 0.007748 -0.003953 
0.005131 -0.005635 0.005256 -0.005518 
-0.008795 -0.004462 -0.008620 -0.004790 
-0.002039 0.001450 -0.002042 0.001445 
-0.002314 -0.006707 -0.002183 -0.006751 
0.006998 -0.003986 0.007096 -0.003809 
0.001012 -0.003091 0.001025 -0.003087 
-0.007480 -0.000799 -0.007461 -0.000963 
-0.002533 0.001757 -0.002539 0.001748 
-0.003953 -0.001757 -0.003941 -0.001785 
-0.007727 0.005417 -0.007909 0.005147 
-0.005189 0.009823 -0.005652 0.009564 
-0.000725 0.006109 -0.000814 0.006098 
0.001755 -0.003701 0.001779 -0.003689 
-0.003580 -0.006256 -0.003454 -0.006327 
-0.001572 0.002523 -0.001580 0.002518 
0.003685 0.002528 0.003666 0.002556 
0.005798 0.000498 0.005791 0.000574 
-0.007850 -0.002027 -0.007796 -0.002226 
-0.005318 -0.006008 -0.005167 -0.006139 
-0.005021 0.003298 -0.005067 0.003227 
0.007322 -0.002299 0.007373 -0.002132 
0.007907 0.005953 0.007676 0.006249 
-0.000734 0.007414 -0.000893 0.007397 
0.003417 0.000912 0.003412 0.000929 
0.000253 -0.006385 0.000354 -0.006380 
-0.001339 0.005832 -0.001419 0.005813 
-0.002422 -0.007343 -0.002251 -0.007397 
0.001042 -0.003563 0.001061 -0.003557 
-0.006095 -0.001270 -0.006076 -0.001361 
0.006911 -0.004961 0.007047 -0.004766 
-0.000967 -0.009262 -0.000656 -0.009289 
-0.008773 -0.005546 -0.008534 -0.005907 
-0.001466 -0.002493 -0.001458 -0.002497 
0.006931 -0.003936 0.007026 -0.003764 
0.000426 -0.002098 0.000429 -0.002097 
-0.005073 0.004437 -0.005150 0.004347 
0.005692 0.000217 0.005689 0.000288 
-0.006759 -0.002258 -0.006713 -0.002391 
-0.001595 -0.007073 -0.001451 -0.007104 
-0.003089 0.008946 -0.003397 0.008833 
0.007205 -0.000368 0.007211 -0.000222 
-0.003242 -0.007677 -0.003034 -0.007761 
0.000561 -0.009010 0.000845 -0.008988 
-0.002314 -0.006059 -0.002215 -0.006096 
0.008668 -0.000574 0.008681 -0.000321 
0.006057 -0.008400 0.006401 -0.008141 
0.006926 -0.002832 0.006986 -0.002682 
0.001787 0.002850 0.001774 0.002858 
-0.000870 0.005781 -0.000947 0.005769 
-0.003282 -0.004569 -0.003226 -0.004609 
0.010370 0.002231 0.010263 0.002680 
0.005610 -0.007384 0.005852 -0.007193 
0.007774 0.005537 0.007574 0.005808 
-0.002041 0.003118 -0.002058 0.003106 
0.002159 0.001752 0.002154 0.001758 
0.002663 -0.002040 0.002672 -0.002028 
0.003883 0.001479 0.003873 0.001505 
0.007771 -0.004111 0.007891 -0.003877 
0.005254 -0.004342 0.005332 -0.004247 
-0.006180 -0.000190 -0.006176 -0.000282 
0.008528 0.000942 0.008498 0.001185 
0.007600 0.001561 0.007561 0.001738 
0.004134 0.001070 0.004126 0.001099 
0.004991 -0.007213 0.005203 -0.007061 
0.008750 0.004754 0.008561 0.005086 
0.001604 -0.004242 0.001637 -0.004229 
-0.004238 -0.008215 -0.003964 -0.008351 
-0.002429 -0.005815 -0.002340 -0.005852 
0.008401 0.001378 0.008359 0.001613 
0.008451 0.000299 0.008440 0.000533 
0.005888 -0.005584 0.006028 -0.005432 
-0.005293 -0.006295 -0.005126 -0.006431 
-0.007384 0.003898 -0.007487 0.003697 
-0.003368 0.002611 -0.003386 0.002588 
-0.007429 -0.002121 -0.007378 -0.002293 
-0.003432 -0.001376 -0.003425 -0.001394 
-0.001185 0.006894 -0.001315 0.006870 
0.000805 -0.004371 0.000839 -0.004365 
-0.007380 -0.004476 -0.007248 -0.004687 
0.003859 0.001743 0.003847 0.001769 
0.007293 -0.002670 0.007353 -0.002499 
0.002022 0.003144 0.002005 0.003155 
-0.001720 0.008502 -0.001967 0.008448 
-0.001684 0.006952 -0.001821 0.006917 
-0.002073 -0.003274 -0.002054 -0.003286 
0.002285 -0.006403 0.002399 -0.006361 
0.007864 -0.000675 0.007878 -0.000485 
0.001311 -0.006122 0.001404 -0.006102 
0.010602 0.002307 0.010486 0.002788 
0.003145 -0.009195 0.003479 -0.009074 
-0.009421 -0.001308 -0.009370 -0.001638 
-0.008074 -0.001155 -0.008041 -0.001362 
-0.003758 0.002860 -0.003783 0.002827 
-0.007809 0.005490 -0.007998 0.005211 
-0.004315 0.010105 -0.004782 0.009892 
0.002712 0.005597 0.002628 0.005637 
-0.001592 -0.001692 -0.001588 -0.001696 
0.008318 0.002142 0.008254 0.002379 
0.007018 0.004952 0.006874 0.005151 
-0.004972 0.003101 -0.005012 0.003035 
0.002990 -0.008516 0.003258 -0.008417 
-0.007816 0.003571 -0.007915 0.003346 
-0.005048 0.004390 -0.005123 0.004302 
0.008426 0.000547 0.008408 0.000780 
0.007295 -0.002811 0.007359 -0.002638 
0.006934 0.004158 0.006827 0.004332 
-0.006576 0.000004 -0.006575 -0.000106 
0.008524 0.000027 0.008520 0.000266 
0.005903 -0.005016 0.006018 -0.004878 
-0.003930 -0.004935 -0.003853 -0.004995 
0.002491 0.005473 0.002415 0.005507 
-0.004572 -0.000865 -0.004565 -0.000903 
-0.005579 0.009988 -0.006078 0.009693 
-0.005026 0.007007 -0.005225 0.006859 
-0.003410 -0.004564 -0.003352 -0.004607 
0.007732 0.005852 0.007514 0.006129 
-0.000676 0.006721 -0.000795 0.006708 
0.002332 -0.001425 0.002337 -0.001418 
0.010149 0.005082 0.009883 0.005582 
0.005692 0.001576 0.005670 0.001653 
-0.005732 0.008600 -0.006083 0.008356 
-0.000954 0.002996 -0.000965 0.002992 
0.008771 0.001455 0.008722 0.001723 
0.007229 0.000850 0.007210 0.000998 
0.001756 -0.004484 0.001797 -0.004468 
-0.003513 -0.004876 -0.003445 -0.004924 
0.002942 0.004711 0.002885 0.004746 
-0.010074 -0.005176 -0.009804 -0.005669 
-0.006075 -0.001012 -0.006060 -0.001101 
0.006949 -0.005169 0.007096 -0.004965 
0.000514 -0.007833 0.000701 -0.007818 
-0.003403 -0.001004 -0.003398 -0.001020 
-0.001665 0.006144 -0.001761 0.006117 
-0.002973 -0.002815 -0.002955 -0.002834 
-0.003980 -0.001998 -0.003965 -0.002029 
-0.006218 0.004987 -0.006339 0.004833 
0.004854 0.005872 0.004721 0.005979 
0.006715 -0.002737 0.006770 -0.002599 
0.001458 0.001536 0.001456 0.001539 
-0.007579 -0.001734 -0.007537 -0.001911 
-0.006224 -0.005718 -0.006064 -0.005888 
-0.006286 0.008344 -0.006633 0.008071 
-0.007985 -0.001434 -0.007946 -0.001637 
-0.002753 -0.003611 -0.002724 -0.003633 
-0.002534 -0.006140 -0.002429 -0.006183 
0.008915 0.000204 0.008904 0.000478 
0.004211 -0.003553 0.004253 -0.003503 
-0.005014 0.006646 -0.005190 0.006509 
-0.004783 -0.007097 -0.004580 -0.007230 
-0.008435 -0.001872 -0.008378 -0.002115 
-0.007209 -0.005003 -0.007057 -0.005216 
0.007922 -0.005109 0.008093 -0.004834 
0.006171 -0.009080 0.006588 -0.008782 
0.004219 -0.003086 0.004252 -0.003041 
-0.004889 0.006509 -0.005054 0.006382 
-0.002857 -0.008075 -0.002626 -0.008153 
0.001267 -0.008939 0.001548 -0.008894 
0.006278 -0.009015 0.006692 -0.008712 
0.007612 -0.003039 0.007689 -0.002840 
0.008436 0.000600 0.008416 0.000833 
0.004703 -0.003163 0.004742 -0.003104 
-0.006453 0.003538 -0.006526 0.003402 
0.002882 0.001836 0.002874 0.001849 
0.002167 -0.001293 0.002171 -0.001288 
0.006908 0.005512 0.006738 0.005718 
-0.005527 0.007466 -0.005773 0.007277 
-0.001719 -0.001689 -0.001715 -0.001693 
0.007863 0.000856 0.007840 0.001047 
0.001449 -0.001628 0.001452 -0.001626 
-0.000611 0.006174 -0.000703 0.006165 
0.001721 -0.002993 0.001734 -0.002985 
-0.003980 -0.001787 -0.003966 -0.001816 
-0.007916 0.003462 -0.008012 0.003231 
-0.008650 -0.000228 -0.008639 -0.000478 
-0.005910 0.002305 -0.005945 0.002212 
0.000224 -0.005860 0.000302 -0.005856 
-0.001581 0.008561 -0.001832 0.008511 
-0.002347 0.007339 -0.002515 0.007283 
-0.006017 0.002507 -0.006058 0.002408 
0.002128 -0.001425 0.002132 -0.001420 
0.003829 0.006124 0.003705 0.006201 
0.000688 -0.003111 0.000700 -0.003108 
-0.005958 -0.001374 -0.005938 -0.001460 
0.005169 -0.006877 0.005364 -0.006726 
0.005104 0.007392 0.004870 0.007548 
0.006677 0.005033 0.006538 0.005212 
-0.005808 0.008706 -0.006172 0.008452 
-0.007092 0.002631 -0.007148 0.002474 
-0.009820 -0.005027 -0.009573 -0.005484 
-0.006109 0.001293 -0.006128 0.001201 
0.008523 0.004255 0.008369 0.004552 
0.000631 -0.003249 0.000645 -0.003247 
-0.008716 -0.001114 -0.008679 -0.001374 
-0.007156 0.000579 -0.007166 0.000436 
0.003732 0.006871 0.003568 0.006958 
0.001983 0.002519 0.001973 0.002527 
-0.001961 0.001869 -0.001966 0.001864 
0.002729 -0.003116 0.002750 -0.003098 
0.002282 -0.001941 0.002289 -0.001933 
0.001940 0.000455 0.001939 0.000458 
-0.010492 -0.002977 -0.010344 -0.003457 
-0.004649 0.007598 -0.004880 0.007451 
0.000577 -0.001670 0.000579 -0.001670 
-0.005825 0.007811 -0.006108 0.007591 
-0.009157 0.000672 -0.009174 0.000373 
-0.003587 0.008088 -0.003831 0.007975 
0.005753 -0.003944 0.005826 -0.003835 
-0.001844 -0.001287 -0.001841 -0.001290 
0.006067 0.001072 0.006051 0.001161 
-0.002998 0.010811 -0.003521 0.010652 
0.010029 0.004812 0.009787 0.005287 
0.006732 0.001043 0.006712 0.001164 
-0.003819 -0.003123 -0.003789 -0.003158 
-0.008190 -0.002417 -0.008119 -0.002648 
0.006954 0.003942 0.006855 0.004113 
-0.006144 -0.001306 -0.006124 -0.001399 
0.005065 -0.004210 0.005135 -0.004124 
-0.007677 -0.002065 -0.007624 -0.002252 
-0.005513 -0.008039 -0.005213 -0.008237 
-0.007450 -0.005640 -0.007255 -0.005889 
0.002869 -0.003030 0.002889 -0.003011 
0.006010 -0.002446 0.006049 -0.002348 
-0.003648 0.002645 -0.003669 0.002616 
-0.006412 0.002384 -0.006454 0.002268 
-0.005120 -0.007053 -0.004910 -0.007201 
-0.005963 -0.001427 -0.005942 -0.001514 
0.006971 -0.002685 0.007028 -0.002534 
0.002048 0.001799 0.002043 0.001805 
-0.002205 -0.000743 -0.002204 -0.000747 
0.009230 0.006183 0.008924 0.006616 
0.002246 0.006693 0.002117 0.006735 
-0.001859 0.001736 -0.001864 0.001731 
-0.001021 -0.006811 -0.000896 -0.006829 
-0.005710 0.008671 -0.006067 0.008425 
-0.001781 0.002427 -0.001790 0.002421 
0.001643 0.002366 0.001635 0.002372 
-0.006229 0.005086 -0.006354 0.004928 
0.002226 0.006425 0.002111 0.006464 
-0.007029 0.002723 -0.007087 0.002568 
-0.001839 -0.003354 -0.001820 -0.003365 
0.001948 -0.007698 0.002136 -0.007649 
0.004945 -0.005291 0.005052 -0.005190 
-0.008650 -0.004478 -0.008479 -0.004792 
-0.001746 0.001892 -0.001750 0.001888 
0.003257 -0.001819 0.003267 -0.001802 
0.007333 0.001805 0.007292 0.001966 
0.003609 0.004711 0.003545 0.004759 
-0.002463 -0.005746 -0.002376 -0.005783 
0.006199 -0.000975 0.006213 -0.000880 
-0.007677 -0.005739 -0.007468 -0.006008 
0.003287 -0.003581 0.003319 -0.003551 
0.005136 -0.008479 0.005455 -0.008278 
-0.002111 -0.003221 -0.002092 -0.003233 
0.001030 -0.005887 0.001112 -0.005872 
0.010115 0.005062 0.009852 0.005557 
0.005455 0.001004 0.005443 0.001069 
-0.005203 0.006974 -0.005405 0.006819 
-0.003435 -0.007227 -0.003255 -0.007310 
-0.003790 -0.001997 -0.003775 -0.002024 
-0.007952 0.003993 -0.008070 0.003747 
-0.007241 0.002728 -0.007302 0.002560 
-0.003292 -0.002981 -0.003269 -0.003006 
-0.009122 -0.006052 -0.008831 -0.006469 
-0.002778 -0.006966 -0.002625 -0.007025 
0.002461 -0.010637 0.002949 -0.010512 
-0.007995 -0.002421 -0.007927 -0.002636 
0.007548 0.004495 0.007410 0.004719 
-0.004458 -0.001298 -0.004447 -0.001336 
-0.004005 0.010202 -0.004475 0.010005 
0.003206 0.007816 0.002989 0.007902 
-0.000384 0.006010 -0.000469 0.006004 
0.001735 -0.008587 0.001989 -0.008532 
0.003143 -0.008163 0.003383 -0.008066 
-0.005306 0.004349 -0.005385 0.004251 
0.006596 0.001818 0.006562 0.001938 
-0.003471 0.003429 -0.003503 0.003397 
-0.005830 0.008450 -0.006170 0.008206 
-0.000967 0.001691 -0.000969 0.001690 
0.004105 -0.009651 0.004512 -0.009467 
-0.003553 -0.004730 -0.003489 -0.004778 
0.005390 0.007329 0.005152 0.007498 
0.008207 0.004863 0.008031 0.005149 
0.003230 -0.002950 0.003251 -0.002926 
0.007347 -0.003980 0.007452 -0.003780 
0.004772 -0.002987 0.004809 -0.002929 
-0.006528 0.003550 -0.006602 0.003410 
0.004393 0.000907 0.004386 0.000941 
0.005399 -0.010257 0.005925 -0.009963 
0.005510 -0.010420 0.006062 -0.010109 
0.005388 -0.006808 0.005585 -0.006647 
0.010078 0.005597 0.009777 0.006108 
0.010815 0.003497 0.010626 0.004033 
0.005274 -0.010137 0.005780 -0.009858 
0.002043 -0.006672 0.002169 -0.006633 
0.007513 0.002243 0.007457 0.002421 
0.003366 0.004920 0.003298 0.004965 
-0.003591 -0.004630 -0.003529 -0.004677 
0.008582 0.005575 0.008349 0.005918 
0.001742 0.000218 0.001741 0.000220 
-0.007596 -0.004314 -0.007465 -0.004537 
0.001667 0.000525 0.001666 0.000527 
-0.009502 -0.003478 -0.009357 -0.003852 
-0.001226 0.005867 -0.001307 0.005850 
-0.007461 -0.004614 -0.007320 -0.004835 
0.000972 0.002419 0.000965 0.002422 
-0.004688 0.003274 -0.004729 0.003214 
0.007058 -0.001901 0.007096 -0.001755 
0.003324 0.004896 0.003257 0.004941 
-0.003280 -0.006795 -0.003130 -0.006866 
0.006229 -0.009131 0.006654 -0.008826 
0.005152 -0.004629 0.005237 -0.004532 
-0.005825 -0.001292 -0.005807 -0.001372 
0.006376 -0.009129 0.006807 -0.008813 
0.008002 -0.003953 0.008120 -0.003705 
0.006697 -0.004938 0.006827 -0.004757 
0.000338 -0.008875 0.000609 -0.008860 
-0.005155 -0.006029 -0.005007 -0.006153 
-0.007153 0.003176 -0.007227 0.003005 
-0.001568 0.001292 -0.001570 0.001289 
-0.000804 -0.009046 -0.000514 -0.009067 
-0.008748 -0.004924 -0.008549 -0.005262 
-0.003476 0.003269 -0.003505 0.003238 
-0.002621 0.009381 -0.002963 0.009278 
0.007164 0.002416 0.007109 0.002574 
0.004359 0.005236 0.004264 0.005313 
-0.001295 -0.006851 -0.001165 -0.006874 
-0.005363 0.007220 -0.005587 0.007049 
-0.007705 -0.002578 -0.007636 -0.002774 
0.007303 0.005447 0.007124 0.005679 
-0.002072 0.002515 -0.002082 0.002507 
0.001207 -0.003390 0.001224 -0.003384 
-0.002077 -0.000453 -0.002076 -0.000457 
0.010433 0.005339 0.010134 0.005886 
0.006817 0.004111 0.006714 0.004277 
-0.007755 -0.001522 -0.007715 -0.001709 
-0.002156 -0.000692 -0.002154 -0.000696 
0.008077 0.003033 0.007987 0.003265 
-0.004179 -0.006295 -0.004039 -0.006386 
-0.001596 0.001345 -0.001598 0.001343 
0.001440 -0.006018 0.001529 -0.005996 
0.010214 0.005142 0.009941 0.005652 
0.007419 -0.000794 0.007435 -0.000634 
-0.006054 -0.005279 -0.005920 -0.005428 
-0.004667 0.007504 -0.004892 0.007360 
0.000421 -0.001905 0.000424 -0.001904 
-0.003409 0.007979 -0.003640 0.007876 
0.004386 -0.004591 0.004457 -0.004522 
-0.006091 -0.001441 -0.006068 -0.001534 
0.007050 -0.003808 0.007142 -0.003632 
0.003447 -0.003148 0.003474 -0.003119 
0.006691 -0.002463 0.006738 -0.002331 
0.002577 0.001681 0.002571 0.001690 
0.001920 -0.003186 0.001937 -0.003176 
-0.002293 -0.003074 -0.002275 -0.003087 
-0.001331 -0.006804 -0.001204 -0.006827 
-0.005682 0.010813 -0.006297 0.010467 
-0.002129 0.007834 -0.002328 0.007777 
0.006126 -0.008032 0.006439 -0.007783 
0.007733 -0.000309 0.007738 -0.000130 
-0.000353 -0.007165 -0.000210 -0.007171 
-0.005605 0.005705 -0.005745 0.005565 
0.008490 0.005713 0.008251 0.006053 
0.001758 0.002801 0.001746 0.002809 
0.001202 0.006239 0.001105 0.006257 
0.004693 -0.008490 0.004999 -0.008313 
-0.001728 -0.002697 -0.001718 -0.002704 
0.000857 -0.002466 0.000863 -0.002464 
-0.004707 0.003190 -0.004746 0.003130 
0.005677 -0.007045 0.005897 -0.006862 
0.009052 0.006230 0.008751 0.006647 
0.002528 0.005691 0.002442 0.005728 
-0.006280 0.000003 -0.006279 -0.000093 
0.006352 0.002166 0.006314 0.002276 
-0.002664 0.003407 -0.002689 0.003387 
-0.000943 0.007948 -0.001140 0.007922 
0.001311 0.002798 0.001300 0.002803 
-0.005918 0.008270 -0.006245 0.008026 
-0.007736 -0.000573 -0.007721 -0.000753 
-0.003581 0.003141 -0.003608 0.003110 
-0.005451 0.009964 -0.005942 0.009679 
-0.002027 0.007424 -0.002197 0.007375 
-0.001324 0.003665 -0.001346 0.003657 
0.008166 -0.000396 0.008173 -0.000185 
-0.000646 -0.008949 -0.000366 -0.008965 
-0.007644 -0.006188 -0.007407 -0.006469 
0.000143 -0.008998 0.000425 -0.008989 
-0.003388 -0.007496 -0.003190 -0.007582 
-0.002845 -0.002078 -0.002834 -0.002091 
-0.001250 0.003901 -0.001276 0.003893 
0.007600 0.005227 0.007424 0.005474 
-0.006055 0.007960 -0.006358 0.007720 
-0.005861 -0.000311 -0.005856 -0.000389 
0.007477 0.000892 0.007455 0.001056 
0.002687 -0.003853 0.002720 -0.003830 
0.000768 -0.008864 0.001039 -0.008836 
-0.003023 -0.005904 -0.002922 -0.005955 
0.006996 -0.000582 0.007005 -0.000449 
-0.004961 -0.006687 -0.004779 -0.006817 
-0.006687 -0.002130 -0.006645 -0.002257 
0.002122 -0.007515 0.002299 -0.007462 
0.007659 -0.005192 0.007827 -0.004935 
0.005411 -0.010503 0.005971 -0.010196 
0.001246 -0.006199 0.001342 -0.006179 
0.010100 0.004356 0.009885 0.004824 
0.004726 -0.003702 0.004778 -0.003636 
-0.004638 0.003305 -0.004680 0.003247 
0.005057 -0.006978 0.005255 -0.006830 
0.008566 0.003099 0.008462 0.003372 
-0.004038 -0.005454 -0.003940 -0.005525 
-0.000729 0.006584 -0.000841 0.006571 
0.002342 -0.001551 0.002347 -0.001544 
0.008588 0.004629 0.008412 0.004942 
0.001192 -0.001423 0.001194 -0.001422 
-0.001156 0.008777 -0.001422 0.008738 
-0.001883 0.007272 -0.002042 0.007229 
-0.003339 0.003920 -0.003379 0.003886 
-0.003228 0.008203 -0.003473 0.008103 
0.006108 -0.002896 0.006159 -0.002787 
-0.002837 0.002568 -0.002851 0.002552 
-0.002859 0.002850 -0.002877 0.002832 
-0.002481 0.001436 -0.002486 0.001428 
-0.003775 -0.005276 -0.003689 -0.005337 
0.003345 0.004443 0.003292 0.004482 
-0.010266 -0.004471 -0.010037 -0.004964 
-0.006123 0.005250 -0.006253 0.005094 
0.005931 0.004977 0.005814 0.005113 
0.005513 -0.007350 0.005750 -0.007166 
0.001990 0.001299 0.001987 0.001304 
-0.001739 -0.002918 -0.001726 -0.002925 
-0.001139 -0.007042 -0.001000 -0.007063 
-0.006100 0.005558 -0.006245 0.005396 
0.002830 0.007285 0.002657 0.007350 
-0.004665 0.008569 -0.004978 0.008392 
0.001358 0.002080 0.001353 0.002084 
-0.007330 0.002461 -0.007385 0.002290 
-0.002014 -0.002471 -0.002005 -0.002479 
0.003067 -0.003008 0.003088 -0.002986 
0.005977 -0.003447 0.006039 -0.003337 
-0.001801 -0.001671 -0.001797 -0.001676 
0.007395 0.001633 0.007357 0.001797 
0.001183 0.001322 0.001182 0.001323 
-0.006460 -0.000734 -0.006447 -0.000840 
0.003476 0.001706 0.003466 0.001726 
0.006856 -0.003702 0.006941 -0.003540 
0.003102 -0.003855 0.003139 -0.003825 
0.005232 -0.010404 0.005771 -0.010115 
-0.001436 -0.006526 -0.001323 -0.006550 
-0.005562 0.007424 -0.005806 0.007234 
-0.002365 -0.003324 -0.002344 -0.003340 
0.002150 -0.007017 0.002296 -0.006971 
0.006727 0.002189 0.006684 0.002319 
-0.001935 0.003674 -0.001960 0.003661 
0.004108 0.007495 0.003895 0.007608 
0.004028 0.007528 0.003814 0.007639 
0.003877 0.007479 0.003670 0.007583 
0.004669 0.004881 0.004582 0.004962 
-0.001195 -0.006955 -0.001061 -0.006977 
-0.004548 0.009090 -0.004908 0.008901 
0.001142 0.001970 0.001138 0.001972 
-0.006681 0.002401 -0.006727 0.002270 
-0.004920 -0.007262 -0.004702 -0.007405 
-0.008945 -0.001265 -0.008901 -0.001547 
-0.007662 -0.000687 -0.007645 -0.000862 
-0.000995 0.003269 -0.001010 0.003264 
0.006241 0.001181 0.006221 0.001278 
-0.002600 -0.001865 -0.002592 -0.001876 
-0.002830 0.002754 -0.002846 0.002737 
-0.002473 0.001693 -0.002479 0.001684 
-0.003166 -0.001329 -0.003160 -0.001343 
-0.000304 0.005729 -0.000377 0.005724 
0.000257 -0.008970 0.000537 -0.008958 
-0.003106 -0.006404 -0.002980 -0.006464 
0.002236 0.002759 0.002223 0.002770 
-0.002231 0.002286 -0.002240 0.002277 
0.003343 0.000508 0.003341 0.000523 
-0.000174 -0.007347 -0.000021 -0.007349 
-0.006220 0.002544 -0.006263 0.002435 
0.003081 -0.002843 0.003101 -0.002822 
0.007141 -0.002407 0.007192 -0.002250 
0.002434 0.002778 0.002419 0.002791 
0.003945 0.001213 0.003937 0.001239 
0.004365 -0.009961 0.004817 -0.009751 
-0.005308 -0.006485 -0.005130 -0.006627 
-0.007777 0.005694 -0.007977 0.005411 
-0.003882 0.010022 -0.004326 0.009838 
0.003500 0.006926 0.003337 0.007006 
0.002530 0.002836 0.002514 0.002850 
0.001897 0.001994 0.001892 0.002000 
-0.001269 -0.002473 -0.001262 -0.002477 
0.007237 -0.005317 0.007399 -0.005088 
0.000348 -0.008979 0.000628 -0.008964 
-0.005535 -0.005864 -0.005386 -0.006002 
-0.007670 0.002877 -0.007742 0.002677 
-0.002760 -0.000947 -0.002757 -0.000956 
0.003392 0.007001 0.003227 0.007078 
0.001899 0.000098 0.001899 0.000100 
-0.007686 -0.002294 -0.007627 -0.002485 
0.010255 0.005046 0.009987 0.005558 
0.007945 -0.000634 0.007958 -0.000439 
0.002441 -0.007748 0.002638 -0.007683 
0.005158 -0.004188 0.005229 -0.004099 
-0.007716 -0.002295 -0.007656 -0.002487 
-0.004883 -0.006783 -0.004698 -0.006912 
-0.006486 0.001122 -0.006504 0.001013 
0.006932 0.005139 0.006781 0.005337 
-0.007137 0.003755 -0.007230 0.003574 
-0.002272 0.001641 -0.002277 0.001635 
0.002046 -0.003537 0.002069 -0.003524 
-0.004429 -0.001208 -0.004419 -0.001244 
-0.004811 0.007289 -0.005024 0.007143 
0.003263 -0.002792 0.003283 -0.002768 
0.004943 -0.004220 0.005011 -0.004139 
-0.006678 0.001566 -0.006705 0.001444 
0.007233 0.002068 0.007186 0.002226 
-0.009026 -0.006165 -0.008731 -0.006576 
-0.002532 -0.006830 -0.002391 -0.006881 
0.007002 -0.003489 0.007083 -0.003322 
0.002346 -0.001418 0.002350 -0.001411 
0.002843 0.005588 0.002757 0.005631 
-0.005945 -0.000105 -0.005944 -0.000186 
0.005928 0.001742 0.005901 0.001829 
-0.005652 0.010151 -0.006175 0.009842 
-0.005497 0.007235 -0.005725 0.007056 
-0.003455 -0.001145 -0.003449 -0.001163 
-0.001502 0.006031 -0.001592 0.006008 
-0.006940 -0.005181 -0.006786 -0.005380 
0.007405 -0.003950 0.007510 -0.003746 
0.004807 -0.003413 0.004852 -0.003348 
-0.007990 0.005487 -0.008185 0.005192 
-0.005049 0.007343 -0.005272 0.007184 
-0.004168 -0.003643 -0.004124 -0.003692 
-0.007827 -0.002348 -0.007764 -0.002550 
0.009032 0.003039 0.008919 0.003354 
-0.000943 -0.008003 -0.000742 -0.008024 
-0.008115 -0.000502 -0.008100 -0.000710 
-0.002989 0.001297 -0.002994 0.001284 
-0.007812 -0.003211 -0.007721 -0.003426 
0.003260 0.004546 0.003205 0.004585 
-0.007210 -0.004540 -0.007079 -0.004740 
0.007444 -0.005661 0.007632 -0.005405 
0.002496 -0.009027 0.002801 -0.008937 
-0.005536 -0.001127 -0.005522 -0.001195 
0.005526 -0.008350 0.005846 -0.008129 
0.001698 -0.004368 0.001735 -0.004354 
-0.002689 -0.007128 -0.002528 -0.007187 
0.005706 -0.010270 0.006246 -0.009950 
0.005156 -0.007391 0.005386 -0.007226 
0.006539 0.003897 0.006450 0.004043 
-0.007597 -0.002254 -0.007540 -0.002438 
-0.002249 -0.006826 -0.002113 -0.006870 
0.006059 -0.002481 0.006100 -0.002380 
0.002040 0.000266 0.002039 0.000270 
-0.007903 -0.002290 -0.007841 -0.002497 
0.009237 0.003094 0.009117 0.003432 
-0.001314 -0.006671 -0.001194 -0.006694 
-0.006172 0.009142 -0.006596 0.008841 
-0.006884 0.002658 -0.006939 0.002513 
-0.004550 -0.001170 -0.004539 -0.001209 
-0.004578 0.009905 -0.005029 0.009683 
0.001974 0.006600 0.001852 0.006635 
-0.006354 0.005609 -0.006507 0.005430 
0.002941 0.004647 0.002887 0.004681 
-0.010124 -0.005666 -0.009815 -0.006185 
-0.006773 -0.003829 -0.006681 -0.003986 
0.006637 -0.000631 0.006647 -0.000516 
-0.003801 -0.006954 -0.003631 -0.007044 
-0.003078 -0.003578 -0.003047 -0.003604 
-0.005887 -0.007856 -0.005590 -0.008070 
-0.007397 -0.005566 -0.007208 -0.005808 
0.002494 -0.002998 0.002512 -0.002984 
0.002118 -0.001482 0.002121 -0.001476 
0.002781 0.007147 0.002618 0.007209 
-0.005573 0.008219 -0.005883 0.008000 
-0.008008 0.000595 -0.008020 0.000395 
-0.000902 0.007124 -0.001044 0.007104 
0.001513 0.001308 0.001511 0.001311 
-0.009109 0.001022 -0.009137 0.000725 
-0.005353 0.009874 -0.005829 0.009601 
-0.000939 0.007419 -0.001100 0.007397 
0.002076 0.003164 0.002058 0.003175 
-0.000344 0.005412 -0.000406 0.005408 
0.001094 -0.005873 0.001175 -0.005857 
0.004246 0.005152 0.004157 0.005225 
0.000837 -0.005668 0.000909 -0.005657 
0.002512 0.007181 0.002350 0.007235 
-0.005282 0.010093 -0.005782 0.009815 
-0.002044 0.008223 -0.002271 0.008163 
-0.004577 0.007611 -0.004807 0.007468 
0.000183 -0.002319 0.000188 -0.002318 
-0.005890 0.010178 -0.006426 0.009848 
-0.005191 0.006679 -0.005374 0.006533 
-0.010259 -0.005476 -0.009959 -0.006005 
-0.008008 -0.001618 -0.007964 -0.001825 
-0.003342 -0.000854 -0.003338 -0.000870 
-0.001524 0.005532 -0.001594 0.005512 
-0.005518 -0.007727 -0.005245 -0.007914 
-0.009062 -0.006139 -0.008767 -0.006553 
-0.005341 -0.007658 -0.005079 -0.007834 
-0.008252 -0.002979 -0.008160 -0.003224 
0.002648 0.006604 0.002518 0.006655 
-0.002126 0.001662 -0.002131 0.001656 
-0.002710 -0.005949 -0.002611 -0.005993 
0.003109 0.001038 0.003104 0.001051 
0.000583 -0.008532 0.000824 -0.008512 
-0.003508 -0.004922 -0.003438 -0.004971 
0.002742 0.006747 0.002603 0.006802 
-0.000844 0.001959 -0.000847 0.001958 
0.004316 -0.010079 0.004780 -0.009867 
-0.003481 -0.004943 -0.003411 -0.004991 
0.003056 0.007659 0.002853 0.007736 
-0.001527 0.008258 -0.001752 0.008213 
-0.002805 0.010668 -0.003305 0.010524 
0.009633 0.004997 0.009395 0.005431 
0.007671 0.000002 0.007669 0.000177 
0.000522 -0.007637 0.000695 -0.007623 
-0.003950 -0.003411 -0.003914 -0.003453 
-0.008861 -0.005422 -0.008627 -0.005787 
-0.004795 -0.000783 -0.004788 -0.000826 
-0.004671 0.007045 -0.004864 0.006913 
0.003004 -0.002109 0.003015 -0.002093 
0.007764 0.001880 0.007715 0.002072 
0.002735 0.003565 0.002707 0.003586 
0.003266 0.006873 0.003111 0.006945 
0.001079 0.002203 0.001074 0.002205 
-0.007103 0.005335 -0.007263 0.005115 
-0.002511 0.006560 -0.002636 0.006511 
-0.009074 0.000677 -0.009091 0.000386 
-0.005989 0.007710 -0.006269 0.007484 
-0.007591 -0.002066 -0.007539 -0.002247 
-0.002554 -0.000865 -0.002552 -0.000872 
0.003059 0.004688 0.003002 0.004725 
-0.008405 -0.005551 -0.008181 -0.005877 
-0.002916 -0.000718 -0.002914 -0.000728 
0.003642 0.004903 0.003570 0.004955 
-0.003749 -0.004744 -0.003681 -0.004796 
0.003068 0.004784 0.003008 0.004822 
-0.007546 -0.004793 -0.007394 -0.005024 
0.002863 0.001417 0.002857 0.001429 
0.000716 -0.004063 0.000743 -0.004058 
-0.008813 -0.006090 -0.008534 -0.006476 
-0.002511 -0.006711 -0.002378 -0.006759 
0.005935 -0.003001 0.005986 -0.002899 
-0.002322 0.001261 -0.002326 0.001255 
-0.005371 -0.006052 -0.005216 -0.006186 
-0.007139 0.002586 -0.007195 0.002426 
-0.003606 -0.003935 -0.003563 -0.003974 
-0.010934 -0.002825 -0.010781 -0.003361 
-0.004871 0.007309 -0.005087 0.007160 
-0.004021 -0.005594 -0.003917 -0.005667 
-0.000598 0.006585 -0.000710 0.006574 
0.001665 -0.001984 0.001670 -0.001979 
-0.000860 0.002491 -0.000866 0.002489 
0.005666 -0.002717 0.005706 -0.002630 
-0.002037 0.006837 -0.002172 0.006796 
-0.007050 -0.001801 -0.007012 -0.001945 
0.001172 -0.005925 0.001256 -0.005908 
0.008131 0.005638 0.007911 0.005942 
0.001953 0.001311 0.001950 0.001315 
-0.002498 -0.002749 -0.002483 -0.002762 
0.001361 -0.004112 0.001390 -0.004102 
-0.003070 -0.007667 -0.002866 -0.007745 
0.001477 -0.006140 0.001571 -0.006116 
0.007284 0.005573 0.007099 0.005807 
-0.003722 0.007161 -0.003902 0.007065 
0.001399 -0.009245 0.001711 -0.009192 
0.001548 -0.007582 0.001723 -0.007544 
0.000255 -0.002071 0.000258 -0.002070 
-0.005454 0.010115 -0.005964 0.009823 
-0.002775 0.010633 -0.003269 0.010492 
0.009034 0.006258 0.008732 0.006674 
0.005304 0.004976 0.005201 0.005084 
0.005902 -0.008575 0.006256 -0.008320 
0.002952 -0.002079 0.002963 -0.002064 
0.006399 0.001790 0.006368 0.001899 
-0.001467 0.003850 -0.001492 0.003840 
0.001957 0.006018 0.001864 0.006047 
-0.005835 -0.001529 -0.005813 -0.001611 
0.007849 -0.003807 0.007958 -0.003574 
0.006708 -0.004156 0.006806 -0.003993 
0.002533 -0.003829 0.002564 -0.003808 
-0.000933 -0.006937 -0.000801 -0.006954 
-0.007432 0.003262 -0.007513 0.003071 
-0.006923 0.000228 -0.006926 0.000100 
0.004186 0.004878 0.004107 0.004945 
-0.000615 -0.009226 -0.000310 -0.009242 
-0.006969 -0.005086 -0.006819 -0.005285 
0.006683 -0.003505 0.006759 -0.003357 
0.002969 -0.003947 0.003006 -0.003918 
0.004629 -0.008798 0.004962 -0.008615 
-0.002170 -0.000648 -0.002169 -0.000652 
0.008384 0.005957 0.008133 0.006295 
0.002623 0.001881 0.002615 0.001891 
0.002838 -0.001471 0.002844 -0.001460 
0.008520 0.005429 0.008299 0.005761 
0.001618 0.000260 0.001617 0.000262 
-0.010672 -0.002970 -0.010519 -0.003474 
-0.006226 0.009207 -0.006659 0.008899 
-0.004421 0.003165 -0.004456 0.003114 
0.002566 -0.010333 0.003017 -0.010210 
-0.010749 -0.002627 -0.010612 -0.003134 
-0.002853 0.009378 -0.003200 0.009265 
0.008316 0.001918 0.008258 0.002151 
0.008829 0.005825 0.008569 0.006202 
0.005502 0.007529 0.005245 0.007709 
0.007568 0.002227 0.007512 0.002409 
-0.008998 -0.003533 -0.008864 -0.003857 
-0.000100 0.005926 -0.000181 0.005924 
-0.001020 -0.007384 -0.000861 -0.007404 
-0.007337 0.002592 -0.007396 0.002419 
-0.008613 -0.004748 -0.008429 -0.005068 
-0.001347 0.002484 -0.001355 0.002480 
0.004587 -0.003052 0.004623 -0.002998 
-0.006036 0.002018 -0.006067 0.001923 
0.000963 -0.007517 0.001130 -0.007494 
-0.003632 -0.001170 -0.003625 -0.001190 
0.001204 0.006283 0.001104 0.006301 
0.005155 -0.009967 0.005635 -0.009704 
0.001493 -0.008787 0.001762 -0.008737 
-0.000653 -0.009055 -0.000364 -0.009071 
-0.009931 -0.005424 -0.009650 -0.005909 
-0.007280 -0.004734 -0.007139 -0.004945 
0.002672 0.003139 0.002651 0.003157 
0.001947 0.006512 0.001830 0.006545 
-0.007418 0.002854 -0.007485 0.002671 
-0.008991 -0.006098 -0.008703 -0.006502 
-0.003701 -0.006039 -0.003583 -0.006110 
-0.000783 0.002285 -0.000789 0.002283 
0.007631 -0.004073 0.007746 -0.003850 
0.005661 -0.005354 0.005786 -0.005219 
-0.002806 -0.006262 -0.002692 -0.006312 
0.003248 0.002903 0.003227 0.002926 
0.007053 -0.000454 0.007060 -0.000317 
-0.005611 -0.007970 -0.005314 -0.008171 
-0.008343 -0.005759 -0.008107 -0.006086 
-0.002546 -0.000924 -0.002544 -0.000931 
0.002126 0.006483 0.002009 0.006520 
-0.005700 0.002433 -0.005735 0.002348 
0.002366 -0.007556 0.002548 -0.007497 
0.005625 -0.002573 0.005662 -0.002490 
-0.003632 0.002501 -0.003650 0.002474 
-0.006103 0.005297 -0.006235 0.005141 
0.002415 0.006878 0.002273 0.006926 
-0.005597 0.007864 -0.005877 0.007657 
-0.000974 0.001932 -0.000977 0.001931 
0.004481 -0.008658 0.004797 -0.008488 
-0.002358 -0.000475 -0.002357 -0.000480 
0.006994 0.004038 0.006889 0.004213 
-0.008767 -0.001366 -0.008722 -0.001633 
-0.007868 -0.000944 -0.007842 -0.001135 
-0.002918 0.001742 -0.002926 0.001729 
-0.001896 -0.001415 -0.001893 -0.001419 
0.007249 0.001621 0.007213 0.001775 
0.003806 0.000673 0.003802 0.000695 
0.004619 -0.007495 0.004842 -0.007353 
-0.003384 0.001998 -0.003396 0.001978 
-0.006723 -0.001236 -0.006700 -0.001357 
0.002897 0.001862 0.002889 0.001876 
0.002689 -0.001593 0.002695 -0.001583 
0.008395 0.005637 0.008166 0.005965 
0.003027 0.003295 0.003001 0.003318 
0.003115 0.007393 0.002930 0.007469 
-0.001526 0.005731 -0.001604 0.005710 
-0.003948 -0.006087 -0.003823 -0.006166 
-0.003468 0.001960 -0.003480 0.001939 
-0.007871 0.000269 -0.007875 0.000080 
0.000465 0.009046 0.000178 0.009056 
0.008541 0.005686 0.008302 0.006029 
0.004030 0.001026 0.004023 0.001053 
0.004661 -0.007367 0.004876 -0.007227 
-0.002066 0.003923 -0.002096 0.003907 
0.005204 0.007160 0.004985 0.007315 
0.005541 0.001094 0.005527 0.001163 
-0.002894 0.007683 -0.003093 0.007605 
0.005469 -0.008249 0.005778 -0.008035 
0.002300 -0.001933 0.002306 -0.001925 
0.002416 0.001432 0.002411 0.001439 
0.001279 -0.002770 0.001289 -0.002765 
-0.003995 -0.003319 -0.003960 -0.003361 
-0.006858 -0.005066 -0.006712 -0.005257 
0.004924 -0.004421 0.004998 -0.004337 
-0.006870 -0.001659 -0.006837 -0.001792 
0.003082 -0.002868 0.003102 -0.002847 
0.006004 -0.003733 0.006075 -0.003616 
-0.001428 -0.002482 -0.001420 -0.002487 
0.006973 -0.002465 0.007024 -0.002317 
0.001606 0.001114 0.001604 0.001116 
-0.005791 -0.001488 -0.005770 -0.001568 
0.004040 -0.007114 0.004223 -0.007006 
0.001334 0.006301 0.001233 0.006322 
0.003358 -0.008228 0.003608 -0.008122 
-0.005166 0.004246 -0.005239 0.004156 
0.005993 0.000830 0.005981 0.000915 
-0.007920 0.002901 -0.007996 0.002682 
-0.008008 -0.001820 -0.007958 -0.002029 
-0.003133 -0.005273 -0.003056 -0.005318 
0.002600 0.006976 0.002450 0.007030 
-0.002040 0.003577 -0.002063 0.003563 
0.003576 0.004942 0.003504 0.004993 
-0.004275 -0.005015 -0.004190 -0.005086 
-0.001691 0.006786 -0.001819 0.006753 
-0.002747 -0.000543 -0.002746 -0.000551 
0.004432 0.006902 0.004251 0.007015 
0.008115 0.001474 0.008073 0.001687 
0.006616 0.002186 0.006573 0.002310 
-0.001981 0.008509 -0.002231 0.008447 
-0.005780 0.008001 -0.006078 0.007778 
-0.006915 0.001493 -0.006942 0.001359 
0.010801 0.005627 0.010460 0.006237 
0.006898 0.003642 0.006811 0.003804 
-0.006674 -0.002158 -0.006631 -0.002285 
0.002237 -0.006959 0.002380 -0.006911 
0.008436 0.001885 0.008378 0.002128 
0.006588 0.001550 0.006560 0.001667 
-0.001919 0.002684 -0.001930 0.002676 
0.003284 0.000957 0.003279 0.000972 
0.001667 -0.008204 0.001890 -0.008156 
0.002569 -0.010647 0.003061 -0.010517 
-0.008062 -0.006091 -0.007815 -0.006405 
0.001769 -0.006943 0.001907 -0.006906 
0.001918 0.002912 0.001904 0.002921 
0.000503 0.006981 0.000370 0.006989 
0.004688 -0.004567 0.004763 -0.004489 
-0.006932 0.000631 -0.006943 0.000501 
0.003881 0.004975 0.003804 0.005034 
0.000728 -0.007036 0.000864 -0.007021 
-0.000993 0.002471 -0.000999 0.002469 
0.005511 -0.004775 0.005608 -0.004660 
-0.003731 -0.006048 -0.003612 -0.006120 
-0.002867 0.003926 -0.002903 0.003899 
-0.002038 0.007723 -0.002228 0.007670 
-0.006758 0.002397 -0.006804 0.002262 
-0.003674 -0.006937 -0.003508 -0.007023 
-0.002987 -0.002895 -0.002968 -0.002915 
-0.001621 -0.002404 -0.001613 -0.002409 
0.006285 -0.002331 0.006325 -0.002222 
0.002250 0.006693 0.002121 0.006735 
-0.002976 0.009503 -0.003338 0.009382 
0.008784 0.001901 0.008720 0.002174 
0.007582 0.006248 0.007343 0.006527 
-0.000846 0.007388 -0.001004 0.007368 
0.001268 0.002453 0.001261 0.002457 
-0.002112 0.007390 -0.002280 0.007339 
0.002563 -0.007605 0.002751 -0.007538 
-0.005377 0.010353 -0.005915 0.010056 
-0.000809 0.006687 -0.000927 0.006672 
0.001778 -0.001758 0.001782 -0.001754 
0.002989 0.007220 0.002818 0.007289 
-0.002733 0.010656 -0.003229 0.010516 
0.010535 0.005594 0.010211 0.006166 
0.008388 0.004128 0.008244 0.004410 
0.000716 -0.004791 0.000759 -0.004785 
-0.007480 -0.004522 -0.007343 -0.004741 
0.003564 0.001564 0.003554 0.001585 
0.006200 -0.002036 0.006233 -0.001934 
0.002723 0.006068 0.002619 0.006114 
-0.004268 -0.001884 -0.004251 -0.001920 
-0.004763 0.003120 -0.004802 0.003060 
0.005092 -0.006999 0.005293 -0.006848 
0.003801 0.005984 0.003684 0.006057 
0.003375 -0.003591 0.003409 -0.003559 
0.003778 -0.010296 0.004253 -0.010109 
-0.005306 -0.006428 -0.005131 -0.006568 
-0.006141 0.002548 -0.006184 0.002443 
0.002317 -0.002056 0.002325 -0.002047 
0.001336 0.001230 0.001335 0.001232 
-0.005935 -0.000131 -0.005932 -0.000212 
0.006953 -0.000453 0.006961 -0.000323 
-0.002651 -0.006686 -0.002516 -0.006738 
0.007664 -0.004124 0.007781 -0.003898 
0.005951 -0.002594 0.005993 -0.002496 
-0.001743 0.006131 -0.001839 0.006103 
-0.004638 -0.001669 -0.004623 -0.001712 
-0.007313 0.002953 -0.007382 0.002776 
-0.007960 -0.005937 -0.007727 -0.006236 
0.002247 -0.001872 0.002254 -0.001865 
0.003613 0.002458 0.003594 0.002484 
0.008519 0.001797 0.008463 0.002046 
0.005713 0.000855 0.005701 0.000929 
-0.006186 0.003653 -0.006258 0.003528 
0.002065 0.001412 0.002061 0.001417 
-0.001506 -0.001377 -0.001504 -0.001379 
0.006612 0.001978 0.006575 0.002100 
-0.001726 0.006772 -0.001853 0.006738 
-0.008843 -0.001904 -0.008778 -0.002183 
-0.007843 -0.006129 -0.007602 -0.006425 
0.001274 -0.008728 0.001536 -0.008685 
0.006110 -0.008081 0.006426 -0.007832 
0.006351 -0.001326 0.006371 -0.001222 
-0.009048 -0.003523 -0.008914 -0.003851 
0.001041 0.006279 0.000942 0.006294 
0.005040 -0.007002 0.005240 -0.006854 
0.003354 0.006864 0.003198 0.006938 
0.003800 0.001808 0.003788 0.001834 
0.005397 -0.005604 0.005527 -0.005476 
-0.007571 -0.005669 -0.007370 -0.005927 
0.002911 -0.003297 0.002935 -0.003276 
0.001234 -0.004453 0.001271 -0.004443 
-0.007672 -0.002420 -0.007609 -0.002612 
0.010188 0.005296 0.009904 0.005809 
0.007878 -0.000358 0.007884 -0.000168 
0.001073 -0.005943 0.001157 -0.005927 
0.002068 0.007185 0.001912 0.007228 
-0.000355 0.002237 -0.000359 0.002236 
0.005683 -0.009742 0.006156 -0.009450 
-0.000247 -0.007382 -0.000091 -0.007386 
-0.005959 0.002855 -0.006006 0.002754 
0.000912 -0.004560 0.000950 -0.004552 
-0.007910 -0.003384 -0.007810 -0.003609 
0.004965 0.007122 0.004755 0.007264 
0.007730 -0.000259 0.007734 -0.000080 
-0.001030 -0.009287 -0.000716 -0.009316 
-0.010320 -0.005557 -0.010010 -0.006098 
-0.008593 -0.005465 -0.008366 -0.005806 
-0.003845 -0.003332 -0.003811 -0.003371 
-0.007815 -0.004904 -0.007649 -0.005159 
0.002762 0.001604 0.002756 0.001615 
0.001529 -0.001702 0.001532 -0.001699 
-0.003116 0.002227 -0.003129 0.002209 
-0.009027 -0.001368 -0.008978 -0.001659 
-0.008008 0.000300 -0.008013 0.000100 
-0.001711 0.008416 -0.001950 0.008364 
-0.001222 0.006750 -0.001345 0.006727 
0.001558 -0.001994 0.001563 -0.001990 
-0.003128 0.001252 -0.003133 0.001238 
-0.009138 -0.003152 -0.009018 -0.003480 
-0.000642 0.006493 -0.000749 0.006482 
0.000517 -0.003585 0.000535 -0.003582 
-0.005988 -0.001608 -0.005964 -0.001697 
0.004946 -0.007090 0.005149 -0.006944 
0.002822 0.005454 0.002742 0.005494 
-0.004212 -0.001333 -0.004202 -0.001365 
-0.004729 0.008467 -0.005034 0.008289 
0.002610 0.002255 0.002600 0.002267 
0.002348 -0.001955 0.002355 -0.001947 
0.003554 0.003062 0.003528 0.003092 
0.010303 0.005286 0.010015 0.005814 
0.007591 0.000914 0.007568 0.001086 
0.001144 -0.002170 0.001149 -0.002168 
-0.000641 0.008525 -0.000882 0.008504 
0.002950 0.007371 0.002769 0.007441 
0.001150 0.006492 0.001040 0.006511 
