0.002522 -0.010478 0.003114 -0.010317 
-0.005128 0.004908 -0.005248 0.004780 
0.005774 -0.012904 0.007008 -0.012278 
0.002558 -0.011735 0.003380 -0.011525 
-0.009792 -0.002032 -0.009681 -0.002509 
-0.004534 -0.006384 -0.004340 -0.006517 
0.004900 0.008111 0.004538 0.008319 
0.004622 0.001181 0.004609 0.001232 
0.000990 -0.010418 0.001548 -0.010350 
0.007597 -0.010053 0.008355 -0.009432 
0.010760 0.000414 0.010719 0.001025 
0.009022 -0.004692 0.009248 -0.004229 
0.007883 0.001916 0.007817 0.002169 
-0.002669 0.005190 -0.002755 0.005145 
0.004861 0.005873 0.004692 0.006009 
-0.003801 -0.007107 -0.003573 -0.007225 
0.009564 0.002098 0.009455 0.002545 
0.006716 0.008306 0.006241 0.008669 
0.010613 0.001481 0.010513 0.002075 
0.008527 0.005342 0.008251 0.005758 
-0.008050 0.003321 -0.008168 0.003020 
-0.003247 -0.008376 -0.002913 -0.008497 
0.007707 -0.003839 0.007841 -0.003557 
0.003239 0.000203 0.003237 0.000220 
-0.010121 -0.002732 -0.009959 -0.003272 
0.009404 0.006244 0.008996 0.006819 
-0.004095 0.003714 -0.004150 0.003652 
-0.009293 0.007054 -0.009742 0.006419 
-0.003568 0.009708 -0.004071 0.009508 
0.005993 -0.006018 0.006202 -0.005802 
-0.007937 0.000367 -0.007945 0.000121 
0.008891 -0.000874 0.008918 -0.000525 
-0.006982 -0.008463 -0.006471 -0.008859 
-0.008233 -0.002212 -0.008149 -0.002504 
0.000398 -0.009464 0.000814 -0.009437 
-0.002587 -0.003093 -0.002562 -0.003114 
0.005041 -0.008977 0.005500 -0.008703 
-0.004117 0.004397 -0.004194 0.004323 
-0.006718 0.010261 -0.007455 0.009739 
-0.009673 0.001687 -0.009742 0.001228 
0.004900 0.004916 0.004783 0.005031 
-0.013085 -0.005343 -0.012500 -0.006596 
-0.011009 -0.002915 -0.010802 -0.003608 
0.006896 0.006805 0.006576 0.007115 
0.007782 -0.003555 0.007905 -0.003273 
0.006191 0.005556 0.005999 0.005762 
0.001908 -0.009930 0.002403 -0.009822 
0.007078 -0.005064 0.007261 -0.004798 
-0.003099 -0.002168 -0.003084 -0.002190 
0.004281 0.003221 0.004236 0.003281 
0.007565 0.001395 0.007521 0.001614 
-0.005990 0.008041 -0.006378 0.007736 
0.010548 0.004883 0.010202 0.005570 
0.000348 -0.004060 0.000381 -0.004057 
-0.006601 0.005829 -0.006818 0.005574 
0.008997 0.002353 0.008889 0.002732 
0.008211 0.006049 0.007892 0.006460 
0.005758 -0.013994 0.007289 -0.013261 
0.006417 -0.009652 0.007038 -0.009209 
0.003203 0.000488 0.003200 0.000504 
-0.009574 -0.006579 -0.009118 -0.007197 
0.003690 -0.002739 0.003718 -0.002700 
0.010043 0.002962 0.009869 0.003496 
0.002997 0.008180 0.002690 0.008285 
-0.007690 0.005000 -0.007889 0.004678 
0.004447 0.002688 0.004411 0.002746 
0.005506 -0.004666 0.005623 -0.004524 
-0.002455 0.009615 -0.002916 0.009486 
0.006109 -0.009462 0.006685 -0.009065 
0.002319 0.003094 0.002297 0.003111 
-0.001959 0.005175 -0.002036 0.005145 
0.012819 0.002837 0.012534 0.003908 
0.005925 -0.009275 0.006464 -0.008907 
0.002717 0.002633 0.002699 0.002652 
-0.000888 0.002803 -0.000900 0.002799 
0.005007 -0.009294 0.005507 -0.009007 
-0.003507 0.005055 -0.003600 0.004990 
-0.001733 0.009522 -0.002168 0.009433 
-0.002437 0.003758 -0.002474 0.003734 
0.002759 0.001222 0.002754 0.001234 
-0.003674 -0.007162 -0.003445 -0.007275 
0.003294 0.003994 0.003241 0.004037 
0.005011 0.008788 0.004565 0.009028 
0.002441 0.001274 0.002437 0.001283 
-0.007760 -0.001523 -0.007710 -0.001760 
0.008089 -0.003380 0.008210 -0.003073 
0.005250 0.001158 0.005233 0.001232 
0.005559 -0.013450 0.006922 -0.012801 
0.004333 -0.012929 0.005491 -0.012481 
-0.005190 -0.007595 -0.004871 -0.007804 
-0.002629 0.004930 -0.002704 0.004890 
0.003366 0.008075 0.003061 0.008196 
-0.002112 0.002228 -0.002122 0.002218 
-0.000940 -0.009028 -0.000574 -0.009059 
-0.007302 0.003555 -0.007413 0.003317 
0.002775 -0.002593 0.002793 -0.002574 
0.003620 0.002306 0.003599 0.002338 
0.002949 -0.002889 0.002973 -0.002864 
0.003663 0.002375 0.003640 0.002409 
0.003436 -0.004307 0.003500 -0.004256 
0.002933 -0.011109 0.003645 -0.010897 
-0.009663 -0.002256 -0.009543 -0.002720 
-0.003867 -0.007508 -0.003602 -0.007638 
0.002067 0.001632 0.002061 0.001639 
-0.007424 -0.000389 -0.007411 -0.000590 
0.004149 -0.008443 0.004511 -0.008255 
-0.001277 0.010832 -0.001906 0.010739 
-0.002235 0.008365 -0.002541 0.008277 
-0.009644 -0.001513 -0.009563 -0.001961 
-0.003921 -0.003524 -0.003872 -0.003577 
-0.004742 -0.001210 -0.004727 -0.001265 
-0.000747 0.007572 -0.000961 0.007548 
-0.004193 -0.009479 -0.003689 -0.009687 
-0.001298 -0.010225 -0.000764 -0.010279 
-0.008939 0.001326 -0.008985 0.000968 
0.007370 0.009539 0.006673 0.010039 
0.009667 0.006263 0.009239 0.006878 
-0.001546 0.005425 -0.001631 0.005400 
0.010753 0.004816 0.010401 0.005536 
0.001886 -0.005293 0.001968 -0.005263 
-0.004533 -0.007611 -0.004237 -0.007780 
-0.003433 0.003033 -0.003464 0.002997 
-0.003534 0.003385 -0.003574 0.003344 
-0.003029 0.004707 -0.003101 0.004660 
0.007522 0.008797 0.006928 0.009271 
0.008677 0.004121 0.008481 0.004509 
-0.008202 -0.002268 -0.008116 -0.002558 
0.000366 -0.004588 0.000414 -0.004584 
-0.007859 -0.000589 -0.007837 -0.000828 
0.004665 0.003684 0.004601 0.003764 
0.007159 0.001019 0.007130 0.001202 
-0.006210 0.004727 -0.006348 0.004540 
0.006210 -0.009549 0.006804 -0.009135 
0.001931 0.001291 0.001928 0.001296 
-0.008349 -0.002111 -0.008266 -0.002413 
0.000183 -0.011090 0.000851 -0.011059 
-0.006564 -0.009154 -0.005982 -0.009544 
-0.008164 0.002584 -0.008251 0.002289 
0.011827 0.006645 0.011180 0.007683 
0.006582 0.008672 0.006068 0.009039 
0.007565 0.000332 0.007552 0.000544 
-0.009001 -0.002054 -0.008908 -0.002428 
0.002676 -0.009782 0.003166 -0.009635 
0.005057 -0.005063 0.005182 -0.004935 
-0.009651 0.003974 -0.009849 0.003454 
-0.009443 -0.002153 -0.009335 -0.002585 
-0.004865 -0.005823 -0.004699 -0.005958 
0.008296 0.005771 0.007997 0.006179 
-0.007512 0.002949 -0.007602 0.002708 
0.001451 -0.002164 0.001458 -0.002159 
-0.003421 0.002737 -0.003447 0.002705 
-0.003729 0.003563 -0.003775 0.003514 
-0.007843 0.004894 -0.008041 0.004562 
0.002064 0.002553 0.002050 0.002564 
-0.008955 0.004022 -0.009135 0.003595 
-0.009728 -0.001873 -0.009627 -0.002338 
-0.005340 -0.003183 -0.005279 -0.003283 
-0.007446 0.003669 -0.007566 0.003416 
-0.001305 -0.011707 -0.000507 -0.011768 
-0.010642 -0.006316 -0.010138 -0.007096 
-0.002073 -0.001214 -0.002069 -0.001220 
0.011222 -0.001524 0.011295 -0.000816 
0.004271 -0.013309 0.005524 -0.012840 
-0.007205 -0.009448 -0.006535 -0.009923 
-0.012619 -0.004130 -0.012216 -0.005203 
-0.007290 0.005346 -0.007498 0.005050 
0.005046 0.001664 0.005023 0.001733 
0.004561 -0.008219 0.004912 -0.008014 
-0.000441 0.008118 -0.000704 0.008100 
0.003569 -0.003751 0.003618 -0.003704 
0.007469 -0.006674 0.007788 -0.006299 
-0.003667 -0.006869 -0.003461 -0.006975 
0.011184 -0.001848 0.011278 -0.001141 
0.006528 -0.011149 0.007416 -0.010578 
-0.000046 -0.003197 -0.000030 -0.003198 
-0.005136 0.009465 -0.005665 0.009158 
-0.013000 -0.006391 -0.012276 -0.007691 
-0.014241 -0.001986 -0.013967 -0.003416 
-0.007031 0.010153 -0.007769 0.009600 
-0.011464 -0.001052 -0.011372 -0.001794 
-0.008172 0.002595 -0.008260 0.002299 
0.014245 0.001893 0.013981 0.003322 
0.006351 -0.009855 0.006999 -0.009406 
0.011693 -0.001421 0.011762 -0.000623 
0.002740 -0.012074 0.003638 -0.011834 
-0.007527 -0.000619 -0.007507 -0.000829 
0.008177 -0.004241 0.008346 -0.003897 
0.013469 0.003956 0.013025 0.005236 
0.008789 -0.007365 0.009245 -0.006784 
0.004791 -0.009324 0.005286 -0.009052 
-0.003823 0.004967 -0.003918 0.004892 
-0.000012 0.007299 -0.000203 0.007296 
0.000850 -0.008259 0.001128 -0.008226 
-0.002954 0.002283 -0.002969 0.002262 
-0.002474 -0.003882 -0.002433 -0.003907 
-0.001638 -0.011488 -0.000877 -0.011571 
-0.010296 -0.002670 -0.010132 -0.003236 
0.003008 0.008131 0.002706 0.008236 
-0.008414 0.006870 -0.008797 0.006372 
0.001520 0.010079 0.001005 0.010144 
0.007431 0.001019 0.007400 0.001223 
-0.002833 0.010296 -0.003404 0.010122 
0.008768 -0.007083 0.009191 -0.006524 
0.004068 -0.009416 0.004547 -0.009194 
-0.003004 0.002355 -0.003020 0.002334 
-0.008461 -0.004353 -0.008259 -0.004724 
0.007385 -0.000789 0.007404 -0.000589 
-0.009052 0.001496 -0.009106 0.001122 
0.003594 0.008429 0.003245 0.008569 
-0.003567 0.003313 -0.003605 0.003271 
-0.001205 0.004463 -0.001252 0.004450 
0.008280 0.001435 0.008226 0.001721 
-0.006650 0.008664 -0.007145 0.008261 
-0.002595 -0.004034 -0.002549 -0.004063 
0.001161 -0.011164 0.001847 -0.011071 
-0.000473 -0.008026 -0.000219 -0.008037 
0.001209 0.010054 0.000703 0.010102 
0.008680 0.000377 0.008660 0.000698 
-0.004766 -0.003698 -0.004700 -0.003782 
-0.008854 0.002167 -0.008935 0.001805 
0.008772 0.005663 0.008457 0.006124 
-0.007488 0.003426 -0.007597 0.003175 
-0.007261 -0.006140 -0.006982 -0.006456 
-0.006318 0.009405 -0.006896 0.008989 
-0.005214 -0.003394 -0.005148 -0.003492 
-0.008649 -0.002363 -0.008549 -0.002702 
0.000394 -0.008495 0.000695 -0.008476 
-0.004073 0.003322 -0.004118 0.003267 
-0.008411 -0.000832 -0.008377 -0.001125 
0.003000 0.000877 0.002995 0.000892 
-0.003858 -0.008697 -0.003468 -0.008860 
0.002411 -0.001799 0.002419 -0.001788 
0.004848 0.008531 0.004440 0.008750 
0.002537 0.002061 0.002526 0.002074 
-0.005628 -0.003342 -0.005557 -0.003459 
-0.009824 -0.002010 -0.009713 -0.002491 
-0.003550 -0.003835 -0.003498 -0.003883 
-0.008048 -0.006846 -0.007662 -0.007276 
-0.005715 0.009469 -0.006272 0.009110 
-0.008980 -0.006145 -0.008609 -0.006656 
0.000746 -0.003970 0.000777 -0.003964 
-0.006683 0.007468 -0.007043 0.007131 
0.009347 0.006208 0.008946 0.006773 
-0.002523 0.004324 -0.002575 0.004292 
0.004805 0.003449 0.004745 0.003531 
0.008731 0.004305 0.008522 0.004705 
-0.009601 -0.000870 -0.009552 -0.001306 
-0.001497 0.002170 -0.001504 0.002165 
0.001721 -0.009795 0.002194 -0.009700 
0.001224 -0.002648 0.001235 -0.002643 
0.001003 0.010121 0.000489 0.010158 
0.010637 0.001497 0.010536 0.002096 
0.010538 0.002670 0.010366 0.003275 
-0.007113 -0.009156 -0.006495 -0.009604 
-0.011252 -0.002773 -0.011045 -0.003507 
-0.000037 0.010808 -0.000656 0.010788 
0.004377 0.008953 0.003937 0.009155 
0.001315 0.011098 0.000634 0.011158 
0.010809 0.004945 0.010441 0.005681 
0.003340 -0.002849 0.003367 -0.002818 
0.008072 -0.001817 0.008129 -0.001545 
-0.008794 -0.004871 -0.008542 -0.005300 
0.007125 -0.007033 0.007462 -0.006675 
-0.004618 -0.009574 -0.004081 -0.009815 
0.001883 -0.008183 0.002165 -0.008113 
0.008068 0.001894 0.008000 0.002164 
-0.003395 0.004643 -0.003470 0.004587 
0.000915 0.009560 0.000482 0.009592 
0.009159 0.000806 0.009117 0.001185 
0.003145 -0.004669 0.003217 -0.004619 
-0.000157 -0.011229 0.000537 -0.011217 
-0.007729 -0.006683 -0.007377 -0.007070 
-0.002078 0.014173 -0.003490 0.013893 
0.010575 0.002452 0.010416 0.003058 
-0.004322 -0.006118 -0.004152 -0.006235 
0.004005 0.008345 0.003652 0.008506 
-0.001907 0.002839 -0.001923 0.002828 
0.003102 -0.004682 0.003174 -0.004633 
0.003090 -0.011356 0.003852 -0.011120 
-0.009736 -0.000640 -0.009696 -0.001093 
-0.002992 0.005134 -0.003080 0.005082 
0.007801 0.006270 0.007484 0.006645 
0.006931 -0.011709 0.007963 -0.011033 
0.009536 -0.007050 0.009999 -0.006377 
0.005374 -0.009595 0.005933 -0.009260 
0.013220 0.005436 0.012611 0.006730 
0.007256 0.000265 0.007247 0.000452 
-0.005118 0.005103 -0.005247 0.004970 
0.005735 -0.010123 0.006393 -0.009720 
0.008629 0.004807 0.008390 0.005214 
-0.007279 0.006781 -0.007599 0.006420 
0.004679 0.007189 0.004417 0.007353 
0.002797 -0.004051 0.002845 -0.004017 
0.003196 -0.002848 0.003222 -0.002819 
0.008995 -0.001346 0.009042 -0.000981 
-0.006376 -0.006102 -0.006139 -0.006341 
0.000075 0.010896 -0.000558 0.010882 
0.003194 0.006430 0.003030 0.006509 
-0.010450 -0.000200 -0.010425 -0.000758 
-0.009735 0.007141 -0.010220 0.006428 
-0.005734 0.008552 -0.006170 0.008243 
-0.006081 -0.006053 -0.005859 -0.006268 
0.000983 0.008801 0.000644 0.008833 
0.008105 -0.006758 0.008462 -0.006306 
0.000060 -0.010913 0.000696 -0.010891 
-0.005109 -0.007541 -0.004799 -0.007743 
-0.004104 0.002869 -0.004139 0.002818 
-0.009425 0.006654 -0.009839 0.006025 
-0.002773 0.010194 -0.003326 0.010027 
0.009165 -0.005365 0.009448 -0.004850 
0.005420 -0.004787 0.005541 -0.004647 
-0.007508 0.005064 -0.007705 0.004758 
0.004134 0.003854 0.004073 0.003918 
0.013086 0.004197 0.012642 0.005388 
0.006349 -0.003730 0.006445 -0.003560 
0.001398 0.008884 0.001045 0.008933 
0.008515 -0.004159 0.008689 -0.003781 
0.009899 0.002270 0.009772 0.002767 
-0.009633 -0.005833 -0.009252 -0.006420 
0.002537 -0.002136 0.002548 -0.002122 
0.011457 0.006949 0.010802 0.007929 
0.003058 0.007196 0.002841 0.007285 
-0.002719 -0.002063 -0.002707 -0.002079 
0.003013 0.002724 0.002991 0.002748 
0.003907 0.003835 0.003850 0.003892 
0.008100 0.006280 0.007766 0.006689 
0.002595 -0.011981 0.003469 -0.011758 
-0.009731 -0.002532 -0.009594 -0.003011 
-0.006992 -0.008760 -0.006440 -0.009173 
-0.008787 -0.001397 -0.008726 -0.001736 
0.002063 -0.008476 0.002378 -0.008393 
0.010202 0.001662 0.010101 0.002194 
0.010624 0.001210 0.010539 0.001803 
0.010577 0.004831 0.010234 0.005521 
0.002342 -0.001820 0.002350 -0.001810 
0.003524 0.008491 0.003170 0.008630 
-0.001394 0.003299 -0.001414 0.003290 
0.007656 -0.003582 0.007777 -0.003312 
0.003878 0.007909 0.003575 0.008051 
-0.005998 0.009048 -0.006510 0.008687 
-0.012671 -0.004183 -0.012258 -0.005271 
-0.006033 0.005133 -0.006188 0.004945 
0.007156 -0.006850 0.007477 -0.006498 
-0.005930 -0.006323 -0.005694 -0.006537 
-0.001622 0.010796 -0.002249 0.010683 
0.001973 0.008600 0.001644 0.008669 
0.003907 -0.013300 0.005140 -0.012874 
-0.007029 -0.007465 -0.006636 -0.007817 
-0.007678 0.007496 -0.008089 0.007051 
0.007729 0.006738 0.007371 0.007127 
0.005215 -0.013058 0.006453 -0.012492 
-0.001139 -0.007640 -0.000915 -0.007670 
0.002020 0.008602 0.001690 0.008673 
0.004645 -0.009475 0.005154 -0.009207 
-0.002964 0.002245 -0.002979 0.002225 
-0.011666 -0.007016 -0.010982 -0.008044 
-0.007179 -0.007652 -0.006756 -0.008028 
-0.006420 0.008356 -0.006865 0.007994 
0.009633 0.005890 0.009247 0.006480 
-0.006891 0.012133 -0.008015 0.011422 
-0.005960 0.006030 -0.006169 0.005816 
0.011629 -0.001780 0.011723 -0.000988 
0.005619 -0.009090 0.006119 -0.008761 
0.013667 0.006343 0.012878 0.007821 
0.013325 0.005712 0.012667 0.007051 
0.010358 0.001550 0.010260 0.002104 
-0.009617 -0.001433 -0.009541 -0.001877 
0.009320 0.004145 0.009097 0.004615 
-0.003149 -0.000223 -0.003148 -0.000238 
0.010391 0.005494 0.009996 0.006184 
0.002144 -0.003946 0.002183 -0.003924 
-0.004466 -0.003222 -0.004417 -0.003288 
-0.007844 0.000113 -0.007844 -0.000123 
0.008781 0.002145 0.008688 0.002495 
0.004197 0.002917 0.004160 0.002971 
0.007416 0.001090 0.007383 0.001294 
-0.004781 0.010729 -0.005495 0.010382 
0.003275 0.000623 0.003272 0.000640 
-0.004520 -0.009648 -0.003976 -0.009885 
0.000979 -0.007577 0.001195 -0.007546 
0.006064 0.005566 0.005876 0.005765 
0.000798 -0.007829 0.001035 -0.007801 
0.005565 0.009440 0.005001 0.009751 
0.007385 0.009385 0.006712 0.009878 
0.009249 0.005117 0.008955 0.005615 
-0.002479 0.013763 -0.003784 0.013463 
0.010572 0.006715 0.010025 0.007507 
0.000281 0.010935 -0.000360 0.010933 
0.004082 0.008871 0.003663 0.009052 
-0.004931 0.010696 -0.005646 0.010336 
0.003428 0.002229 0.003409 0.002257 
0.002799 -0.002277 0.002814 -0.002259 
0.002800 0.001911 0.002789 0.001927 
-0.002276 -0.002602 -0.002261 -0.002615 
0.006053 -0.005482 0.006229 -0.005282 
-0.008036 -0.002190 -0.007957 -0.002461 
0.002516 -0.002193 0.002528 -0.002179 
0.003625 0.008442 0.003273 0.008584 
-0.008491 0.005087 -0.008725 0.004674 
-0.002150 0.002539 -0.002164 0.002527 
0.003966 -0.003304 0.004009 -0.003252 
0.007281 -0.000337 0.007287 -0.000148 
-0.008512 0.002136 -0.008586 0.001813 
0.011332 0.007001 0.010681 0.007958 
0.007265 0.008487 0.006732 0.008915 
0.008388 -0.002352 0.008470 -0.002039 
-0.010934 -0.002603 -0.010752 -0.003275 
-0.000439 0.010817 -0.001059 0.010774 
0.003136 0.008979 0.002735 0.009109 
-0.002698 0.004090 -0.002745 0.004058 
0.004559 0.002037 0.004533 0.002093 
0.009569 -0.006082 0.009933 -0.005468 
0.006791 -0.003157 0.006875 -0.002969 
-0.000208 0.011320 -0.000918 0.011285 
0.004207 0.008122 0.003870 0.008288 
-0.002313 0.013379 -0.003510 0.013116 
0.012905 0.005629 0.012298 0.006854 
0.009166 0.000585 0.009134 0.000963 
0.002074 -0.002798 0.002091 -0.002786 
-0.004237 0.002977 -0.004276 0.002921 
-0.008256 0.004459 -0.008440 0.004099 
-0.010241 -0.002122 -0.010113 -0.002668 
0.013009 0.003880 0.012607 0.005037 
0.009277 -0.004617 0.009507 -0.004123 
0.008050 0.002079 0.007975 0.002350 
0.000223 0.007917 -0.000021 0.007921 
-0.001660 -0.010149 -0.001132 -0.010221 
-0.007450 -0.000564 -0.007432 -0.000767 
0.006882 -0.011178 0.007800 -0.010558 
0.006648 -0.003222 0.006732 -0.003043 
0.001901 0.008599 0.001573 0.008665 
0.002496 -0.009921 0.003001 -0.009780 
-0.007127 0.004748 -0.007293 0.004489 
0.003966 0.003845 0.003908 0.003904 
0.009875 0.006970 0.009351 0.007658 
0.001560 0.011257 0.000845 0.011333 
0.009661 0.002391 0.009533 0.002857 
-0.009343 -0.004395 -0.009100 -0.004876 
0.003565 0.003717 0.003516 0.003763 
0.007116 0.009799 0.006395 0.010284 
0.013071 0.005808 0.012424 0.007086 
0.008488 0.005005 0.008240 0.005403 
-0.008425 0.002954 -0.008534 0.002623 
-0.003754 -0.007013 -0.003535 -0.007126 
0.003262 0.002199 0.003245 0.002223 
0.001829 -0.003865 0.001863 -0.003849 
-0.003339 -0.002731 -0.003314 -0.002761 
0.003252 0.001044 0.003246 0.001063 
-0.006079 -0.008575 -0.005606 -0.008891 
-0.009521 -0.001799 -0.009428 -0.002235 
-0.002822 -0.001852 -0.002812 -0.001868 
0.003965 0.003406 0.003919 0.003458 
0.008944 -0.001360 0.008991 -0.001000 
-0.003520 -0.008323 -0.003184 -0.008457 
0.005652 -0.005691 0.005828 -0.005510 
-0.009621 -0.001603 -0.009536 -0.002050 
-0.001860 -0.001778 -0.001854 -0.001784 
0.009406 0.001411 0.009334 0.001827 
0.002576 -0.003564 0.002610 -0.003540 
0.001058 -0.004213 0.001097 -0.004203 
-0.007769 -0.001075 -0.007733 -0.001309 
0.006369 -0.010791 0.007180 -0.010270 
0.002233 -0.003728 0.002268 -0.003707 
-0.002884 -0.003429 -0.002851 -0.003457 
0.003055 -0.002746 0.003078 -0.002721 
0.005435 0.001394 0.005413 0.001477 
0.004374 -0.013005 0.005553 -0.012547 
-0.005368 -0.005538 -0.005204 -0.005692 
0.009158 0.004104 0.008944 0.004551 
-0.008943 0.001755 -0.009007 0.001389 
0.007966 0.006572 0.007612 0.006980 
0.006079 -0.013234 0.007419 -0.012532 
0.002179 -0.009967 0.002684 -0.009843 
0.007347 -0.004841 0.007525 -0.004559 
-0.004792 -0.003720 -0.004724 -0.003806 
-0.010098 -0.002584 -0.009947 -0.003117 
0.007319 0.008491 0.006783 0.008925 
0.010640 -0.001030 0.010681 -0.000434 
0.001539 -0.010903 0.002184 -0.010793 
0.004575 -0.009040 0.005023 -0.008799 
-0.000551 0.008033 -0.000806 0.008012 
0.002800 -0.004751 0.002870 -0.004708 
0.001152 -0.011103 0.001828 -0.011012 
0.000242 -0.007831 0.000477 -0.007821 
0.012777 0.004223 0.012353 0.005338 
0.009245 -0.006818 0.009666 -0.006207 
0.003648 -0.008855 0.004042 -0.008682 
-0.001143 0.007492 -0.001353 0.007457 
-0.008671 -0.005983 -0.008333 -0.006445 
0.006641 -0.003312 0.006727 -0.003132 
-0.002207 0.009317 -0.002623 0.009209 
-0.004436 0.003191 -0.004482 0.003126 
-0.007540 0.004728 -0.007718 0.004432 
0.001928 0.002090 0.001920 0.002097 
-0.006488 0.007667 -0.006859 0.007337 
0.011689 0.006945 0.011013 0.007974 
0.005852 0.009628 0.005242 0.009974 
0.006835 0.009640 0.006160 0.010085 
0.010460 0.006752 0.009918 0.007526 
-0.000099 0.010551 -0.000674 0.010530 
0.004104 0.009098 0.003656 0.009288 
0.000662 0.008688 0.000339 0.008706 
0.008198 -0.005185 0.008428 -0.004802 
0.003242 -0.003467 0.003280 -0.003431 
0.008571 -0.003442 0.008708 -0.003081 
0.006577 0.008563 0.006077 0.008924 
0.008683 -0.002093 0.008758 -0.001752 
-0.008676 -0.005594 -0.008372 -0.006039 
0.007759 -0.003713 0.007889 -0.003429 
0.011378 0.002580 0.011180 0.003332 
-0.001411 -0.010214 -0.000877 -0.010274 
-0.009670 -0.002227 -0.009552 -0.002690 
-0.007561 -0.008204 -0.007047 -0.008649 
-0.006048 0.005726 -0.006239 0.005517 
0.005558 -0.008422 0.005971 -0.008134 
0.006634 0.006034 0.006391 0.006291 
-0.001888 -0.011850 -0.001048 -0.011954 
-0.013542 -0.005772 -0.012854 -0.007174 
-0.011444 -0.002804 -0.011227 -0.003576 
-0.001698 0.007428 -0.001909 0.007377 
-0.002200 -0.002547 -0.002186 -0.002559 
0.006286 -0.013298 0.007658 -0.012558 
0.004509 -0.013462 0.005814 -0.012951 
-0.003975 -0.007376 -0.003719 -0.007508 
0.002275 0.002471 0.002261 0.002484 
-0.006657 0.009348 -0.007246 0.008899 
-0.004607 -0.003866 -0.004537 -0.003947 
-0.003535 -0.006975 -0.003324 -0.007077 
0.011102 0.000856 0.011030 0.001528 
0.007122 -0.003200 0.007215 -0.002986 
-0.000264 0.007299 -0.000455 0.007290 
0.000483 -0.010141 0.000994 -0.010104 
-0.004024 -0.001888 -0.004006 -0.001927 
-0.002785 0.002567 -0.002803 0.002548 
-0.005366 -0.008371 -0.004954 -0.008621 
-0.004538 -0.003789 -0.004473 -0.003866 
-0.011658 -0.007038 -0.010971 -0.008067 
-0.003396 -0.006788 -0.003203 -0.006881 
0.009164 0.002823 0.009028 0.003233 
0.003039 0.002640 0.003018 0.002664 
0.004651 0.002939 0.004607 0.003008 
0.011262 0.000671 0.011198 0.001371 
0.006609 -0.003582 0.006706 -0.003397 
-0.001831 0.008054 -0.002099 0.007988 
-0.003781 -0.001167 -0.003772 -0.001196 
0.003637 0.007151 0.003410 0.007262 
-0.004909 -0.003279 -0.004853 -0.003362 
-0.009081 -0.000783 -0.009042 -0.001152 
0.004449 0.001127 0.004437 0.001172 
0.000540 -0.010597 0.001124 -0.010551 
-0.003428 -0.008339 -0.003093 -0.008469 
0.008425 -0.004625 0.008625 -0.004239 
0.002703 -0.002118 0.002715 -0.002102 
0.010553 0.005157 0.010180 0.005858 
0.000590 -0.005180 0.000659 -0.005172 
-0.009762 -0.000904 -0.009708 -0.001362 
-0.001355 0.004160 -0.001394 0.004147 
0.010011 0.001946 0.009899 0.002454 
0.004402 0.009507 0.003885 0.009730 
-0.001811 0.007729 -0.002049 0.007669 
-0.002745 -0.003382 -0.002713 -0.003407 
0.001430 -0.009389 0.001843 -0.009316 
0.001969 -0.004285 0.002015 -0.004263 
-0.002540 -0.002046 -0.002529 -0.002059 
0.009181 0.001955 0.009088 0.002350 
0.003746 0.003768 0.003693 0.003820 
0.013345 0.002737 0.013041 0.003938 
0.004761 -0.010785 0.005484 -0.010437 
-0.003725 -0.004400 -0.003653 -0.004460 
-0.003105 -0.008204 -0.002793 -0.008315 
0.007260 -0.005081 0.007450 -0.004799 
-0.004981 -0.003142 -0.004927 -0.003226 
-0.011054 0.000000 -0.011034 -0.000661 
-0.009783 0.004132 -0.009996 0.003586 
-0.007788 -0.001529 -0.007737 -0.001768 
0.002883 -0.003645 0.002921 -0.003615 
0.002954 -0.002144 0.002968 -0.002125 
0.008700 0.004234 0.008497 0.004629 
-0.009180 0.001187 -0.009222 0.000800 
0.005113 0.007134 0.004840 0.007322 
0.001642 -0.002526 0.001653 -0.002519 
0.000659 0.010046 0.000160 0.010066 
0.011599 -0.001620 0.011682 -0.000837 
0.005391 -0.009417 0.005925 -0.009091 
0.008919 0.006343 0.008532 0.006855 
-0.000788 0.003737 -0.000815 0.003731 
0.005666 -0.004201 0.005767 -0.004062 
-0.006351 0.010552 -0.007117 0.010051 
-0.003131 0.002435 -0.003149 0.002410 
-0.002998 -0.001872 -0.002986 -0.001891 
0.003685 0.002174 0.003666 0.002207 
0.000110 -0.003803 0.000137 -0.003802 
-0.002682 0.013566 -0.003940 0.013255 
0.008628 0.005787 0.008310 0.006235 
-0.009107 0.005595 -0.009405 0.005077 
-0.009080 0.005074 -0.009336 0.004586 
-0.002925 0.001811 -0.002936 0.001794 
-0.013694 -0.002103 -0.013436 -0.003379 
-0.005910 0.013445 -0.007295 0.012747 
0.001137 0.010523 0.000558 0.010570 
0.007984 -0.001896 0.008043 -0.001632 
-0.008765 -0.004867 -0.008515 -0.005293 
0.008699 -0.006822 0.009091 -0.006289 
0.002473 -0.013673 0.003753 -0.013378 
-0.008288 -0.005645 -0.008000 -0.006046 
0.006641 -0.006887 0.006943 -0.006582 
-0.004613 -0.009542 -0.004081 -0.009781 
-0.000412 -0.011437 0.000322 -0.011440 
-0.003163 -0.008486 -0.002820 -0.008606 
0.006492 -0.003383 0.006579 -0.003211 
-0.001764 0.002235 -0.001772 0.002228 
0.001298 -0.011309 0.002013 -0.011204 
0.000188 -0.011300 0.000894 -0.011266 
-0.005831 -0.009544 -0.005235 -0.009883 
-0.005217 -0.008972 -0.004736 -0.009235 
-0.003189 -0.003099 -0.003159 -0.003129 
0.000506 -0.003346 0.000525 -0.003343 
-0.007097 0.010259 -0.007857 0.009689 
-0.011762 0.001932 -0.011868 0.001109 
-0.005723 0.013448 -0.007096 0.012776 
-0.004000 0.012889 -0.005132 0.012482 
0.006621 0.008519 0.006124 0.008883 
0.009521 0.000840 0.009474 0.001266 
0.001605 -0.002422 0.001615 -0.002415 
-0.001442 0.008208 -0.001721 0.008154 
-0.010932 -0.001328 -0.010834 -0.001975 
-0.009309 -0.006877 -0.008838 -0.007472 
0.003217 -0.003753 0.003262 -0.003714 
0.002742 -0.002607 0.002760 -0.002588 
0.010319 0.002350 0.010174 0.002913 
-0.014216 -0.002320 -0.013907 -0.003751 
-0.001837 0.010043 -0.002347 0.009936 
0.004330 -0.009411 0.004819 -0.009170 
-0.004219 0.004479 -0.004301 0.004400 
-0.002087 0.010239 -0.002632 0.010113 
0.005859 -0.010994 0.006678 -0.010517 
0.002539 -0.001732 0.002547 -0.001721 
0.013507 0.006179 0.012761 0.007600 
0.009907 0.006834 0.009398 0.007519 
0.002817 0.007733 0.002559 0.007822 
0.005818 -0.009808 0.006430 -0.009417 
0.009291 0.004500 0.009043 0.004978 
-0.002236 -0.002386 -0.002224 -0.002397 
0.006100 -0.004852 0.006242 -0.004668 
-0.006088 0.006324 -0.006322 0.006090 
0.010565 0.001394 0.010471 0.001980 
0.014173 0.002226 0.013877 0.003642 
0.002299 -0.010048 0.002819 -0.009914 
-0.006230 0.011063 -0.007083 0.010537 
-0.002074 0.004315 -0.002122 0.004292 
0.002373 0.002429 0.002359 0.002442 
-0.003548 0.010167 -0.004119 0.009949 
0.009050 -0.004318 0.009252 -0.003868 
0.008171 -0.002001 0.008235 -0.001716 
-0.009902 -0.002454 -0.009764 -0.002956 
0.010926 0.005896 0.010450 0.006703 
0.005761 0.002041 0.005723 0.002146 
0.006051 -0.009727 0.006664 -0.009318 
0.009376 0.005848 0.009009 0.006398 
-0.002190 0.005563 -0.002287 0.005524 
0.009486 0.002866 0.009337 0.003318 
-0.009637 -0.004608 -0.009364 -0.005139 
0.004122 0.003841 0.004062 0.003905 
0.010534 0.006318 0.010039 0.007078 
0.005275 0.001515 0.005252 0.001592 
0.004215 -0.012948 0.005372 -0.012512 
-0.006749 -0.007385 -0.006379 -0.007707 
-0.007538 0.004227 -0.007688 0.003949 
0.003131 -0.004598 0.003200 -0.004550 
0.003010 -0.009923 0.003529 -0.009751 
-0.006586 0.009442 -0.007184 0.008994 
-0.004228 -0.001187 -0.004217 -0.001227 
-0.000992 0.009300 -0.001389 0.009249 
0.001678 0.002900 0.001662 0.002909 
-0.005636 0.008687 -0.006084 0.008379 
-0.003541 -0.007034 -0.003325 -0.007138 
0.001916 0.002763 0.001901 0.002774 
-0.007543 0.003585 -0.007661 0.003325 
0.003262 -0.003878 0.003311 -0.003836 
0.001268 -0.002146 0.001275 -0.002143 
0.001248 0.011288 0.000532 0.011344 
0.013171 0.006164 0.012463 0.007494 
0.009657 0.002406 0.009529 0.002872 
0.007079 0.008137 0.006604 0.008527 
0.007944 -0.001807 0.007999 -0.001548 
-0.009303 -0.006503 -0.008874 -0.007077 
0.004203 -0.003530 0.004255 -0.003467 
0.009061 -0.004055 0.009246 -0.003613 
0.008021 -0.001735 0.008074 -0.001470 
-0.011439 -0.006954 -0.010785 -0.007931 
-0.007223 -0.009994 -0.006459 -0.010504 
-0.010056 -0.006534 -0.009571 -0.007226 
0.001426 -0.010745 0.002041 -0.010645 
0.001625 -0.009799 0.002097 -0.009709 
-0.005628 0.008914 -0.006105 0.008595 
-0.013152 -0.005768 -0.012503 -0.007066 
-0.009043 -0.005495 -0.008728 -0.005983 
0.006631 -0.003367 0.006720 -0.003186 
-0.002196 0.008997 -0.002572 0.008897 
-0.002588 0.002678 -0.002606 0.002660 
0.001707 -0.002281 0.001716 -0.002274 
0.000537 0.007221 0.000351 0.007233 
0.002340 -0.009538 0.002788 -0.009416 
0.005982 -0.004396 0.006098 -0.004233 
-0.008462 0.003327 -0.008590 0.002982 
-0.004043 -0.003771 -0.003986 -0.003832 
-0.003784 -0.004105 -0.003721 -0.004163 
-0.006966 -0.009704 -0.006271 -0.010167 
-0.011828 -0.007098 -0.011116 -0.008168 
-0.004525 -0.009447 -0.004010 -0.009677 
0.002367 -0.009711 0.002839 -0.009584 
0.000482 -0.003677 0.000506 -0.003674 
-0.006473 0.006357 -0.006724 0.006091 
0.008496 -0.001925 0.008562 -0.001608 
-0.010028 -0.002752 -0.009868 -0.003279 
0.007345 0.007125 0.006970 0.007492 
0.006297 -0.004330 0.006418 -0.004148 
-0.001189 0.010841 -0.001819 0.010753 
-0.001025 0.010448 -0.001587 0.010377 
-0.004946 0.010671 -0.005658 0.010312 
0.002550 0.003608 0.002515 0.003632 
-0.001417 0.010466 -0.001986 0.010373 
0.001346 0.011745 0.000539 0.011810 
0.010086 0.002298 0.009952 0.002824 
-0.012827 -0.004422 -0.012376 -0.005559 
-0.006832 0.004025 -0.006953 0.003812 
0.003601 -0.004910 0.003690 -0.004844 
0.001218 -0.011446 0.001958 -0.011343 
0.006166 -0.008941 0.006672 -0.008569 
0.004829 0.003190 0.004776 0.003269 
0.009292 0.002018 0.009193 0.002428 
0.003488 0.002344 0.003468 0.002374 
0.001345 -0.003365 0.001367 -0.003356 
-0.006020 0.005016 -0.006168 0.004833 
0.004179 -0.009003 0.004608 -0.008791 
-0.003220 0.004841 -0.003300 0.004787 
0.007695 0.006164 0.007393 0.006523 
0.006948 -0.010173 0.007685 -0.009628 
0.010439 -0.001514 0.010506 -0.000943 
-0.001348 -0.011736 -0.000543 -0.011800 
-0.010542 -0.006460 -0.010029 -0.007230 
-0.003591 -0.001798 -0.003577 -0.001826 
0.001401 0.002440 0.001391 0.002445 
-0.006081 0.004574 -0.006208 0.004400 
0.006819 -0.003554 0.006920 -0.003355 
-0.003795 0.003627 -0.003844 0.003575 
-0.007643 0.003357 -0.007753 0.003094 
-0.008279 -0.006675 -0.007896 -0.007123 
-0.002567 0.013650 -0.003844 0.013347 
0.009112 0.004556 0.008869 0.005013 
-0.004928 -0.001444 -0.004909 -0.001507 
-0.002194 0.008219 -0.002484 0.008136 
-0.009408 -0.001947 -0.009310 -0.002370 
-0.005395 -0.009591 -0.004817 -0.009895 
-0.005803 -0.006215 -0.005579 -0.006417 
-0.000484 0.007070 -0.000658 0.007056 
-0.005187 -0.006033 -0.004997 -0.006191 
0.003700 0.008479 0.003341 0.008626 
-0.005886 0.009534 -0.006461 0.009154 
-0.010599 -0.006392 -0.010090 -0.007168 
-0.001926 -0.002864 -0.001909 -0.002875 
0.009215 -0.006471 0.009599 -0.005887 
0.006146 -0.011150 0.007012 -0.010628 
0.001076 -0.004229 0.001115 -0.004219 
-0.007794 -0.001454 -0.007746 -0.001694 
0.008075 -0.003331 0.008194 -0.003027 
0.002138 0.001793 0.002131 0.001802 
-0.009578 -0.002346 -0.009456 -0.002799 
-0.004528 -0.006045 -0.004357 -0.006169 
0.004513 0.007925 0.004186 0.008103 
0.002644 0.002815 0.002623 0.002834 
-0.003534 0.002002 -0.003550 0.001974 
-0.003906 -0.007397 -0.003650 -0.007526 
0.003482 0.000433 0.003480 0.000454 
-0.007461 -0.009409 -0.006778 -0.009912 
-0.009372 -0.006358 -0.008954 -0.006934 
0.003550 -0.003260 0.003587 -0.003219 
0.009801 -0.005458 0.010118 -0.004844 
0.005922 -0.004558 0.006045 -0.004395 
-0.004813 0.009479 -0.005330 0.009198 
0.002636 -0.002368 0.002650 -0.002351 
0.011067 0.004872 0.010690 0.005652 
0.001674 -0.005599 0.001768 -0.005570 
-0.009766 -0.002140 -0.009649 -0.002615 
0.009858 0.006976 0.009335 0.007662 
-0.000704 0.006995 -0.000874 0.006976 
-0.006974 -0.008755 -0.006424 -0.009166 
-0.009200 0.003042 -0.009330 0.002616 
0.014106 0.001973 0.013840 0.003363 
0.002560 -0.012060 0.003450 -0.011837 
-0.007649 -0.000329 -0.007637 -0.000548 
0.005020 -0.008659 0.005439 -0.008402 
0.006868 0.009148 0.006268 0.009569 
0.013126 0.006135 0.012427 0.007451 
0.013954 0.002573 0.013632 0.003934 
0.004395 -0.011080 0.005155 -0.010748 
-0.002593 -0.002989 -0.002570 -0.003009 
0.006484 -0.009164 0.007038 -0.008747 
0.004630 0.002716 0.004591 0.002781 
0.005748 -0.004645 0.005870 -0.004490 
-0.006320 0.008087 -0.006729 0.007750 
0.009285 0.005419 0.008963 0.005936 
-0.007611 0.005007 -0.007808 0.004693 
0.003752 0.002243 0.003730 0.002278 
0.001741 -0.002236 0.001750 -0.002229 
-0.001653 0.007792 -0.001894 0.007737 
-0.002154 -0.003318 -0.002128 -0.003334 
0.008229 -0.003238 0.008347 -0.002920 
0.002384 0.001904 0.002376 0.001915 
-0.003885 -0.003288 -0.003843 -0.003337 
-0.003717 -0.002740 -0.003688 -0.002779 
-0.002797 0.004621 -0.002863 0.004581 
0.006619 0.007452 0.006248 0.007765 
0.009207 -0.007158 0.009663 -0.006529 
0.006212 -0.009219 0.006758 -0.008826 
0.002012 0.003649 0.001981 0.003666 
-0.002156 0.010516 -0.002746 0.010377 
-0.006051 0.013325 -0.007413 0.012618 
-0.003911 0.008900 -0.004318 0.008710 
0.000079 -0.010013 0.000571 -0.009997 
-0.002651 -0.001236 -0.002646 -0.001247 
0.010655 0.001182 0.010571 0.001779 
0.008818 -0.001230 0.008859 -0.000887 
-0.005722 -0.009757 -0.005100 -0.010097 
-0.004204 -0.008261 -0.003853 -0.008430 
0.005273 -0.009490 0.005812 -0.009170 
0.013123 0.006098 0.012430 0.007410 
0.009958 0.007272 0.009389 0.007993 
-0.002081 0.007688 -0.002319 0.007620 
-0.003188 -0.001918 -0.003175 -0.001940 
0.004164 0.004255 0.004090 0.004327 
0.012709 0.003927 0.012322 0.005012 
0.005454 -0.005248 0.005599 -0.005093 
-0.005711 0.012992 -0.006963 0.012366 
0.001218 0.009662 0.000768 0.009708 
0.008046 0.002283 0.007963 0.002557 
-0.000659 0.007059 -0.000832 0.007041 
-0.007436 -0.008342 -0.006912 -0.008781 
-0.008204 -0.002776 -0.008096 -0.003075 
0.001209 -0.007430 0.001415 -0.007393 
0.003616 0.006881 0.003411 0.006986 
-0.002485 -0.003700 -0.002449 -0.003724 
0.002402 -0.002109 0.002412 -0.002097 
0.005874 0.005916 0.005669 0.006113 
0.000108 -0.008038 0.000363 -0.008030 
0.011871 0.002492 0.011661 0.003341 
-0.001931 -0.009850 -0.001443 -0.009933 
-0.008347 -0.000406 -0.008328 -0.000691 
0.004657 0.001889 0.004634 0.001947 
0.007556 -0.003895 0.007689 -0.003625 
-0.002430 0.002025 -0.002440 0.002013 
-0.005203 -0.005713 -0.005034 -0.005863 
0.010315 0.002763 0.010145 0.003335 
-0.007231 -0.008990 -0.006630 -0.009443 
-0.008774 0.002110 -0.008852 0.001758 
0.012642 0.005180 0.012116 0.006313 
0.008577 0.001665 0.008509 0.001984 
-0.001769 0.008527 -0.002084 0.008455 
-0.004967 -0.004341 -0.004874 -0.004446 
-0.011299 -0.006118 -0.010768 -0.007011 
-0.002613 -0.003805 -0.002573 -0.003832 
0.001131 -0.010825 0.001757 -0.010741 
0.000831 -0.007748 0.001061 -0.007720 
0.004965 0.008607 0.004543 0.008837 
0.001960 0.001308 0.001956 0.001313 
-0.011184 -0.000311 -0.011144 -0.000996 
-0.009647 0.004985 -0.009919 0.004419 
-0.010121 0.001162 -0.010167 0.000646 
0.000046 0.011183 -0.000638 0.011165 
0.004467 0.009461 0.003953 0.009687 
-0.001433 0.010664 -0.002035 0.010565 
-0.001570 0.010596 -0.002163 0.010491 
-0.002109 0.009436 -0.002539 0.009330 
-0.004416 0.003311 -0.004465 0.003245 
-0.008480 0.003167 -0.008601 0.002824 
-0.007034 -0.007202 -0.006668 -0.007543 
-0.006989 0.004729 -0.007150 0.004483 
0.002023 0.003037 0.002003 0.003050 
-0.007388 0.010097 -0.008140 0.009501 
-0.008191 -0.000618 -0.008166 -0.000889 
0.003816 0.002048 0.003797 0.002082 
0.001197 -0.004115 0.001234 -0.004104 
-0.008045 -0.000156 -0.008036 -0.000411 
0.007823 0.000558 0.007803 0.000794 
-0.007055 0.012098 -0.008183 0.011365 
-0.007051 0.003406 -0.007150 0.003193 
0.002484 -0.010011 0.003002 -0.009868 
0.008808 -0.006575 0.009181 -0.006043 
-0.001650 -0.011628 -0.000861 -0.011713 
-0.012971 -0.005688 -0.012350 -0.006934 
-0.011098 -0.004647 -0.010740 -0.005422 
-0.003482 0.001901 -0.003497 0.001874 
-0.010443 -0.004901 -0.010101 -0.005571 
-0.002932 0.004992 -0.003014 0.004943 
0.007184 0.009206 0.006553 0.009666 
0.010069 0.001812 0.009962 0.002326 
-0.013462 -0.002385 -0.013187 -0.003606 
-0.006969 0.009948 -0.007669 0.009418 
-0.008070 -0.002132 -0.007993 -0.002406 
0.001189 -0.010539 0.001768 -0.010457 
0.002761 -0.010473 0.003358 -0.010297 
-0.008589 0.004210 -0.008769 0.003821 
-0.010930 -0.005736 -0.010471 -0.006535 
-0.003613 -0.001937 -0.003597 -0.001966 
-0.004267 0.003374 -0.004316 0.003312 
-0.008262 0.002908 -0.008365 0.002595 
-0.007241 -0.009665 -0.006532 -0.010158 
-0.011703 -0.002680 -0.011485 -0.003499 
-0.001892 0.009202 -0.002288 0.009111 
-0.002703 0.001757 -0.002712 0.001743 
-0.005621 -0.009819 -0.004994 -0.010152 
-0.004048 -0.009039 -0.003609 -0.009223 
0.006257 -0.009658 0.006870 -0.009232 
0.003511 -0.000158 0.003512 -0.000137 
-0.013383 -0.006068 -0.012667 -0.007447 
-0.009081 -0.005382 -0.008774 -0.005870 
0.006142 -0.012743 0.007360 -0.012081 
0.002343 -0.013768 0.003646 -0.013481 
-0.008379 -0.004091 -0.008197 -0.004445 
0.007860 0.001560 0.007807 0.001807 
-0.003882 0.002328 -0.003905 0.002289 
-0.008048 -0.001182 -0.008005 -0.001443 
0.005338 -0.009904 0.005942 -0.009554 
0.013205 0.005790 0.012548 0.007103 
0.013100 0.005742 0.012459 0.007024 
0.009169 0.002233 0.009063 0.002631 
0.006001 0.005841 0.005797 0.006044 
0.001731 -0.011015 0.002399 -0.010889 
0.004810 -0.009261 0.005297 -0.008991 
-0.002134 0.003391 -0.002160 0.003374 
0.002907 0.002863 0.002884 0.002886 
-0.001959 0.004256 -0.002004 0.004234 
0.004755 0.006283 0.004562 0.006424 
-0.004639 -0.006117 -0.004461 -0.006249 
0.010613 0.004896 0.010262 0.005595 
0.003093 -0.003259 0.003126 -0.003228 
0.001573 -0.003675 0.001602 -0.003663 
-0.005573 -0.002327 -0.005531 -0.002426 
-0.002850 0.010511 -0.003455 0.010327 
0.008240 -0.006979 0.008625 -0.006497 
0.000204 -0.007958 0.000451 -0.007947 
-0.001473 0.002517 -0.001484 0.002511 
-0.001706 -0.011517 -0.000938 -0.011605 
-0.011345 -0.006943 -0.010701 -0.007899 
-0.004400 -0.009170 -0.003929 -0.009381 
0.001548 -0.007947 0.001802 -0.007893 
0.001896 0.001367 0.001892 0.001372 
-0.006961 -0.000495 -0.006947 -0.000660 
0.008077 -0.003985 0.008229 -0.003661 
0.009817 0.001976 0.009708 0.002456 
-0.012781 -0.005545 -0.012197 -0.006733 
-0.008234 -0.000389 -0.008216 -0.000662 
0.004350 0.003073 0.004307 0.003133 
0.009995 -0.000911 0.010028 -0.000417 
-0.001611 -0.011510 -0.000847 -0.011591 
-0.008815 -0.005610 -0.008502 -0.006073 
0.007816 -0.002800 0.007906 -0.002534 
0.002871 0.006820 0.002687 0.006895 
-0.002080 -0.002888 -0.002062 -0.002901 
0.008236 -0.003720 0.008378 -0.003387 
0.005166 0.001811 0.005139 0.001886 
0.002974 -0.011691 0.003799 -0.011450 
-0.011635 0.000044 -0.011613 -0.000727 
-0.005670 0.004889 -0.005802 0.004731 
0.005088 -0.005071 0.005215 -0.004941 
-0.005838 0.005199 -0.005992 0.005022 
0.009507 -0.006960 0.009958 -0.006298 
0.004165 -0.013021 0.005338 -0.012586 
-0.003782 -0.006991 -0.003564 -0.007104 
0.010564 0.000544 0.010518 0.001122 
0.008834 -0.004260 0.009025 -0.003839 
0.011211 -0.001135 0.011260 -0.000436 
0.002805 -0.012691 0.003845 -0.012416 
-0.011836 0.001885 -0.011940 0.001048 
-0.002284 0.014269 -0.003729 0.013961 
0.009904 0.005331 0.009555 0.005934 
-0.004879 0.010455 -0.005550 0.010115 
0.002583 0.003509 0.002550 0.003533 
-0.001495 0.009713 -0.001952 0.009631 
-0.002555 0.001850 -0.002564 0.001838 
-0.004827 -0.006368 -0.004626 -0.006516 
0.008798 0.004966 0.008538 0.005399 
-0.004350 -0.003707 -0.004290 -0.003776 
-0.002102 -0.004415 -0.002051 -0.004440 
0.002319 -0.008573 0.002649 -0.008477 
0.008657 -0.001432 0.008705 -0.001104 
-0.008634 -0.006710 -0.008226 -0.007204 
-0.004285 0.012898 -0.005433 0.012458 
0.005315 0.007054 0.005042 0.007252 
0.004056 -0.003336 0.004100 -0.003281 
0.007304 -0.006735 0.007621 -0.006374 
-0.004543 -0.009893 -0.003961 -0.010140 
0.000545 -0.009130 0.000918 -0.009100 
-0.004750 -0.003853 -0.004678 -0.003940 
-0.013846 -0.002936 -0.013492 -0.004278 
-0.006602 0.011950 -0.007664 0.011298 
-0.007489 0.003298 -0.007594 0.003051 
-0.007478 -0.008662 -0.006908 -0.009124 
-0.008098 -0.000865 -0.008066 -0.001127 
0.005228 -0.010501 0.005923 -0.010125 
-0.004043 -0.002088 -0.004022 -0.002129 
-0.001935 0.003251 -0.001957 0.003237 
0.003994 0.003475 0.003946 0.003530 
0.010180 0.003067 0.009994 0.003626 
-0.002952 -0.007560 -0.002706 -0.007652 
0.006119 -0.006186 0.006344 -0.005955 
-0.008585 0.001878 -0.008650 0.001552 
0.011893 0.006807 0.011217 0.007871 
0.003755 0.006515 0.003573 0.006617 
-0.002747 -0.003885 -0.002704 -0.003915 
-0.001754 -0.011579 -0.000972 -0.011671 
-0.010169 -0.002325 -0.010031 -0.002863 
0.008613 0.003554 0.008454 0.003917 
-0.007281 -0.001178 -0.007247 -0.001372 
0.002495 -0.010577 0.003102 -0.010415 
-0.006833 0.003628 -0.006936 0.003426 
0.000741 -0.004187 0.000778 -0.004180 
-0.008702 -0.000571 -0.008675 -0.000895 
0.004923 0.002547 0.004884 0.002621 
0.007142 -0.006660 0.007445 -0.006319 
-0.007492 -0.007770 -0.007036 -0.008185 
-0.007688 0.003252 -0.007794 0.002988 
-0.007446 -0.008568 -0.006891 -0.009021 
-0.010709 0.001481 -0.010776 0.000866 
0.002336 0.008876 0.001968 0.008965 
0.001957 -0.009747 0.002427 -0.009641 
-0.006267 0.009069 -0.006795 0.008680 
-0.003434 -0.004129 -0.003375 -0.004177 
-0.003777 -0.008655 -0.003395 -0.008812 
0.001564 -0.002697 0.001576 -0.002689 
-0.000559 0.008092 -0.000819 0.008069 
-0.013315 -0.005812 -0.012644 -0.007155 
-0.008480 -0.003888 -0.008307 -0.004246 
0.008927 0.002521 0.008813 0.002895 
0.005003 0.007064 0.004741 0.007243 
0.002109 -0.002835 0.002127 -0.002822 
-0.004024 0.003406 -0.004070 0.003351 
-0.009427 0.006882 -0.009865 0.006238 
0.001617 0.011425 0.000869 0.011506 
0.010262 0.001553 0.010166 0.002092 
-0.012858 -0.005605 -0.012259 -0.006817 
-0.012327 0.001738 -0.012423 0.000798 
-0.004400 0.013218 -0.005635 0.012740 
0.007786 0.006308 0.007467 0.006683 
0.004894 -0.011410 0.005741 -0.011008 
-0.002714 -0.003621 -0.002678 -0.003648 
0.001900 -0.008632 0.002229 -0.008553 
0.007486 -0.000221 0.007489 -0.000015 
-0.008569 -0.002032 -0.008485 -0.002356 
0.001913 -0.008298 0.002207 -0.008225 
0.002179 0.001562 0.002173 0.001569 
-0.002277 -0.003583 -0.002245 -0.003603 
0.007369 -0.011404 0.008367 -0.010693 
0.006337 -0.003557 0.006427 -0.003392 
-0.000457 0.007334 -0.000651 0.007319 
-0.013759 -0.002136 -0.013494 -0.003431 
-0.005558 0.009129 -0.006059 0.008803 
-0.013339 -0.004181 -0.012878 -0.005437 
-0.009606 0.005649 -0.009932 0.005054 
-0.006752 0.007932 -0.007164 0.007562 
0.011070 0.005151 0.010665 0.005945 
0.000645 -0.003158 0.000661 -0.003155 
-0.007708 0.007508 -0.008121 0.007059 
0.005027 0.005092 0.004898 0.005216 
-0.009534 -0.002627 -0.009397 -0.003080 
0.009241 0.006267 0.008842 0.006820 
-0.001308 0.004529 -0.001358 0.004515 
0.008594 -0.002754 0.008697 -0.002409 
-0.014047 -0.002759 -0.013700 -0.004153 
-0.004496 0.012993 -0.005678 0.012522 
0.004928 0.008577 0.004511 0.008803 
0.002349 0.003755 0.002312 0.003777 
-0.001646 0.010549 -0.002232 0.010441 
-0.003926 0.008439 -0.004280 0.008265 
0.001080 -0.010557 0.001661 -0.010481 
-0.001577 -0.009387 -0.001159 -0.009448 
-0.008652 0.003996 -0.008821 0.003607 
-0.008365 0.001850 -0.008426 0.001548 
0.009095 0.004847 0.008830 0.005314 
-0.005073 -0.002533 -0.005032 -0.002613 
-0.006315 0.004945 -0.006467 0.004743 
0.004337 -0.013193 0.005563 -0.012725 
-0.005231 -0.008734 -0.004781 -0.008988 
-0.003948 -0.000306 -0.003946 -0.000336 
0.010081 0.002208 0.009952 0.002731 
-0.013717 -0.003825 -0.013270 -0.005167 
-0.006994 0.005416 -0.007196 0.005143 
0.003123 0.000666 0.003119 0.000682 
-0.005792 -0.006266 -0.005565 -0.006468 
-0.002422 0.009528 -0.002871 0.009402 
-0.007110 0.003633 -0.007220 0.003409 
0.002183 -0.004001 0.002224 -0.003979 
-0.004070 -0.001352 -0.004058 -0.001389 
-0.000730 0.007836 -0.000967 0.007811 
-0.008761 -0.003867 -0.008579 -0.004256 
0.007465 -0.000456 0.007475 -0.000251 
-0.008930 0.001139 -0.008968 0.000784 
0.003530 0.008228 0.003205 0.008360 
-0.003593 0.002706 -0.003620 0.002670 
-0.011758 0.001661 -0.011845 0.000845 
-0.003270 0.011748 -0.004116 0.011479 
0.007844 -0.000634 0.007859 -0.000396 
-0.011302 0.000068 -0.011284 -0.000639 
-0.008708 0.004582 -0.008915 0.004164 
-0.000919 0.003700 -0.000945 0.003693 
0.009433 -0.005440 0.009733 -0.004883 
0.009628 -0.005713 0.009961 -0.005111 
0.005987 -0.007655 0.006335 -0.007370 
-0.010797 -0.004862 -0.010438 -0.005592 
-0.002651 0.001300 -0.002657 0.001289 
-0.003568 -0.008216 -0.003242 -0.008350 
0.008615 -0.005036 0.008851 -0.004610 
0.000963 -0.004308 0.001004 -0.004299 
-0.010263 -0.000414 -0.010228 -0.000943 
-0.003319 0.002356 -0.003338 0.002329 
-0.004646 -0.002880 -0.004603 -0.002948 
-0.009372 0.006996 -0.009820 0.006353 
-0.005733 0.013011 -0.006992 0.012380 
-0.000369 0.007810 -0.000603 0.007796 
0.002301 -0.005412 0.002392 -0.005373 
-0.004759 -0.007083 -0.004504 -0.007248 
-0.002729 0.003716 -0.002768 0.003687 
0.004398 0.002687 0.004363 0.002744 
0.007627 0.000053 0.007622 0.000271 
-0.009857 -0.001846 -0.009754 -0.002329 
-0.007147 -0.007679 -0.006723 -0.008053 
-0.005565 0.005034 -0.005701 0.004878 
0.008376 -0.004002 0.008538 -0.003645 
0.009862 0.006931 0.009344 0.007615 
-0.000315 0.009258 -0.000703 0.009237 
0.004187 0.000816 0.004180 0.000853 
-0.000285 -0.007751 -0.000057 -0.007756 
-0.001137 0.007234 -0.001326 0.007202 
-0.003369 -0.008678 -0.002997 -0.008813 
0.001300 -0.004946 0.001363 -0.004929 
-0.007398 -0.000739 -0.007376 -0.000939 
0.008727 -0.006859 0.009125 -0.006320 
-0.001719 -0.011497 -0.000955 -0.011586 
-0.010643 -0.006541 -0.010112 -0.007335 
-0.002105 -0.002816 -0.002088 -0.002829 
0.008648 -0.004853 0.008871 -0.004431 
0.000897 -0.003410 0.000917 -0.003405 
-0.006065 0.006711 -0.006329 0.006462 
0.007323 -0.000088 0.007323 0.000104 
-0.008186 -0.001669 -0.008124 -0.001948 
-0.002627 -0.009189 -0.002213 -0.009297 
-0.002810 0.011974 -0.003689 0.011733 
0.009225 -0.001617 0.009286 -0.001219 
-0.004570 -0.009786 -0.004004 -0.010031 
0.000078 -0.011150 0.000757 -0.011125 
-0.003502 -0.006964 -0.003293 -0.007065 
0.010929 -0.001172 0.010979 -0.000524 
0.007176 -0.011268 0.008133 -0.010598 
0.008606 -0.003906 0.008769 -0.003526 
0.002266 0.003274 0.002241 0.003291 
-0.000940 0.007522 -0.001151 0.007492 
-0.005507 -0.005731 -0.005327 -0.005899 
0.013862 0.001905 0.013616 0.003224 
0.006134 -0.009611 0.006733 -0.009201 
0.009528 0.006325 0.009103 0.006922 
-0.002011 0.003958 -0.002049 0.003939 
0.002913 0.001960 0.002901 0.001977 
0.002767 -0.002928 0.002790 -0.002906 
0.004943 0.001948 0.004915 0.002016 
0.009700 -0.005221 0.009993 -0.004635 
0.005772 -0.006179 0.005985 -0.005973 
-0.008118 0.000447 -0.008129 0.000184 
0.010491 0.001013 0.010420 0.001582 
0.009565 0.001859 0.009468 0.002302 
0.005205 0.001499 0.005183 0.001574 
0.006017 -0.009580 0.006606 -0.009185 
0.011302 0.004749 0.010922 0.005568 
0.002192 -0.005142 0.002271 -0.005108 
-0.005613 -0.009767 -0.004995 -0.010096 
-0.003413 -0.006775 -0.003221 -0.006869 
0.010478 0.001479 0.010381 0.002051 
0.010998 0.000050 0.010976 0.000701 
0.007152 -0.007183 0.007504 -0.006814 
-0.006797 -0.007431 -0.006420 -0.007759 
-0.008644 0.004869 -0.008869 0.004447 
-0.004269 0.002745 -0.004303 0.002691 
-0.009326 -0.002086 -0.009223 -0.002501 
-0.004481 -0.001939 -0.004458 -0.001991 
-0.000740 0.008469 -0.001040 0.008437 
0.001173 -0.005355 0.001252 -0.005338 
-0.008916 -0.004983 -0.008649 -0.005432 
0.004852 0.001833 0.004828 0.001897 
0.008339 -0.003642 0.008480 -0.003301 
0.002185 0.003367 0.002158 0.003384 
-0.001202 0.010713 -0.001810 0.010628 
-0.002510 0.008188 -0.002803 0.008093 
-0.002995 -0.003799 -0.002952 -0.003833 
0.002237 -0.008462 0.002553 -0.008372 
0.009922 -0.001066 0.009962 -0.000581 
-0.000031 -0.007738 0.000196 -0.007736 
0.013727 0.002504 0.013426 0.003800 
0.002587 -0.011637 0.003390 -0.011429 
-0.011236 -0.000758 -0.011167 -0.001454 
-0.010008 -0.000903 -0.009951 -0.001397 
-0.004684 0.003706 -0.004748 0.003623 
-0.009489 0.007126 -0.009957 0.006455 
-0.004215 0.013340 -0.005473 0.012875 
0.003848 0.006827 0.003641 0.006940 
-0.002811 -0.001794 -0.002801 -0.001810 
0.010626 0.001792 0.010507 0.002393 
0.008597 0.005475 0.008307 0.005905 
-0.005331 0.004898 -0.005455 0.004760 
0.002927 -0.010496 0.003532 -0.010308 
-0.009591 0.005879 -0.009937 0.005274 
-0.005982 0.006116 -0.006198 0.005897 
0.010653 0.000129 0.010630 0.000720 
0.008433 -0.003634 0.008576 -0.003283 
0.008620 0.004203 0.008422 0.004587 
-0.007912 0.000560 -0.007925 0.000316 
0.011275 0.000350 0.011231 0.001052 
0.007238 -0.006758 0.007554 -0.006403 
-0.005074 -0.006028 -0.004888 -0.006179 
0.004070 0.007063 0.003838 0.007192 
-0.005281 -0.001751 -0.005254 -0.001831 
-0.006323 0.013664 -0.007798 0.012879 
-0.005417 0.008908 -0.005883 0.008607 
-0.004954 -0.005173 -0.004822 -0.005296 
0.010147 0.007001 0.009598 0.007737 
-0.000044 0.008226 -0.000317 0.008220 
0.002843 -0.002497 0.002860 -0.002477 
0.012795 0.005267 0.012245 0.006442 
0.007430 0.001119 0.007396 0.001324 
-0.006243 0.010731 -0.007035 0.010230 
-0.001218 0.004301 -0.001260 0.004289 
0.010883 0.001261 0.010790 0.001898 
0.009268 0.001090 0.009213 0.001485 
0.002249 -0.005235 0.002332 -0.005198 
-0.005082 -0.006106 -0.004891 -0.006260 
0.004689 0.005210 0.004562 0.005322 
-0.013098 -0.005975 -0.012425 -0.007271 
-0.006982 -0.000534 -0.006968 -0.000701 
0.008722 -0.007037 0.009138 -0.006487 
0.000159 -0.010072 0.000659 -0.010051 
-0.004653 -0.001405 -0.004637 -0.001459 
-0.002278 0.008038 -0.002551 0.007956 
-0.003928 -0.002915 -0.003893 -0.002961 
-0.005010 -0.002636 -0.004968 -0.002715 
-0.007619 0.006724 -0.007949 0.006330 
0.007150 0.007298 0.006767 0.007654 
0.008026 -0.004083 0.008181 -0.003761 
0.002179 0.001706 0.002172 0.001714 
-0.009525 -0.002020 -0.009421 -0.002460 
-0.007803 -0.006692 -0.007446 -0.007087 
-0.007054 0.010482 -0.007852 0.009899 
-0.009824 -0.002008 -0.009714 -0.002489 
-0.003866 -0.004206 -0.003798 -0.004268 
-0.003043 -0.007391 -0.002810 -0.007482 
0.011233 0.000099 0.011206 0.000793 
0.004735 -0.004815 0.004841 -0.004708 
-0.005596 0.008791 -0.006055 0.008481 
-0.007089 -0.009005 -0.006495 -0.009442 
-0.010681 -0.001431 -0.010582 -0.002036 
-0.008561 -0.005451 -0.008275 -0.005876 
0.009340 -0.006910 0.009776 -0.006278 
0.006291 -0.011115 0.007158 -0.010578 
0.005161 -0.004491 0.005262 -0.004371 
-0.005195 0.008574 -0.005610 0.008308 
-0.004530 -0.009647 -0.003987 -0.009884 
0.001575 -0.010807 0.002203 -0.010697 
0.007279 -0.011417 0.008274 -0.010718 
0.009248 -0.004375 0.009460 -0.003895 
0.010698 0.000466 0.010655 0.001066 
0.005590 -0.004825 0.005717 -0.004674 
-0.007218 0.004885 -0.007395 0.004613 
0.003866 0.002448 0.003841 0.002488 
0.002506 -0.002260 0.002518 -0.002246 
0.010114 0.006526 0.009626 0.007226 
-0.005975 0.009491 -0.006549 0.009105 
-0.002428 -0.002041 -0.002417 -0.002053 
0.009703 0.000674 0.009662 0.001123 
0.001812 -0.002328 0.001821 -0.002320 
-0.000970 0.007535 -0.001182 0.007504 
0.002430 -0.004271 0.002481 -0.004242 
-0.005149 -0.002793 -0.005101 -0.002879 
-0.009275 0.004739 -0.009513 0.004240 
-0.011191 0.000257 -0.011186 -0.000430 
-0.007339 0.003850 -0.007464 0.003601 
-0.000429 -0.007216 -0.000245 -0.007225 
-0.001391 0.010978 -0.002046 0.010874 
-0.002763 0.009687 -0.003241 0.009538 
-0.006892 0.003750 -0.007002 0.003540 
0.002752 -0.002081 0.002764 -0.002065 
0.004679 0.007161 0.004420 0.007324 
0.000934 -0.004314 0.000975 -0.004305 
-0.007325 -0.000852 -0.007300 -0.001047 
0.005344 -0.008712 0.005782 -0.008427 
0.006866 0.008926 0.006299 0.009335 
0.009207 0.005139 0.008914 0.005632 
-0.006795 0.011219 -0.007715 0.010608 
-0.008506 0.003688 -0.008654 0.003327 
-0.012971 -0.005398 -0.012389 -0.006626 
-0.008819 0.002235 -0.008903 0.001876 
0.010436 0.004756 0.010108 0.005419 
0.001070 -0.004183 0.001109 -0.004173 
-0.010947 -0.001276 -0.010852 -0.001925 
-0.009200 0.001345 -0.009249 0.000954 
0.004779 0.008733 0.004350 0.008955 
0.002295 0.003574 0.002263 0.003594 
-0.002442 0.002190 -0.002453 0.002177 
0.003054 -0.003814 0.003098 -0.003778 
0.003023 -0.002606 0.003043 -0.002582 
0.003414 0.000423 0.003411 0.000443 
-0.013167 -0.002107 -0.012933 -0.003245 
-0.004552 0.009459 -0.005056 0.009199 
-0.000229 -0.002914 -0.000217 -0.002915 
-0.006783 0.010122 -0.007501 0.009603 
-0.011309 0.001586 -0.011388 0.000860 
-0.003443 0.010054 -0.003994 0.009848 
0.006296 -0.005193 0.006462 -0.004985 
-0.002510 -0.001683 -0.002503 -0.001694 
0.007731 0.000299 0.007719 0.000526 
-0.002720 0.013964 -0.004089 0.013627 
0.013218 0.005847 0.012551 0.007166 
0.008364 0.000445 0.008344 0.000732 
-0.004760 -0.003815 -0.004690 -0.003902 
-0.010696 -0.002600 -0.010523 -0.003230 
0.008580 0.003994 0.008397 0.004366 
-0.007610 -0.000259 -0.007600 -0.000475 
0.005909 -0.006205 0.006128 -0.005989 
-0.009417 -0.002063 -0.009313 -0.002489 
-0.007345 -0.009560 -0.006646 -0.010058 
-0.008957 -0.006390 -0.008562 -0.006909 
0.003605 -0.003652 0.003652 -0.003605 
0.007350 -0.003784 0.007472 -0.003536 
-0.003994 0.003237 -0.004036 0.003185 
-0.007831 0.003590 -0.007957 0.003303 
-0.006552 -0.008696 -0.006036 -0.009062 
-0.007898 -0.001013 -0.007863 -0.001258 
0.008187 -0.003811 0.008332 -0.003481 
0.002450 0.001517 0.002444 0.001527 
-0.002850 -0.000874 -0.002846 -0.000886 
0.011585 0.006797 0.010939 0.007793 
0.003546 0.008098 0.003233 0.008228 
-0.001988 0.002125 -0.001997 0.002117 
-0.002069 -0.008549 -0.001743 -0.008621 
-0.006559 0.011058 -0.007432 0.010491 
-0.002337 0.003499 -0.002367 0.003478 
0.001955 0.002393 0.001944 0.002402 
-0.007267 0.006922 -0.007599 0.006555 
0.003375 0.007849 0.003092 0.007965 
-0.008138 0.003837 -0.008284 0.003512 
-0.002846 -0.003988 -0.002799 -0.004022 
0.002288 -0.009577 0.002741 -0.009457 
0.006724 -0.007738 0.007114 -0.007382 
-0.010887 -0.005206 -0.010488 -0.005968 
-0.002018 0.002747 -0.002033 0.002736 
0.003524 -0.002801 0.003552 -0.002766 
0.009950 0.002583 0.009803 0.003094 
0.004701 0.005798 0.004541 0.005924 
-0.004018 -0.006742 -0.003812 -0.006860 
0.007555 -0.001981 0.007610 -0.001755 
-0.009087 -0.006324 -0.008691 -0.006858 
0.003916 -0.004523 0.003995 -0.004454 
0.005238 -0.010454 0.005926 -0.010080 
-0.002461 -0.003948 -0.002419 -0.003974 
0.000528 -0.007630 0.000746 -0.007612 
0.012459 0.005530 0.011904 0.006639 
0.007562 0.000502 0.007545 0.000715 
-0.006072 0.008424 -0.006509 0.008091 
-0.004848 -0.008260 -0.004472 -0.008469 
-0.004992 -0.002638 -0.004950 -0.002715 
-0.010071 0.005502 -0.010405 0.004841 
-0.008619 0.003470 -0.008758 0.003102 
-0.004671 -0.003942 -0.004598 -0.004027 
-0.011378 -0.006796 -0.010752 -0.007749 
-0.004232 -0.008446 -0.003859 -0.008623 
0.002660 -0.013546 0.003911 -0.013239 
-0.010266 -0.001581 -0.010168 -0.002121 
0.009283 0.004115 0.009063 0.004578 
-0.005893 -0.001862 -0.005857 -0.001972 
-0.004457 0.013284 -0.005712 0.012794 
0.004600 0.009565 0.004065 0.009804 
0.000568 0.007553 0.000355 0.007566 
0.000747 -0.010206 0.001269 -0.010155 
0.002737 -0.010193 0.003288 -0.010028 
-0.006102 0.006058 -0.006317 0.005833 
0.008374 0.001369 0.008321 0.001663 
-0.003930 0.004593 -0.004011 0.004522 
-0.006263 0.010684 -0.007047 0.010183 
-0.000882 0.003465 -0.000903 0.003459 
0.004050 -0.012764 0.005154 -0.012360 
-0.005549 -0.005369 -0.005390 -0.005529 
0.006988 0.009328 0.006352 0.009773 
0.011132 0.004796 0.010758 0.005584 
0.003787 -0.003253 0.003826 -0.003207 
0.008637 -0.005022 0.008872 -0.004594 
0.006215 -0.004057 0.006322 -0.003888 
-0.007313 0.005520 -0.007533 0.005215 
0.005439 0.001738 0.005411 0.001825 
0.005864 -0.013231 0.007189 -0.012561 
0.005821 -0.013265 0.007152 -0.012598 
0.005378 -0.008676 0.005814 -0.008390 
0.012977 0.005941 0.012321 0.007204 
0.014097 0.002687 0.013755 0.004093 
0.005719 -0.013252 0.007039 -0.012600 
0.002050 -0.008036 0.002319 -0.007963 
0.009341 0.002317 0.009226 0.002739 
0.005048 0.005825 0.004876 0.005969 
-0.004849 -0.005545 -0.004700 -0.005672 
0.010814 0.006361 0.010292 0.007175 
0.002891 0.000576 0.002888 0.000588 
-0.009416 -0.005145 -0.009111 -0.005668 
0.003068 0.000875 0.003063 0.000891 
-0.012021 -0.002879 -0.011772 -0.003770 
-0.000480 0.007438 -0.000682 0.007423 
-0.009634 -0.005145 -0.009317 -0.005699 
0.001603 0.002305 0.001594 0.002311 
-0.006041 0.004558 -0.006167 0.004386 
0.008076 -0.003411 0.008198 -0.003105 
0.004663 0.005638 0.004514 0.005758 
-0.004240 -0.008449 -0.003867 -0.008626 
0.007037 -0.011840 0.008105 -0.011136 
0.005399 -0.006449 0.005619 -0.006258 
-0.008209 -0.000650 -0.008183 -0.000922 
0.007176 -0.011427 0.008166 -0.010742 
0.009381 -0.005660 0.009697 -0.005099 
0.008645 -0.006700 0.009022 -0.006182 
-0.000193 -0.011710 0.000594 -0.011697 
-0.007223 -0.007407 -0.006825 -0.007775 
-0.008505 0.004790 -0.008720 0.004388 
-0.001825 0.002373 -0.001836 0.002365 
-0.001067 -0.011253 -0.000361 -0.011297 
-0.011071 -0.005551 -0.010623 -0.006367 
-0.004136 0.003931 -0.004199 0.003865 
-0.002801 0.011992 -0.003683 0.011751 
0.009343 0.002443 0.009222 0.002867 
0.006106 0.005857 0.005897 0.006068 
-0.002566 -0.008476 -0.002239 -0.008568 
-0.005762 0.009056 -0.006264 0.008716 
-0.009873 -0.001872 -0.009769 -0.002358 
0.009372 0.006313 0.008959 0.006886 
-0.002789 0.002568 -0.002807 0.002548 
0.001752 -0.004148 0.001793 -0.004130 
-0.003374 -0.000908 -0.003368 -0.000928 
0.013534 0.005440 0.012894 0.006819 
0.008592 0.004186 0.008397 0.004566 
-0.009591 -0.001638 -0.009504 -0.002081 
-0.003762 -0.000800 -0.003756 -0.000827 
0.010005 0.003253 0.009814 0.003790 
-0.005806 -0.007488 -0.005471 -0.007736 
-0.001774 0.002153 -0.001782 0.002146 
0.000853 -0.007887 0.001096 -0.007857 
0.012862 0.005427 0.012286 0.006629 
0.009323 -0.001574 0.009383 -0.001164 
-0.007975 -0.006282 -0.007648 -0.006676 
-0.004555 0.009301 -0.005037 0.009049 
0.000305 -0.002858 0.000316 -0.002856 
-0.003054 0.010205 -0.003616 0.010019 
0.005861 -0.006560 0.006105 -0.006333 
-0.007354 -0.000745 -0.007331 -0.000941 
0.008337 -0.004600 0.008533 -0.004225 
0.004068 -0.003523 0.004117 -0.003465 
0.008053 -0.003214 0.008166 -0.002915 
0.003305 0.002027 0.003290 0.002051 
0.002442 -0.004340 0.002495 -0.004310 
-0.002855 -0.004017 -0.002807 -0.004051 
-0.002380 -0.008683 -0.002033 -0.008771 
-0.005850 0.013435 -0.007228 0.012746 
-0.001790 0.009875 -0.002275 0.009775 
0.006568 -0.009767 0.007215 -0.009299 
0.010176 -0.001268 0.010228 -0.000743 
-0.001596 -0.009183 -0.001204 -0.009242 
-0.006685 0.007226 -0.007020 0.006901 
0.010870 0.006062 0.010379 0.006869 
0.001895 0.003569 0.001867 0.003584 
0.001572 0.008336 0.001278 0.008386 
0.004749 -0.010790 0.005472 -0.010442 
-0.002719 -0.003790 -0.002679 -0.003819 
0.000985 -0.003951 0.001017 -0.003943 
-0.005852 0.004804 -0.005985 0.004638 
0.005607 -0.009874 0.006219 -0.009500 
0.010963 0.007042 0.010340 0.007929 
0.003575 0.006143 0.003422 0.006229 
-0.007467 0.000466 -0.007477 0.000261 
0.007807 0.001648 0.007752 0.001891 
-0.002944 0.004788 -0.003017 0.004742 
-0.001392 0.010008 -0.001891 0.009925 
0.002004 0.002438 0.001992 0.002447 
-0.006750 0.010409 -0.007514 0.009871 
-0.009628 -0.000538 -0.009594 -0.000976 
-0.004361 0.003699 -0.004420 0.003629 
-0.005898 0.013168 -0.007208 0.012499 
-0.001972 0.009600 -0.002421 0.009497 
-0.001285 0.004247 -0.001326 0.004234 
0.010149 -0.001027 0.010188 -0.000508 
-0.001334 -0.011479 -0.000580 -0.011541 
-0.010597 -0.007272 -0.009975 -0.008105 
-0.000276 -0.011444 0.000459 -0.011438 
-0.005560 -0.008647 -0.005105 -0.008923 
-0.004215 -0.002461 -0.004186 -0.002510 
-0.002087 0.005049 -0.002160 0.005018 
0.009906 0.005937 0.009497 0.006571 
-0.006981 0.010070 -0.007702 0.009530 
-0.007390 0.000183 -0.007392 -0.000015 
0.009336 0.000533 0.009305 0.000932 
0.002791 -0.004524 0.002853 -0.004485 
0.000073 -0.011179 0.000757 -0.011153 
-0.003792 -0.006968 -0.003575 -0.007081 
0.009035 -0.001462 0.009087 -0.001090 
-0.006906 -0.008168 -0.006437 -0.008542 
-0.008099 -0.001893 -0.008030 -0.002167 
0.002098 -0.009167 0.002493 -0.009068 
0.008846 -0.006555 0.009220 -0.006018 
0.005471 -0.013421 0.006821 -0.012788 
0.000438 -0.007315 0.000630 -0.007301 
0.012963 0.004547 0.012488 0.005725 
0.005431 -0.005443 0.005586 -0.005284 
-0.005475 0.005334 -0.005626 0.005175 
0.005662 -0.009632 0.006240 -0.009268 
0.010330 0.002723 0.010162 0.003296 
-0.006146 -0.006264 -0.005905 -0.006491 
-0.000627 0.008500 -0.000929 0.008472 
0.002699 -0.002849 0.002720 -0.002828 
0.010258 0.005099 0.009909 0.005747 
0.001572 -0.002761 0.001586 -0.002753 
-0.001369 0.010900 -0.002010 0.010800 
-0.001742 0.009405 -0.002162 0.009318 
-0.003751 0.004040 -0.003811 0.003983 
-0.003036 0.009910 -0.003553 0.009736 
0.006269 -0.003562 0.006358 -0.003401 
-0.003515 0.003571 -0.003558 0.003528 
-0.003259 0.003456 -0.003297 0.003420 
-0.003136 0.002482 -0.003155 0.002457 
-0.004770 -0.006431 -0.004566 -0.006578 
0.004909 0.005625 0.004754 0.005757 
-0.013014 -0.004070 -0.012590 -0.005237 
-0.007594 0.007261 -0.007976 0.006840 
0.007913 0.006264 0.007591 0.006651 
0.006270 -0.009232 0.006822 -0.008832 
0.002604 0.001814 0.002595 0.001827 
-0.002805 -0.003204 -0.002777 -0.003229 
-0.001009 -0.009105 -0.000634 -0.009139 
-0.007510 0.007055 -0.007866 0.006655 
0.004037 0.008633 0.003649 0.008804 
-0.004442 0.010954 -0.005181 0.010625 
0.001742 0.002784 0.001727 0.002793 
-0.008881 0.003659 -0.009037 0.003254 
-0.002358 -0.003346 -0.002331 -0.003365 
0.003767 -0.004127 0.003829 -0.004069 
0.007045 -0.004690 0.007205 -0.004440 
-0.002641 -0.001697 -0.002633 -0.001710 
0.009299 0.001989 0.009202 0.002399 
0.002237 0.001837 0.002229 0.001847 
-0.008142 -0.000910 -0.008107 -0.001177 
0.004824 0.001909 0.004798 0.001972 
0.008139 -0.005356 0.008379 -0.004972 
0.003751 -0.004522 0.003827 -0.004457 
0.005734 -0.013294 0.007067 -0.012636 
-0.002252 -0.007972 -0.001983 -0.008043 
-0.006121 0.009842 -0.006754 0.009418 
-0.003134 -0.003825 -0.003088 -0.003863 
0.002219 -0.008991 0.002595 -0.008890 
0.008011 0.001824 0.007946 0.002088 
-0.002752 0.004779 -0.002823 0.004738 
0.005530 0.008899 0.005043 0.009184 
0.005148 0.009270 0.004630 0.009540 
0.005266 0.009410 0.004721 0.009695 
0.006217 0.005611 0.006020 0.005821 
-0.001906 -0.008894 -0.001544 -0.008963 
-0.004394 0.011275 -0.005191 0.010931 
0.001844 0.002294 0.001834 0.002302 
-0.008052 0.003263 -0.008168 0.002963 
-0.006487 -0.008557 -0.005993 -0.008910 
-0.011501 -0.000657 -0.011434 -0.001403 
-0.009514 -0.000257 -0.009494 -0.000679 
-0.001473 0.004432 -0.001520 0.004416 
0.007818 0.001399 0.007771 0.001640 
-0.003748 -0.002476 -0.003724 -0.002513 
-0.003261 0.003397 -0.003298 0.003362 
-0.003163 0.002533 -0.003183 0.002508 
-0.004148 -0.001645 -0.004132 -0.001685 
-0.000050 0.007799 -0.000282 0.007794 
-0.000235 -0.010816 0.000385 -0.010812 
-0.003640 -0.007321 -0.003398 -0.007436 
0.002505 0.002933 0.002483 0.002952 
-0.002299 0.003527 -0.002329 0.003507 
0.003548 0.000987 0.003542 0.001011 
-0.000839 -0.008962 -0.000482 -0.008988 
-0.007680 0.003697 -0.007807 0.003422 
0.003774 -0.003798 0.003827 -0.003745 
0.008616 -0.003611 0.008763 -0.003239 
0.003626 0.003305 0.003586 0.003347 
0.005229 0.001462 0.005208 0.001538 
0.004919 -0.012976 0.006120 -0.012455 
-0.008077 -0.007857 -0.007573 -0.008344 
-0.009516 0.007075 -0.009981 0.006404 
-0.004335 0.013009 -0.005513 0.012555 
0.005197 0.008287 0.004802 0.008522 
0.003196 0.003400 0.003160 0.003434 
0.002511 0.002286 0.002498 0.002300 
-0.002548 -0.002942 -0.002526 -0.002961 
0.008298 -0.007327 0.008723 -0.006815 
0.000051 -0.011196 0.000738 -0.011171 
-0.007511 -0.007266 -0.007111 -0.007657 
-0.008574 0.003851 -0.008732 0.003477 
-0.003371 -0.000955 -0.003365 -0.000975 
0.004931 0.008822 0.004484 0.009057 
0.003329 0.000498 0.003326 0.000517 
-0.010070 -0.002036 -0.009951 -0.002554 
0.013349 0.005341 0.012741 0.006663 
0.009781 -0.001245 0.009830 -0.000778 
0.002412 -0.009951 0.002920 -0.009814 
0.006045 -0.006283 0.006275 -0.006054 
-0.009813 -0.002230 -0.009691 -0.002714 
-0.006886 -0.008484 -0.006378 -0.008872 
-0.008570 0.001682 -0.008627 0.001361 
0.008734 0.005636 0.008424 0.006090 
-0.008400 0.004916 -0.008619 0.004521 
-0.002244 0.002570 -0.002259 0.002557 
0.002016 -0.004060 0.002056 -0.004039 
-0.005189 -0.001156 -0.005172 -0.001228 
-0.005206 0.009089 -0.005687 0.008796 
0.004138 -0.003772 0.004196 -0.003708 
0.006321 -0.005741 0.006522 -0.005511 
-0.008488 0.002851 -0.008593 0.002515 
0.009895 0.001854 0.009791 0.002343 
-0.011571 -0.006899 -0.010913 -0.007899 
-0.003187 -0.008190 -0.002875 -0.008305 
0.009053 -0.004726 0.009283 -0.004258 
0.002683 -0.001738 0.002692 -0.001724 
0.003143 0.006902 0.002947 0.006987 
-0.007328 0.000603 -0.007341 0.000409 
0.007515 0.001248 0.007476 0.001461 
-0.005613 0.012788 -0.006808 0.012195 
-0.006335 0.009087 -0.006869 0.008690 
-0.004418 -0.001423 -0.004402 -0.001470 
-0.000177 0.007648 -0.000396 0.007640 
-0.008527 -0.005483 -0.008240 -0.005905 
0.009103 -0.005535 0.009396 -0.005020 
0.005415 -0.004866 0.005540 -0.004724 
-0.009050 0.007182 -0.009500 0.006576 
-0.006501 0.009740 -0.007140 0.009281 
-0.004966 -0.004265 -0.004876 -0.004369 
-0.010011 -0.001891 -0.009902 -0.002397 
0.011451 0.002304 0.011271 0.003064 
-0.001819 -0.010201 -0.001280 -0.010283 
-0.009680 -0.000334 -0.009655 -0.000778 
-0.002599 0.001772 -0.002608 0.001759 
-0.009814 -0.003238 -0.009631 -0.003747 
0.005144 0.005064 0.005013 0.005193 
-0.008424 -0.004863 -0.008190 -0.005248 
0.009334 -0.006900 0.009769 -0.006270 
0.002785 -0.012036 0.003677 -0.011795 
-0.007883 -0.000951 -0.007849 -0.001194 
0.006218 -0.010743 0.007010 -0.010244 
0.001809 -0.005581 0.001903 -0.005550 
-0.003850 -0.008499 -0.003484 -0.008655 
0.006081 -0.013247 0.007424 -0.012543 
0.006212 -0.008992 0.006728 -0.008614 
0.008453 0.003864 0.008282 0.004219 
-0.009303 -0.002141 -0.009198 -0.002554 
-0.003723 -0.008515 -0.003359 -0.008665 
0.008182 -0.003355 0.008304 -0.003039 
0.003155 0.000544 0.003152 0.000560 
-0.010560 -0.001961 -0.010432 -0.002554 
0.012166 0.002814 0.011916 0.003734 
-0.002255 -0.009218 -0.001846 -0.009309 
-0.007282 0.011727 -0.008343 0.010997 
-0.008199 0.003727 -0.008341 0.003398 
-0.005580 -0.001347 -0.005558 -0.001437 
-0.004372 0.012776 -0.005494 0.012335 
0.003232 0.008104 0.002927 0.008219 
-0.007380 0.007289 -0.007754 0.006890 
0.005057 0.005137 0.004924 0.005264 
-0.013538 -0.006129 -0.012797 -0.007556 
-0.008710 -0.003946 -0.008525 -0.004332 
0.008692 -0.001265 0.008733 -0.000935 
-0.005376 -0.008287 -0.004974 -0.008534 
-0.003640 -0.004069 -0.003580 -0.004122 
-0.007175 -0.008819 -0.006603 -0.009255 
-0.009334 -0.006619 -0.008890 -0.007203 
0.003280 -0.004021 0.003333 -0.003977 
0.002192 -0.001985 0.002200 -0.001976 
0.004219 0.008518 0.003838 0.008697 
-0.006835 0.010247 -0.007577 0.009711 
-0.010454 0.001267 -0.010507 0.000697 
-0.000786 0.009194 -0.001169 0.009153 
0.002197 0.001673 0.002191 0.001681 
-0.011727 0.001517 -0.011804 0.000711 
-0.005520 0.012461 -0.006629 0.011908 
-0.000587 0.009417 -0.000997 0.009383 
0.002696 0.003602 0.002660 0.003628 
-0.000176 0.007457 -0.000379 0.007450 
0.000596 -0.008040 0.000852 -0.008017 
0.006282 0.005651 0.006081 0.005867 
0.000409 -0.007279 0.000598 -0.007266 
0.003651 0.008282 0.003316 0.008422 
-0.006025 0.013052 -0.007314 0.012377 
-0.001752 0.010741 -0.002372 0.010621 
-0.004745 0.009624 -0.005280 0.009341 
0.000072 -0.003709 0.000097 -0.003708 
-0.006431 0.013077 -0.007754 0.012339 
-0.005617 0.008795 -0.006078 0.008483 
-0.012605 -0.005842 -0.011997 -0.007006 
-0.009662 -0.001634 -0.009574 -0.002087 
-0.004436 -0.001375 -0.004421 -0.001421 
-0.000317 0.007900 -0.000559 0.007886 
-0.007431 -0.009033 -0.006809 -0.009511 
-0.011894 -0.006866 -0.011210 -0.007934 
-0.007809 -0.009391 -0.007103 -0.009936 
-0.009997 -0.002749 -0.009838 -0.003272 
0.003724 0.007952 0.003421 0.008087 
-0.002596 0.002204 -0.002608 0.002190 
-0.003573 -0.007260 -0.003338 -0.007371 
0.004080 0.001577 0.004065 0.001615 
0.000510 -0.010696 0.001109 -0.010650 
-0.004744 -0.006097 -0.004564 -0.006233 
0.003231 0.007907 0.002946 0.008017 
-0.001149 0.002882 -0.001163 0.002876 
0.004780 -0.013145 0.006016 -0.012627 
-0.004533 -0.005976 -0.004367 -0.006099 
0.004569 0.009435 0.004055 0.009667 
-0.001131 0.011041 -0.001795 0.010952 
-0.002844 0.013769 -0.004162 0.013429 
0.012942 0.005805 0.012308 0.007051 
0.009846 -0.001224 0.009893 -0.000748 
0.000121 -0.009943 0.000603 -0.009925 
-0.004550 -0.004196 -0.004470 -0.004281 
-0.010908 -0.006570 -0.010352 -0.007414 
-0.005684 -0.001494 -0.005658 -0.001590 
-0.005218 0.008970 -0.005683 0.008682 
0.003793 -0.002781 0.003823 -0.002740 
0.009606 0.001490 0.009527 0.001933 
0.003629 0.003981 0.003572 0.004032 
0.004500 0.008445 0.004117 0.008638 
0.001980 0.002792 0.001964 0.002803 
-0.008585 0.006980 -0.008988 0.006452 
-0.001778 0.008021 -0.002042 0.007958 
-0.011587 0.002020 -0.011697 0.001231 
-0.007333 0.010022 -0.008069 0.009440 
-0.009919 -0.002062 -0.009803 -0.002558 
-0.004063 -0.001644 -0.004047 -0.001682 
0.004986 0.005843 0.004815 0.005985 
-0.010228 -0.006370 -0.009750 -0.007081 
-0.003905 -0.000991 -0.003897 -0.001022 
0.004602 0.006097 0.004426 0.006226 
-0.005676 -0.005952 -0.005475 -0.006136 
0.004158 0.005637 0.004021 0.005735 
-0.008925 -0.005391 -0.008626 -0.005858 
0.003968 0.002246 0.003945 0.002287 
0.001321 -0.005760 0.001419 -0.005736 
-0.011414 -0.007195 -0.010728 -0.008183 
-0.003457 -0.008483 -0.003105 -0.008618 
0.007213 -0.003840 0.007335 -0.003602 
-0.002903 0.001861 -0.002913 0.001844 
-0.007356 -0.007504 -0.006939 -0.007890 
-0.007820 0.003240 -0.007928 0.002964 
-0.004667 -0.004440 -0.004576 -0.004534 
-0.013603 -0.002539 -0.013305 -0.003803 
-0.005705 0.008684 -0.006157 0.008370 
-0.005859 -0.006426 -0.005617 -0.006638 
-0.000654 0.008322 -0.000937 0.008294 
0.002127 -0.003156 0.002149 -0.003141 
-0.001349 0.003057 -0.001366 0.003050 
0.007331 -0.003525 0.007442 -0.003286 
-0.002255 0.008377 -0.002562 0.008288 
-0.009019 -0.001956 -0.008930 -0.002331 
0.001180 -0.007362 0.001380 -0.007327 
0.010170 0.006431 0.009689 0.007136 
0.002451 0.001459 0.002446 0.001468 
-0.002703 -0.003515 -0.002669 -0.003541 
0.001877 -0.004888 0.001942 -0.004862 
-0.004223 -0.009642 -0.003694 -0.009857 
0.000836 -0.007734 0.001065 -0.007706 
0.009161 0.005754 0.008816 0.006269 
-0.004076 0.008775 -0.004475 0.008579 
0.001612 -0.011601 0.002387 -0.011467 
0.001354 -0.009755 0.001816 -0.009680 
0.000033 -0.003282 0.000050 -0.003282 
-0.005516 0.013675 -0.006939 0.013011 
-0.002108 0.014335 -0.003569 0.014043 
0.011446 0.006650 0.010834 0.007607 
0.007758 0.006281 0.007442 0.006652 
0.006572 -0.010996 0.007434 -0.010433 
0.003590 -0.002754 0.003617 -0.002718 
0.008162 0.002001 0.008088 0.002282 
-0.002379 0.004954 -0.002452 0.004918 
0.003214 0.007031 0.003007 0.007122 
-0.007295 -0.001464 -0.007253 -0.001661 
0.009632 -0.004879 0.009895 -0.004321 
0.008717 -0.004760 0.008936 -0.004334 
0.003168 -0.005080 0.003256 -0.005023 
-0.001113 -0.009644 -0.000666 -0.009686 
-0.009045 0.004402 -0.009252 0.003948 
-0.008876 0.001166 -0.008915 0.000817 
0.006267 0.005949 0.006045 0.006175 
-0.001521 -0.011667 -0.000727 -0.011743 
-0.008673 -0.005744 -0.008357 -0.006195 
0.008683 -0.005349 0.008944 -0.004900 
0.003484 -0.004601 0.003558 -0.004544 
0.005293 -0.010974 0.006077 -0.010560 
-0.003207 -0.000845 -0.003202 -0.000862 
0.010534 0.006399 0.010029 0.007165 
0.003988 0.001746 0.003972 0.001783 
0.003073 -0.002238 0.003089 -0.002216 
0.010890 0.006788 0.010307 0.007643 
0.003409 0.000287 0.003407 0.000307 
-0.013582 -0.002660 -0.013273 -0.003920 
-0.006579 0.011790 -0.007604 0.011156 
-0.005148 0.005078 -0.005276 0.004944 
0.002272 -0.013707 0.003556 -0.013431 
-0.014363 -0.002465 -0.014029 -0.003943 
-0.002428 0.012254 -0.003357 0.012033 
0.011248 0.002042 0.011095 0.002757 
0.011100 0.006967 0.010475 0.007875 
0.006910 0.009139 0.006308 0.009564 
0.009885 0.001978 0.009775 0.002467 
-0.011559 -0.002962 -0.011325 -0.003760 
0.000435 0.007484 0.000228 0.007493 
-0.001845 -0.009747 -0.001373 -0.009824 
-0.008888 0.004383 -0.009088 0.003951 
-0.010893 -0.004813 -0.010533 -0.005557 
-0.001371 0.003561 -0.001397 0.003551 
0.005753 -0.004060 0.005849 -0.003919 
-0.007346 0.003491 -0.007455 0.003251 
0.000420 -0.009349 0.000820 -0.009323 
-0.005088 -0.001496 -0.005067 -0.001566 
0.002228 0.007992 0.001957 0.008062 
0.005335 -0.012703 0.006492 -0.012153 
0.001387 -0.011083 0.002061 -0.010977 
-0.001780 -0.011738 -0.000966 -0.011833 
-0.012807 -0.005575 -0.012217 -0.006772 
-0.009262 -0.004920 -0.008984 -0.005411 
0.002858 0.003849 0.002815 0.003881 
0.003186 0.007767 0.002916 0.007873 
-0.009240 0.004601 -0.009468 0.004112 
-0.011472 -0.007346 -0.010758 -0.008357 
-0.004750 -0.007262 -0.004479 -0.007432 
-0.000901 0.003002 -0.000915 0.002998 
0.009252 -0.004845 0.009498 -0.004344 
0.007177 -0.007115 0.007524 -0.006747 
-0.003681 -0.006832 -0.003478 -0.006937 
0.004264 0.003573 0.004209 0.003637 
0.009045 -0.001445 0.009096 -0.001072 
-0.007606 -0.009123 -0.006958 -0.009627 
-0.010837 -0.006431 -0.010304 -0.007253 
-0.003465 -0.000976 -0.003459 -0.000998 
0.003174 0.007384 0.002939 0.007481 
-0.006678 0.003010 -0.006755 0.002834 
0.002293 -0.009902 0.002791 -0.009774 
0.006420 -0.003737 0.006519 -0.003562 
-0.004379 0.003407 -0.004430 0.003341 
-0.007497 0.007021 -0.007849 0.006625 
0.004224 0.008802 0.003809 0.008989 
-0.006341 0.010617 -0.007118 0.010112 
-0.000903 0.003113 -0.000919 0.003108 
0.004382 -0.010703 0.005074 -0.010393 
-0.003522 -0.000460 -0.003519 -0.000481 
0.008721 0.004347 0.008509 0.004748 
-0.010698 -0.001457 -0.010597 -0.002065 
-0.009893 -0.000441 -0.009860 -0.000915 
-0.003500 0.002142 -0.003518 0.002113 
-0.002355 -0.002271 -0.002343 -0.002283 
0.008742 0.002393 0.008638 0.002743 
0.004164 0.001449 0.004150 0.001488 
0.005140 -0.008942 0.005599 -0.008662 
-0.003502 0.002239 -0.003521 0.002209 
-0.008232 -0.000829 -0.008199 -0.001105 
0.003665 0.002058 0.003648 0.002090 
0.003216 -0.002765 0.003240 -0.002737 
0.011305 0.006766 0.010689 0.007702 
0.003575 0.003890 0.003521 0.003938 
0.004423 0.009142 0.003955 0.009354 
-0.001129 0.007250 -0.001320 0.007217 
-0.005251 -0.007673 -0.004921 -0.007888 
-0.004036 0.002552 -0.004064 0.002507 
-0.010229 0.000876 -0.010260 0.000347 
0.001465 0.011662 0.000673 0.011735 
0.011017 0.006052 0.010516 0.006886 
0.005313 0.001756 0.005286 0.001838 
0.005288 -0.009168 0.005783 -0.008864 
-0.002536 0.005095 -0.002617 0.005054 
0.007247 0.008735 0.006682 0.009174 
0.007583 0.000706 0.007560 0.000922 
-0.002490 0.009400 -0.002923 0.009275 
0.006301 -0.010039 0.006976 -0.009582 
0.003268 -0.002518 0.003289 -0.002490 
0.003493 0.001815 0.003479 0.001842 
0.002003 -0.003974 0.002041 -0.003955 
-0.004388 -0.003739 -0.004326 -0.003810 
-0.008846 -0.005996 -0.008497 -0.006481 
0.005874 -0.006064 0.006082 -0.005855 
-0.008279 -0.001435 -0.008224 -0.001720 
0.003757 -0.004061 0.003817 -0.004004 
0.007196 -0.005036 0.007381 -0.004761 
-0.002755 -0.002947 -0.002731 -0.002968 
0.008396 -0.003393 0.008526 -0.003053 
0.002338 0.001506 0.002332 0.001515 
-0.007748 -0.000892 -0.007718 -0.001122 
0.003778 -0.008509 0.004136 -0.008341 
0.002392 0.008318 0.002085 0.008400 
0.002723 -0.010713 0.003359 -0.010531 
-0.005827 0.005680 -0.006008 0.005488 
0.006774 0.001009 0.006749 0.001164 
-0.009297 0.003824 -0.009475 0.003359 
-0.009604 -0.002009 -0.009499 -0.002460 
-0.004065 -0.005787 -0.003922 -0.005885 
0.003358 0.008067 0.003054 0.008187 
-0.002010 0.004764 -0.002072 0.004737 
0.004482 0.005829 0.004326 0.005946 
-0.005425 -0.006217 -0.005215 -0.006395 
-0.001753 0.007908 -0.002006 0.007848 
-0.003888 -0.000782 -0.003882 -0.000812 
0.006536 0.008596 0.006034 0.008955 
0.010795 0.001367 0.010698 0.001991 
0.008389 0.002117 0.008305 0.002424 
-0.001669 0.010500 -0.002248 0.010391 
-0.006532 0.009782 -0.007180 0.009317 
-0.008339 0.003022 -0.008449 0.002699 
0.013293 0.005885 0.012613 0.007228 
0.008312 0.003609 0.008160 0.003940 
-0.008389 -0.001745 -0.008321 -0.002045 
0.002048 -0.008294 0.002343 -0.008216 
0.010761 0.001133 0.010678 0.001748 
0.008235 0.002193 0.008152 0.002484 
-0.002250 0.003849 -0.002288 0.003827 
0.004472 0.001310 0.004458 0.001357 
0.001105 -0.011288 0.001814 -0.011196 
0.002586 -0.013886 0.003929 -0.013567 
-0.010505 -0.006875 -0.009943 -0.007665 
0.001065 -0.007945 0.001314 -0.007908 
0.002477 0.003801 0.002439 0.003826 
0.000658 0.008235 0.000383 0.008253 
0.006283 -0.005210 0.006450 -0.005003 
-0.009075 0.001373 -0.009124 0.000998 
0.005382 0.006166 0.005176 0.006339 
0.000491 -0.008070 0.000750 -0.008050 
-0.001445 0.003369 -0.001467 0.003359 
0.007103 -0.006560 0.007396 -0.006228 
-0.004799 -0.007410 -0.004513 -0.007588 
-0.003460 0.005137 -0.003556 0.005071 
-0.002437 0.010243 -0.002989 0.010096 
-0.008461 0.003126 -0.008579 0.002787 
-0.005213 -0.008749 -0.004762 -0.009003 
-0.003936 -0.003862 -0.003878 -0.003920 
-0.002090 -0.002713 -0.002074 -0.002725 
0.007750 -0.003448 0.007866 -0.003173 
0.003804 0.008440 0.003446 0.008592 
-0.002637 0.011363 -0.003388 0.011162 
0.011016 0.001673 0.010894 0.002340 
0.009854 0.006965 0.009332 0.007650 
-0.000821 0.009122 -0.001195 0.009080 
0.001938 0.002598 0.001924 0.002608 
-0.002353 0.009765 -0.002833 0.009637 
0.001728 -0.009987 0.002228 -0.009888 
-0.005691 0.013163 -0.006986 0.012524 
-0.000175 0.008290 -0.000455 0.008279 
0.002357 -0.002127 0.002368 -0.002115 
0.004238 0.008100 0.003902 0.008267 
-0.002385 0.013612 -0.003647 0.013330 
0.013663 0.006121 0.012910 0.007581 
0.011220 0.004750 0.010845 0.005552 
0.001472 -0.005756 0.001571 -0.005730 
-0.009020 -0.004814 -0.008762 -0.005269 
0.004762 0.002490 0.004726 0.002557 
0.008105 -0.002887 0.008205 -0.002591 
0.003203 0.007142 0.002987 0.007235 
-0.005260 -0.002724 -0.005212 -0.002814 
-0.006155 0.005168 -0.006315 0.004971 
0.006263 -0.009547 0.006860 -0.009128 
0.005513 0.006726 0.005260 0.006925 
0.003669 -0.004281 0.003735 -0.004224 
0.004150 -0.013091 0.005340 -0.012653 
-0.007146 -0.007745 -0.006715 -0.008122 
-0.006927 0.003377 -0.007022 0.003174 
0.003134 -0.002890 0.003160 -0.002862 
0.002264 0.001999 0.002255 0.002009 
-0.007172 -0.000006 -0.007170 -0.000187 
0.008882 -0.001496 0.008935 -0.001142 
-0.003197 -0.008399 -0.002862 -0.008519 
0.009491 -0.005581 0.009806 -0.005008 
0.007021 -0.003282 0.007115 -0.003074 
-0.001766 0.007978 -0.002026 0.007916 
-0.005350 -0.002637 -0.005303 -0.002730 
-0.008845 0.004441 -0.009048 0.004011 
-0.009545 -0.006529 -0.009097 -0.007140 
0.002745 -0.002551 0.002762 -0.002532 
0.004558 0.003484 0.004501 0.003557 
0.010658 0.001463 0.010558 0.002065 
0.007659 0.000973 0.007627 0.001196 
-0.006973 0.004944 -0.007145 0.004691 
0.002658 0.001649 0.002650 0.001661 
-0.002737 -0.002011 -0.002726 -0.002026 
0.008014 0.001844 0.007949 0.002108 
-0.002623 0.008015 -0.002901 0.007919 
-0.010591 -0.001567 -0.010487 -0.002159 
-0.010090 -0.006909 -0.009557 -0.007629 
0.000904 -0.010691 0.001505 -0.010623 
0.007016 -0.009799 0.007695 -0.009276 
0.008636 -0.003012 0.008752 -0.002656 
-0.011887 -0.003396 -0.011600 -0.004275 
0.001607 0.008047 0.001340 0.008095 
0.005529 -0.008618 0.005964 -0.008322 
0.004130 0.008571 0.003746 0.008746 
0.004689 0.002599 0.004652 0.002665 
0.006114 -0.007255 0.006428 -0.006978 
-0.009747 -0.006440 -0.009295 -0.007077 
0.002911 -0.003843 0.002954 -0.003809 
0.001583 -0.005695 0.001680 -0.005667 
-0.009801 -0.002145 -0.009683 -0.002625 
0.013291 0.005417 0.012677 0.006729 
0.009618 -0.001193 0.009663 -0.000749 
0.000906 -0.007607 0.001124 -0.007578 
0.003596 0.008347 0.003256 0.008486 
-0.000301 0.002927 -0.000314 0.002925 
0.006049 -0.012812 0.007277 -0.012156 
-0.001301 -0.008629 -0.000978 -0.008671 
-0.007198 0.004039 -0.007329 0.003796 
0.001528 -0.005166 0.001601 -0.005144 
-0.010173 -0.003390 -0.009966 -0.003957 
0.006605 0.008552 0.006105 0.008915 
0.010315 -0.001039 0.010355 -0.000495 
-0.001672 -0.011627 -0.000883 -0.011713 
-0.013431 -0.005490 -0.012795 -0.006844 
-0.010875 -0.006024 -0.010388 -0.006829 
-0.005076 -0.003663 -0.005005 -0.003759 
-0.008921 -0.005624 -0.008602 -0.006102 
0.004121 0.002222 0.004097 0.002266 
0.002375 -0.002913 0.002395 -0.002897 
-0.003729 0.002304 -0.003751 0.002269 
-0.010934 -0.001176 -0.010845 -0.001821 
-0.010195 0.000436 -0.010204 -0.000085 
-0.001364 0.010690 -0.001970 0.010595 
-0.000257 0.008298 -0.000537 0.008285 
0.002004 -0.002774 0.002020 -0.002763 
-0.003238 0.002358 -0.003257 0.002332 
-0.011149 -0.002773 -0.010946 -0.003488 
-0.000308 0.007933 -0.000553 0.007919 
0.001085 -0.005065 0.001152 -0.005051 
-0.008195 -0.000686 -0.008167 -0.000957 
0.005324 -0.009093 0.005810 -0.008790 
0.004077 0.006770 0.003868 0.006891 
-0.005612 -0.001740 -0.005582 -0.001835 
-0.005421 0.010068 -0.006055 0.009701 
0.003942 0.002008 0.003923 0.002045 
0.003022 -0.003168 0.003051 -0.003139 
0.004245 0.003556 0.004192 0.003620 
0.012934 0.005635 0.012324 0.006868 
0.009448 0.000842 0.009402 0.001258 
0.001286 -0.002320 0.001294 -0.002316 
-0.000357 0.010887 -0.000989 0.010847 
0.004120 0.008481 0.003747 0.008652 
0.002147 0.008989 0.001769 0.009071 
