0.003353 -0.020593 0.008830 -0.018903 
-0.008140 0.012779 -0.009905 0.011465 
0.010545 -0.027151 0.022952 -0.017933 
0.001768 -0.021706 0.008108 -0.020212 
-0.017956 -0.003557 -0.016805 -0.007258 
-0.010118 -0.009954 -0.008769 -0.011160 
0.010348 0.015387 0.006781 0.017259 
0.010778 0.002884 0.010518 0.003724 
0.001092 -0.020587 0.006525 -0.019556 
0.012578 -0.019711 0.018519 -0.014275 
0.022351 -0.000456 0.021383 0.006520 
0.018211 -0.008706 0.019830 -0.003772 
0.014319 0.002389 0.013874 0.004273 
-0.005255 0.009711 -0.005988 0.009277 
0.010915 0.011607 0.008917 0.013205 
-0.007437 -0.012543 -0.005686 -0.013428 
0.018729 0.003958 0.017317 0.008158 
0.013956 0.018482 0.007003 0.022075 
0.020473 0.000882 0.019522 0.006230 
0.017073 0.010380 0.013935 0.014320 
-0.014794 0.007008 -0.015765 0.004410 
-0.006540 -0.015455 -0.003696 -0.016370 
0.014523 -0.007871 0.015660 -0.005257 
0.009405 -0.000425 0.009414 0.000103 
-0.019250 -0.004280 -0.017626 -0.008842 
0.015579 0.011932 0.012238 0.015340 
-0.008583 0.005486 -0.008925 0.004911 
-0.018632 0.015716 -0.023102 0.007774 
-0.003448 0.019234 -0.007953 0.017849 
0.010389 -0.012310 0.012263 -0.010446 
-0.014929 0.003313 -0.015254 0.001075 
0.017171 -0.002944 0.017417 0.000389 
-0.014479 -0.016106 -0.009133 -0.019638 
-0.015733 -0.003048 -0.015032 -0.005555 
0.000137 -0.019743 0.004956 -0.019112 
-0.005676 -0.002917 -0.005599 -0.003062 
0.007355 -0.017738 0.011259 -0.015555 
-0.007523 0.007781 -0.008078 0.007202 
-0.013059 0.020324 -0.019517 0.014236 
-0.020028 0.005010 -0.020639 -0.000510 
0.013420 0.008599 0.011870 0.010637 
-0.027765 -0.010886 -0.017668 -0.024026 
-0.019408 -0.003406 -0.017996 -0.008027 
0.015609 0.012921 0.011764 0.016498 
0.013997 -0.006400 0.014796 -0.004237 
0.013346 0.011498 0.010845 0.013882 
0.004461 -0.018685 0.008666 -0.017145 
0.012055 -0.010859 0.013689 -0.008709 
-0.006253 -0.003957 -0.006112 -0.004172 
0.008005 0.006398 0.007563 0.006916 
0.015975 0.000105 0.015750 0.002674 
-0.013372 0.015915 -0.017174 0.011711 
0.018694 0.006859 0.016404 0.011288 
0.001083 -0.009900 0.001702 -0.009813 
-0.012305 0.013691 -0.014938 0.010758 
0.017889 0.003379 0.016793 0.007030 
0.017831 0.013637 0.012654 0.018541 
0.009888 -0.027403 0.022519 -0.018481 
0.010034 -0.015982 0.013353 -0.013335 
0.008244 -0.000896 0.008275 -0.000536 
-0.018307 -0.012769 -0.013443 -0.017818 
0.005265 -0.005230 0.005444 -0.005044 
0.018214 0.003585 0.017006 0.007442 
0.005998 0.015102 0.003402 0.015890 
-0.014050 0.011054 -0.015984 0.008006 
0.010167 0.005995 0.009599 0.006867 
0.010315 -0.014296 0.012910 -0.012004 
-0.005051 0.018721 -0.009323 0.017002 
0.011985 -0.014783 0.015031 -0.011672 
0.004773 0.004644 0.004641 0.004776 
-0.005215 0.012079 -0.006505 0.011436 
0.026153 0.004528 0.021642 0.015367 
0.011150 -0.015237 0.014277 -0.012356 
0.005452 0.005528 0.005238 0.005732 
-0.001006 0.009889 -0.001622 0.009807 
0.009090 -0.014711 0.011696 -0.012738 
-0.007170 0.010061 -0.008107 0.009322 
-0.004493 0.018464 -0.008561 0.016965 
-0.004482 0.008033 -0.004906 0.007781 
0.007711 0.002307 0.007610 0.002622 
-0.006718 -0.013241 -0.004810 -0.014047 
0.006174 0.007091 0.005768 0.007426 
0.010543 0.016343 0.006366 0.018377 
0.005774 0.002071 0.005723 0.002208 
-0.015750 -0.001104 -0.015380 -0.003565 
0.015462 -0.007023 0.016481 -0.004099 
0.011685 0.004633 0.011164 0.005777 
0.010327 -0.027888 0.023561 -0.018146 
0.004910 -0.025712 0.015262 -0.021267 
-0.010765 -0.011114 -0.008964 -0.012613 
-0.005664 0.010303 -0.006542 0.009769 
0.007412 0.016758 0.003710 0.017945 
-0.003250 0.004982 -0.003361 0.004908 
-0.002195 -0.017541 0.001295 -0.017630 
-0.012438 0.006499 -0.013150 0.004902 
0.006259 -0.005265 0.006477 -0.004995 
0.007336 0.004031 0.007150 0.004352 
0.006103 -0.006150 0.006388 -0.005853 
0.007736 0.003860 0.007545 0.004222 
0.006231 -0.007506 0.006672 -0.007117 
0.005825 -0.021642 0.012300 -0.018736 
-0.018666 -0.003619 -0.017358 -0.007760 
-0.008666 -0.012445 -0.006769 -0.013571 
0.007145 0.000904 0.007112 0.001138 
-0.014904 0.000471 -0.014822 -0.001625 
0.009149 -0.015875 0.012292 -0.013588 
-0.001240 0.021675 -0.007558 0.020352 
-0.004132 0.015469 -0.006577 0.014598 
-0.018664 -0.002517 -0.017635 -0.006610 
-0.006461 -0.006862 -0.006065 -0.007214 
-0.010371 -0.003721 -0.010055 -0.004506 
-0.001427 0.015832 -0.003930 0.015402 
-0.009642 -0.018939 -0.003909 -0.020889 
-0.003858 -0.021432 0.002652 -0.021614 
-0.018351 0.003829 -0.018743 -0.000314 
0.015578 0.018189 0.008103 0.022536 
0.016701 0.011397 0.013228 0.015291 
-0.005032 0.012002 -0.006288 0.011395 
0.019517 0.007359 0.016780 0.012390 
0.005493 -0.010738 0.006457 -0.010188 
-0.010250 -0.013881 -0.007467 -0.015556 
-0.006956 0.006927 -0.007366 0.006490 
-0.007114 0.007344 -0.007584 0.006858 
-0.007427 0.008679 -0.008118 0.008036 
0.014236 0.018011 0.007552 0.021680 
0.015215 0.007822 0.013514 0.010491 
-0.015238 -0.002736 -0.014649 -0.005008 
0.002151 -0.010835 0.002981 -0.010637 
-0.016081 0.000948 -0.016019 -0.001694 
0.008905 0.006539 0.008374 0.007207 
0.015764 -0.000385 0.015629 0.002091 
-0.011946 0.011788 -0.013848 0.009482 
0.011807 -0.016694 0.015764 -0.013024 
0.004863 0.001559 0.004836 0.001639 
-0.017115 -0.003134 -0.016204 -0.006337 
-0.000981 -0.023268 0.006910 -0.022240 
-0.014710 -0.017889 -0.007911 -0.021767 
-0.018648 0.006296 -0.019618 0.001581 
0.023612 0.012626 0.015685 0.021701 
0.015265 0.016717 0.009140 0.020711 
0.015152 -0.001970 0.015277 0.000283 
-0.015350 -0.002464 -0.014795 -0.004774 
0.002951 -0.019810 0.007833 -0.018433 
0.010646 -0.010794 0.012099 -0.009137 
-0.018052 0.009306 -0.019842 0.004330 
-0.018836 -0.003719 -0.017466 -0.007974 
-0.012322 -0.011760 -0.009967 -0.013813 
0.014626 0.012271 0.011432 0.015291 
-0.012081 0.005933 -0.012681 0.004512 
0.003209 -0.005966 0.003381 -0.005870 
-0.006446 0.006700 -0.006803 0.006338 
-0.007454 0.006988 -0.007899 0.006480 
-0.013938 0.010379 -0.015656 0.007541 
0.004298 0.003790 0.004218 0.003878 
-0.018584 0.009186 -0.020369 0.003854 
-0.019071 -0.002992 -0.017843 -0.007367 
-0.010653 -0.005959 -0.010044 -0.006936 
-0.013005 0.009099 -0.014285 0.006919 
-0.003470 -0.022951 0.004407 -0.022790 
-0.020771 -0.010660 -0.015940 -0.017058 
-0.005287 -0.000672 -0.005274 -0.000767 
0.024117 -0.001989 0.023200 0.006883 
0.006723 -0.026231 0.017756 -0.020445 
-0.015982 -0.018294 -0.008203 -0.022864 
-0.026220 -0.005465 -0.021165 -0.016414 
-0.012654 0.012152 -0.014768 0.009472 
0.012124 0.005337 0.011458 0.006649 
0.007910 -0.015817 0.010867 -0.013952 
-0.000524 0.014904 -0.002610 0.014683 
0.007311 -0.006838 0.007730 -0.006361 
0.014749 -0.013823 0.017795 -0.009590 
-0.008250 -0.012986 -0.006219 -0.014072 
0.022474 -0.003362 0.022364 0.004033 
0.009878 -0.020861 0.016225 -0.016417 
-0.001468 -0.010623 -0.000691 -0.010701 
-0.008688 0.020061 -0.014271 0.016561 
-0.027994 -0.010894 -0.017659 -0.024300 
-0.028206 -0.001305 -0.024058 -0.014782 
-0.012542 0.019231 -0.018149 0.014062 
-0.021919 -0.001561 -0.020433 -0.008085 
-0.019585 0.009586 -0.021547 0.003348 
0.028141 0.003522 0.022854 0.016794 
0.011703 -0.018978 0.017002 -0.014423 
0.024809 -0.005253 0.024861 0.005000 
0.002349 -0.022800 0.009664 -0.020784 
-0.012536 0.000983 -0.012571 -0.000274 
0.014766 -0.008923 0.016176 -0.005999 
0.026841 0.007068 0.020399 0.018822 
0.018367 -0.015591 0.022742 -0.007952 
0.006154 -0.015736 0.008882 -0.014374 
-0.008152 0.009108 -0.008975 0.008297 
0.001513 0.013949 -0.000233 0.014029 
-0.000251 -0.014481 0.001668 -0.014387 
-0.006517 0.004516 -0.006692 0.004253 
-0.005206 -0.006094 -0.004954 -0.006301 
-0.003053 -0.023931 0.005772 -0.023424 
-0.018096 -0.003972 -0.016814 -0.007780 
0.007201 0.014700 0.004616 0.015705 
-0.017113 0.014628 -0.020853 0.008485 
0.004417 0.020664 -0.001522 0.021076 
0.014413 -0.001335 0.014463 0.000583 
-0.003323 0.020544 -0.008761 0.018877 
0.017757 -0.014838 0.021681 -0.008088 
0.005954 -0.017338 0.009481 -0.015690 
-0.003764 0.003828 -0.003833 0.003759 
-0.016405 -0.006987 -0.014677 -0.010126 
0.013941 -0.002002 0.014082 -0.000240 
-0.016451 0.003722 -0.016852 0.000715 
0.007098 0.014507 0.004617 0.015477 
-0.008143 0.006765 -0.008602 0.006171 
-0.004715 0.009187 -0.005324 0.008848 
0.016741 -0.000517 0.016569 0.002449 
-0.013568 0.016699 -0.017814 0.012067 
-0.006019 -0.006917 -0.005642 -0.007228 
0.002120 -0.021894 0.008624 -0.020236 
-0.001345 -0.015280 0.000937 -0.015310 
0.003588 0.020089 -0.001771 0.020330 
0.016137 -0.000913 0.016067 0.001756 
-0.010165 -0.007874 -0.009287 -0.008893 
-0.020291 0.005693 -0.021074 -0.000161 
0.016393 0.010181 0.013561 0.013729 
-0.015111 0.006991 -0.016099 0.004245 
-0.016592 -0.012812 -0.012436 -0.016876 
-0.010794 0.016210 -0.014339 0.013178 
-0.009829 -0.007132 -0.009121 -0.008017 
-0.017525 -0.003929 -0.016364 -0.007401 
-0.000079 -0.016034 0.002521 -0.015835 
-0.007810 0.005654 -0.008129 0.005185 
-0.016264 -0.000310 -0.015985 -0.003018 
0.008121 0.002196 0.008014 0.002557 
-0.007069 -0.016870 -0.003365 -0.017979 
0.005608 -0.005376 0.005809 -0.005158 
0.008919 0.017062 0.004707 0.018668 
0.004650 0.003365 0.004579 0.003461 
-0.009953 -0.007093 -0.009239 -0.008001 
-0.019090 -0.003510 -0.017720 -0.007921 
-0.007335 -0.007852 -0.006742 -0.008366 
-0.017223 -0.014864 -0.011523 -0.019616 
-0.012291 0.020160 -0.018502 0.014669 
-0.017026 -0.011060 -0.013596 -0.015078 
0.000563 -0.009504 0.001108 -0.009456 
-0.013573 0.016520 -0.017724 0.011960 
0.016683 0.011700 0.013070 0.015633 
-0.005871 0.007945 -0.006350 0.007568 
0.006580 0.007702 0.006066 0.008113 
0.016270 0.009142 0.013877 0.012479 
-0.019428 -0.000874 -0.018666 -0.005457 
-0.003016 0.005788 -0.003171 0.005705 
0.003534 -0.019145 0.007983 -0.017756 
0.001251 -0.006570 0.001437 -0.006532 
0.002606 0.020619 -0.003059 0.020557 
0.020432 0.001673 0.019273 0.006986 
0.020434 0.003769 0.018658 0.009144 
-0.014831 -0.018709 -0.007270 -0.022741 
-0.021686 -0.002729 -0.019889 -0.009065 
0.000253 0.021182 -0.005694 0.020404 
0.008930 0.017648 0.004331 0.019299 
0.003605 0.024322 -0.005738 0.023908 
0.020935 0.006552 0.018006 0.012530 
0.004396 -0.004646 0.004515 -0.004531 
0.018787 -0.006339 0.019769 -0.001516 
-0.016708 -0.010961 -0.013435 -0.014791 
0.011879 -0.015677 0.015326 -0.012328 
-0.008936 -0.017230 -0.004613 -0.018853 
0.004600 -0.016038 0.007341 -0.014983 
0.014696 0.002373 0.014220 0.004404 
-0.007477 0.009645 -0.008352 0.008899 
0.003020 0.019868 -0.002103 0.019986 
0.018528 0.000173 0.018055 0.004164 
0.005868 -0.009087 0.006525 -0.008628 
-0.001677 -0.023778 0.006800 -0.022846 
-0.019201 -0.013515 -0.013421 -0.019267 
-0.003171 0.026881 -0.014863 0.022622 
0.017734 0.003380 0.016665 0.006942 
-0.010316 -0.009536 -0.009047 -0.010748 
0.006455 0.014973 0.003855 0.015843 
-0.003575 0.005766 -0.003742 0.005660 
0.005832 -0.008093 0.006330 -0.007710 
0.004192 -0.021409 0.010356 -0.019201 
-0.018158 0.000284 -0.017823 -0.003486 
-0.006200 0.010536 -0.007167 0.009904 
0.017563 0.013224 0.012764 0.017901 
0.012324 -0.023520 0.021270 -0.015895 
0.017552 -0.014804 0.021434 -0.008236 
0.009247 -0.019602 0.014585 -0.016032 
0.026669 0.008823 0.019183 0.020520 
0.012738 -0.002472 0.012928 -0.001103 
-0.009557 0.014361 -0.012077 0.012317 
0.010159 -0.019476 0.015545 -0.015519 
0.015071 0.010846 0.012365 0.013852 
-0.013513 0.014168 -0.016521 0.010505 
0.010151 0.011901 0.008193 0.013325 
0.006532 -0.006665 0.006889 -0.006295 
0.005594 -0.005480 0.005802 -0.005259 
0.018183 -0.003801 0.018574 0.000230 
-0.013342 -0.012017 -0.010629 -0.014472 
-0.000225 0.021748 -0.006631 0.020714 
0.009505 0.011979 0.007635 0.013250 
-0.021844 0.000451 -0.020988 -0.006071 
-0.018759 0.013992 -0.022398 0.006784 
-0.009308 0.016605 -0.012840 0.014053 
-0.014020 -0.010890 -0.011583 -0.013453 
0.005401 0.017008 0.001886 0.017745 
0.016562 -0.014506 0.020170 -0.008825 
-0.000615 -0.022829 0.006820 -0.021795 
-0.011014 -0.012018 -0.008846 -0.013693 
-0.007506 0.006400 -0.007886 0.005925 
-0.018178 0.015226 -0.022345 0.007936 
-0.004045 0.019091 -0.008486 0.017573 
0.017236 -0.010666 0.019400 -0.005875 
0.010100 -0.011354 0.011646 -0.009762 
-0.012941 0.011700 -0.014942 0.009005 
0.006416 0.007216 0.005980 0.007582 
0.025980 0.007077 0.020155 0.017855 
0.011066 -0.009216 0.012177 -0.007688 
0.004106 0.018922 -0.000457 0.019357 
0.014519 -0.009125 0.015958 -0.006280 
0.019705 0.002506 0.018474 0.007299 
-0.016492 -0.011223 -0.013174 -0.014979 
0.002547 -0.005733 0.002689 -0.005668 
0.022981 0.014234 0.014213 0.022995 
0.006070 0.011491 0.004809 0.012073 
-0.006229 -0.002318 -0.006161 -0.002491 
0.006065 0.006816 0.005698 0.007126 
0.006155 0.006919 0.005770 0.007243 
0.017123 0.014689 0.011590 0.019355 
0.004041 -0.020620 0.009573 -0.018705 
-0.018783 -0.003174 -0.017567 -0.007367 
-0.015245 -0.016226 -0.009492 -0.020140 
-0.016029 -0.002754 -0.015346 -0.005387 
0.003535 -0.015967 0.006175 -0.015143 
0.021862 0.002956 0.019936 0.009446 
0.021203 0.002113 0.019734 0.008037 
0.020303 0.006159 0.017753 0.011618 
0.003793 -0.004069 0.003872 -0.003994 
0.007463 0.015372 0.004511 0.016481 
-0.001984 0.009698 -0.002581 0.009557 
0.015101 -0.008995 0.016561 -0.005889 
0.009854 0.014513 0.006858 0.016146 
-0.010713 0.019395 -0.016131 0.015189 
-0.026570 -0.007632 -0.019971 -0.019114 
-0.009013 0.011244 -0.010409 0.009966 
0.013459 -0.016265 0.017455 -0.011874 
-0.015044 -0.011573 -0.012037 -0.014675 
-0.001751 0.020865 -0.007401 0.019587 
0.007046 0.018582 0.002229 0.019748 
0.005569 -0.026812 0.017209 -0.021301 
-0.017126 -0.014056 -0.012008 -0.018620 
-0.014395 0.017026 -0.018958 0.011734 
0.017994 0.013380 0.012902 0.018340 
0.008457 -0.026002 0.019379 -0.019289 
-0.004717 -0.015215 -0.002222 -0.015774 
0.006786 0.017205 0.002931 0.018261 
0.007328 -0.017496 0.011090 -0.015389 
-0.003906 0.003525 -0.003967 0.003456 
-0.023687 -0.012772 -0.015588 -0.021936 
-0.016940 -0.014581 -0.011565 -0.019126 
-0.012843 0.019067 -0.018392 0.013793 
0.019137 0.009177 0.015782 0.014190 
-0.013182 0.023899 -0.022600 0.015302 
-0.010489 0.015010 -0.013416 0.012463 
0.024485 -0.002956 0.023802 0.006457 
0.007198 -0.019242 0.012023 -0.016659 
0.027971 0.009673 0.018686 0.022952 
0.027491 0.010140 0.018285 0.022897 
0.021278 -0.000602 0.020579 0.005443 
-0.017339 -0.002204 -0.016592 -0.005496 
0.016205 0.006605 0.014629 0.009603 
-0.008384 0.000412 -0.008394 0.000038 
0.019670 0.007869 0.016675 0.013067 
0.003141 -0.008130 0.003528 -0.007970 
-0.009284 -0.007580 -0.008558 -0.008392 
-0.015424 0.001216 -0.015431 -0.001127 
0.018714 0.003533 0.017419 0.007700 
0.007910 0.007200 0.007368 0.007754 
0.015439 -0.000317 0.015311 0.002008 
-0.009504 0.020039 -0.015187 0.016163 
0.007632 0.000943 0.007591 0.001228 
-0.009509 -0.018696 -0.004003 -0.020589 
0.000285 -0.014429 0.002179 -0.014267 
0.013298 0.011012 0.010996 0.013311 
-0.000754 -0.014316 0.001110 -0.014292 
0.011257 0.018814 0.005102 0.021323 
0.014741 0.017952 0.007876 0.021853 
0.019908 0.007293 0.017060 0.012590 
-0.002311 0.026854 -0.013991 0.023038 
0.017508 0.012544 0.013127 0.017075 
0.000742 0.022080 -0.006007 0.021260 
0.009289 0.015555 0.005880 0.017136 
-0.007600 0.019722 -0.012801 0.016818 
0.007014 0.004180 0.006831 0.004473 
0.004315 -0.005105 0.004457 -0.004981 
0.005217 0.003425 0.005131 0.003552 
-0.005766 -0.004411 -0.005616 -0.004601 
0.011866 -0.010100 0.013272 -0.008164 
-0.015359 -0.003082 -0.014698 -0.005421 
0.004527 -0.005466 0.004699 -0.005319 
0.007542 0.016518 0.003955 0.017722 
-0.016717 0.009933 -0.018596 0.005686 
-0.002575 0.005782 -0.002721 0.005715 
0.003885 -0.005202 0.004023 -0.005096 
0.016249 -0.002170 0.016382 0.000612 
-0.019440 0.006132 -0.020366 0.000866 
0.022591 0.012912 0.015181 0.021134 
0.015670 0.016678 0.009388 0.020871 
0.017655 -0.007176 0.018826 -0.002964 
-0.020970 -0.003430 -0.019152 -0.009203 
0.001243 0.020387 -0.004122 0.020004 
0.006836 0.015527 0.003909 0.016509 
-0.005439 0.008434 -0.005965 0.008070 
0.009273 0.005787 0.008809 0.006471 
0.018219 -0.011738 0.020859 -0.005885 
0.012589 -0.008293 0.013648 -0.006402 
0.000965 0.021959 -0.005692 0.021231 
0.009405 0.014545 0.006490 0.016059 
-0.002818 0.026931 -0.014577 0.022820 
0.025226 0.008753 0.018882 0.018879 
0.017674 -0.000068 0.017343 0.003406 
0.001866 -0.005965 0.002013 -0.005917 
-0.007094 0.006665 -0.007480 0.006228 
-0.014863 0.009589 -0.016459 0.006477 
-0.020741 -0.003012 -0.019118 -0.008590 
0.023897 0.006228 0.019793 0.014769 
0.017433 -0.009141 0.019131 -0.004634 
0.015142 0.003102 0.014502 0.005348 
0.004079 0.015133 0.001686 0.015582 
-0.004217 -0.020895 0.001885 -0.021233 
-0.015315 0.002163 -0.015465 -0.000172 
0.012438 -0.023284 0.021189 -0.015744 
0.011770 -0.008449 0.012785 -0.006815 
0.007050 0.017597 0.002899 0.018734 
0.003735 -0.018348 0.007682 -0.017076 
-0.012263 0.011261 -0.014041 0.008947 
0.006664 0.006911 0.006250 0.007288 
0.020608 0.012503 0.014734 0.019076 
0.002904 0.024112 -0.006092 0.023510 
0.019051 0.001837 0.018119 0.006166 
-0.014589 -0.006551 -0.013342 -0.008817 
0.005765 0.007560 0.005323 0.007878 
0.014955 0.018314 0.007681 0.022363 
0.027060 0.010130 0.018260 0.022392 
0.016038 0.010000 0.013387 0.013342 
-0.015885 0.005611 -0.016632 0.002681 
-0.006633 -0.012077 -0.005137 -0.012785 
0.008140 0.004241 0.007902 0.004669 
0.003379 -0.007928 0.003748 -0.007760 
-0.006804 -0.004272 -0.006623 -0.004547 
0.007934 0.003317 0.007770 0.003685 
-0.013378 -0.016437 -0.008230 -0.019530 
-0.018771 -0.003082 -0.017580 -0.007264 
-0.005883 -0.003525 -0.005775 -0.003698 
0.008653 0.006741 0.008115 0.007380 
0.018618 -0.001724 0.018542 0.002405 
-0.007076 -0.015504 -0.004122 -0.016536 
0.011103 -0.013223 0.013387 -0.010905 
-0.018297 -0.003225 -0.017163 -0.007115 
-0.004209 -0.002422 -0.004173 -0.002485 
0.018114 0.000815 0.017555 0.004540 
0.006316 -0.007442 0.006753 -0.007047 
0.003357 -0.009259 0.003919 -0.009035 
-0.018610 -0.000672 -0.018017 -0.004709 
0.011900 -0.020806 0.018523 -0.015212 
0.003010 -0.007128 0.003278 -0.007009 
-0.005807 -0.006365 -0.005502 -0.006631 
0.005329 -0.006124 0.005580 -0.005897 
0.011686 0.006440 0.010887 0.007714 
0.006856 -0.026479 0.018179 -0.020437 
-0.012755 -0.008845 -0.011264 -0.010680 
0.015992 0.006310 0.014539 0.009175 
-0.018898 0.005166 -0.019586 0.000468 
0.017808 0.012331 0.013419 0.017003 
0.009851 -0.026316 0.021258 -0.018375 
0.004501 -0.018825 0.008798 -0.017241 
0.012838 -0.011982 0.014918 -0.009264 
-0.008939 -0.007670 -0.008232 -0.008425 
-0.018713 -0.004103 -0.017265 -0.008301 
0.015524 0.016120 0.009724 0.020156 
0.020104 -0.003147 0.020233 0.002171 
0.000981 -0.021501 0.007154 -0.020299 
0.007439 -0.014705 0.009845 -0.013215 
0.000870 0.014981 -0.001267 0.014953 
0.006224 -0.009267 0.006935 -0.008747 
0.001757 -0.020622 0.007217 -0.019397 
-0.002407 -0.015606 0.000076 -0.015791 
0.025241 0.006711 0.020115 0.016659 
0.017957 -0.015715 0.022346 -0.008372 
0.005300 -0.017134 0.008656 -0.015708 
0.001013 0.014888 -0.001089 0.014883 
-0.015513 -0.011332 -0.012468 -0.014616 
0.012505 -0.007406 0.013381 -0.005673 
-0.003565 0.017189 -0.006829 0.016172 
-0.008314 0.006577 -0.008760 0.005969 
-0.013187 0.010721 -0.014916 0.008145 
0.004092 0.002057 0.004064 0.002112 
-0.014958 0.016219 -0.019173 0.010918 
0.023157 0.013395 0.014957 0.022180 
0.011054 0.017808 0.005740 0.020159 
0.014927 0.018164 0.007795 0.022181 
0.020371 0.012033 0.014930 0.018355 
0.001138 0.021836 -0.005423 0.021183 
0.008525 0.017794 0.003926 0.019336 
0.003733 0.016916 0.000471 0.017316 
0.015691 -0.009825 0.017438 -0.006217 
0.006446 -0.005892 0.006723 -0.005574 
0.014987 -0.008283 0.016258 -0.005375 
0.013444 0.016669 0.008110 0.019821 
0.018632 -0.006743 0.019718 -0.001952 
-0.016640 -0.009835 -0.013872 -0.013460 
0.015005 -0.009477 0.016585 -0.006317 
0.022533 0.002114 0.020686 0.009183 
-0.005094 -0.020177 0.000559 -0.020803 
-0.018294 -0.003288 -0.017145 -0.007180 
-0.015009 -0.015533 -0.009837 -0.019229 
-0.009284 0.012862 -0.011206 0.011227 
0.009539 -0.016316 0.012954 -0.013762 
0.014118 0.010881 0.011660 0.013482 
-0.004193 -0.023579 0.004455 -0.023531 
-0.027528 -0.009238 -0.018998 -0.021959 
-0.022642 -0.001942 -0.020819 -0.009111 
-0.001750 0.014015 -0.003501 0.013683 
-0.005205 -0.001441 -0.005178 -0.001537 
0.011126 -0.028210 0.024804 -0.017445 
0.006032 -0.025719 0.016449 -0.020671 
-0.007622 -0.011250 -0.006258 -0.012062 
0.004633 0.003625 0.004553 0.003725 
-0.012062 0.017087 -0.016274 0.013138 
-0.007353 -0.007572 -0.006801 -0.008071 
-0.007990 -0.013077 -0.005965 -0.014117 
0.021377 0.000292 0.020405 0.006379 
0.012024 -0.007612 0.012898 -0.006012 
0.000465 0.013539 -0.001108 0.013502 
0.000608 -0.018211 0.004395 -0.017683 
-0.009016 -0.005576 -0.008597 -0.006203 
-0.004459 0.004647 -0.004579 0.004528 
-0.011013 -0.017870 -0.005667 -0.020212 
-0.008041 -0.006786 -0.007546 -0.007332 
-0.023841 -0.013244 -0.015238 -0.022618 
-0.005905 -0.012426 -0.004377 -0.013043 
0.017767 0.003809 0.016590 0.007412 
0.006575 0.006601 0.006202 0.006952 
0.009763 0.006147 0.009211 0.006947 
0.021960 -0.000401 0.021064 0.006220 
0.013174 -0.007724 0.014167 -0.005702 
-0.004673 0.015823 -0.007317 0.014787 
-0.008363 -0.002773 -0.008217 -0.003181 
0.008307 0.013574 0.006033 0.014726 
-0.008913 -0.007066 -0.008305 -0.007771 
-0.016584 -0.000954 -0.016166 -0.003822 
0.010516 0.002330 0.010316 0.003095 
0.000407 -0.021958 0.006989 -0.020820 
-0.008275 -0.015861 -0.004914 -0.017202 
0.017293 -0.011354 0.019701 -0.006312 
0.002717 -0.005416 0.002842 -0.005352 
0.020679 0.008427 0.017041 0.014431 
0.001467 -0.010234 0.002156 -0.010111 
-0.019693 0.000504 -0.019224 -0.004301 
-0.003304 0.009594 -0.003922 0.009359 
0.019248 0.004426 0.017582 0.008997 
0.008514 0.018736 0.003246 0.020322 
-0.003155 0.015228 -0.005440 0.014569 
-0.006168 -0.007500 -0.005710 -0.007855 
0.003938 -0.018541 0.008018 -0.017176 
0.003702 -0.008017 0.004093 -0.007824 
-0.006407 -0.003199 -0.006300 -0.003405 
0.018218 0.003056 0.017140 0.006891 
0.006053 0.008901 0.005384 0.009321 
0.027061 0.003756 0.022386 0.015661 
0.006793 -0.019167 0.011522 -0.016756 
-0.007053 -0.007195 -0.006577 -0.007633 
-0.007472 -0.015696 -0.004351 -0.016830 
0.013528 -0.010016 0.015098 -0.007441 
-0.009777 -0.007525 -0.009008 -0.008431 
-0.022189 0.000745 -0.021346 -0.006103 
-0.017958 0.009975 -0.019954 0.004881 
-0.014767 -0.003523 -0.014098 -0.005633 
0.005605 -0.007955 0.006071 -0.007605 
0.002533 -0.007021 0.002779 -0.006928 
0.017385 0.007117 0.015376 0.010791 
-0.016368 0.004146 -0.016846 0.001140 
0.010578 0.012612 0.008270 0.014232 
0.001697 -0.005451 0.001809 -0.005415 
0.002054 0.021036 -0.003898 0.020773 
0.023261 -0.002576 0.022752 0.005483 
0.010166 -0.019479 0.015556 -0.015517 
0.015569 0.011107 0.012605 0.014383 
-0.001828 0.008161 -0.002187 0.008072 
0.010781 -0.011161 0.012351 -0.009394 
-0.011782 0.019922 -0.017739 0.014867 
-0.005015 0.004332 -0.005133 0.004191 
-0.006462 -0.003422 -0.006342 -0.003638 
0.008201 0.005154 0.007881 0.005632 
0.000754 -0.010486 0.001485 -0.010408 
-0.004685 0.026954 -0.016468 0.021846 
0.016332 0.009776 0.013682 0.013234 
-0.019300 0.011286 -0.021854 0.004719 
-0.015725 0.011514 -0.018015 0.007438 
-0.002814 0.003657 -0.002863 0.003618 
-0.028274 -0.004098 -0.022558 -0.017532 
-0.010199 0.026487 -0.021831 0.018137 
0.005516 0.021218 -0.001094 0.021896 
0.018585 -0.006882 0.019707 -0.002097 
-0.015818 -0.008169 -0.013873 -0.011158 
0.018577 -0.015062 0.022709 -0.007504 
0.004096 -0.027424 0.016448 -0.022323 
-0.014166 -0.008661 -0.012447 -0.010989 
0.012572 -0.015880 0.016228 -0.012119 
-0.009079 -0.018364 -0.003939 -0.020104 
-0.001629 -0.022142 0.005248 -0.021573 
-0.007523 -0.014727 -0.004873 -0.015803 
0.011345 -0.007049 0.012067 -0.005726 
-0.002319 0.005584 -0.002447 0.005529 
0.001073 -0.021623 0.007349 -0.020364 
-0.001040 -0.021812 0.005492 -0.021135 
-0.012450 -0.019043 -0.005658 -0.022036 
-0.009918 -0.016161 -0.006015 -0.017982 
-0.004960 -0.004789 -0.004813 -0.004936 
0.001069 -0.010755 0.001860 -0.010647 
-0.012507 0.020546 -0.019036 0.014704 
-0.023888 0.002879 -0.023333 -0.005873 
-0.009861 0.027404 -0.022491 0.018502 
-0.005385 0.026185 -0.016290 0.021197 
0.014175 0.015383 0.009428 0.018673 
0.018095 -0.000022 0.017712 0.003703 
0.001383 -0.006966 0.001604 -0.006918 
-0.002162 0.017262 -0.005410 0.016535 
-0.022677 -0.001455 -0.021009 -0.008660 
-0.015913 -0.010959 -0.012905 -0.014380 
0.005844 -0.007941 0.006321 -0.007567 
0.000693 -0.005120 0.000780 -0.005108 
0.022158 0.001215 0.020718 0.007953 
-0.028970 -0.003227 -0.023226 -0.017614 
-0.001545 0.018320 -0.005400 0.017575 
0.005509 -0.016289 0.008444 -0.014979 
-0.008882 0.007000 -0.009419 0.006258 
-0.002694 0.020241 -0.007882 0.018837 
0.010833 -0.021022 0.017450 -0.015962 
0.002272 -0.004271 0.002335 -0.004237 
0.027340 0.009713 0.018613 0.022257 
0.019061 0.011549 0.014554 0.016878 
0.007376 0.018471 0.002568 0.019723 
0.010977 -0.017720 0.015377 -0.014073 
0.016080 0.006623 0.014526 0.009562 
-0.004175 -0.003251 -0.004117 -0.003324 
0.010485 -0.010992 0.011973 -0.009349 
-0.011625 0.014718 -0.014588 0.011787 
0.019988 0.002055 0.018819 0.007042 
0.028362 0.003554 0.022894 0.017113 
0.002054 -0.018860 0.006262 -0.017909 
-0.011351 0.019474 -0.016925 0.014887 
-0.004151 0.008601 -0.004641 0.008347 
0.003737 0.001774 0.003717 0.001814 
-0.004880 0.020410 -0.010308 0.018279 
0.016176 -0.009386 0.017843 -0.005604 
0.019335 -0.007830 0.020736 -0.002276 
-0.018804 -0.002452 -0.017765 -0.006632 
0.020147 0.009873 0.016039 0.015688 
0.011607 0.005113 0.011027 0.006266 
0.010887 -0.019028 0.016087 -0.014893 
0.015914 0.010336 0.013167 0.013665 
-0.005465 0.013603 -0.007259 0.012736 
0.019515 0.003063 0.018174 0.007742 
-0.015656 -0.007874 -0.013840 -0.010751 
0.007791 0.007358 0.007236 0.007905 
0.020612 0.012152 0.014964 0.018671 
0.011577 0.004174 0.011124 0.005263 
0.006459 -0.026243 0.017488 -0.020605 
-0.015750 -0.013425 -0.011579 -0.017153 
-0.012214 0.007791 -0.013138 0.006104 
0.007107 -0.006933 0.007526 -0.006476 
0.004661 -0.020078 0.009829 -0.018118 
-0.011930 0.015176 -0.015146 0.011968 
-0.009544 -0.002337 -0.009383 -0.002916 
-0.000140 0.017834 -0.003704 0.017446 
0.004698 0.002770 0.004645 0.002858 
-0.012431 0.016202 -0.016228 0.012397 
-0.007103 -0.011958 -0.005589 -0.012736 
0.004268 0.004278 0.004168 0.004375 
-0.013350 0.007804 -0.014375 0.005701 
0.006339 -0.007536 0.006790 -0.007133 
0.001973 -0.007738 0.002284 -0.007652 
0.001703 0.023364 -0.006354 0.022548 
0.025467 0.009897 0.018170 0.020406 
0.019147 0.003443 0.017783 0.007888 
0.014620 0.017152 0.008449 0.020894 
0.017127 -0.005385 0.017863 -0.001803 
-0.016697 -0.010992 -0.013414 -0.014821 
0.007363 -0.006889 0.007791 -0.006401 
0.017783 -0.009343 0.019567 -0.004546 
0.018073 -0.005665 0.018884 -0.001450 
-0.023795 -0.012271 -0.016008 -0.021460 
-0.014927 -0.019059 -0.007001 -0.023175 
-0.019608 -0.012164 -0.014482 -0.017965 
0.002291 -0.021319 0.008312 -0.019765 
0.000164 -0.021099 0.006026 -0.020221 
-0.008534 0.018254 -0.012894 0.015485 
-0.027618 -0.010074 -0.018345 -0.022972 
-0.015034 -0.010174 -0.012601 -0.013068 
0.011677 -0.006066 0.012271 -0.004752 
-0.004167 0.018331 -0.008130 0.016949 
-0.003583 0.005857 -0.003756 0.005748 
0.001908 -0.007439 0.002184 -0.007363 
0.000714 0.015955 -0.001861 0.015862 
0.004021 -0.018778 0.008256 -0.017338 
0.010916 -0.009805 0.012147 -0.008231 
-0.016478 0.006868 -0.017520 0.003427 
-0.007943 -0.007227 -0.007395 -0.007788 
-0.006950 -0.007457 -0.006445 -0.007898 
-0.014597 -0.018265 -0.007536 -0.022134 
-0.023877 -0.012291 -0.016013 -0.021558 
-0.008804 -0.018055 -0.003956 -0.019694 
0.003071 -0.019018 0.007414 -0.017781 
0.000872 -0.009129 0.001357 -0.009069 
-0.013319 0.014378 -0.016390 0.010748 
0.018588 -0.006596 0.019635 -0.001865 
-0.018128 -0.004136 -0.016797 -0.007974 
0.014526 0.014443 0.010225 0.017750 
0.011545 -0.007501 0.012360 -0.006065 
-0.002323 0.023000 -0.009825 0.020925 
-0.001405 0.021363 -0.007459 0.020068 
-0.006359 0.019995 -0.011614 0.017474 
0.004174 0.006006 0.003968 0.006144 
-0.001612 0.022357 -0.008524 0.020731 
0.002829 0.026270 -0.008679 0.024956 
0.020321 0.003123 0.018772 0.008385 
-0.025540 -0.006192 -0.020516 -0.016424 
-0.012213 0.007825 -0.013144 0.006134 
0.005801 -0.008887 0.006419 -0.008451 
0.000331 -0.021647 0.006646 -0.020604 
0.012072 -0.016211 0.015817 -0.012584 
0.008801 0.006358 0.008303 0.006997 
0.017676 0.002379 0.016843 0.005866 
0.008129 0.003821 0.007924 0.004231 
0.001881 -0.009637 0.002465 -0.009504 
-0.012184 0.012833 -0.014473 0.010182 
0.008874 -0.015998 0.012039 -0.013774 
-0.006176 0.010602 -0.007157 0.009966 
0.017196 0.013746 0.012241 0.018298 
0.013421 -0.019917 0.019648 -0.013811 
0.020368 -0.004335 0.020780 0.001349 
-0.003984 -0.023354 0.004389 -0.023281 
-0.020832 -0.012246 -0.015000 -0.018946 
-0.006489 -0.002229 -0.006420 -0.002422 
0.005640 0.003027 0.005559 0.003172 
-0.012130 0.010236 -0.013602 0.008180 
0.012521 -0.007810 0.013475 -0.006015 
-0.008071 0.005925 -0.008430 0.005401 
-0.015118 0.008347 -0.016415 0.005361 
-0.017751 -0.014344 -0.012150 -0.019319 
-0.003815 0.027093 -0.015759 0.022366 
0.015037 0.007006 0.013595 0.009506 
-0.009521 -0.002055 -0.009381 -0.002623 
-0.003371 0.015974 -0.006006 0.015181 
-0.019581 -0.003366 -0.018140 -0.008104 
-0.012674 -0.018853 -0.005953 -0.021923 
-0.013913 -0.010895 -0.011503 -0.013415 
0.001135 0.013695 -0.000507 0.013732 
-0.011582 -0.010273 -0.009896 -0.011905 
0.008568 0.015767 0.005198 0.017175 
-0.010762 0.018709 -0.015735 0.014773 
-0.021247 -0.011386 -0.015731 -0.018265 
-0.004981 -0.003363 -0.004903 -0.003476 
0.018174 -0.014478 0.021976 -0.007549 
0.010777 -0.021070 0.017422 -0.016017 
0.001899 -0.010422 0.002634 -0.010261 
-0.014436 -0.001495 -0.014109 -0.003400 
0.015600 -0.006529 0.016520 -0.003614 
0.006087 0.002976 0.005998 0.003152 
-0.020174 -0.004210 -0.018330 -0.009418 
-0.009391 -0.011257 -0.007777 -0.012427 
0.009819 0.015635 0.006244 0.017374 
0.004315 0.004745 0.004190 0.004856 
-0.004556 0.004357 -0.004664 0.004241 
-0.007993 -0.014054 -0.005568 -0.015179 
0.007570 0.001680 0.007500 0.001967 
-0.014069 -0.018299 -0.007220 -0.021924 
-0.016712 -0.012048 -0.012914 -0.016052 
0.007558 -0.007159 0.008031 -0.006624 
0.017438 -0.011688 0.019982 -0.006434 
0.009883 -0.012025 0.011604 -0.010374 
-0.007998 0.016644 -0.011377 0.014545 
0.002254 -0.004995 0.002348 -0.004952 
0.021695 0.007763 0.017920 0.014484 
0.004893 -0.013172 0.006497 -0.012460 
-0.020643 -0.002582 -0.019175 -0.008071 
0.018830 0.013851 0.013018 0.019415 
0.000374 0.013989 -0.001359 0.013928 
-0.015446 -0.017221 -0.008845 -0.021375 
-0.019650 0.008850 -0.021372 0.002775 
0.027211 0.002924 0.022874 0.015025 
0.002537 -0.023266 0.010293 -0.021019 
-0.013253 0.003327 -0.013553 0.001741 
0.008271 -0.017294 0.012035 -0.014921 
0.015286 0.018508 0.007678 0.022743 
0.028978 0.010693 0.017778 0.025259 
0.027698 0.001441 0.023803 0.014235 
0.005487 -0.020941 0.011370 -0.018422 
-0.004252 -0.003991 -0.004165 -0.004082 
0.012205 -0.017379 0.016606 -0.013238 
0.011049 0.005225 0.010506 0.006245 
0.010340 -0.011644 0.011999 -0.009926 
-0.014264 0.016165 -0.018339 0.011334 
0.015716 0.011618 0.012476 0.015044 
-0.012504 0.010144 -0.013993 0.007965 
0.007795 0.002719 0.007670 0.003052 
0.002439 -0.006037 0.002600 -0.005970 
-0.003457 0.016605 -0.006408 0.015705 
-0.004904 -0.005493 -0.004712 -0.005658 
0.016426 -0.005957 0.017264 -0.002691 
0.004156 0.003600 0.004086 0.003679 
-0.007855 -0.005460 -0.007526 -0.005905 
-0.008816 -0.004176 -0.008548 -0.004700 
-0.005948 0.008675 -0.006541 0.008238 
0.014079 0.015323 0.009406 0.018562 
0.016913 -0.014786 0.020701 -0.008726 
0.011948 -0.016266 0.015701 -0.012681 
0.004790 0.005958 0.004566 0.006131 
-0.001259 0.019706 -0.006036 0.018801 
-0.009930 0.028009 -0.023274 0.018478 
-0.006299 0.015121 -0.008764 0.013839 
0.001107 -0.019340 0.005628 -0.018537 
-0.005764 -0.000965 -0.005742 -0.001089 
0.021178 0.002106 0.019717 0.008010 
0.018619 -0.004601 0.019179 -0.000180 
-0.011834 -0.018549 -0.005687 -0.021255 
-0.009067 -0.014352 -0.006313 -0.015759 
0.009253 -0.020179 0.015000 -0.016365 
0.027869 0.010610 0.017906 0.023845 
0.019111 0.013163 0.013610 0.018794 
-0.002119 0.014036 -0.003887 0.013652 
-0.005353 -0.002011 -0.005310 -0.002122 
0.006768 0.007352 0.006290 0.007765 
0.026572 0.006563 0.020642 0.017973 
0.008877 -0.013402 0.010941 -0.011778 
-0.010708 0.026463 -0.022369 0.017736 
0.003644 0.019213 -0.001069 0.019527 
0.014765 0.003354 0.014125 0.005454 
-0.000502 0.015052 -0.002651 0.014825 
-0.015131 -0.016666 -0.009104 -0.020587 
-0.016262 -0.003292 -0.015445 -0.006062 
0.001853 -0.013396 0.003388 -0.013092 
0.007322 0.011865 0.005810 0.012674 
-0.004479 -0.006365 -0.004232 -0.006532 
0.003315 -0.006167 0.003505 -0.006061 
0.014234 0.014223 0.010163 0.017367 
-0.001172 -0.016610 0.001747 -0.016559 
0.022033 0.004258 0.019589 0.010949 
-0.004734 -0.019405 0.000266 -0.019972 
-0.015923 0.001610 -0.015974 -0.000982 
0.010067 0.005484 0.009577 0.006302 
0.012883 -0.007937 0.013894 -0.005993 
-0.003004 0.004745 -0.003098 0.004684 
-0.012213 -0.011387 -0.010024 -0.013355 
0.019545 0.003858 0.017972 0.008596 
-0.015708 -0.016564 -0.009495 -0.020759 
-0.017183 0.006560 -0.018185 0.002758 
0.025322 0.008907 0.018810 0.019151 
0.014810 0.003802 0.014087 0.005944 
-0.003274 0.014496 -0.005262 0.013898 
-0.008357 -0.008649 -0.007531 -0.009377 
-0.022308 -0.010319 -0.016845 -0.017899 
-0.006190 -0.006688 -0.005830 -0.007004 
0.001248 -0.021592 0.007495 -0.020288 
0.001653 -0.014265 0.003496 -0.013928 
0.010470 0.015235 0.006956 0.017127 
0.004517 0.001749 0.004490 0.001816 
-0.022565 0.000572 -0.021583 -0.006610 
-0.018940 0.009431 -0.020822 0.003759 
-0.020983 0.004146 -0.021293 -0.002019 
0.000333 0.021699 -0.006055 0.020839 
0.009536 0.017921 0.004590 0.019775 
-0.002518 0.022512 -0.009571 0.020530 
-0.001243 0.021346 -0.007284 0.020103 
-0.002580 0.017522 -0.005986 0.016669 
-0.007569 0.006540 -0.007968 0.006048 
-0.016092 0.007511 -0.017262 0.004170 
-0.014626 -0.015486 -0.009639 -0.018996 
-0.013065 0.009434 -0.014433 0.007168 
0.004831 0.001961 0.004797 0.002043 
-0.014324 0.019746 -0.020583 0.013092 
-0.015237 0.000927 -0.015208 -0.001323 
0.007741 0.003732 0.007558 0.004090 
0.002907 -0.011126 0.003827 -0.010844 
-0.017312 0.002436 -0.017457 -0.000938 
0.015439 -0.000695 0.015367 0.001639 
-0.013774 0.023226 -0.022677 0.014660 
-0.012114 0.007277 -0.012934 0.005692 
0.003875 -0.018975 0.008230 -0.017531 
0.017065 -0.015857 0.021409 -0.009183 
-0.004780 -0.023884 0.004315 -0.023972 
-0.026798 -0.010504 -0.017936 -0.022512 
-0.021531 -0.006737 -0.018290 -0.013208 
-0.005008 0.004711 -0.005147 0.004559 
-0.020857 -0.006555 -0.017956 -0.012472 
-0.006572 0.011499 -0.007805 0.010699 
0.014067 0.018051 0.007425 0.021647 
0.021787 0.000627 0.020623 0.007054 
-0.027132 -0.002149 -0.023232 -0.014179 
-0.012469 0.017369 -0.016908 0.013088 
-0.014602 -0.002381 -0.014133 -0.004375 
0.001800 -0.021086 0.007627 -0.019741 
0.004637 -0.019091 0.009117 -0.017402 
-0.016262 0.008700 -0.017745 0.005025 
-0.020926 -0.011782 -0.015340 -0.018476 
-0.008703 -0.002537 -0.008559 -0.002986 
-0.007489 0.006732 -0.007906 0.006238 
-0.014721 0.008911 -0.016124 0.006012 
-0.015314 -0.019460 -0.006808 -0.023809 
-0.021808 -0.003468 -0.019724 -0.009930 
-0.002701 0.016903 -0.005773 0.016115 
-0.003372 0.004091 -0.003444 0.004031 
-0.012139 -0.018053 -0.006270 -0.020832 
-0.009424 -0.015697 -0.005906 -0.017330 
0.010627 -0.016722 0.014414 -0.013594 
0.009231 -0.001600 0.009306 -0.001084 
-0.027078 -0.010669 -0.017826 -0.023006 
-0.018413 -0.007438 -0.016005 -0.011757 
0.010621 -0.028294 0.024358 -0.017890 
0.002208 -0.027368 0.014533 -0.023295 
-0.013246 -0.004180 -0.012638 -0.005763 
0.012731 0.001797 0.012474 0.003117 
-0.006340 0.003960 -0.006476 0.003734 
-0.016402 0.002955 -0.016666 0.000040 
0.009293 -0.020740 0.015462 -0.016656 
0.027793 0.010555 0.017952 0.023697 
0.027030 0.009916 0.018425 0.022124 
0.017527 0.003759 0.016407 0.007223 
0.013840 0.011055 0.011386 0.013568 
0.001386 -0.021279 0.007371 -0.020010 
0.008458 -0.016087 0.011613 -0.013980 
-0.003808 0.008166 -0.004222 0.007960 
0.004391 0.004456 0.004279 0.004563 
-0.005129 0.009705 -0.005854 0.009286 
0.010968 0.011961 0.008831 0.013616 
-0.009868 -0.013098 -0.007505 -0.014581 
0.019613 0.008028 0.016574 0.013207 
0.006867 -0.007511 0.007344 -0.007045 
0.004051 -0.008846 0.004573 -0.008587 
-0.011989 -0.006073 -0.011218 -0.007401 
-0.005832 0.018600 -0.010095 0.016675 
0.016295 -0.014613 0.019916 -0.009079 
-0.000971 -0.015104 0.001222 -0.015085 
-0.002501 0.006308 -0.002684 0.006232 
-0.002318 -0.023391 0.005838 -0.022769 
-0.022881 -0.012966 -0.015225 -0.021444 
-0.009249 -0.018479 -0.003978 -0.020278 
0.002347 -0.015645 0.004785 -0.015079 
0.006631 0.000523 0.006613 0.000709 
-0.016386 0.000922 -0.016305 -0.001872 
0.015068 -0.008908 0.016502 -0.005837 
0.019130 0.002923 0.017908 0.007334 
-0.025546 -0.008480 -0.019151 -0.018914 
-0.015211 0.001899 -0.015325 -0.000377 
0.008967 0.007577 0.008273 0.008330 
0.021083 -0.002626 0.020968 0.003424 
-0.003371 -0.023256 0.004798 -0.023004 
-0.015442 -0.011254 -0.012453 -0.014493 
0.014771 -0.006679 0.015673 -0.004141 
0.007694 0.013380 0.005597 0.014384 
-0.004340 -0.004307 -0.004237 -0.004409 
0.015327 -0.009252 0.016877 -0.005973 
0.011699 0.005238 0.011092 0.006425 
0.005325 -0.023172 0.013104 -0.019839 
-0.023418 0.000790 -0.022287 -0.007234 
-0.010090 0.011535 -0.011688 0.009913 
0.009484 -0.011748 0.011075 -0.010262 
-0.011681 0.011124 -0.013347 0.009058 
0.019294 -0.014744 0.023342 -0.006692 
0.005962 -0.026418 0.017161 -0.020951 
-0.007548 -0.010620 -0.006365 -0.011369 
0.022460 -0.000245 0.021401 0.006820 
0.017671 -0.008962 0.019333 -0.004340 
0.023776 -0.003203 0.023357 0.005480 
0.002974 -0.024606 0.012082 -0.021641 
-0.025284 0.005425 -0.025281 -0.005441 
-0.002662 0.026965 -0.014467 0.022911 
0.018196 0.009928 0.014860 0.014452 
-0.006700 0.019028 -0.011327 0.016693 
0.004721 0.006599 0.004442 0.006790 
-0.003232 0.017697 -0.006765 0.016669 
-0.004288 0.004270 -0.004385 0.004169 
-0.011732 -0.011931 -0.009445 -0.013812 
0.015633 0.008840 0.013516 0.011826 
-0.007466 -0.007318 -0.006942 -0.007817 
-0.005396 -0.005190 -0.005209 -0.005378 
0.002619 -0.017420 0.005969 -0.016574 
0.019082 -0.003692 0.019414 0.000934 
-0.017140 -0.013484 -0.012370 -0.017961 
-0.006058 0.024547 -0.015233 0.020179 
0.010746 0.010762 0.009061 0.012215 
0.007124 -0.006777 0.007525 -0.006329 
0.014915 -0.013559 0.017874 -0.009319 
-0.009893 -0.017965 -0.004817 -0.019935 
-0.000688 -0.019542 0.004016 -0.019137 
-0.007176 -0.008254 -0.006531 -0.008773 
-0.027147 -0.004324 -0.022109 -0.016336 
-0.011935 0.023298 -0.020622 0.016123 
-0.015101 0.006992 -0.016089 0.004251 
-0.014711 -0.016301 -0.009133 -0.019968 
-0.014406 -0.000108 -0.014268 -0.001994 
0.006865 -0.018812 0.011370 -0.016485 
-0.009326 -0.004789 -0.008971 -0.005426 
-0.005381 0.008313 -0.005886 0.007963 
0.006558 0.006763 0.006168 0.007121 
0.019976 0.005784 0.017668 0.010969 
-0.007527 -0.014045 -0.005182 -0.015069 
0.011290 -0.014312 0.014029 -0.011639 
-0.018016 0.005878 -0.018877 0.001666 
0.022768 0.013002 0.015164 0.021388 
0.006641 0.011659 0.005272 0.012338 
-0.004328 -0.005091 -0.004182 -0.005212 
-0.004053 -0.024757 0.005870 -0.024391 
-0.021320 -0.001663 -0.019958 -0.007680 
0.016413 0.006943 0.014696 0.010081 
-0.013099 0.000632 -0.013090 -0.000796 
0.004091 -0.018073 0.007892 -0.016765 
-0.012215 0.007210 -0.013032 0.005600 
0.002183 -0.010630 0.002968 -0.010438 
-0.015935 -0.000795 -0.015601 -0.003342 
0.009842 0.005411 0.009379 0.006179 
0.013960 -0.015334 0.017569 -0.011015 
-0.014645 -0.014905 -0.010021 -0.018336 
-0.014426 0.007654 -0.015507 0.005121 
-0.014895 -0.017719 -0.008150 -0.021665 
-0.022180 0.005470 -0.022755 -0.002022 
0.006455 0.018791 0.001607 0.019804 
0.004206 -0.019142 0.008691 -0.017566 
-0.011437 0.015620 -0.014788 0.012494 
-0.008184 -0.008031 -0.007488 -0.008684 
-0.007957 -0.015611 -0.004792 -0.016854 
0.001169 -0.007417 0.001433 -0.007371 
0.000964 0.017364 -0.002358 0.017230 
-0.027044 -0.011341 -0.017260 -0.023709 
-0.014773 -0.007141 -0.013348 -0.009543 
0.017839 0.004956 0.016353 0.008681 
0.009517 0.011912 0.007668 0.013179 
0.001218 -0.006183 0.001373 -0.006151 
-0.007366 0.005762 -0.007674 0.005346 
-0.017038 0.014753 -0.020827 0.008612 
0.002288 0.024854 -0.007438 0.023826 
0.020598 0.001136 0.019553 0.006578 
-0.027130 -0.008916 -0.019192 -0.021148 
-0.023915 0.005141 -0.024121 -0.004068 
-0.006215 0.026314 -0.017309 0.020771 
0.018202 0.011411 0.014143 0.016170 
0.006564 -0.019177 0.011275 -0.016844 
-0.003787 -0.006078 -0.003588 -0.006198 
0.002932 -0.016943 0.006034 -0.016101 
0.015288 -0.001198 0.015296 0.001083 
-0.016860 -0.003876 -0.015828 -0.006982 
0.002473 -0.015516 0.004857 -0.014942 
0.006169 0.002110 0.006110 0.002275 
-0.006141 -0.002856 -0.006056 -0.003033 
0.014047 -0.022851 0.022668 -0.014342 
0.010539 -0.009755 0.011720 -0.008300 
0.001843 0.013805 0.000138 0.013927 
-0.029348 -0.003085 -0.023384 -0.018000 
-0.009255 0.018096 -0.013619 0.015088 
-0.025555 -0.005636 -0.020823 -0.015851 
-0.019072 0.011764 -0.021794 0.005213 
-0.012143 0.018382 -0.017134 0.013848 
0.020220 0.006245 0.017666 0.011652 
0.000774 -0.009464 0.001313 -0.009405 
-0.014159 0.014926 -0.017606 0.010645 
0.013610 0.009202 0.011847 0.011382 
-0.019312 -0.003464 -0.017905 -0.008021 
0.016539 0.012066 0.012796 0.015981 
-0.003123 0.011104 -0.004046 0.010801 
0.018807 -0.007675 0.020151 -0.002558 
-0.027204 -0.004314 -0.022133 -0.016396 
-0.005510 0.024790 -0.014899 0.020565 
0.010785 0.014584 0.007537 0.016499 
0.004095 0.006089 0.003885 0.006225 
-0.001839 0.019876 -0.006741 0.018788 
-0.006774 0.016398 -0.009886 0.014732 
0.001194 -0.022218 0.007986 -0.020768 
-0.003069 -0.018157 0.000869 -0.018394 
-0.016837 0.009595 -0.018623 0.005360 
-0.017841 0.005948 -0.018716 0.001838 
0.016079 0.007582 0.014251 0.010626 
-0.012100 -0.005818 -0.011358 -0.007158 
-0.010937 0.012211 -0.012847 0.010183 
0.007081 -0.025281 0.017103 -0.019919 
-0.012058 -0.015936 -0.007689 -0.018445 
-0.010322 -0.000190 -0.010286 -0.000885 
0.020640 0.004618 0.018527 0.010202 
-0.025150 -0.005888 -0.020526 -0.015680 
-0.011648 0.012565 -0.013769 0.010196 
0.008641 0.001065 0.008580 0.001478 
-0.011679 -0.012641 -0.009118 -0.014597 
-0.003895 0.017556 -0.007382 0.016397 
-0.012415 0.007875 -0.013373 0.006108 
0.003737 -0.008745 0.004231 -0.008517 
-0.010738 -0.004138 -0.010354 -0.005022 
0.001985 0.016274 -0.000799 0.016375 
-0.016928 -0.007953 -0.014768 -0.011477 
0.014351 -0.001716 0.014452 0.000191 
-0.018193 0.003079 -0.018431 -0.000884 
0.006573 0.015622 0.003639 0.016553 
-0.006854 0.004496 -0.007039 0.004200 
-0.023964 0.002693 -0.023328 -0.006112 
-0.002302 0.021987 -0.008888 0.020242 
0.014073 -0.002170 0.014235 -0.000351 
-0.022567 0.000827 -0.021664 -0.006376 
-0.016023 0.010587 -0.018037 0.006592 
-0.002147 0.007944 -0.002485 0.007844 
0.017933 -0.012185 0.020717 -0.006391 
0.017568 -0.011300 0.019984 -0.006080 
0.012440 -0.017565 0.016987 -0.013219 
-0.019456 -0.007311 -0.016758 -0.012295 
-0.004992 0.004479 -0.005118 0.004335 
-0.007030 -0.016168 -0.003734 -0.017230 
0.015592 -0.009680 0.017288 -0.006161 
0.002433 -0.009074 0.002936 -0.008924 
-0.018025 0.000920 -0.017832 -0.002790 
-0.006641 0.004676 -0.006830 0.004395 
-0.010739 -0.005790 -0.010147 -0.006775 
-0.018016 0.014434 -0.021778 0.007657 
-0.009125 0.025458 -0.019535 0.018702 
0.000197 0.014861 -0.001876 0.014743 
0.004005 -0.010262 0.004780 -0.009924 
-0.011469 -0.013347 -0.008650 -0.015326 
-0.005256 0.007329 -0.005627 0.007049 
0.008711 0.007317 0.008083 0.008006 
0.015738 -0.000689 0.015652 0.001782 
-0.019536 -0.003479 -0.018074 -0.008191 
-0.016062 -0.015390 -0.010538 -0.019591 
-0.010102 0.011512 -0.011694 0.009891 
0.014939 -0.008240 0.016196 -0.005363 
0.019183 0.014211 0.012931 0.020068 
0.000072 0.018304 -0.003784 0.017909 
0.010153 0.001638 0.010021 0.002314 
-0.001742 -0.016490 0.001141 -0.016543 
-0.001104 0.014475 -0.003019 0.014199 
-0.008772 -0.016188 -0.005123 -0.017685 
0.003146 -0.010710 0.003980 -0.010429 
-0.015963 0.000233 -0.015793 -0.002334 
0.016702 -0.014508 0.020330 -0.008725 
-0.004469 -0.022360 0.002999 -0.022604 
-0.020096 -0.010842 -0.015497 -0.016771 
-0.005222 -0.004829 -0.005064 -0.004993 
0.017203 -0.010968 0.019466 -0.006108 
0.001344 -0.009259 0.001854 -0.009170 
-0.012757 0.013194 -0.015260 0.010196 
0.015365 -0.002683 0.015595 -0.000294 
-0.015833 -0.001974 -0.015311 -0.004489 
-0.007301 -0.019294 -0.001902 -0.020541 
-0.003550 0.021482 -0.009742 0.019472 
0.017914 -0.004789 0.018525 -0.000807 
-0.009565 -0.018151 -0.004448 -0.020029 
-0.001264 -0.023304 0.006688 -0.022360 
-0.008164 -0.012678 -0.006261 -0.013717 
0.022998 -0.003276 0.022766 0.004618 
0.013673 -0.022733 0.022135 -0.014622 
0.015740 -0.006772 0.016720 -0.003747 
0.004654 0.004786 0.004517 0.004916 
0.001877 0.015370 -0.000469 0.015477 
-0.013645 -0.010307 -0.011514 -0.012643 
0.026728 0.004947 0.021627 0.016467 
0.011593 -0.018540 0.016592 -0.014242 
0.015231 0.011862 0.012036 0.015094 
-0.004154 0.008140 -0.004578 0.007909 
0.006843 0.004025 0.006677 0.004295 
0.005925 -0.004781 0.006096 -0.004560 
0.009536 0.004833 0.009162 0.005510 
0.017631 -0.011927 0.020286 -0.006451 
0.012688 -0.012891 0.015068 -0.010006 
-0.014652 0.002169 -0.014811 0.000120 
0.021800 0.001454 0.020379 0.007876 
0.017851 0.003235 0.016795 0.006858 
0.011399 0.005467 0.010788 0.006591 
0.010848 -0.019791 0.016561 -0.015333 
0.019195 0.007508 0.016510 0.012338 
0.005482 -0.012215 0.006831 -0.011516 
-0.012363 -0.018771 -0.005834 -0.021706 
-0.008400 -0.013626 -0.006089 -0.014804 
0.021464 0.002456 0.019819 0.008600 
0.021852 -0.000830 0.021105 0.005722 
0.014108 -0.014711 0.017448 -0.010537 
-0.014322 -0.013569 -0.010579 -0.016653 
-0.016380 0.011220 -0.018643 0.006827 
-0.007314 0.006480 -0.007692 0.006027 
-0.019225 -0.003727 -0.017766 -0.008239 
-0.009851 -0.003064 -0.009622 -0.003721 
-0.000320 0.016461 -0.003126 0.016165 
0.003632 -0.011433 0.004657 -0.011055 
-0.016239 -0.009258 -0.013812 -0.012595 
0.010457 0.005071 0.009986 0.005946 
0.015666 -0.007503 0.016806 -0.004392 
0.005325 0.006727 0.005005 0.006968 
-0.002396 0.021959 -0.008958 0.020191 
-0.003123 0.014538 -0.005121 0.013960 
-0.006753 -0.006619 -0.006368 -0.006990 
0.002387 -0.017095 0.005550 -0.016344 
0.021632 -0.002693 0.021458 0.003837 
-0.001369 -0.015093 0.000833 -0.015132 
0.028236 0.002699 0.023336 0.016125 
0.002447 -0.021607 0.008710 -0.019925 
-0.021826 -0.001636 -0.020341 -0.008080 
-0.019765 0.001043 -0.019416 -0.003840 
-0.008061 0.005185 -0.008349 0.004707 
-0.018583 0.014669 -0.022522 0.007298 
-0.005836 0.024450 -0.014897 0.020247 
0.008209 0.010512 0.006976 0.011368 
-0.007356 -0.001830 -0.007285 -0.002097 
0.021186 0.001791 0.019819 0.007699 
0.017195 0.009005 0.014581 0.012812 
-0.010093 0.011330 -0.011631 0.009744 
0.004321 -0.019156 0.008824 -0.017544 
-0.018886 0.011317 -0.021422 0.005083 
-0.010654 0.014370 -0.013328 0.011933 
0.020562 -0.000576 0.019981 0.004887 
0.014953 -0.008936 0.016384 -0.005917 
0.016503 0.006781 0.014811 0.009947 
-0.014172 0.002176 -0.014335 0.000318 
0.022444 -0.000790 0.021557 0.006295 
0.013462 -0.015954 0.017298 -0.011684 
-0.010797 -0.010376 -0.009221 -0.011799 
0.008484 0.011873 0.006812 0.012906 
-0.012919 -0.005574 -0.012121 -0.007145 
-0.010318 0.027047 -0.022586 0.018108 
-0.008961 0.017130 -0.012727 0.014552 
-0.011857 -0.010495 -0.010049 -0.012237 
0.019724 0.014349 0.013064 0.020598 
0.000777 0.015148 -0.001430 0.015101 
0.002400 -0.004721 0.002483 -0.004678 
0.026472 0.009343 0.018775 0.020869 
0.015029 0.000771 0.014765 0.002910 
-0.011829 0.020570 -0.018263 0.015149 
-0.002675 0.010194 -0.003384 0.009981 
0.021429 0.001915 0.019963 0.008024 
0.018680 0.000552 0.018104 0.004635 
0.004843 -0.011685 0.006000 -0.011136 
-0.012259 -0.011875 -0.009874 -0.013922 
0.012799 0.010775 0.010699 0.012863 
-0.025860 -0.010363 -0.017911 -0.021338 
-0.013958 0.000577 -0.013922 -0.001148 
0.016062 -0.014246 0.019481 -0.009023 
-0.000017 -0.018542 0.003987 -0.018108 
-0.010003 -0.003520 -0.009727 -0.004223 
-0.003804 0.014434 -0.005795 0.013756 
-0.007585 -0.006160 -0.007199 -0.006607 
-0.011254 -0.005665 -0.010629 -0.006765 
-0.015015 0.013952 -0.018154 0.009515 
0.013744 0.012680 0.010624 0.015388 
0.015058 -0.007327 0.016115 -0.004552 
0.005352 0.002080 0.005307 0.002191 
-0.019487 -0.002157 -0.018393 -0.006789 
-0.017843 -0.014416 -0.012148 -0.019459 
-0.014086 0.020553 -0.020883 0.013591 
-0.018311 -0.003789 -0.017033 -0.007717 
-0.007271 -0.007339 -0.006759 -0.007813 
-0.007597 -0.013236 -0.005570 -0.014208 
0.022796 -0.000292 0.021667 0.007090 
0.008247 -0.013810 0.010389 -0.012281 
-0.010350 0.015719 -0.013586 0.013024 
-0.015100 -0.017547 -0.008400 -0.021572 
-0.020201 -0.001420 -0.019160 -0.006558 
-0.016755 -0.008379 -0.014497 -0.011865 
0.017698 -0.015642 0.022016 -0.008555 
0.013415 -0.022793 0.021887 -0.014847 
0.007882 -0.012626 0.009569 -0.011400 
-0.010465 0.015911 -0.013812 0.013112 
-0.009079 -0.018315 -0.003974 -0.020052 
0.001008 -0.021806 0.007442 -0.020522 
0.013482 -0.023726 0.022786 -0.015015 
0.017592 -0.009094 0.019287 -0.004492 
0.022293 -0.000461 0.021341 0.006464 
0.010190 -0.010680 0.011562 -0.009177 
-0.013280 0.010528 -0.014964 0.007953 
0.008055 0.003686 0.007862 0.004081 
0.001385 -0.006086 0.001535 -0.006050 
0.021091 0.012461 0.014966 0.019394 
-0.012776 0.014897 -0.015994 0.011372 
-0.003961 -0.003827 -0.003887 -0.003903 
0.017902 0.000519 0.017429 0.004119 
0.002069 -0.005323 0.002178 -0.005279 
-0.000337 0.015244 -0.002569 0.015030 
0.003167 -0.008815 0.003652 -0.008626 
-0.010541 -0.006401 -0.009877 -0.007385 
-0.017686 0.011531 -0.020198 0.006150 
-0.021848 0.000105 -0.020889 -0.006403 
-0.012912 0.008650 -0.014078 0.006582 
-0.001025 -0.015689 0.001433 -0.015657 
-0.001597 0.021799 -0.008017 0.020334 
-0.004791 0.019328 -0.009442 0.017532 
-0.012137 0.006642 -0.012851 0.005126 
0.003951 -0.005581 0.004114 -0.005462 
0.011472 0.013814 0.008433 0.015852 
0.002430 -0.010912 0.003285 -0.010686 
-0.016210 0.001828 -0.016287 -0.000915 
0.009261 -0.016257 0.012607 -0.013824 
0.014519 0.018466 0.007322 0.022320 
0.018645 0.008683 0.015683 0.013307 
-0.012004 0.023826 -0.021181 0.016220 
-0.015187 0.009101 -0.016683 0.005928 
-0.027642 -0.009863 -0.018517 -0.022770 
-0.017064 0.006693 -0.018093 0.002940 
0.020446 0.006131 0.017857 0.011694 
0.001139 -0.010088 0.001794 -0.009993 
-0.021763 -0.000059 -0.020774 -0.006485 
-0.016521 0.003228 -0.016832 0.000228 
0.008902 0.015877 0.005401 0.017383 
0.003760 0.004862 0.003643 0.004951 
-0.005021 0.005594 -0.005218 0.005411 
0.006246 -0.008205 0.006783 -0.007767 
0.004998 -0.006023 0.005227 -0.005825 
0.010476 0.000556 0.010412 0.001284 
-0.026637 -0.005269 -0.021416 -0.016692 
-0.006600 0.016398 -0.009694 0.014781 
-0.000136 -0.009566 0.000418 -0.009558 
-0.013070 0.019204 -0.018749 0.013715 
-0.024351 0.004015 -0.024073 -0.005438 
-0.002667 0.019010 -0.006989 0.017879 
0.012146 -0.011350 0.013936 -0.009063 
-0.007315 -0.000431 -0.007296 -0.000679 
0.015499 -0.001869 0.015602 0.000535 
-0.004210 0.026535 -0.015486 0.021955 
0.025931 0.008579 0.019190 0.019436 
0.015893 -0.001997 0.016007 0.000599 
-0.007768 -0.008695 -0.006992 -0.009330 
-0.022056 -0.002999 -0.020054 -0.009657 
0.015798 0.007592 0.014033 0.010502 
-0.013288 -0.000479 -0.013152 -0.001961 
0.011225 -0.013174 0.013507 -0.010822 
-0.018467 -0.003983 -0.017105 -0.008019 
-0.015171 -0.017690 -0.008320 -0.021768 
-0.015720 -0.010961 -0.012771 -0.014289 
0.008190 -0.006802 0.008657 -0.006197 
0.013275 -0.007581 0.014247 -0.005541 
-0.006871 0.006443 -0.007222 0.006047 
-0.015664 0.007340 -0.016766 0.004259 
-0.014326 -0.017690 -0.007863 -0.021362 
-0.014968 -0.001366 -0.014621 -0.003486 
0.015420 -0.007495 0.016540 -0.004513 
0.005827 0.003050 0.005741 0.003208 
-0.009502 -0.002142 -0.009356 -0.002708 
0.023378 0.012997 0.015333 0.021917 
0.006828 0.014894 0.004210 0.015835 
-0.001581 0.006473 -0.001762 0.006426 
-0.004430 -0.018993 0.000228 -0.019501 
-0.012132 0.020957 -0.018908 0.015128 
-0.003818 0.008275 -0.004248 0.008063 
0.004587 0.004034 0.004490 0.004142 
-0.014494 0.014105 -0.017622 0.009923 
0.006787 0.015932 0.003659 0.016927 
-0.015448 0.007917 -0.016669 0.004844 
-0.005228 -0.006302 -0.004955 -0.006518 
0.003577 -0.018934 0.007889 -0.017580 
0.012589 -0.015638 0.016128 -0.011955 
-0.020005 -0.007507 -0.017035 -0.012897 
-0.003399 0.005160 -0.003523 0.005076 
0.005433 -0.005113 0.005609 -0.004918 
0.018669 0.003584 0.017370 0.007725 
0.011190 0.010669 0.009454 0.012235 
-0.007385 -0.012424 -0.005682 -0.013290 
0.017205 -0.004691 0.017796 -0.001156 
-0.017296 -0.011232 -0.013685 -0.015428 
0.007408 -0.008254 0.008028 -0.007653 
0.007984 -0.021300 0.014413 -0.017599 
-0.003722 -0.005460 -0.003570 -0.005561 
-0.001623 -0.016440 0.001228 -0.016474 
0.025974 0.009909 0.018269 0.020953 
0.013616 -0.001365 0.013682 0.000255 
-0.011383 0.016010 -0.014918 0.012781 
-0.009464 -0.016008 -0.005761 -0.017682 
-0.011222 -0.004751 -0.010726 -0.005784 
-0.018420 0.012322 -0.021306 0.006096 
-0.014920 0.007978 -0.016113 0.005159 
-0.007487 -0.006775 -0.007035 -0.007244 
-0.023058 -0.013436 -0.014899 -0.022141 
-0.009387 -0.015686 -0.005884 -0.017308 
0.002820 -0.028858 0.017074 -0.023435 
-0.018674 -0.001711 -0.017836 -0.005792 
0.015425 0.006395 0.014062 0.009004 
-0.012852 -0.004429 -0.012248 -0.005899 
-0.006274 0.025443 -0.016406 0.020434 
0.009022 0.018604 0.003720 0.020338 
0.003733 0.015204 0.001338 0.015599 
0.001169 -0.021111 0.007017 -0.019945 
0.003194 -0.019519 0.007881 -0.018140 
-0.010709 0.012452 -0.012669 0.010451 
0.015245 0.002481 0.014699 0.004747 
-0.007255 0.007030 -0.007693 0.006547 
-0.011727 0.021255 -0.018666 0.015519 
-0.001215 0.009291 -0.001730 0.009209 
0.007624 -0.024879 0.017275 -0.019460 
-0.011237 -0.009127 -0.009931 -0.010533 
0.014665 0.017646 0.008085 0.021473 
0.019091 0.007186 0.016561 0.011909 
0.006621 -0.006344 0.006949 -0.005983 
0.018363 -0.011337 0.020866 -0.005511 
0.010261 -0.010450 0.011581 -0.008965 
-0.013084 0.011640 -0.015084 0.008897 
0.012753 0.004483 0.012151 0.005925 
0.009644 -0.025978 0.020664 -0.018463 
0.009392 -0.027087 0.021616 -0.018833 
0.008528 -0.017994 0.012730 -0.015312 
0.027368 0.010584 0.017914 0.023240 
0.028034 0.002410 0.023428 0.015584 
0.009488 -0.025732 0.020229 -0.018520 
0.003080 -0.015207 0.005353 -0.014564 
0.017171 0.003794 0.016104 0.007062 
0.011940 0.010658 0.010063 0.012446 
-0.012154 -0.010723 -0.010211 -0.012587 
0.020958 0.011405 0.015589 0.018063 
0.008524 -0.000904 0.008557 -0.000507 
-0.017772 -0.007724 -0.015454 -0.011692 
0.009859 -0.000174 0.009851 0.000432 
-0.022352 -0.005485 -0.019302 -0.012536 
0.000438 0.013974 -0.001290 0.013921 
-0.016067 -0.008167 -0.014061 -0.011276 
0.003322 0.003362 0.003274 0.003409 
-0.010869 0.011089 -0.012429 0.009308 
0.014609 -0.005843 0.015342 -0.003491 
0.011247 0.010961 0.009405 0.012577 
-0.010116 -0.015111 -0.006755 -0.016883 
0.012114 -0.023738 0.021227 -0.016114 
0.011544 -0.014932 0.014590 -0.011973 
-0.014866 0.001718 -0.014959 -0.000399 
0.013594 -0.023292 0.022528 -0.014826 
0.019398 -0.011593 0.022076 -0.004830 
0.016349 -0.015305 0.020310 -0.009436 
-0.001334 -0.022590 0.005931 -0.021838 
-0.015042 -0.014190 -0.010700 -0.017695 
-0.016531 0.010468 -0.018560 0.006194 
-0.002105 0.005549 -0.002229 0.005501 
-0.003591 -0.022664 0.004023 -0.022592 
-0.021149 -0.008204 -0.017411 -0.014541 
-0.008155 0.007104 -0.008659 0.006481 
-0.003755 0.022379 -0.010724 0.019998 
0.016888 0.003152 0.016009 0.006235 
0.014749 0.011066 0.012045 0.013961 
-0.007342 -0.019410 -0.001845 -0.020670 
-0.008998 0.018787 -0.013757 0.015641 
-0.016554 -0.003498 -0.015652 -0.006425 
0.014412 0.012645 0.011108 0.015628 
-0.002473 0.005903 -0.002625 0.005837 
0.003068 -0.008955 0.003570 -0.008766 
-0.011584 -0.001587 -0.011403 -0.002583 
0.026591 0.011052 0.017471 0.022891 
0.015043 0.006752 0.013664 0.009229 
-0.017982 -0.002991 -0.016961 -0.006680 
-0.009139 -0.000182 -0.009117 -0.000665 
0.019247 0.004497 0.017560 0.009072 
-0.010971 -0.013181 -0.008341 -0.014984 
-0.001629 0.006470 -0.001811 0.006421 
-0.000666 -0.016759 0.002314 -0.016612 
0.026875 0.010125 0.018244 0.022179 
0.019221 -0.005017 0.019865 -0.000109 
-0.017979 -0.013381 -0.012894 -0.018332 
-0.006964 0.016887 -0.010350 0.015051 
-0.001471 -0.009003 -0.000994 -0.009068 
-0.004769 0.019101 -0.009266 0.017371 
0.009061 -0.012316 0.010778 -0.010845 
-0.013592 -0.002149 -0.013238 -0.003759 
0.015712 -0.009923 0.017490 -0.006280 
0.007614 -0.006913 0.008059 -0.006388 
0.015892 -0.006774 0.016881 -0.003669 
0.007173 0.003623 0.007019 0.003913 
0.004125 -0.009600 0.004778 -0.009293 
-0.005747 -0.005650 -0.005510 -0.005882 
-0.005569 -0.020922 0.000792 -0.021636 
-0.011273 0.027950 -0.024660 0.017325 
-0.002167 0.019291 -0.006665 0.018232 
0.014190 -0.018956 0.019894 -0.012843 
0.020715 -0.005564 0.021440 0.000619 
-0.005403 -0.018522 -0.000929 -0.019272 
-0.013027 0.016949 -0.017321 0.012528 
0.019726 0.010801 0.015323 0.016461 
0.003994 0.006784 0.003725 0.006935 
0.005234 0.017962 0.001159 0.018673 
0.007526 -0.019247 0.012393 -0.016538 
-0.004536 -0.005676 -0.004344 -0.005825 
0.002183 -0.010274 0.002895 -0.010097 
-0.010943 0.015157 -0.014003 0.012386 
0.010649 -0.019642 0.016226 -0.015360 
0.022352 0.013076 0.014982 0.021122 
0.007369 0.011557 0.005945 0.012350 
-0.013949 0.002460 -0.014148 0.000673 
0.013862 0.002982 0.013372 0.004718 
-0.007043 0.009112 -0.007782 0.008489 
-0.000370 0.019309 -0.004877 0.018686 
0.006041 0.002522 0.005971 0.002685 
-0.014492 0.020149 -0.021064 0.013127 
-0.019406 0.000300 -0.018928 -0.004292 
-0.008483 0.008162 -0.009166 0.007387 
-0.009010 0.025687 -0.019649 0.018839 
-0.003493 0.017892 -0.007152 0.016768 
-0.002752 0.011341 -0.003719 0.011062 
0.020718 -0.002709 0.020671 0.003047 
-0.003030 -0.022828 0.004660 -0.022552 
-0.020521 -0.014684 -0.013116 -0.021556 
-0.000890 -0.022358 0.006123 -0.021522 
-0.010505 -0.016520 -0.006228 -0.018560 
-0.009374 -0.003998 -0.009091 -0.004606 
-0.006610 0.011027 -0.007726 0.010276 
0.020543 0.009390 0.016500 0.015424 
-0.014051 0.020428 -0.020752 0.013569 
-0.013590 0.002291 -0.013767 0.000644 
0.018311 0.000237 0.017850 0.004090 
0.007035 -0.010115 0.007973 -0.009393 
0.000222 -0.021992 0.006841 -0.020902 
-0.008876 -0.012729 -0.006840 -0.013929 
0.017416 -0.004400 0.017947 -0.000775 
-0.014335 -0.015671 -0.009340 -0.019075 
-0.016577 -0.002765 -0.015821 -0.005670 
0.003283 -0.018815 0.007503 -0.017564 
0.018374 -0.014803 0.022354 -0.007551 
0.009756 -0.025639 0.020428 -0.018310 
-0.001843 -0.015002 0.000339 -0.015110 
0.026337 0.006709 0.020485 0.017860 
0.008535 -0.012598 0.010283 -0.011216 
-0.009377 0.014030 -0.011740 0.012121 
0.011197 -0.017949 0.015768 -0.014103 
0.018997 0.002223 0.017980 0.006525 
-0.012628 -0.010158 -0.010772 -0.012108 
0.001617 0.015339 -0.000703 0.015408 
0.002979 -0.004657 0.003069 -0.004598 
0.019624 0.009053 0.016134 0.014378 
0.002093 -0.006218 0.002262 -0.006159 
-0.002480 0.020966 -0.008220 0.019446 
-0.003671 0.018873 -0.007948 0.017507 
-0.008190 0.007210 -0.008709 0.006573 
-0.006422 0.017652 -0.010173 0.015791 
0.012268 -0.006317 0.012939 -0.004795 
-0.005916 0.006943 -0.006273 0.006622 
-0.006588 0.007681 -0.007072 0.007238 
-0.004140 0.005465 -0.004301 0.005340 
-0.012500 -0.013338 -0.009421 -0.015665 
0.011192 0.010985 0.009353 0.012588 
-0.026462 -0.007126 -0.020265 -0.018448 
-0.013724 0.015470 -0.017362 0.011236 
0.017431 0.011829 0.013468 0.016198 
0.011139 -0.015019 0.014164 -0.012207 
0.005238 0.002564 0.005182 0.002676 
-0.005183 -0.005401 -0.004988 -0.005582 
-0.004087 -0.018425 0.000136 -0.018873 
-0.014575 0.015389 -0.018307 0.010681 
0.010030 0.016191 0.006081 0.018049 
-0.008505 0.020877 -0.014670 0.017117 
0.003630 0.004236 0.003546 0.004307 
-0.016371 0.006176 -0.017254 0.002907 
-0.005189 -0.006054 -0.004941 -0.006258 
0.007075 -0.007835 0.007610 -0.007316 
0.014405 -0.009937 0.016049 -0.006975 
-0.006011 -0.003791 -0.005886 -0.003982 
0.019028 0.003802 0.017592 0.008188 
0.005287 0.002890 0.005219 0.003011 
-0.015816 -0.000678 -0.015510 -0.003168 
0.009357 0.004850 0.008993 0.005496 
0.016410 -0.010959 0.018588 -0.006624 
0.007708 -0.007921 0.008297 -0.007302 
0.010593 -0.026333 0.022101 -0.017810 
-0.005401 -0.017190 -0.001779 -0.017931 
-0.012322 0.016684 -0.016355 0.012755 
-0.006060 -0.007387 -0.005624 -0.007725 
0.004159 -0.016450 0.007071 -0.015424 
0.014607 0.002770 0.014078 0.004780 
-0.005080 0.010358 -0.005933 0.009894 
0.011585 0.017402 0.006390 0.019905 
0.011235 0.018483 0.005351 0.020958 
0.011728 0.017775 0.006214 0.020369 
0.013958 0.011130 0.011444 0.013701 
-0.006555 -0.017813 -0.002358 -0.018834 
-0.007982 0.020916 -0.014110 0.017382 
0.004826 0.003416 0.004750 0.003522 
-0.015507 0.007355 -0.016601 0.004352 
-0.014148 -0.016453 -0.008691 -0.019883 
-0.022423 -0.001778 -0.020723 -0.008748 
-0.019058 0.000242 -0.018611 -0.004109 
-0.001981 0.009349 -0.002518 0.009219 
0.015736 0.000513 0.015462 0.002966 
-0.007383 -0.004855 -0.007134 -0.005214 
-0.006398 0.007282 -0.006819 0.006889 
-0.005348 0.005679 -0.005563 0.005469 
-0.010643 -0.004768 -0.010194 -0.005666 
0.000297 0.015455 -0.002036 0.015324 
-0.000518 -0.021350 0.005583 -0.020613 
-0.006970 -0.013413 -0.004964 -0.014278 
0.004397 0.005808 0.004199 0.005953 
-0.005493 0.006445 -0.005780 0.006189 
0.009613 0.002855 0.009411 0.003461 
-0.001813 -0.017862 0.001844 -0.017859 
-0.014152 0.006002 -0.014888 0.003826 
0.007276 -0.007649 0.007797 -0.007117 
0.016399 -0.006978 0.017462 -0.003562 
0.006913 0.007331 0.006428 0.007760 
0.011602 0.005701 0.010935 0.006895 
0.007047 -0.026378 0.018268 -0.020291 
-0.017100 -0.013661 -0.012240 -0.018145 
-0.019011 0.015528 -0.023425 0.007334 
-0.005827 0.024708 -0.015151 0.020368 
0.009737 0.015950 0.006003 0.017697 
0.007352 0.005993 0.006999 0.006402 
0.006326 0.003065 0.006227 0.003262 
-0.005507 -0.005049 -0.005325 -0.005241 
0.017445 -0.013853 0.020872 -0.007784 
-0.000567 -0.022566 0.006616 -0.021582 
-0.015080 -0.013432 -0.011150 -0.016837 
-0.016475 0.007540 -0.017676 0.003978 
-0.009084 -0.001381 -0.008997 -0.001864 
0.010212 0.016045 0.006303 0.017944 
0.011314 0.000919 0.011202 0.001838 
-0.020217 -0.004042 -0.018415 -0.009271 
0.025662 0.009620 0.018411 0.020301 
0.019024 -0.004082 0.019449 0.000550 
0.003930 -0.018084 0.007728 -0.016816 
0.011639 -0.013771 0.014208 -0.011101 
-0.019304 -0.002654 -0.018117 -0.007173 
-0.015275 -0.017668 -0.008392 -0.021796 
-0.018372 0.005686 -0.019190 0.001269 
0.014885 0.012509 0.011496 0.015681 
-0.016046 0.009124 -0.017626 0.005478 
-0.004334 0.006418 -0.004574 0.006249 
0.004484 -0.009021 0.005054 -0.008714 
-0.011984 -0.005223 -0.011350 -0.006487 
-0.009188 0.016121 -0.012457 0.013753 
0.006449 -0.006094 0.006744 -0.005765 
0.012797 -0.014761 0.015957 -0.011270 
-0.020598 0.006659 -0.021645 0.000346 
0.020401 0.003786 0.018629 0.009138 
-0.022827 -0.013590 -0.014714 -0.022119 
-0.006054 -0.015251 -0.003379 -0.016057 
0.015734 -0.010867 0.017807 -0.006967 
0.003219 -0.005009 0.003330 -0.004936 
0.009770 0.012218 0.007767 0.013579 
-0.016110 0.003332 -0.016442 0.000536 
0.015173 -0.001540 0.015234 0.000703 
-0.011416 0.027883 -0.024740 0.017198 
-0.009992 0.016115 -0.013371 0.013445 
-0.011921 -0.002374 -0.011647 -0.003477 
0.002265 0.015105 0.000018 0.015274 
-0.015965 -0.011308 -0.012785 -0.014808 
0.018000 -0.011244 0.020437 -0.005726 
0.010196 -0.012027 0.011955 -0.010280 
-0.018169 0.015194 -0.022318 0.007928 
-0.010229 0.016798 -0.013996 0.013817 
-0.007921 -0.009048 -0.007061 -0.009734 
-0.020751 -0.001081 -0.019688 -0.006643 
0.021228 0.003519 0.019306 0.009503 
-0.005451 -0.019008 -0.000627 -0.019765 
-0.019288 0.001143 -0.019019 -0.003405 
-0.002364 0.004116 -0.002423 0.004082 
-0.020903 -0.004862 -0.018623 -0.010666 
0.011896 0.009370 0.010415 0.010992 
-0.016091 -0.009447 -0.013636 -0.012737 
0.018364 -0.016280 0.023103 -0.008277 
0.002129 -0.023284 0.009902 -0.021181 
-0.013708 -0.000216 -0.013585 -0.001841 
0.011106 -0.020234 0.017176 -0.015419 
0.006153 -0.012065 0.007510 -0.011271 
-0.011189 -0.014880 -0.007682 -0.016958 
0.010030 -0.027173 0.022411 -0.018349 
0.009306 -0.019088 0.014305 -0.015695 
0.016181 0.006221 0.014712 0.009169 
-0.018698 -0.004649 -0.017101 -0.008876 
-0.007171 -0.014467 -0.004697 -0.015449 
0.014548 -0.006818 0.015463 -0.004361 
0.010202 -0.001530 0.010282 -0.000840 
-0.020850 -0.003326 -0.019099 -0.009000 
0.022660 0.003442 0.020294 0.010652 
-0.006358 -0.017069 -0.002660 -0.018019 
-0.012417 0.023167 -0.021061 0.015727 
-0.015293 0.007671 -0.016444 0.004722 
-0.013476 -0.004834 -0.012737 -0.006538 
-0.007363 0.026133 -0.018333 0.020026 
0.005954 0.013898 0.003887 0.014611 
-0.015503 0.016049 -0.019714 0.010452 
0.012595 0.009865 0.010838 0.011767 
-0.026791 -0.010671 -0.017801 -0.022688 
-0.015826 -0.005395 -0.014629 -0.008097 
0.015597 -0.004633 0.016152 -0.001967 
-0.010887 -0.015807 -0.006939 -0.017895 
-0.007114 -0.007577 -0.006580 -0.008045 
-0.015244 -0.018589 -0.007585 -0.022812 
-0.016307 -0.011416 -0.012963 -0.015106 
0.005842 -0.007117 0.006215 -0.006794 
0.002850 -0.004673 0.002938 -0.004618 
0.010568 0.016403 0.006347 0.018451 
-0.014259 0.019747 -0.020508 0.013140 
-0.020522 0.004011 -0.020837 -0.001750 
0.000359 0.018345 -0.003530 0.018006 
0.006670 0.001569 0.006620 0.001767 
-0.023900 0.002982 -0.023377 -0.005798 
-0.009459 0.026369 -0.020884 0.018673 
0.000906 0.018091 -0.002844 0.017889 
0.003819 0.005745 0.003644 0.005858 
0.002045 0.015786 -0.000503 0.015910 
0.000470 -0.014882 0.002547 -0.014670 
0.012349 0.012178 0.009821 0.014295 
-0.000606 -0.014773 0.001438 -0.014715 
0.009158 0.015018 0.006060 0.016513 
-0.009715 0.026962 -0.021828 0.018572 
-0.003371 0.020929 -0.009110 0.019141 
-0.004739 0.018192 -0.008657 0.016687 
-0.001187 -0.010676 -0.000404 -0.010735 
-0.010161 0.026829 -0.022168 0.018211 
-0.009785 0.019668 -0.015248 0.015814 
-0.027512 -0.008644 -0.019443 -0.021297 
-0.019047 -0.002461 -0.017960 -0.006801 
-0.011396 -0.002786 -0.011110 -0.003767 
0.001069 0.014436 -0.000850 0.014451 
-0.014632 -0.019074 -0.006840 -0.023047 
-0.023771 -0.012052 -0.016169 -0.021187 
-0.015541 -0.018121 -0.008144 -0.022440 
-0.018530 -0.003067 -0.017390 -0.007094 
0.006945 0.014712 0.004394 0.015664 
-0.005049 0.004112 -0.005158 0.003975 
-0.007260 -0.012816 -0.005437 -0.013689 
0.009757 0.003448 0.009501 0.004101 
-0.000518 -0.022703 0.006791 -0.021670 
-0.010387 -0.012408 -0.008197 -0.013952 
0.007443 0.015384 0.004488 0.016490 
-0.001479 0.009455 -0.002024 0.009353 
0.007123 -0.027106 0.019191 -0.020426 
-0.010898 -0.009903 -0.009441 -0.011301 
0.009389 0.017303 0.004905 0.019065 
-0.000838 0.021124 -0.006702 0.020050 
-0.002299 0.027486 -0.014770 0.023295 
0.024879 0.009134 0.018531 0.018948 
0.020837 -0.004235 0.021185 0.001820 
-0.001541 -0.019723 0.003343 -0.019499 
-0.008903 -0.007995 -0.008143 -0.008768 
-0.021270 -0.012167 -0.015237 -0.019190 
-0.012768 -0.004240 -0.012200 -0.005672 
-0.008968 0.015745 -0.012024 0.013555 
0.006237 -0.005880 0.006504 -0.005583 
0.018938 0.003285 0.017661 0.007585 
0.007741 0.007870 0.007112 0.008443 
0.010490 0.017011 0.005901 0.019094 
0.004635 0.002739 0.004584 0.002823 
-0.016894 0.013459 -0.020080 0.007959 
-0.002706 0.015789 -0.005224 0.015144 
-0.023375 0.003463 -0.023128 -0.004843 
-0.013724 0.020010 -0.020068 0.013639 
-0.017874 -0.002971 -0.016877 -0.006595 
-0.010858 -0.002518 -0.010626 -0.003363 
0.011534 0.011569 0.009424 0.013343 
-0.020958 -0.012662 -0.014775 -0.019526 
-0.008773 -0.001411 -0.008691 -0.001847 
0.011609 0.011152 0.009632 0.012898 
-0.010603 -0.010821 -0.008925 -0.012242 
0.010714 0.010204 0.009202 0.011586 
-0.016001 -0.009410 -0.013585 -0.012649 
0.008570 0.004665 0.008273 0.005172 
0.004824 -0.011576 0.005951 -0.011039 
-0.022597 -0.012459 -0.015521 -0.020614 
-0.006542 -0.015407 -0.003721 -0.016320 
0.011943 -0.007629 0.012814 -0.006053 
-0.003189 0.005260 -0.003314 0.005182 
-0.015162 -0.014099 -0.010828 -0.017647 
-0.016394 0.008155 -0.017744 0.004518 
-0.007330 -0.008610 -0.006610 -0.009174 
-0.027066 -0.004531 -0.021969 -0.016446 
-0.009869 0.015920 -0.013134 0.013355 
-0.011721 -0.010441 -0.009957 -0.012135 
-0.000618 0.014712 -0.002625 0.014489 
0.002817 -0.006396 0.003013 -0.006306 
-0.002841 0.008546 -0.003276 0.008389 
0.013287 -0.008671 0.014494 -0.006453 
-0.003419 0.016670 -0.006401 0.015768 
-0.017100 -0.002249 -0.016377 -0.005410 
0.000506 -0.016069 0.003116 -0.015772 
0.020224 0.012312 0.014685 0.018572 
0.004518 0.002050 0.004485 0.002120 
-0.005657 -0.006627 -0.005332 -0.006892 
0.004724 -0.010769 0.005648 -0.010315 
-0.009925 -0.016815 -0.005618 -0.018700 
-0.001305 -0.015394 0.001027 -0.015415 
0.019261 0.011345 0.014776 0.016775 
-0.007312 0.015120 -0.009881 0.013581 
0.001011 -0.022637 0.008187 -0.021128 
0.001163 -0.019472 0.005775 -0.018632 
-0.002046 -0.011105 -0.001144 -0.011233 
-0.010103 0.027073 -0.022378 0.018282 
-0.002931 0.027071 -0.014859 0.022817 
0.023281 0.012805 0.015460 0.021609 
0.017251 0.010351 0.014065 0.014386 
0.010885 -0.020835 0.017367 -0.015843 
0.006560 -0.005333 0.006794 -0.005031 
0.015180 0.002585 0.014623 0.004826 
-0.006413 0.009417 -0.007164 0.008859 
0.007936 0.013440 0.005777 0.014500 
-0.014536 -0.001171 -0.014247 -0.003112 
0.017951 -0.010965 0.020283 -0.005575 
0.016717 -0.011308 0.019047 -0.006671 
0.007159 -0.009286 0.007939 -0.008629 
-0.003556 -0.018261 0.000498 -0.018597 
-0.017740 0.009945 -0.019710 0.005014 
-0.018503 0.003745 -0.018872 -0.000489 
0.014503 0.011431 0.011718 0.014272 
-0.003102 -0.023976 0.005778 -0.023475 
-0.015954 -0.010128 -0.013278 -0.013447 
0.014921 -0.010581 0.016812 -0.007208 
0.006744 -0.008108 0.007297 -0.007613 
0.008236 -0.021499 0.014855 -0.017588 
-0.009397 -0.000889 -0.009332 -0.001418 
0.020071 0.012306 0.014618 0.018455 
0.008333 0.004692 0.008047 0.005166 
0.003016 -0.004946 0.003121 -0.004881 
0.022003 0.010743 0.016457 0.018131 
0.009932 -0.000732 0.009958 -0.000107 
-0.027617 -0.004226 -0.022309 -0.016819 
-0.011517 0.023018 -0.019892 0.016333 
-0.007292 0.012898 -0.009008 0.011764 
0.003096 -0.029476 0.018189 -0.023400 
-0.028181 -0.001428 -0.023986 -0.014861 
-0.000956 0.021694 -0.007294 0.020453 
0.020264 0.001202 0.019268 0.006388 
0.022547 0.010527 0.016815 0.018342 
0.015351 0.018422 0.007786 0.022681 
0.019672 0.000784 0.018892 0.005539 
-0.022114 -0.003509 -0.019914 -0.010235 
0.003674 0.014213 0.001707 0.014581 
-0.004395 -0.018727 0.000073 -0.019236 
-0.015412 0.009389 -0.017008 0.006035 
-0.020231 -0.008541 -0.016728 -0.014227 
-0.001912 0.008032 -0.002257 0.007942 
0.011777 -0.009902 0.013123 -0.008033 
-0.013606 0.005919 -0.014297 0.003972 
-0.001291 -0.019535 0.003440 -0.019273 
-0.011449 -0.002955 -0.011143 -0.003956 
0.004992 0.019250 0.000067 0.019887 
0.009927 -0.025888 0.020882 -0.018239 
0.000697 -0.021930 0.007246 -0.020710 
-0.003620 -0.023950 0.005319 -0.023631 
-0.026248 -0.009667 -0.018498 -0.020982 
-0.016260 -0.007007 -0.014559 -0.010075 
0.005971 0.007759 0.005490 0.008107 
0.007664 0.014730 0.004990 0.015837 
-0.015853 0.010535 -0.017833 0.006655 
-0.023169 -0.013692 -0.014716 -0.022533 
-0.011387 -0.011830 -0.009212 -0.013592 
-0.002052 0.007528 -0.002341 0.007443 
0.017979 -0.010579 0.020178 -0.005290 
0.013523 -0.015931 0.017357 -0.011636 
-0.007875 -0.011980 -0.006254 -0.012900 
0.009132 0.008400 0.008271 0.009249 
0.017871 -0.003428 0.018193 0.000366 
-0.015063 -0.017705 -0.008251 -0.021732 
-0.019812 -0.011120 -0.015194 -0.016892 
-0.008590 -0.000694 -0.008548 -0.001097 
0.007124 0.015254 0.004287 0.016281 
-0.013591 0.007316 -0.014536 0.005191 
0.003557 -0.019225 0.008060 -0.017812 
0.012042 -0.008108 0.013014 -0.006434 
-0.008475 0.005733 -0.008837 0.005159 
-0.014223 0.015084 -0.017754 0.010706 
0.009694 0.015028 0.006474 0.016671 
-0.010358 0.021447 -0.017234 0.016438 
-0.000228 0.009011 -0.000691 0.008988 
0.006995 -0.021214 0.013240 -0.017991 
-0.010329 -0.000691 -0.010258 -0.001390 
0.016794 0.007381 0.014854 0.010764 
-0.022732 -0.001834 -0.020918 -0.009086 
-0.019102 -0.000665 -0.018441 -0.005026 
-0.006306 0.005828 -0.006572 0.005527 
-0.006382 -0.002934 -0.006287 -0.003132 
0.018271 0.003352 0.017110 0.007233 
0.010086 0.004379 0.009721 0.005137 
0.009749 -0.015385 0.012742 -0.013015 
-0.007983 0.004948 -0.008247 0.004495 
-0.016063 0.000231 -0.015887 -0.002385 
0.007309 0.004303 0.007105 0.004631 
0.002904 -0.005842 0.003060 -0.005762 
0.020856 0.012464 0.014866 0.019217 
0.006171 0.006862 0.005792 0.007184 
0.008828 0.017753 0.004183 0.019380 
-0.001879 0.015087 -0.004059 0.014652 
-0.010795 -0.013967 -0.007848 -0.015812 
-0.006399 0.004296 -0.006556 0.004053 
-0.021742 0.002636 -0.021535 -0.003986 
0.002965 0.022696 -0.004587 0.022424 
0.021222 0.011609 0.015580 0.018504 
0.011479 0.004498 0.010994 0.005581 
0.007280 -0.016822 0.010667 -0.014906 
-0.005227 0.009756 -0.005967 0.009321 
0.014856 0.017771 0.008086 0.021705 
0.015473 -0.001539 0.015527 0.000839 
-0.005326 0.017903 -0.009118 0.016301 
0.012645 -0.019713 0.018598 -0.014234 
0.004772 -0.004754 0.004906 -0.004615 
0.007892 0.003214 0.007736 0.003573 
0.003943 -0.009787 0.004623 -0.009485 
-0.008444 -0.007788 -0.007764 -0.008466 
-0.016785 -0.011380 -0.013290 -0.015317 
0.010382 -0.011650 0.012048 -0.009918 
-0.015647 -0.002939 -0.014976 -0.005402 
0.008166 -0.007122 0.008672 -0.006496 
0.013047 -0.010489 0.014693 -0.008022 
-0.004607 -0.004595 -0.004482 -0.004717 
0.015181 -0.007393 0.016262 -0.004548 
0.006229 0.002231 0.006165 0.002403 
-0.016329 0.002530 -0.016521 -0.000316 
0.007277 -0.016631 0.010563 -0.014763 
0.006843 0.019087 0.001701 0.020206 
0.003325 -0.018630 0.007428 -0.017406 
-0.009857 0.013080 -0.011925 0.011226 
0.013625 -0.001036 0.013652 0.000578 
-0.018512 0.008745 -0.020158 0.003584 
-0.019313 -0.003102 -0.018005 -0.007644 
-0.009971 -0.010922 -0.008368 -0.012194 
0.006555 0.015347 0.003762 0.016259 
-0.006967 0.010008 -0.007877 0.009309 
0.011033 0.010573 0.009355 0.012083 
-0.011195 -0.012447 -0.008823 -0.014227 
-0.002981 0.014102 -0.004805 0.013589 
-0.007858 -0.001718 -0.007781 -0.002038 
0.013719 0.016875 0.008131 0.020171 
0.020974 0.001606 0.019713 0.007342 
0.016389 0.001859 0.015828 0.004641 
-0.002015 0.019847 -0.006899 0.018718 
-0.012473 0.020107 -0.018676 0.014528 
-0.018327 0.007544 -0.019620 0.002802 
0.027479 0.010575 0.017926 0.023357 
0.015461 0.006110 0.014161 0.008708 
-0.015649 -0.003819 -0.014814 -0.006327 
0.003434 -0.016648 0.006406 -0.015745 
0.021236 0.003235 0.019405 0.009214 
0.013341 0.001850 0.013041 0.003366 
-0.004721 0.007864 -0.005133 0.007601 
0.010160 0.003610 0.009867 0.004347 
0.000464 -0.020524 0.005859 -0.019675 
0.003254 -0.027632 0.015877 -0.022848 
-0.019166 -0.013324 -0.013532 -0.019019 
0.002329 -0.015311 0.004619 -0.014783 
0.004954 0.006768 0.004647 0.006981 
0.003352 0.018729 -0.000990 0.019001 
0.010927 -0.013812 0.013412 -0.011414 
-0.017994 0.003665 -0.018362 -0.000231 
0.012345 0.010608 0.010401 0.012520 
0.000945 -0.016117 0.003580 -0.015743 
-0.001967 0.009309 -0.002497 0.009181 
0.014039 -0.013656 0.016911 -0.009879 
-0.010318 -0.013066 -0.007879 -0.014666 
-0.006220 0.008309 -0.006772 0.007865 
-0.004458 0.019187 -0.008990 0.017527 
-0.016197 0.006244 -0.017087 0.003060 
-0.010254 -0.016634 -0.005974 -0.018605 
-0.007915 -0.007899 -0.007266 -0.008500 
-0.006128 -0.003861 -0.005997 -0.004063 
0.014678 -0.008099 0.015879 -0.005374 
0.008771 0.015440 0.005535 0.016873 
-0.003773 0.023846 -0.012120 0.020880 
0.019839 0.001845 0.018757 0.006720 
0.019559 0.012255 0.014402 0.018037 
0.001560 0.018506 -0.002485 0.018404 
0.003988 0.001094 0.003976 0.001137 
-0.002894 0.021810 -0.009339 0.019921 
0.003764 -0.017672 0.007310 -0.016523 
-0.010538 0.025782 -0.021451 0.017765 
0.001871 0.014462 -0.000087 0.014582 
0.002736 -0.004927 0.002835 -0.004871 
0.009927 0.014685 0.006830 0.016357 
-0.004273 0.027129 -0.016263 0.022131 
0.027435 0.010964 0.017597 0.023732 
0.020559 0.005802 0.018054 0.011418 
0.003689 -0.013161 0.005216 -0.012633 
-0.015862 -0.007603 -0.014079 -0.010545 
0.009600 0.005447 0.009152 0.006171 
0.014722 -0.006342 0.015555 -0.003874 
0.007556 0.012759 0.005713 0.013684 
-0.011515 -0.005829 -0.010837 -0.007008 
-0.011208 0.013343 -0.013551 0.010956 
0.011629 -0.015127 0.014777 -0.012071 
0.010683 0.011991 0.008591 0.013568 
0.009134 -0.008018 0.009843 -0.007130 
0.007298 -0.025879 0.017983 -0.019991 
-0.015164 -0.014258 -0.010735 -0.017833 
-0.011827 0.007127 -0.012599 0.005652 
0.005206 -0.004742 0.005352 -0.004576 
0.006817 0.001905 0.006753 0.002120 
-0.015267 0.002134 -0.015415 -0.000178 
0.017366 -0.002727 0.017565 0.000701 
-0.007720 -0.015756 -0.004523 -0.016953 
0.018190 -0.012390 0.021082 -0.006321 
0.012745 -0.007476 0.013654 -0.005649 
-0.002000 0.015163 -0.004215 0.014702 
-0.010787 -0.004861 -0.010315 -0.005797 
-0.016627 0.009600 -0.018396 0.005494 
-0.016263 -0.012141 -0.012583 -0.015923 
0.004983 -0.005281 0.005156 -0.005112 
0.008962 0.006412 0.008443 0.007081 
0.020654 0.002624 0.019170 0.008123 
0.014517 0.001216 0.014224 0.003150 
-0.013527 0.010111 -0.015123 0.007517 
0.005707 0.002651 0.005639 0.002794 
-0.007473 -0.002575 -0.007365 -0.002868 
0.016548 0.001296 0.016072 0.004148 
-0.002162 0.016827 -0.005175 0.016157 
-0.021924 -0.001536 -0.020444 -0.008065 
-0.019673 -0.012574 -0.014260 -0.018488 
0.001398 -0.021750 0.007778 -0.020360 
0.012068 -0.019872 0.018037 -0.014670 
0.018316 -0.008047 0.019748 -0.003199 
-0.022695 -0.003005 -0.020478 -0.010233 
0.006571 0.016771 0.003013 0.017759 
0.010435 -0.015422 0.013543 -0.012780 
0.010284 0.015420 0.006714 0.017276 
0.010997 0.005730 0.010388 0.006772 
0.013173 -0.015211 0.016599 -0.011374 
-0.016239 -0.010763 -0.013211 -0.014319 
0.006416 -0.007314 0.006842 -0.006917 
0.006001 -0.013331 0.007744 -0.012399 
-0.021719 -0.004041 -0.019462 -0.010454 
0.025482 0.010906 0.017429 0.021553 
0.019892 -0.004824 0.020461 0.000559 
-0.001006 -0.013772 0.000659 -0.013793 
0.006170 0.016157 0.003018 0.017030 
-0.000503 0.008651 -0.000913 0.008617 
0.010000 -0.025757 0.020824 -0.018160 
-0.005015 -0.017590 -0.001206 -0.018251 
-0.011949 0.008677 -0.013029 0.006950 
0.004292 -0.013952 0.006129 -0.013248 
-0.019004 -0.004194 -0.017465 -0.008587 
0.014191 0.016298 0.008826 0.019726 
0.020749 -0.003231 0.020836 0.002611 
-0.003298 -0.024441 0.006124 -0.023890 
-0.026950 -0.009835 -0.018478 -0.021945 
-0.020640 -0.010457 -0.015989 -0.016724 
-0.008334 -0.008079 -0.007615 -0.008759 
-0.016127 -0.008788 -0.013898 -0.012006 
0.008464 0.003591 0.008260 0.004039 
0.002898 -0.006168 0.003078 -0.006080 
-0.006533 0.005578 -0.006786 0.005267 
-0.022258 -0.001343 -0.020749 -0.008169 
-0.019641 0.001712 -0.019466 -0.003124 
-0.001719 0.021359 -0.007768 0.019971 
0.000665 0.014394 -0.001227 0.014357 
0.003616 -0.005992 0.003800 -0.005877 
-0.003607 0.004933 -0.003723 0.004846 
-0.021608 -0.005222 -0.018952 -0.011619 
0.000591 0.014331 -0.001275 0.014287 
0.002692 -0.011608 0.003723 -0.011320 
-0.016044 0.002049 -0.016162 -0.000624 
0.012113 -0.015192 0.015365 -0.011892 
0.007326 0.011764 0.005845 0.012566 
-0.012763 -0.005611 -0.011978 -0.007135 
-0.007327 0.019510 -0.012349 0.016788 
0.007879 0.003478 0.007707 0.003845 
0.004970 -0.006653 0.005255 -0.006430 
0.006808 0.007625 0.006289 0.008059 
0.026949 0.009306 0.018879 0.021365 
0.018108 0.000075 0.017704 0.003806 
0.001735 -0.006514 0.001921 -0.006461 
0.000112 0.021741 -0.006302 0.020808 
0.009717 0.016965 0.005369 0.018799 
0.007521 0.019821 0.001655 0.021136 
