0.003721 -0.024939 0.013706 -0.021165 
-0.011794 0.016984 -0.016117 0.012954 
0.012063 -0.033836 0.033586 -0.012743 
0.001520 -0.025784 0.012528 -0.022586 
-0.022049 -0.003428 -0.019706 -0.010467 
-0.012985 -0.011924 -0.010236 -0.014353 
0.014553 0.019180 0.006194 0.023266 
0.014018 0.003079 0.013461 0.004981 
-0.000645 -0.024585 0.009112 -0.022844 
0.015431 -0.025938 0.027520 -0.012390 
0.028095 -0.000547 0.024520 0.013725 
0.022277 -0.011744 0.025138 -0.001503 
0.017561 0.002779 0.016582 0.006413 
-0.005766 0.013255 -0.007562 0.012319 
0.013888 0.014569 0.009467 0.017762 
-0.010283 -0.015440 -0.006477 -0.017383 
0.023276 0.004840 0.019831 0.013112 
0.017390 0.020952 0.005286 0.026710 
0.025337 -0.000073 0.023054 0.010511 
0.021166 0.012981 0.014164 0.020393 
-0.017374 0.009501 -0.019247 0.004656 
-0.009113 -0.018410 -0.003607 -0.020223 
0.017311 -0.010309 0.019446 -0.005272 
0.013185 -0.000209 0.013120 0.001328 
-0.024314 -0.004983 -0.020266 -0.014328 
0.019308 0.013073 0.013375 0.019100 
-0.009934 0.007117 -0.010596 0.006088 
-0.023645 0.018833 -0.030175 0.001800 
-0.004368 0.023745 -0.013089 0.020288 
0.011832 -0.015984 0.015609 -0.012322 
-0.019182 0.004594 -0.019718 -0.000512 
0.020843 -0.004410 0.021206 0.002042 
-0.018721 -0.018886 -0.008027 -0.025352 
-0.019724 -0.002408 -0.018405 -0.007488 
-0.000983 -0.025379 0.009751 -0.023452 
-0.007355 -0.002844 -0.007230 -0.003148 
0.008294 -0.021319 0.015119 -0.017167 
-0.008035 0.008665 -0.008810 0.007875 
-0.014663 0.025848 -0.026597 0.013255 
-0.024052 0.005949 -0.024422 -0.004176 
0.017068 0.010136 0.013827 0.014244 
-0.034588 -0.012659 -0.011230 -0.035078 
-0.023702 -0.003334 -0.020723 -0.011978 
0.018082 0.015491 0.011039 0.021096 
0.017482 -0.008909 0.019177 -0.004148 
0.016163 0.014699 0.010715 0.019039 
0.004708 -0.023126 0.012825 -0.019811 
0.014427 -0.013290 0.017341 -0.009167 
-0.007213 -0.004757 -0.006966 -0.005112 
0.009782 0.007443 0.008979 0.008395 
0.021608 -0.000948 0.020846 0.005769 
-0.016013 0.019330 -0.022533 0.011060 
0.023833 0.006763 0.019135 0.015736 
0.000826 -0.012555 0.002152 -0.012397 
-0.014877 0.017826 -0.020222 0.011409 
0.021547 0.002483 0.019712 0.009048 
0.022331 0.017249 0.010439 0.026216 
0.011178 -0.034138 0.033241 -0.013614 
0.012729 -0.020553 0.019618 -0.014129 
0.011159 -0.000261 0.011142 0.000671 
-0.021490 -0.014844 -0.012720 -0.022812 
0.006561 -0.008146 0.007140 -0.007643 
0.023640 0.004182 0.020318 0.012788 
0.008815 0.018389 0.003410 0.020106 
-0.016741 0.013608 -0.020112 0.007807 
0.012084 0.006820 0.011105 0.008319 
0.013125 -0.019703 0.019444 -0.013507 
-0.006818 0.022341 -0.014363 0.018420 
0.013667 -0.018104 0.018986 -0.012411 
0.005709 0.005479 0.005474 0.005714 
-0.008597 0.015324 -0.011565 0.013229 
0.030965 0.004729 0.021602 0.022684 
0.012609 -0.018596 0.018071 -0.013351 
0.006656 0.007075 0.006195 0.007482 
-0.002005 0.012643 -0.003380 0.012347 
0.010220 -0.018168 0.015011 -0.014464 
-0.008984 0.012398 -0.010815 0.010838 
-0.005169 0.023573 -0.013758 0.019827 
-0.005984 0.011186 -0.007154 0.010476 
0.009635 0.003293 0.009383 0.003955 
-0.009078 -0.016749 -0.004772 -0.018443 
0.007900 0.008814 0.007038 0.009516 
0.013128 0.020295 0.004380 0.023771 
0.008136 0.003506 0.007941 0.003929 
-0.019508 -0.000855 -0.018657 -0.005764 
0.019326 -0.009326 0.021247 -0.003008 
0.014554 0.007135 0.013078 0.009576 
0.011838 -0.034251 0.033954 -0.012664 
0.006572 -0.031633 0.025410 -0.019954 
-0.014144 -0.013478 -0.010269 -0.016621 
-0.007288 0.012159 -0.008856 0.011069 
0.009274 0.019921 0.002451 0.021837 
-0.004874 0.007308 -0.005246 0.007046 
-0.002452 -0.021215 0.004053 -0.020968 
-0.015944 0.007868 -0.017243 0.004335 
0.007158 -0.007455 0.007673 -0.006923 
0.009232 0.005739 0.008748 0.006453 
0.007148 -0.007767 0.007709 -0.007212 
0.009955 0.005761 0.009405 0.006620 
0.007299 -0.008271 0.007950 -0.007649 
0.006489 -0.026723 0.018655 -0.020205 
-0.023155 -0.002988 -0.020555 -0.011070 
-0.010550 -0.014422 -0.007243 -0.016335 
0.009582 0.001282 0.009482 0.001880 
-0.020569 0.002839 -0.020525 -0.003146 
0.011009 -0.018535 0.016164 -0.014264 
-0.000397 0.025987 -0.011734 0.023190 
-0.005209 0.019983 -0.010636 0.017701 
-0.022668 -0.003798 -0.019941 -0.011429 
-0.008238 -0.007920 -0.007513 -0.008610 
-0.013348 -0.004563 -0.012622 -0.006298 
-0.001359 0.019494 -0.006254 0.018513 
-0.011497 -0.022760 -0.000804 -0.025487 
-0.004704 -0.027149 0.009130 -0.025997 
-0.022131 0.006764 -0.023096 -0.001449 
0.019697 0.020519 0.006269 0.027744 
0.020249 0.013935 0.013113 0.020791 
-0.006263 0.014651 -0.008656 0.013378 
0.023376 0.008874 0.017736 0.017623 
0.006118 -0.013718 0.008116 -0.012638 
-0.013524 -0.015925 -0.008351 -0.019151 
-0.008768 0.009417 -0.009758 0.008387 
-0.008957 0.009058 -0.009888 0.008032 
-0.009130 0.011825 -0.010792 0.010330 
0.016513 0.021384 0.004514 0.026638 
0.018998 0.009602 0.015253 0.014849 
-0.017832 -0.003413 -0.016649 -0.007242 
0.003856 -0.013430 0.005577 -0.012811 
-0.019503 0.001502 -0.019246 -0.003499 
0.010449 0.007228 0.009607 0.008315 
0.020908 -0.001095 0.020328 0.005013 
-0.014966 0.015989 -0.019255 0.010435 
0.013368 -0.020330 0.020191 -0.013577 
0.006524 0.001325 0.006482 0.001519 
-0.021056 -0.003178 -0.019137 -0.009340 
-0.001472 -0.029281 0.014731 -0.025349 
-0.019101 -0.023041 -0.002728 -0.029804 
-0.023972 0.007416 -0.024905 -0.003063 
0.029197 0.016047 0.010594 0.031587 
0.019506 0.020944 0.005695 0.028049 
0.019038 -0.002997 0.019189 0.001791 
-0.019853 -0.002703 -0.018418 -0.007888 
0.003599 -0.024425 0.013013 -0.020980 
0.013093 -0.013483 0.015892 -0.010032 
-0.021855 0.012295 -0.024973 0.002269 
-0.023082 -0.003063 -0.020482 -0.011074 
-0.016053 -0.014775 -0.010603 -0.019068 
0.017961 0.013939 0.012154 0.019214 
-0.013590 0.008603 -0.014871 0.006127 
0.003132 -0.007053 0.003411 -0.006923 
-0.007487 0.008113 -0.008124 0.007474 
-0.008277 0.008820 -0.009101 0.007967 
-0.017468 0.013113 -0.020707 0.006951 
0.006213 0.002615 0.006130 0.002803 
-0.021931 0.012537 -0.025156 0.002300 
-0.024219 -0.003641 -0.020858 -0.012834 
-0.012616 -0.007920 -0.011302 -0.009703 
-0.015437 0.012078 -0.018006 0.007744 
-0.004082 -0.027671 0.010333 -0.025992 
-0.026401 -0.011597 -0.016259 -0.023815 
-0.008170 0.000021 -0.008162 -0.000344 
0.029228 -0.002056 0.025632 0.014194 
0.007594 -0.033065 0.028509 -0.018390 
-0.019623 -0.022783 -0.003136 -0.029904 
-0.031972 -0.005254 -0.020963 -0.024706 
-0.014823 0.014866 -0.018511 0.009902 
0.015044 0.007541 0.013349 0.010246 
0.009342 -0.019731 0.015071 -0.015794 
0.000373 0.018140 -0.003610 0.017781 
0.009384 -0.008158 0.010179 -0.007143 
0.018530 -0.017516 0.024196 -0.008047 
-0.010591 -0.015716 -0.006535 -0.017789 
0.027776 -0.004417 0.026191 0.010248 
0.011478 -0.027630 0.025083 -0.016310 
-0.001936 -0.014172 0.000021 -0.014304 
-0.008762 0.026018 -0.020267 0.018518 
-0.033477 -0.012951 -0.011879 -0.033872 
-0.033878 -0.001604 -0.023163 -0.024775 
-0.015060 0.023980 -0.025219 0.012877 
-0.026904 -0.001835 -0.022905 -0.014232 
-0.025256 0.013314 -0.028497 -0.001761 
0.035067 0.003833 0.020700 0.028564 
0.013268 -0.023816 0.023042 -0.014571 
0.030970 -0.005981 0.028026 0.014473 
0.000954 -0.026886 0.013392 -0.023333 
-0.016677 0.002249 -0.016802 -0.000941 
0.017392 -0.011322 0.019897 -0.005898 
0.032912 0.008616 0.017441 0.029210 
0.022232 -0.020540 0.030008 -0.003960 
0.007423 -0.019650 0.012832 -0.016630 
-0.009490 0.010749 -0.010877 0.009342 
0.003404 0.018227 -0.000853 0.018522 
-0.001475 -0.018006 0.002471 -0.017897 
-0.006601 0.005361 -0.006853 0.005035 
-0.006747 -0.007027 -0.006287 -0.007442 
-0.002624 -0.028833 0.013153 -0.025792 
-0.023126 -0.002941 -0.020557 -0.010994 
0.009748 0.017340 0.004857 0.019290 
-0.021085 0.018978 -0.027842 0.005440 
0.006327 0.026814 -0.007547 0.026496 
0.018959 -0.003815 0.019313 0.001012 
-0.004479 0.024066 -0.013538 0.020395 
0.021759 -0.019655 0.028957 -0.004609 
0.007259 -0.021244 0.013896 -0.017633 
-0.002069 0.006148 -0.002241 0.006088 
-0.020367 -0.007680 -0.016947 -0.013660 
0.016659 -0.003102 0.016945 0.000145 
-0.019708 0.004526 -0.020197 -0.000982 
0.009325 0.018041 0.004042 0.019902 
-0.009143 0.008185 -0.009921 0.007221 
-0.005072 0.012059 -0.006421 0.011399 
0.021956 -0.001263 0.021213 0.005802 
-0.015637 0.019385 -0.022139 0.011410 
-0.007751 -0.008540 -0.006959 -0.009197 
0.002005 -0.026484 0.013856 -0.022659 
-0.002683 -0.019818 0.002667 -0.019820 
0.004518 0.024743 -0.006072 0.024408 
0.021112 -0.002427 0.020874 0.003983 
-0.012423 -0.008739 -0.010928 -0.010550 
-0.027003 0.006686 -0.026762 -0.007592 
0.021255 0.011903 0.014978 0.019212 
-0.018052 0.008976 -0.019802 0.003783 
-0.020879 -0.016315 -0.011202 -0.024013 
-0.012685 0.019568 -0.018832 0.013754 
-0.013416 -0.007788 -0.011990 -0.009843 
-0.021228 -0.004346 -0.018837 -0.010708 
-0.000621 -0.019261 0.004148 -0.018820 
-0.008480 0.007176 -0.009044 0.006450 
-0.019397 -0.000716 -0.018602 -0.005544 
0.009427 0.003851 0.009136 0.004497 
-0.009585 -0.020440 -0.002177 -0.022470 
0.006842 -0.006892 0.007264 -0.006445 
0.011314 0.020374 0.003312 0.023068 
0.006033 0.003280 0.005927 0.003469 
-0.013034 -0.008450 -0.011502 -0.010440 
-0.024360 -0.003889 -0.020814 -0.013240 
-0.008459 -0.009419 -0.007400 -0.010272 
-0.020597 -0.018396 -0.008953 -0.026124 
-0.012935 0.025495 -0.024329 0.015015 
-0.020075 -0.014267 -0.012789 -0.021047 
0.001028 -0.012537 0.002350 -0.012357 
-0.017703 0.020188 -0.025060 0.009640 
0.020937 0.012680 0.014308 0.019860 
-0.006300 0.009730 -0.007150 0.009123 
0.007621 0.008934 0.006763 0.009600 
0.020026 0.010595 0.015273 0.016734 
-0.023582 -0.000895 -0.021628 -0.009440 
-0.002890 0.007472 -0.003209 0.007341 
0.003901 -0.023335 0.012188 -0.020278 
0.000398 -0.009219 0.000924 -0.009181 
0.004554 0.025534 -0.007038 0.024963 
0.024846 0.000257 0.022642 0.010235 
0.025337 0.004106 0.021146 0.014549 
-0.019175 -0.022157 -0.004011 -0.029026 
-0.026882 -0.001695 -0.022967 -0.014073 
0.001128 0.027635 -0.012586 0.024629 
0.011611 0.022098 0.001639 0.024909 
0.004693 0.030009 -0.013588 0.027165 
0.026038 0.006747 0.019883 0.018115 
0.004293 -0.006212 0.004528 -0.006044 
0.024973 -0.007048 0.025545 0.004561 
-0.020966 -0.012307 -0.014586 -0.019450 
0.015550 -0.019612 0.022198 -0.011561 
-0.012405 -0.022170 -0.001958 -0.025329 
0.004577 -0.019608 0.009676 -0.017657 
0.018240 0.002797 0.017133 0.006855 
-0.008729 0.011673 -0.010299 0.010315 
0.002863 0.024286 -0.006849 0.023476 
0.024301 -0.000079 0.022449 0.009304 
0.008370 -0.010620 0.009606 -0.009516 
-0.001085 -0.029847 0.015918 -0.025271 
-0.023797 -0.017613 -0.010029 -0.027856 
-0.002709 0.033335 -0.024715 0.022534 
0.022173 0.002287 0.020204 0.009415 
-0.012103 -0.011576 -0.009724 -0.013636 
0.007640 0.018433 0.002504 0.019795 
-0.003585 0.008422 -0.004052 0.008207 
0.007736 -0.007947 0.008365 -0.007282 
0.004938 -0.027066 0.017476 -0.021249 
-0.022906 0.000884 -0.021802 -0.007079 
-0.008716 0.013019 -0.010733 0.011414 
0.021837 0.017419 0.010205 0.026003 
0.014541 -0.030015 0.031053 -0.012166 
0.021650 -0.019246 0.028581 -0.004722 
0.011381 -0.024603 0.021670 -0.016288 
0.032337 0.009945 0.016355 0.029616 
0.016250 -0.003867 0.016686 -0.000775 
-0.013801 0.017925 -0.019030 0.012233 
0.010268 -0.024716 0.020530 -0.017170 
0.017348 0.013011 0.012455 0.017751 
-0.015120 0.017616 -0.020374 0.011128 
0.013217 0.014428 0.009118 0.017312 
0.007439 -0.008877 0.008206 -0.008173 
0.006336 -0.006566 0.006693 -0.006202 
0.024086 -0.003617 0.023606 0.006000 
-0.016995 -0.014327 -0.011407 -0.019078 
0.000246 0.026420 -0.011707 0.023687 
0.012416 0.014463 0.008558 0.017032 
-0.027593 0.000624 -0.024373 -0.012952 
-0.022148 0.018069 -0.028319 0.003881 
-0.010238 0.021073 -0.017137 0.015975 
-0.016495 -0.013118 -0.011917 -0.017382 
0.007549 0.020513 0.000701 0.021847 
0.019722 -0.019081 0.026494 -0.007152 
-0.001007 -0.029151 0.014903 -0.025074 
-0.014669 -0.015346 -0.009434 -0.019018 
-0.009717 0.007684 -0.010455 0.006645 
-0.022983 0.017648 -0.028856 0.002648 
-0.004945 0.024028 -0.013987 0.020154 
0.021248 -0.014437 0.025384 -0.003943 
0.012101 -0.014779 0.015321 -0.011406 
-0.014771 0.014579 -0.018314 0.009765 
0.007747 0.009335 0.006790 0.010054 
0.031244 0.007836 0.018951 0.026047 
0.012772 -0.011860 0.014908 -0.009029 
0.005254 0.023603 -0.004168 0.023819 
0.015853 -0.013693 0.019144 -0.008504 
0.024373 0.003963 0.020786 0.013329 
-0.019114 -0.012540 -0.013644 -0.018343 
0.003934 -0.007808 0.004329 -0.007596 
0.028811 0.016417 0.010279 0.031527 
0.007870 0.013786 0.005438 0.014914 
-0.008078 -0.003511 -0.007884 -0.003926 
0.007790 0.008571 0.006988 0.009236 
0.007704 0.008216 0.006978 0.008841 
0.021526 0.019870 0.007237 0.028387 
0.004064 -0.025775 0.015016 -0.021340 
-0.022810 -0.003116 -0.020299 -0.010863 
-0.019059 -0.019941 -0.006887 -0.026710 
-0.020524 -0.003069 -0.018799 -0.008789 
0.003031 -0.020289 0.008564 -0.018642 
0.026667 0.002500 0.022481 0.014561 
0.025040 0.001226 0.022345 0.011367 
0.024362 0.006944 0.019241 0.016477 
0.003862 -0.005468 0.004025 -0.005350 
0.008929 0.018566 0.003354 0.020326 
-0.003296 0.011234 -0.004314 0.010884 
0.018644 -0.013209 0.022044 -0.006010 
0.013622 0.017256 0.007414 0.020697 
-0.012892 0.024203 -0.022985 0.014956 
-0.031840 -0.008401 -0.018194 -0.027448 
-0.011536 0.014356 -0.014477 0.011384 
0.016469 -0.020987 0.024272 -0.011072 
-0.019654 -0.014630 -0.012347 -0.021162 
-0.002036 0.026215 -0.013548 0.022535 
0.009532 0.024880 -0.002935 0.026482 
0.006144 -0.032367 0.026126 -0.020070 
-0.021777 -0.018577 -0.008864 -0.027217 
-0.017882 0.021877 -0.026543 0.009687 
0.022613 0.016881 0.010867 0.026043 
0.008117 -0.031929 0.027306 -0.018431 
-0.006439 -0.018824 -0.001274 -0.019854 
0.007615 0.022358 -0.001086 0.023594 
0.007769 -0.020957 0.014229 -0.017236 
-0.003895 0.005937 -0.004093 0.005802 
-0.028996 -0.014375 -0.012837 -0.029710 
-0.021767 -0.019043 -0.008295 -0.027706 
-0.016698 0.023039 -0.026202 0.011094 
0.024688 0.009554 0.017681 0.019702 
-0.015690 0.028641 -0.030630 0.011325 
-0.011837 0.020233 -0.018332 0.014608 
0.029479 -0.003769 0.026558 0.013336 
0.007204 -0.025464 0.017952 -0.019443 
0.035443 0.011013 0.012566 0.034922 
0.033903 0.010590 0.014538 0.032407 
0.027556 0.000486 0.023818 0.013866 
-0.020861 -0.002581 -0.019197 -0.008561 
0.019385 0.006843 0.016697 0.011993 
-0.010512 0.001218 -0.010574 0.000425 
0.024267 0.008235 0.018438 0.017797 
0.004345 -0.010647 0.005271 -0.010220 
-0.011556 -0.009838 -0.009904 -0.011499 
-0.020129 0.002783 -0.020123 -0.002828 
0.021147 0.003664 0.019031 0.009922 
0.009052 0.007920 0.008242 0.008760 
0.020323 -0.001479 0.019946 0.004166 
-0.010602 0.024398 -0.020583 0.016853 
0.010184 0.000960 0.010092 0.001672 
-0.013451 -0.022165 -0.002446 -0.025811 
-0.001038 -0.019092 0.003628 -0.018772 
0.017043 0.013933 0.011700 0.018647 
-0.001257 -0.017830 0.002565 -0.017689 
0.015257 0.022239 0.003050 0.026797 
0.018737 0.021316 0.005102 0.027918 
0.024546 0.008314 0.018475 0.018174 
-0.002284 0.032044 -0.022213 0.023208 
0.023183 0.014506 0.013349 0.023868 
0.001780 0.027951 -0.012501 0.025063 
0.012324 0.018974 0.005215 0.022016 
-0.007462 0.024189 -0.016864 0.018878 
0.008419 0.005010 0.008080 0.005542 
0.005936 -0.006196 0.006235 -0.005896 
0.007471 0.004956 0.007193 0.005351 
-0.008023 -0.005849 -0.007619 -0.006367 
0.015357 -0.012305 0.018003 -0.007947 
-0.018378 -0.003188 -0.017142 -0.007352 
0.005099 -0.007072 0.005453 -0.006803 
0.009614 0.020912 0.001737 0.022951 
-0.020158 0.012381 -0.023294 0.004127 
-0.003582 0.007605 -0.003939 0.007427 
0.004756 -0.007397 0.005133 -0.007141 
0.021013 -0.003581 0.021119 0.002890 
-0.024502 0.006151 -0.024844 -0.004577 
0.028136 0.014498 0.012991 0.028862 
0.018816 0.020731 0.005868 0.027375 
0.024033 -0.008505 0.025377 0.002441 
-0.024713 -0.002070 -0.021809 -0.011807 
0.002079 0.025714 -0.009229 0.024091 
0.009527 0.018947 0.003466 0.020923 
-0.006654 0.010875 -0.007798 0.010086 
0.011730 0.007868 0.010575 0.009363 
0.021958 -0.015215 0.026499 -0.003388 
0.015795 -0.010924 0.017990 -0.006723 
0.000948 0.027446 -0.012473 0.024467 
0.012600 0.017170 0.006877 0.020157 
-0.003918 0.032420 -0.024222 0.021901 
0.031801 0.008181 0.018423 0.027181 
0.021960 -0.000729 0.021050 0.006298 
0.001815 -0.007818 0.002151 -0.007732 
-0.007447 0.007941 -0.008055 0.007324 
-0.016590 0.013734 -0.019999 0.007995 
-0.025944 -0.004828 -0.020989 -0.015995 
0.028770 0.005687 0.021010 0.020461 
0.021880 -0.013122 0.025376 -0.002637 
0.019981 0.003419 0.018296 0.008729 
0.005575 0.019052 0.000403 0.019846 
-0.006109 -0.025816 0.006300 -0.025770 
-0.019589 0.004728 -0.020139 -0.000717 
0.014557 -0.028540 0.029377 -0.012786 
0.013910 -0.011229 0.015981 -0.008013 
0.008484 0.023122 -0.001361 0.024592 
0.002834 -0.022719 0.010486 -0.020352 
-0.013484 0.015704 -0.017383 0.011237 
0.008089 0.009175 0.007129 0.009940 
0.025791 0.014495 0.013440 0.026356 
0.002942 0.030243 -0.015162 0.026332 
0.023963 0.000770 0.021913 0.009727 
-0.017389 -0.006722 -0.015365 -0.010559 
0.007692 0.009221 0.006765 0.009921 
0.018106 0.023077 0.002579 0.029219 
0.033906 0.010522 0.014617 0.032353 
0.022039 0.012794 0.014581 0.020901 
-0.018886 0.006986 -0.020069 0.001655 
-0.008629 -0.013455 -0.006208 -0.014729 
0.010283 0.004279 0.009892 0.005119 
0.004057 -0.011121 0.005083 -0.010691 
-0.008956 -0.004899 -0.008592 -0.005513 
0.010779 0.003670 0.010420 0.004593 
-0.016978 -0.019749 -0.006571 -0.025201 
-0.022798 -0.002454 -0.020547 -0.010179 
-0.008098 -0.005158 -0.007763 -0.005648 
0.011219 0.008114 0.010086 0.009486 
0.022674 -0.002312 0.022101 0.005570 
-0.009754 -0.017911 -0.004443 -0.019905 
0.013623 -0.016503 0.017976 -0.011611 
-0.022471 -0.002752 -0.020228 -0.010166 
-0.006045 -0.004112 -0.005893 -0.004326 
0.023043 0.000275 0.021500 0.008295 
0.007952 -0.009629 0.008914 -0.008746 
0.005013 -0.011898 0.006309 -0.011264 
-0.022489 0.000023 -0.021215 -0.007463 
0.014758 -0.025029 0.025884 -0.013202 
0.003669 -0.009454 0.004312 -0.009178 
-0.006872 -0.007524 -0.006331 -0.007984 
0.006122 -0.007503 0.006581 -0.007104 
0.014235 0.009658 0.012051 0.012275 
0.007871 -0.032313 0.027639 -0.018498 
-0.017856 -0.012287 -0.013168 -0.017217 
0.020392 0.006992 0.017264 0.012910 
-0.022676 0.008353 -0.024147 -0.000938 
0.022888 0.014409 0.013397 0.023494 
0.010064 -0.032605 0.030105 -0.016066 
0.004648 -0.022904 0.012546 -0.019718 
0.015475 -0.015593 0.019632 -0.009859 
-0.008900 -0.009484 -0.007769 -0.010430 
-0.024258 -0.005514 -0.019973 -0.014829 
0.019712 0.020374 0.006456 0.027604 
0.024860 -0.004283 0.024402 0.006395 
0.000412 -0.025859 0.011589 -0.023120 
0.009530 -0.018237 0.014260 -0.014836 
0.000993 0.018288 -0.003113 0.018048 
0.007933 -0.011447 0.009352 -0.010321 
0.001224 -0.026172 0.012727 -0.022901 
-0.004162 -0.020414 0.001874 -0.020749 
0.031705 0.007922 0.018707 0.026796 
0.020587 -0.019411 0.027620 -0.006144 
0.006705 -0.021694 0.013662 -0.018136 
0.001463 0.017320 -0.002054 0.017260 
-0.018940 -0.013455 -0.012945 -0.019292 
0.014937 -0.007886 0.016165 -0.004900 
-0.004801 0.021319 -0.011270 0.018723 
-0.009465 0.009217 -0.010477 0.008048 
-0.016727 0.013907 -0.020233 0.007991 
0.005748 0.002073 0.005694 0.002216 
-0.019118 0.020281 -0.026678 0.008070 
0.028907 0.013795 0.013564 0.029016 
0.014969 0.022855 0.002159 0.027235 
0.019260 0.022300 0.003817 0.029218 
0.025027 0.015213 0.012717 0.026383 
0.000793 0.027004 -0.012001 0.024204 
0.010069 0.022222 0.000638 0.024388 
0.004240 0.021555 -0.002837 0.021784 
0.018232 -0.012385 0.021238 -0.005896 
0.007730 -0.006381 0.008142 -0.005846 
0.018414 -0.010934 0.020860 -0.004844 
0.017010 0.021196 0.004885 0.026735 
0.023970 -0.007897 0.025087 0.002746 
-0.021175 -0.010750 -0.015706 -0.017811 
0.017861 -0.011430 0.020450 -0.005607 
0.027969 0.001906 0.023212 0.015720 
-0.007077 -0.024372 0.003779 -0.025095 
-0.023092 -0.003014 -0.020507 -0.011034 
-0.019799 -0.018654 -0.008524 -0.025833 
-0.011953 0.017377 -0.016533 0.013094 
0.010996 -0.020382 0.017469 -0.015205 
0.018245 0.012656 0.013146 0.017896 
-0.005906 -0.029276 0.011612 -0.027516 
-0.033630 -0.011051 -0.014196 -0.032428 
-0.027538 -0.001150 -0.023478 -0.014438 
-0.001028 0.017122 -0.004365 0.016588 
-0.006731 -0.001096 -0.006694 -0.001305 
0.012393 -0.035225 0.035706 -0.010930 
0.006287 -0.032534 0.026513 -0.019876 
-0.009489 -0.014018 -0.006636 -0.015572 
0.006778 0.003939 0.006610 0.004215 
-0.014439 0.022005 -0.022770 0.013200 
-0.009548 -0.008713 -0.008514 -0.009727 
-0.009932 -0.015329 -0.006282 -0.017151 
0.026958 0.000123 0.023759 0.012738 
0.015601 -0.009709 0.017384 -0.005957 
0.001801 0.016711 -0.001380 0.016751 
-0.000061 -0.022597 0.007533 -0.021305 
-0.010554 -0.006428 -0.009841 -0.007474 
-0.005109 0.005452 -0.005309 0.005257 
-0.014618 -0.021995 -0.003126 -0.026225 
-0.009659 -0.007799 -0.008802 -0.008754 
-0.030501 -0.016642 -0.008980 -0.033565 
-0.007717 -0.014979 -0.004741 -0.016169 
0.021659 0.004878 0.018901 0.011646 
0.008764 0.008850 0.007797 0.009713 
0.011674 0.007870 0.010527 0.009349 
0.026976 -0.000338 0.023982 0.012356 
0.016731 -0.010082 0.018738 -0.005517 
-0.004741 0.018329 -0.008969 0.016673 
-0.010990 -0.003869 -0.010593 -0.004853 
0.010615 0.015774 0.006516 0.017862 
-0.011693 -0.008749 -0.010326 -0.010327 
-0.021697 -0.000025 -0.020616 -0.006762 
0.013627 0.002500 0.013193 0.004229 
-0.000729 -0.027757 0.013091 -0.024487 
-0.010831 -0.019182 -0.004127 -0.021639 
0.020760 -0.013941 0.024638 -0.004276 
0.004019 -0.007892 0.004429 -0.007669 
0.024781 0.008465 0.018446 0.018587 
0.002056 -0.012578 0.003412 -0.012280 
-0.025067 0.000862 -0.023220 -0.009482 
-0.004757 0.012275 -0.006149 0.011640 
0.024371 0.003949 0.020792 0.013314 
0.011211 0.022743 0.000676 0.025347 
-0.004143 0.018574 -0.008489 0.017031 
-0.007665 -0.010171 -0.006515 -0.010943 
0.004323 -0.023128 0.012422 -0.019982 
0.004303 -0.010709 0.005242 -0.010282 
-0.008521 -0.004376 -0.008236 -0.004892 
0.022810 0.003627 0.020095 0.011387 
0.006947 0.010355 0.005831 0.011023 
0.032494 0.005368 0.020693 0.025621 
0.006735 -0.023646 0.015518 -0.019071 
-0.009574 -0.009202 -0.008421 -0.010267 
-0.009453 -0.019262 -0.003150 -0.021224 
0.016119 -0.013679 0.019440 -0.008308 
-0.012166 -0.009371 -0.010538 -0.011171 
-0.027130 0.001572 -0.024615 -0.011516 
-0.022115 0.012801 -0.025457 0.002212 
-0.018444 -0.003577 -0.017090 -0.007805 
0.007415 -0.009670 0.008340 -0.008885 
0.001921 -0.008655 0.002375 -0.008541 
0.021752 0.008770 0.017124 0.016026 
-0.020102 0.006424 -0.021102 0.000222 
0.014105 0.014157 0.009854 0.017386 
0.000918 -0.007962 0.001260 -0.007915 
0.003585 0.026273 -0.008746 0.025033 
0.028219 -0.003450 0.025952 0.011607 
0.011699 -0.025757 0.023226 -0.016150 
0.019360 0.014658 0.012217 0.020987 
-0.002402 0.011781 -0.003531 0.011493 
0.013776 -0.013797 0.016811 -0.009875 
-0.014139 0.023704 -0.023926 0.013759 
-0.007047 0.005520 -0.007334 0.005133 
-0.009298 -0.003958 -0.009005 -0.004585 
0.010162 0.005874 0.009576 0.006787 
0.001721 -0.015043 0.004005 -0.014602 
-0.005151 0.031696 -0.024187 0.021123 
0.019872 0.012002 0.014341 0.018256 
-0.023507 0.014290 -0.027490 0.001058 
-0.019901 0.014456 -0.023992 0.005424 
-0.001806 0.004784 -0.001890 0.004752 
-0.034813 -0.004371 -0.020386 -0.028557 
-0.010464 0.033283 -0.031423 0.015161 
0.008447 0.026539 -0.005866 0.027226 
0.023758 -0.009203 0.025422 0.001678 
-0.020163 -0.009250 -0.016076 -0.015286 
0.022153 -0.019002 0.028911 -0.004000 
0.002856 -0.033575 0.025239 -0.022325 
-0.018184 -0.010481 -0.014343 -0.015322 
0.015540 -0.019294 0.021963 -0.011462 
-0.012814 -0.021782 -0.002606 -0.025137 
-0.003100 -0.027050 0.010181 -0.025252 
-0.009766 -0.017418 -0.004815 -0.019380 
0.013339 -0.009660 0.014867 -0.007087 
-0.002213 0.007277 -0.002494 0.007186 
0.001678 -0.027612 0.015022 -0.023228 
-0.000953 -0.027599 0.012682 -0.024532 
-0.015615 -0.023103 -0.002025 -0.027812 
-0.014623 -0.020274 -0.005104 -0.024471 
-0.006925 -0.005991 -0.006577 -0.006371 
0.001726 -0.014236 0.003667 -0.013863 
-0.015927 0.025156 -0.027287 0.011913 
-0.029546 0.003851 -0.026619 -0.013388 
-0.009984 0.033757 -0.031669 0.015372 
-0.006384 0.032934 -0.027218 0.019610 
0.018120 0.019245 0.007472 0.025355 
0.023161 -0.001602 0.022230 0.006695 
0.002647 -0.009402 0.003243 -0.009213 
-0.002326 0.020461 -0.007975 0.018985 
-0.027921 -0.000475 -0.023949 -0.014361 
-0.019817 -0.013138 -0.013545 -0.019542 
0.006946 -0.009659 0.007830 -0.008957 
-0.001234 -0.007002 -0.000995 -0.007040 
0.029281 0.001552 0.023697 0.017269 
-0.034069 -0.003640 -0.021458 -0.026711 
-0.001350 0.022336 -0.008637 0.020642 
0.006115 -0.019100 0.010985 -0.016779 
-0.010907 0.009172 -0.012052 0.007606 
-0.001397 0.025378 -0.011925 0.022445 
0.012266 -0.025388 0.023470 -0.015625 
0.002118 -0.006300 0.002304 -0.006234 
0.033725 0.010420 0.014882 0.032008 
0.023714 0.014033 0.013861 0.023815 
0.007562 0.023166 -0.002018 0.024285 
0.011952 -0.021991 0.019885 -0.015201 
0.018580 0.007010 0.016101 0.011625 
-0.005579 -0.004288 -0.005434 -0.004470 
0.012721 -0.015619 0.016452 -0.011623 
-0.014634 0.018534 -0.020395 0.011904 
0.023250 0.001064 0.021353 0.009259 
0.035082 0.005327 0.019309 0.029770 
0.001424 -0.022440 0.008809 -0.020687 
-0.011903 0.023619 -0.021298 0.015682 
-0.004893 0.011110 -0.005966 0.010573 
0.005920 0.000846 0.005898 0.000988 
-0.005887 0.025190 -0.016237 0.020139 
0.019199 -0.012629 0.022388 -0.005184 
0.025815 -0.009287 0.027086 0.004361 
-0.023495 -0.003164 -0.020680 -0.011593 
0.024298 0.011080 0.016468 0.021023 
0.014031 0.006538 0.012804 0.008699 
0.010944 -0.024109 0.020680 -0.016532 
0.019993 0.012959 0.013744 0.019462 
-0.006734 0.016844 -0.010260 0.014961 
0.024821 0.002899 0.021495 0.012745 
-0.019607 -0.007426 -0.016602 -0.012805 
0.008714 0.010074 0.007456 0.011037 
0.026678 0.014282 0.013568 0.027048 
0.015125 0.005753 0.013887 0.008308 
0.006216 -0.032940 0.027077 -0.019761 
-0.019922 -0.016275 -0.011001 -0.023253 
-0.015341 0.010134 -0.017227 0.006425 
0.007550 -0.008103 0.008190 -0.007455 
0.006548 -0.025722 0.017539 -0.019922 
-0.012967 0.019027 -0.018781 0.013321 
-0.012995 -0.002281 -0.012641 -0.003779 
0.000261 0.022677 -0.007424 0.021429 
0.006746 0.002518 0.006654 0.002751 
-0.014579 0.021610 -0.022604 0.012985 
-0.008369 -0.014054 -0.005726 -0.015323 
0.004280 0.005538 0.004095 0.005676 
-0.015830 0.010071 -0.017747 0.006087 
0.008377 -0.010803 0.009662 -0.009671 
0.001737 -0.011231 0.002702 -0.011038 
0.002481 0.029129 -0.013718 0.025817 
0.032157 0.011812 0.014326 0.031118 
0.023951 0.003886 0.020612 0.012804 
0.018486 0.022197 0.003878 0.028625 
0.021280 -0.006925 0.022374 0.000478 
-0.020187 -0.013541 -0.013393 -0.020286 
0.009579 -0.007510 0.010277 -0.006522 
0.020835 -0.011737 0.023713 -0.003086 
0.023375 -0.007634 0.024491 0.002210 
-0.029513 -0.014050 -0.013020 -0.029982 
-0.018423 -0.022787 -0.003037 -0.029145 
-0.024852 -0.014424 -0.013548 -0.025340 
0.001784 -0.025204 0.012091 -0.022187 
0.000948 -0.027088 0.013651 -0.023415 
-0.009707 0.022778 -0.018004 0.016998 
-0.033020 -0.011627 -0.013957 -0.032105 
-0.017956 -0.012641 -0.013006 -0.017693 
0.013358 -0.006618 0.014192 -0.004561 
-0.004344 0.021666 -0.011085 0.019116 
-0.004664 0.007750 -0.005082 0.007483 
0.002444 -0.009763 0.003101 -0.009574 
0.002003 0.020183 -0.003573 0.019965 
0.003550 -0.022427 0.010943 -0.019895 
0.013126 -0.012749 0.015636 -0.009505 
-0.019497 0.007972 -0.020978 0.001903 
-0.009513 -0.007869 -0.008660 -0.008799 
-0.008587 -0.008685 -0.007676 -0.009499 
-0.017769 -0.022458 -0.003405 -0.028434 
-0.030674 -0.015618 -0.010336 -0.032832 
-0.012314 -0.021827 -0.002310 -0.024954 
0.003968 -0.023205 0.012127 -0.020178 
0.001826 -0.011404 0.002838 -0.011195 
-0.016175 0.018853 -0.022393 0.010754 
0.024128 -0.008467 0.025440 0.002583 
-0.021947 -0.003999 -0.019425 -0.010970 
0.017211 0.016117 0.010155 0.021281 
0.013499 -0.009986 0.015135 -0.007269 
-0.002574 0.028417 -0.016961 0.022945 
-0.002663 0.026789 -0.014872 0.022440 
-0.008195 0.025020 -0.018544 0.018688 
0.005131 0.007715 0.004679 0.007997 
-0.001809 0.027368 -0.014817 0.023081 
0.002777 0.031214 -0.016912 0.026382 
0.026295 0.003286 0.021939 0.014862 
-0.030306 -0.007160 -0.019779 -0.024052 
-0.014259 0.010417 -0.016111 0.007229 
0.006393 -0.011522 0.007689 -0.010701 
-0.000178 -0.026585 0.011981 -0.023733 
0.015174 -0.019458 0.021655 -0.011830 
0.012297 0.008149 0.010980 0.009851 
0.022187 0.003469 0.019778 0.010637 
0.009585 0.005913 0.009048 0.006707 
0.003922 -0.012596 0.005363 -0.012053 
-0.015567 0.017503 -0.020823 0.010728 
0.010109 -0.018555 0.015134 -0.014746 
-0.006729 0.013735 -0.008793 0.012515 
0.021219 0.017697 0.009823 0.025825 
0.014675 -0.025170 0.025931 -0.013285 
0.025416 -0.005244 0.025156 0.006379 
-0.004832 -0.028149 0.010520 -0.026553 
-0.025297 -0.013200 -0.014759 -0.024420 
-0.008909 -0.002360 -0.008760 -0.002863 
0.006838 0.003818 0.006675 0.004096 
-0.014721 0.014236 -0.018095 0.009589 
0.014225 -0.009912 0.015922 -0.006862 
-0.008137 0.007505 -0.008726 0.006811 
-0.017627 0.011412 -0.020189 0.005777 
-0.022758 -0.018501 -0.008978 -0.027922 
-0.004096 0.032486 -0.024484 0.021741 
0.018412 0.007452 0.015822 0.012009 
-0.012635 -0.002767 -0.012246 -0.004165 
-0.003844 0.019881 -0.009099 0.018090 
-0.025046 -0.004743 -0.020701 -0.014875 
-0.016564 -0.024287 -0.000551 -0.029393 
-0.016768 -0.014313 -0.011300 -0.018930 
0.002898 0.017695 -0.000956 0.017906 
-0.015255 -0.012804 -0.011351 -0.016366 
0.013123 0.018306 0.006260 0.021636 
-0.013076 0.024414 -0.023398 0.014817 
-0.025906 -0.013973 -0.013980 -0.025902 
-0.006069 -0.003652 -0.005943 -0.003854 
0.022812 -0.018808 0.029408 -0.003042 
0.013091 -0.026097 0.025132 -0.014860 
0.002354 -0.013245 0.003941 -0.012862 
-0.017023 -0.001345 -0.016437 -0.004628 
0.019185 -0.008427 0.020805 -0.002494 
0.008768 0.003855 0.008515 0.004387 
-0.024678 -0.004908 -0.020463 -0.014641 
-0.011115 -0.014428 -0.007656 -0.016526 
0.012309 0.019622 0.004609 0.022700 
0.005841 0.005779 0.005573 0.006038 
-0.006220 0.005166 -0.006440 0.004888 
-0.009888 -0.018324 -0.004218 -0.020390 
0.010347 0.002847 0.010096 0.003637 
-0.017360 -0.021192 -0.004981 -0.026939 
-0.021434 -0.013696 -0.013687 -0.021439 
0.009219 -0.008832 0.010128 -0.007773 
0.021430 -0.014630 0.025667 -0.003809 
0.012601 -0.017039 0.017090 -0.012531 
-0.008576 0.019483 -0.014015 0.016023 
0.000502 -0.006696 0.000704 -0.006678 
0.026393 0.008920 0.018458 0.020867 
0.006944 -0.015918 0.010001 -0.014198 
-0.026583 -0.003275 -0.022047 -0.015209 
0.023169 0.015830 0.012032 0.025350 
0.001605 0.017200 -0.001847 0.017176 
-0.017852 -0.020168 -0.006347 -0.026176 
-0.026446 0.012003 -0.028759 -0.004047 
0.034376 0.002460 0.022268 0.026304 
0.001226 -0.028816 0.016299 -0.023795 
-0.017813 0.006258 -0.018788 0.001861 
0.009203 -0.021290 0.016128 -0.016668 
0.019721 0.021664 0.004745 0.028909 
0.035027 0.012828 0.010532 0.035784 
0.034617 0.001402 0.022976 0.025931 
0.004686 -0.026217 0.016176 -0.021158 
-0.006455 -0.003698 -0.006314 -0.003936 
0.015034 -0.020924 0.022581 -0.012407 
0.012819 0.007069 0.011674 0.008833 
0.013434 -0.015491 0.017215 -0.011139 
-0.017639 0.018506 -0.023828 0.009266 
0.019743 0.012860 0.013710 0.019162 
-0.015055 0.011953 -0.017527 0.007894 
0.009051 0.003733 0.008792 0.004307 
0.003016 -0.008433 0.003466 -0.008259 
-0.004059 0.019476 -0.009027 0.017728 
-0.007113 -0.006555 -0.006688 -0.006989 
0.020481 -0.007524 0.021807 -0.000713 
0.005845 0.004626 0.005669 0.004840 
-0.009954 -0.007568 -0.009107 -0.008568 
-0.011404 -0.005105 -0.010808 -0.006270 
-0.008169 0.011659 -0.009674 0.010444 
0.018344 0.019346 0.007418 0.025608 
0.019984 -0.019036 0.026741 -0.006830 
0.014248 -0.021186 0.021879 -0.013159 
0.005443 0.007173 0.005045 0.007459 
0.000039 0.026065 -0.011438 0.023421 
-0.012455 0.033731 -0.033781 0.012319 
-0.007854 0.017968 -0.012178 0.015370 
-0.000577 -0.023290 0.007755 -0.021968 
-0.007722 -0.000561 -0.007694 -0.000871 
0.025124 0.002941 0.021620 0.013131 
0.023393 -0.007136 0.024322 0.002569 
-0.015703 -0.022055 -0.003429 -0.026856 
-0.014140 -0.017947 -0.007124 -0.021709 
0.012299 -0.025726 0.023861 -0.015612 
0.033278 0.011858 0.013471 0.032658 
0.023487 0.017465 0.010220 0.027427 
-0.003974 0.015779 -0.006700 0.014829 
-0.007561 -0.002527 -0.007446 -0.002847 
0.007363 0.008864 0.006545 0.009484 
0.032860 0.007863 0.018234 0.028445 
0.012482 -0.018472 0.017840 -0.013369 
-0.011900 0.032469 -0.031614 0.014014 
0.005320 0.023361 -0.003845 0.023648 
0.019383 0.002869 0.018013 0.007711 
-0.001109 0.019446 -0.005970 0.018540 
-0.018209 -0.020292 -0.006286 -0.026530 
-0.020677 -0.003125 -0.018890 -0.008972 
0.001940 -0.017392 0.005447 -0.016631 
0.008298 0.015235 0.005074 0.016590 
-0.006738 -0.007395 -0.006227 -0.007830 
0.003640 -0.008020 0.004053 -0.007820 
0.018075 0.017271 0.009478 0.023134 
-0.003754 -0.021461 0.003154 -0.021558 
0.026030 0.004541 0.021176 0.015803 
-0.005915 -0.023798 0.003902 -0.024210 
-0.019961 0.002129 -0.019805 -0.003279 
0.012138 0.006464 0.011223 0.007948 
0.015439 -0.010963 0.017606 -0.006970 
-0.003617 0.006796 -0.003884 0.006646 
-0.018684 -0.014859 -0.011792 -0.020756 
0.024324 0.003826 0.020825 0.013137 
-0.019857 -0.019461 -0.007600 -0.026745 
-0.021978 0.008507 -0.023567 -0.000078 
0.031171 0.009732 0.017146 0.027791 
0.018754 0.003942 0.017226 0.008397 
-0.003305 0.016888 -0.006573 0.015903 
-0.009681 -0.009198 -0.008514 -0.010287 
-0.026068 -0.012663 -0.015274 -0.024629 
-0.008503 -0.007112 -0.007888 -0.007788 
0.000352 -0.027066 0.013086 -0.023695 
0.002551 -0.018697 0.006903 -0.017562 
0.013604 0.018990 0.005905 0.022601 
0.007001 0.001960 0.006927 0.002207 
-0.028616 0.001214 -0.025026 -0.013930 
-0.023221 0.011940 -0.026107 0.000458 
-0.027011 0.005423 -0.026228 -0.008432 
0.000840 0.028142 -0.013546 0.024682 
0.012608 0.021748 0.002545 0.025009 
-0.002671 0.028053 -0.016549 0.022808 
-0.002366 0.026950 -0.014794 0.022650 
-0.003078 0.022372 -0.010405 0.020043 
-0.009565 0.008593 -0.010457 0.007482 
-0.019555 0.010231 -0.021804 0.003413 
-0.018032 -0.017957 -0.008798 -0.023879 
-0.015595 0.013536 -0.018781 0.008585 
0.006901 0.002273 0.006816 0.002516 
-0.017590 0.025953 -0.029803 0.009735 
-0.018203 0.000696 -0.017908 -0.003340 
0.009476 0.003402 0.009223 0.004037 
0.003672 -0.013975 0.005586 -0.013325 
-0.022518 0.003207 -0.022266 -0.004644 
0.020702 -0.002139 0.020447 0.003883 
-0.015783 0.029324 -0.031472 0.010887 
-0.015187 0.009406 -0.016839 0.005965 
0.004923 -0.023474 0.013398 -0.019894 
0.020552 -0.019317 0.027521 -0.006175 
-0.006978 -0.030232 0.012623 -0.028343 
-0.033805 -0.011274 -0.013778 -0.032864 
-0.026143 -0.007961 -0.019106 -0.019539 
-0.004379 0.004775 -0.004512 0.004650 
-0.025941 -0.007852 -0.019139 -0.019191 
-0.007893 0.014948 -0.010597 0.013171 
0.017643 0.021372 0.004821 0.027291 
0.029167 0.000228 0.024420 0.015950 
-0.031236 -0.001350 -0.023934 -0.020116 
-0.014540 0.023442 -0.024141 0.013348 
-0.018025 -0.002336 -0.017071 -0.006241 
0.002336 -0.025968 0.013534 -0.022285 
0.005131 -0.022749 0.012910 -0.019421 
-0.019629 0.011611 -0.022415 0.004201 
-0.026025 -0.013734 -0.014218 -0.025763 
-0.011955 -0.003620 -0.011511 -0.004849 
-0.009521 0.007073 -0.010146 0.006144 
-0.017275 0.012463 -0.020216 0.006712 
-0.018470 -0.024106 -0.001065 -0.030350 
-0.026728 -0.003994 -0.021704 -0.016102 
-0.003351 0.021667 -0.010044 0.019488 
-0.003518 0.005487 -0.003673 0.005385 
-0.015221 -0.022474 -0.002738 -0.027005 
-0.013672 -0.018587 -0.006311 -0.022193 
0.013692 -0.019809 0.020182 -0.013136 
0.012444 -0.001873 0.012572 -0.000543 
-0.033265 -0.011424 -0.014022 -0.032256 
-0.024907 -0.009266 -0.017936 -0.019609 
0.012285 -0.034813 0.035075 -0.011516 
0.000467 -0.032310 0.021184 -0.024401 
-0.016705 -0.004547 -0.015460 -0.007792 
0.015799 0.002325 0.015172 0.004981 
-0.007243 0.005239 -0.007514 0.004843 
-0.021122 0.005511 -0.021784 -0.001406 
0.010982 -0.025695 0.022363 -0.016756 
0.033223 0.012152 0.013141 0.032845 
0.033768 0.011059 0.014075 0.032627 
0.022362 0.003992 0.019681 0.011342 
0.017006 0.013689 0.011842 0.018341 
0.001782 -0.024653 0.011459 -0.021901 
0.009495 -0.018152 0.014165 -0.014799 
-0.005166 0.010425 -0.006090 0.009914 
0.005793 0.006286 0.005478 0.006563 
-0.006885 0.011508 -0.008220 0.010595 
0.015063 0.016725 0.008626 0.020790 
-0.013266 -0.014668 -0.009007 -0.017607 
0.023215 0.008960 0.017625 0.017566 
0.008280 -0.009716 0.009291 -0.008755 
0.004507 -0.011309 0.005608 -0.010806 
-0.015234 -0.008508 -0.013191 -0.011421 
-0.006628 0.022677 -0.014463 0.018681 
0.018265 -0.018251 0.024362 -0.008556 
-0.001646 -0.018406 0.002576 -0.018299 
-0.002483 0.008429 -0.002916 0.008289 
-0.002953 -0.029617 0.014137 -0.026192 
-0.029851 -0.015039 -0.011605 -0.031346 
-0.011351 -0.023041 -0.000390 -0.025682 
0.002537 -0.017623 0.006199 -0.016690 
0.007201 0.001426 0.007145 0.001686 
-0.019983 0.002572 -0.019938 -0.002898 
0.016547 -0.012772 0.019532 -0.007446 
0.023788 0.004015 0.020470 0.012766 
-0.030614 -0.008837 -0.018218 -0.026143 
-0.019039 0.002627 -0.019102 -0.002123 
0.010525 0.009026 0.009277 0.010305 
0.026832 -0.004034 0.025537 0.009169 
-0.005514 -0.029248 0.011808 -0.027321 
-0.020146 -0.013235 -0.013605 -0.019898 
0.018533 -0.008064 0.020024 -0.002747 
0.009491 0.015500 0.005852 0.017207 
-0.006261 -0.005866 -0.005964 -0.006168 
0.018994 -0.010387 0.021276 -0.004004 
0.013858 0.008070 0.012267 0.010330 
0.005654 -0.028887 0.020587 -0.021038 
-0.027350 0.001858 -0.024845 -0.011585 
-0.013278 0.015719 -0.017151 0.011368 
0.011206 -0.015708 0.014741 -0.012450 
-0.013892 0.014790 -0.017399 0.010441 
0.022043 -0.018316 0.028370 -0.004064 
0.006124 -0.032657 0.026555 -0.019970 
-0.010296 -0.012439 -0.007974 -0.014041 
0.027302 -0.000613 0.024250 0.012560 
0.020163 -0.011656 0.022991 -0.003716 
0.030515 -0.003248 0.026543 0.015400 
0.002937 -0.032330 0.023233 -0.022673 
-0.030781 0.006023 -0.028010 -0.014114 
-0.001787 0.032422 -0.022426 0.023482 
0.022729 0.011222 0.015961 0.019693 
-0.007541 0.022425 -0.015240 0.018097 
0.005159 0.007667 0.004711 0.007950 
-0.003215 0.022872 -0.011023 0.020296 
-0.004928 0.006881 -0.005253 0.006636 
-0.016535 -0.015807 -0.010091 -0.020529 
0.018385 0.009652 0.014868 0.014495 
-0.009676 -0.007978 -0.008782 -0.008952 
-0.006732 -0.005944 -0.006401 -0.006299 
0.002305 -0.022188 0.009448 -0.020208 
0.023666 -0.004607 0.023640 0.004736 
-0.021983 -0.017041 -0.010635 -0.025702 
-0.005682 0.030356 -0.022684 0.020958 
0.013761 0.014167 0.009627 0.017245 
0.009368 -0.008296 0.010187 -0.007268 
0.018683 -0.018280 0.024843 -0.008127 
-0.011832 -0.021834 -0.002055 -0.024749 
-0.001325 -0.024231 0.008103 -0.022875 
-0.008028 -0.009796 -0.006929 -0.010601 
-0.032528 -0.004996 -0.020994 -0.025342 
-0.013973 0.028930 -0.029225 0.013345 
-0.018042 0.009499 -0.019960 0.004165 
-0.018717 -0.020176 -0.006536 -0.026734 
-0.019229 0.001062 -0.018898 -0.003706 
0.007451 -0.023197 0.015864 -0.018492 
-0.011919 -0.005630 -0.011183 -0.006978 
-0.005093 0.011495 -0.006281 0.010891 
0.008611 0.006343 0.008099 0.006985 
0.025628 0.006578 0.019876 0.017464 
-0.010292 -0.016397 -0.005889 -0.018443 
0.013890 -0.018186 0.019300 -0.012295 
-0.023023 0.007160 -0.024016 -0.002130 
0.028631 0.014677 0.012607 0.029601 
0.008130 0.013321 0.005855 0.014466 
-0.005771 -0.005148 -0.005559 -0.005375 
-0.004702 -0.029671 0.013021 -0.027073 
-0.028587 -0.002356 -0.023106 -0.016997 
0.020108 0.007883 0.016705 0.013691 
-0.017313 0.002493 -0.017458 -0.001088 
0.003055 -0.020153 0.008483 -0.018535 
-0.013276 0.008828 -0.014582 0.006447 
0.002860 -0.012747 0.004297 -0.012336 
-0.019243 -0.001023 -0.018396 -0.005736 
0.012637 0.006732 0.011595 0.008401 
0.018079 -0.019740 0.025158 -0.009143 
-0.020404 -0.017228 -0.010181 -0.024688 
-0.018100 0.010832 -0.020486 0.005030 
-0.018495 -0.021556 -0.004747 -0.028003 
-0.028439 0.006651 -0.027510 -0.009809 
0.008515 0.024437 -0.002943 0.025710 
0.004629 -0.023049 0.012666 -0.019805 
-0.013766 0.018749 -0.019525 0.012640 
-0.010583 -0.009808 -0.009115 -0.011186 
-0.009875 -0.019558 -0.003177 -0.021678 
0.001380 -0.010081 0.002076 -0.009961 
0.002336 0.021364 -0.004289 0.021059 
-0.033039 -0.012300 -0.013097 -0.032731 
-0.017587 -0.009580 -0.014407 -0.013911 
0.021471 0.006890 0.017929 0.013677 
0.012310 0.014437 0.008500 0.016962 
0.002643 -0.008013 0.003023 -0.007877 
-0.009397 0.007458 -0.010073 0.006517 
-0.022341 0.018953 -0.029058 0.003732 
0.003081 0.029824 -0.014378 0.026310 
0.027270 0.001417 0.023249 0.014323 
-0.032859 -0.010106 -0.015862 -0.030499 
-0.030795 0.006558 -0.028279 -0.013844 
-0.006202 0.032699 -0.026691 0.019882 
0.023299 0.013694 0.014113 0.023047 
0.006838 -0.023580 0.015563 -0.018988 
-0.006111 -0.007420 -0.005639 -0.007785 
0.003180 -0.020899 0.009210 -0.019027 
0.018614 -0.001896 0.018544 0.002488 
-0.020899 -0.003526 -0.018911 -0.009570 
0.002139 -0.017582 0.005764 -0.016748 
0.008439 0.002348 0.008307 0.002780 
-0.008311 -0.002845 -0.008152 -0.003271 
0.015765 -0.028216 0.030245 -0.011399 
0.012287 -0.011954 0.014390 -0.009316 
0.003944 0.018179 -0.000344 0.018598 
-0.033681 -0.003454 -0.021800 -0.025906 
-0.009495 0.023061 -0.018025 0.017235 
-0.031145 -0.005531 -0.020947 -0.023703 
-0.021262 0.015587 -0.026000 0.004364 
-0.015312 0.022798 -0.024443 0.012520 
0.024260 0.006502 0.019450 0.015891 
0.000619 -0.012446 0.001910 -0.012314 
-0.018581 0.018648 -0.024969 0.008338 
0.019531 0.011645 0.014409 0.017591 
-0.024324 -0.004329 -0.020589 -0.013656 
0.019158 0.013207 0.013216 0.019152 
-0.005504 0.014569 -0.007791 0.013485 
0.024064 -0.010073 0.026040 0.001567 
-0.033990 -0.003667 -0.021476 -0.026600 
-0.003905 0.030835 -0.021727 0.022225 
0.014350 0.018083 0.007115 0.021961 
0.006065 0.007083 0.005641 0.007424 
-0.002083 0.023657 -0.010675 0.021214 
-0.007708 0.020123 -0.013505 0.016792 
0.001373 -0.027485 0.014572 -0.023345 
-0.005312 -0.022890 0.003335 -0.023261 
-0.020119 0.012420 -0.023270 0.004187 
-0.023115 0.007949 -0.024385 -0.001701 
0.019568 0.007233 0.016658 0.012559 
-0.014506 -0.006876 -0.013107 -0.009269 
-0.012964 0.016686 -0.017310 0.012117 
0.007786 -0.031247 0.026003 -0.018996 
-0.016042 -0.019131 -0.006891 -0.023996 
-0.015415 0.000066 -0.015230 -0.002382 
0.025875 0.005139 0.020793 0.016236 
-0.030318 -0.006554 -0.020276 -0.023474 
-0.013543 0.015049 -0.017120 0.010806 
0.010727 0.001189 0.010601 0.002023 
-0.013341 -0.014728 -0.009019 -0.017708 
-0.002865 0.021617 -0.009499 0.019628 
-0.015567 0.009857 -0.017391 0.006088 
0.003140 -0.010818 0.004048 -0.010512 
-0.013232 -0.004891 -0.012463 -0.006609 
0.004156 0.021677 -0.003024 0.021864 
-0.021585 -0.009197 -0.016810 -0.016368 
0.017291 -0.002599 0.017458 0.000978 
-0.021646 0.004755 -0.022020 -0.002506 
0.008823 0.017522 0.004056 0.019194 
-0.007862 0.006182 -0.008259 0.005641 
-0.029916 0.003542 -0.026566 -0.014204 
-0.003216 0.028171 -0.017228 0.022520 
0.017168 -0.003759 0.017574 -0.000147 
-0.027060 0.002705 -0.025085 -0.010503 
-0.019708 0.014317 -0.023717 0.005558 
-0.002621 0.010312 -0.003396 0.010084 
0.022374 -0.016169 0.027425 -0.003155 
0.022359 -0.015287 0.026929 -0.002907 
0.016223 -0.021013 0.024012 -0.011320 
-0.024306 -0.007455 -0.018924 -0.016978 
-0.005956 0.005926 -0.006230 0.005637 
-0.009512 -0.019872 -0.002655 -0.021871 
0.019312 -0.012659 0.022522 -0.005095 
0.002540 -0.010690 0.003397 -0.010449 
-0.022382 0.000585 -0.021321 -0.006834 
-0.008071 0.006554 -0.008525 0.005952 
-0.013117 -0.008124 -0.011658 -0.010107 
-0.022167 0.018179 -0.028405 0.003873 
-0.010751 0.031690 -0.029488 0.015821 
-0.000338 0.017663 -0.004002 0.017207 
0.004832 -0.012202 0.006207 -0.011563 
-0.014185 -0.016439 -0.008368 -0.020036 
-0.005930 0.009566 -0.006720 0.009028 
0.010134 0.009128 0.008919 0.010318 
0.020723 -0.001341 0.020245 0.004627 
-0.024056 -0.003357 -0.020902 -0.012372 
-0.019760 -0.019090 -0.008020 -0.026278 
-0.012287 0.014647 -0.015475 0.011226 
0.018316 -0.012939 0.021567 -0.006147 
0.023908 0.017446 0.010225 0.027774 
0.001130 0.022436 -0.006385 0.021538 
0.013743 0.002814 0.013253 0.004598 
-0.002953 -0.019780 0.002396 -0.019855 
-0.000632 0.017585 -0.004245 0.017076 
-0.010598 -0.020407 -0.002850 -0.022818 
0.003903 -0.013346 0.005596 -0.012729 
-0.020016 0.000572 -0.019448 -0.004768 
0.019991 -0.018658 0.026500 -0.006746 
-0.005571 -0.027480 0.009018 -0.026550 
-0.025476 -0.012504 -0.015414 -0.023828 
-0.006682 -0.005298 -0.006416 -0.005617 
0.020567 -0.014106 0.024519 -0.004561 
0.002797 -0.011581 0.003885 -0.011262 
-0.016139 0.016353 -0.020808 0.009742 
0.019658 -0.003429 0.019866 0.001882 
-0.021260 -0.000542 -0.020127 -0.006870 
-0.008656 -0.025428 0.004172 -0.026535 
-0.003291 0.025366 -0.013759 0.021563 
0.022441 -0.007158 0.023507 0.001493 
-0.011180 -0.021846 -0.001691 -0.024482 
-0.001260 -0.028396 0.013569 -0.024976 
-0.011408 -0.015583 -0.007194 -0.017922 
0.028742 -0.003994 0.026415 0.012013 
0.015326 -0.027731 0.029276 -0.012117 
0.018994 -0.008513 0.020637 -0.002713 
0.006322 0.005663 0.006041 0.005962 
0.003012 0.020897 -0.003278 0.020857 
-0.018566 -0.013114 -0.013007 -0.018641 
0.030636 0.003850 0.022282 0.021374 
0.013182 -0.023168 0.022342 -0.014538 
0.017084 0.014894 0.011048 0.019790 
-0.004714 0.009645 -0.005445 0.009252 
0.009563 0.004013 0.009249 0.004692 
0.006469 -0.005730 0.006748 -0.005399 
0.010929 0.005758 0.010283 0.006845 
0.022235 -0.015152 0.026737 -0.003020 
0.015943 -0.016451 0.020639 -0.009944 
-0.018070 0.002441 -0.018162 -0.001616 
0.026233 0.001241 0.022921 0.012820 
0.023051 0.003625 0.020235 0.011620 
0.012914 0.007008 0.011767 0.008798 
0.012124 -0.025541 0.023471 -0.015761 
0.023333 0.008128 0.018166 0.016747 
0.007048 -0.014292 0.009369 -0.012890 
-0.015135 -0.023030 -0.001980 -0.027487 
-0.010903 -0.016695 -0.006117 -0.018979 
0.026960 0.001903 0.022891 0.014368 
0.027342 -0.001942 0.024879 0.011505 
0.017242 -0.018047 0.023083 -0.009496 
-0.018550 -0.016790 -0.010092 -0.022894 
-0.020260 0.014017 -0.024155 0.004847 
-0.008662 0.008687 -0.009493 0.007770 
-0.024185 -0.004959 -0.020219 -0.014167 
-0.012111 -0.004794 -0.011488 -0.006138 
-0.000356 0.020055 -0.005691 0.019234 
0.006780 -0.013771 0.008863 -0.012532 
-0.019561 -0.010621 -0.015025 -0.016422 
0.013252 0.005540 0.012361 0.007315 
0.019166 -0.009373 0.021097 -0.003178 
0.007023 0.008631 0.006283 0.009184 
-0.002474 0.025831 -0.013503 0.022160 
-0.003200 0.018626 -0.007530 0.017335 
-0.006709 -0.008234 -0.006067 -0.008717 
0.002586 -0.020780 0.008500 -0.019138 
0.026316 -0.002626 0.024659 0.009558 
-0.005199 -0.018097 -0.000789 -0.018813 
0.033561 0.003637 0.021704 0.025855 
0.000049 -0.025999 0.011433 -0.023350 
-0.027892 -0.000765 -0.023791 -0.014578 
-0.024072 0.001759 -0.022927 -0.007544 
-0.009130 0.006893 -0.009699 0.006066 
-0.022677 0.018438 -0.029051 0.003197 
-0.005912 0.030781 -0.023524 0.020714 
0.010794 0.012426 0.008370 0.014173 
-0.010122 -0.002233 -0.009935 -0.002956 
0.025527 0.001119 0.022643 0.011840 
0.022612 0.010743 0.016258 0.019037 
-0.012404 0.015742 -0.016147 0.011872 
0.003446 -0.021821 0.010281 -0.019554 
-0.022224 0.015337 -0.026825 0.003095 
-0.012326 0.018418 -0.017622 0.013439 
0.026492 -0.001519 0.024282 0.010702 
0.017261 -0.012575 0.020247 -0.006792 
0.020507 0.008627 0.016575 0.014841 
-0.017181 0.004976 -0.017847 0.001202 
0.028317 -0.001114 0.024877 0.013572 
0.017872 -0.019461 0.024732 -0.009297 
-0.016037 -0.012639 -0.011925 -0.016575 
0.010900 0.014108 0.007667 0.016095 
-0.015838 -0.007784 -0.013880 -0.010900 
-0.009841 0.033544 -0.031237 0.015694 
-0.010507 0.021523 -0.017819 0.016004 
-0.014497 -0.013645 -0.010401 -0.016975 
0.023347 0.016839 0.010945 0.026624 
0.001608 0.018655 -0.002783 0.018516 
0.001878 -0.006466 0.002074 -0.006406 
0.031992 0.010050 0.016430 0.029232 
0.019169 -0.000390 0.018685 0.004302 
-0.012950 0.025360 -0.024205 0.014998 
-0.003451 0.012785 -0.004928 0.012292 
0.026661 0.001230 0.023109 0.013354 
0.023825 -0.000508 0.022306 0.008388 
0.007304 -0.013613 0.009380 -0.012274 
-0.016586 -0.014316 -0.011202 -0.018829 
0.016948 0.014486 0.011273 0.019236 
-0.030948 -0.011081 -0.015819 -0.028815 
-0.018657 0.000575 -0.018283 -0.003761 
0.019538 -0.017735 0.025431 -0.007037 
-0.000863 -0.023625 0.007849 -0.022300 
-0.012460 -0.003985 -0.011921 -0.005386 
-0.004435 0.018303 -0.008624 0.016742 
-0.009388 -0.006879 -0.008725 -0.007703 
-0.014186 -0.007437 -0.012703 -0.009757 
-0.018191 0.017318 -0.023699 0.008319 
0.019247 0.016146 0.010913 0.022628 
0.018579 -0.008719 0.020273 -0.003193 
0.008091 0.002205 0.007978 0.002584 
-0.023615 -0.001650 -0.021360 -0.010205 
-0.021482 -0.018338 -0.009126 -0.026729 
-0.016183 0.025626 -0.028018 0.011558 
-0.022755 -0.003841 -0.019975 -0.011557 
-0.008727 -0.009058 -0.007719 -0.009932 
-0.010352 -0.016013 -0.006178 -0.018039 
0.027306 -0.000719 0.024301 0.012474 
0.011111 -0.018448 0.016225 -0.014160 
-0.011855 0.018856 -0.017365 0.013948 
-0.018503 -0.021192 -0.005224 -0.027643 
-0.026151 -0.000457 -0.023242 -0.011994 
-0.021509 -0.009830 -0.016410 -0.017029 
0.020556 -0.018637 0.027078 -0.006054 
0.014683 -0.029329 0.030398 -0.012316 
0.010096 -0.016974 0.014143 -0.013785 
-0.012709 0.018375 -0.018042 0.013177 
-0.011398 -0.021898 -0.001753 -0.024625 
0.000308 -0.027823 0.014077 -0.024001 
0.016952 -0.028490 0.031703 -0.009693 
0.022105 -0.011276 0.024772 -0.001454 
0.026771 -0.001273 0.024312 0.011278 
0.012492 -0.014178 0.015498 -0.010809 
-0.016150 0.012591 -0.019011 0.007612 
0.011109 0.003775 0.010714 0.004783 
0.001128 -0.009263 0.001667 -0.009182 
0.026968 0.013942 0.013893 0.026993 
-0.015955 0.019981 -0.022931 0.011313 
-0.005071 -0.003740 -0.004970 -0.003873 
0.021760 -0.000333 0.020775 0.006482 
0.001629 -0.008017 0.001987 -0.007935 
0.000255 0.017977 -0.003619 0.017611 
0.004229 -0.010954 0.005222 -0.010516 
-0.012482 -0.007681 -0.011250 -0.009394 
-0.022408 0.013927 -0.026279 0.002348 
-0.027250 0.000778 -0.024305 -0.012347 
-0.016454 0.011244 -0.018834 0.006515 
-0.002180 -0.019241 0.002678 -0.019178 
-0.001087 0.025852 -0.012204 0.022816 
-0.004363 0.024566 -0.013952 0.020685 
-0.014649 0.008633 -0.016038 0.005648 
0.003587 -0.006742 0.003847 -0.006596 
0.015501 0.017280 0.008387 0.021645 
0.003783 -0.013972 0.005703 -0.013304 
-0.021993 0.005255 -0.022479 -0.002448 
0.010889 -0.019779 0.016892 -0.014982 
0.017857 0.020435 0.006031 0.026458 
0.023852 0.010277 0.016958 0.019672 
-0.015653 0.028568 -0.030514 0.011404 
-0.019148 0.012845 -0.022428 0.005350 
-0.033016 -0.011884 -0.013640 -0.032330 
-0.020703 0.008495 -0.022346 0.001194 
0.024253 0.006285 0.019565 0.015650 
0.001374 -0.012707 0.002756 -0.012481 
-0.027006 -0.000385 -0.023655 -0.013034 
-0.020947 0.003360 -0.020999 -0.003021 
0.011566 0.018778 0.004937 0.021494 
0.004281 0.005469 0.004102 0.005605 
-0.005825 0.007618 -0.006283 0.007244 
0.007958 -0.009710 0.008938 -0.008816 
0.005657 -0.008039 0.006166 -0.007656 
0.015180 0.001623 0.014742 0.003967 
-0.031296 -0.004833 -0.021465 -0.023282 
-0.007232 0.020599 -0.013340 0.017282 
0.000378 -0.013967 0.002198 -0.013798 
-0.014968 0.025339 -0.026420 0.012965 
-0.028870 0.004308 -0.026611 -0.011996 
-0.003164 0.022887 -0.010986 0.020326 
0.014221 -0.014507 0.017644 -0.010068 
-0.009985 0.000832 -0.010019 0.000158 
0.020017 -0.004637 0.020515 0.001141 
-0.004983 0.032104 -0.024665 0.021145 
0.030983 0.008963 0.017979 0.026777 
0.021440 -0.003899 0.021582 0.003013 
-0.008740 -0.009729 -0.007569 -0.010666 
-0.027619 -0.003963 -0.021960 -0.017213 
0.018419 0.008911 0.015227 0.013667 
-0.018036 -0.000044 -0.017599 -0.003948 
0.012254 -0.015893 0.016051 -0.012046 
-0.022201 -0.003433 -0.019801 -0.010612 
-0.019253 -0.021408 -0.005050 -0.028346 
-0.020243 -0.013391 -0.013527 -0.020153 
0.010082 -0.008195 0.010944 -0.007003 
0.016546 -0.009753 0.018432 -0.005403 
-0.007961 0.007788 -0.008580 0.007100 
-0.018202 0.010016 -0.020304 0.004402 
-0.016716 -0.020555 -0.005570 -0.025902 
-0.018246 -0.002317 -0.017257 -0.006363 
0.018510 -0.008412 0.020106 -0.003023 
0.008325 0.003791 0.008099 0.004252 
-0.014300 -0.003357 -0.013666 -0.005384 
0.030079 0.015631 0.010684 0.032171 
0.008936 0.019521 0.002571 0.021315 
-0.001743 0.009175 -0.002276 0.009058 
-0.005571 -0.024221 0.004652 -0.024414 
-0.013787 0.025247 -0.025024 0.014188 
-0.005451 0.010113 -0.006324 0.009591 
0.005998 0.005066 0.005783 0.005309 
-0.018432 0.017867 -0.024303 0.008264 
0.008352 0.019499 0.002177 0.021100 
-0.020303 0.009995 -0.022484 0.002571 
-0.007098 -0.007972 -0.006468 -0.008491 
0.002848 -0.023612 0.011392 -0.020877 
0.015472 -0.018978 0.021667 -0.011406 
-0.024345 -0.008568 -0.018252 -0.018246 
-0.005165 0.007043 -0.005519 0.006770 
0.006768 -0.007019 0.007201 -0.006573 
0.024850 0.003826 0.021074 0.013713 
0.014157 0.015531 0.009006 0.018988 
-0.011264 -0.015432 -0.007187 -0.017702 
0.022004 -0.006633 0.022938 0.001413 
-0.021127 -0.013777 -0.013529 -0.021287 
0.009006 -0.010666 0.010319 -0.009401 
0.008424 -0.025975 0.019851 -0.018752 
-0.005243 -0.007838 -0.004766 -0.008137 
-0.003436 -0.020865 0.002883 -0.020948 
0.031563 0.010957 0.015659 0.029514 
0.019005 -0.002211 0.018972 0.002476 
-0.013835 0.018176 -0.019229 0.012329 
-0.013256 -0.018994 -0.005717 -0.022445 
-0.014492 -0.006140 -0.013276 -0.008452 
-0.022636 0.015188 -0.027142 0.002518 
-0.018818 0.011479 -0.021502 0.004848 
-0.008672 -0.009513 -0.007563 -0.010416 
-0.029983 -0.015391 -0.011065 -0.031835 
-0.012406 -0.017923 -0.006164 -0.020908 
0.003576 -0.034403 0.027226 -0.021333 
-0.023207 -0.000031 -0.021698 -0.008233 
0.017798 0.006813 0.015629 0.010906 
-0.018349 -0.005774 -0.016368 -0.010105 
-0.005997 0.031844 -0.025192 0.020381 
0.011773 0.021868 0.001986 0.024757 
0.005083 0.020306 -0.001018 0.020908 
0.000624 -0.024385 0.010052 -0.022225 
0.004714 -0.023814 0.013522 -0.020161 
-0.012791 0.015371 -0.016408 0.011431 
0.017687 0.001727 0.016929 0.005408 
-0.009254 0.008207 -0.010046 0.007215 
-0.014417 0.026260 -0.026754 0.013478 
-0.000779 0.012337 -0.002037 0.012192 
0.007956 -0.029979 0.024389 -0.019163 
-0.014820 -0.010444 -0.012177 -0.013433 
0.018931 0.021945 0.004282 0.028664 
0.024425 0.007548 0.018910 0.017203 
0.009488 -0.007929 0.010250 -0.006916 
0.022026 -0.014548 0.026218 -0.003062 
0.012704 -0.014585 0.015928 -0.010973 
-0.015869 0.015481 -0.020027 0.009509 
0.015494 0.007114 0.013822 0.009982 
0.010581 -0.034009 0.032550 -0.014461 
0.010478 -0.033254 0.031395 -0.015166 
0.010614 -0.022942 0.019190 -0.016454 
0.033076 0.013725 0.011168 0.034024 
0.034485 0.001809 0.022728 0.025998 
0.009367 -0.032177 0.028846 -0.017059 
0.002626 -0.020472 0.008291 -0.018901 
0.021511 0.004419 0.018990 0.011029 
0.015899 0.013140 0.011556 0.017085 
-0.015487 -0.013361 -0.011180 -0.017128 
0.025388 0.013477 0.014494 0.024821 
0.011932 -0.000226 0.011899 0.000914 
-0.022164 -0.008274 -0.017586 -0.015826 
0.012604 -0.000836 0.012621 0.000516 
-0.026661 -0.005822 -0.020613 -0.017884 
0.002110 0.017658 -0.001655 0.017706 
-0.018961 -0.009165 -0.015441 -0.014321 
0.005574 0.002547 0.005508 0.002687 
-0.014382 0.014200 -0.017688 0.009778 
0.017122 -0.009744 0.019054 -0.005007 
0.015031 0.012969 0.011119 0.016447 
-0.013320 -0.018138 -0.006515 -0.021539 
0.015334 -0.028604 0.030234 -0.011798 
0.014298 -0.018616 0.020058 -0.012193 
-0.018534 0.003061 -0.018735 -0.001371 
0.015873 -0.028850 0.031039 -0.010993 
0.023137 -0.014293 0.027151 -0.001555 
0.020997 -0.018872 0.027683 -0.005538 
-0.001045 -0.028947 0.014563 -0.025038 
-0.019393 -0.016768 -0.010382 -0.023440 
-0.020227 0.012719 -0.023514 0.004239 
-0.001355 0.007541 -0.001651 0.007481 
-0.004042 -0.028915 0.012250 -0.026502 
-0.026784 -0.008258 -0.018996 -0.020609 
-0.010588 0.008665 -0.011590 0.007270 
-0.002481 0.028602 -0.017134 0.023037 
0.020641 0.002616 0.019028 0.008418 
0.018930 0.015032 0.011751 0.021123 
-0.008063 -0.025000 0.003950 -0.025969 
-0.008907 0.024894 -0.019197 0.018180 
-0.019200 -0.003699 -0.017633 -0.008449 
0.016092 0.015128 0.010375 0.019498 
-0.003579 0.006475 -0.003814 0.006339 
0.004422 -0.012018 0.005715 -0.011460 
-0.015473 -0.002359 -0.014879 -0.004859 
0.031511 0.011880 0.014631 0.030331 
0.018254 0.009264 0.014967 0.013965 
-0.021885 -0.003269 -0.019660 -0.010154 
-0.013116 0.000418 -0.013076 -0.001097 
0.022373 0.005452 0.019073 0.012903 
-0.013245 -0.014999 -0.008789 -0.017976 
-0.001973 0.009672 -0.002601 0.009522 
-0.002274 -0.021127 0.004132 -0.020844 
0.032738 0.011238 0.014629 0.031370 
0.024155 -0.007092 0.024929 0.003502 
-0.022606 -0.016667 -0.011100 -0.025799 
-0.008182 0.020741 -0.014521 0.016920 
-0.001282 -0.013040 0.000225 -0.013101 
-0.005733 0.022166 -0.013018 0.018834 
0.011674 -0.015649 0.015252 -0.012187 
-0.017565 -0.002121 -0.016737 -0.005736 
0.019546 -0.013356 0.023085 -0.005246 
0.009869 -0.009406 0.010963 -0.008106 
0.019830 -0.009010 0.021653 -0.002352 
0.009806 0.004289 0.009447 0.005029 
0.005561 -0.011783 0.006864 -0.011074 
-0.006653 -0.005962 -0.006324 -0.006310 
-0.006061 -0.027300 0.008429 -0.026664 
-0.011597 0.032565 -0.031465 0.014316 
-0.002432 0.024868 -0.012336 0.021729 
0.016966 -0.023808 0.027168 -0.010797 
0.025852 -0.006412 0.025917 0.006145 
-0.007285 -0.023345 0.002411 -0.024336 
-0.015973 0.021886 -0.024423 0.011732 
0.025036 0.012482 0.015407 0.023350 
0.004720 0.007811 0.004277 0.008062 
0.007426 0.023232 -0.002184 0.024292 
0.007606 -0.023703 0.016531 -0.018612 
-0.005430 -0.007327 -0.005013 -0.007619 
0.002875 -0.013132 0.004442 -0.012688 
-0.014765 0.019625 -0.021299 0.012228 
0.012180 -0.025255 0.023236 -0.015692 
0.028225 0.014722 0.012694 0.029193 
0.009165 0.014838 0.005968 0.016388 
-0.015937 0.001875 -0.016022 -0.000892 
0.017808 0.002490 0.016855 0.006265 
-0.008487 0.011336 -0.009930 0.010095 
0.001272 0.024764 -0.008762 0.023197 
0.008011 0.001750 0.007924 0.002110 
-0.017563 0.025072 -0.028949 0.009951 
-0.025298 0.000780 -0.023322 -0.009831 
-0.010405 0.010265 -0.011764 0.008674 
-0.011781 0.032462 -0.031495 0.014164 
-0.003218 0.022604 -0.010768 0.020133 
-0.004817 0.013923 -0.006786 0.013077 
0.027165 -0.003527 0.025497 0.010015 
-0.004980 -0.028642 0.011183 -0.026835 
-0.025115 -0.017469 -0.010062 -0.028892 
-0.001637 -0.027646 0.012181 -0.024872 
-0.013040 -0.020962 -0.003631 -0.024419 
-0.012084 -0.005113 -0.011414 -0.006472 
-0.008743 0.013260 -0.010851 0.011598 
0.028279 0.011468 0.016230 0.025842 
-0.016396 0.025265 -0.027896 0.011356 
-0.016273 0.001365 -0.016256 -0.001553 
0.023132 -0.000580 0.021859 0.007589 
0.008885 -0.012365 0.010693 -0.010839 
-0.000582 -0.026950 0.012110 -0.024083 
-0.012516 -0.015804 -0.007797 -0.018591 
0.021907 -0.005032 0.022334 0.002538 
-0.018523 -0.018988 -0.007863 -0.025335 
-0.021011 -0.002315 -0.019391 -0.008417 
0.003243 -0.022178 0.010394 -0.019858 
0.022016 -0.018600 0.028523 -0.004142 
0.010910 -0.033319 0.031872 -0.014607 
-0.004353 -0.018543 0.000244 -0.019046 
0.031579 0.007491 0.019153 0.026201 
0.011536 -0.016397 0.015487 -0.012731 
-0.013178 0.018321 -0.018555 0.012846 
0.010397 -0.023724 0.019683 -0.016837 
0.021983 0.002997 0.019824 0.009964 
-0.016677 -0.011210 -0.013069 -0.015263 
0.002986 0.018700 -0.001556 0.018873 
0.003512 -0.006835 0.003780 -0.006690 
0.023471 0.009831 0.017153 0.018797 
0.002654 -0.008293 0.003072 -0.008148 
-0.002276 0.026217 -0.013781 0.022418 
-0.004046 0.023296 -0.012299 0.020194 
-0.009614 0.008198 -0.010435 0.007124 
-0.005934 0.021629 -0.012760 0.018445 
0.014531 -0.007818 0.015709 -0.005048 
-0.008244 0.009144 -0.009129 0.008260 
-0.008261 0.010243 -0.009393 0.009216 
-0.004390 0.008039 -0.004835 0.007780 
-0.016145 -0.016927 -0.008994 -0.021594 
0.016635 0.013641 0.011672 0.018072 
-0.032492 -0.007886 -0.018399 -0.027918 
-0.017609 0.019415 -0.024407 0.009557 
0.020804 0.014210 0.013077 0.021534 
0.013450 -0.018716 0.019135 -0.012848 
0.007499 0.003773 0.007313 0.004123 
-0.007242 -0.005591 -0.006917 -0.005989 
-0.005070 -0.023852 0.004593 -0.023949 
-0.017867 0.018926 -0.024362 0.009161 
0.013627 0.019656 0.005276 0.023328 
-0.009927 0.023918 -0.019341 0.017221 
0.004160 0.004895 0.004023 0.005008 
-0.020545 0.008187 -0.022087 0.001129 
-0.007160 -0.008049 -0.006512 -0.008581 
0.007965 -0.009705 0.008945 -0.008810 
0.017850 -0.012751 0.020973 -0.006429 
-0.006999 -0.004301 -0.006797 -0.004614 
0.023484 0.005085 0.019824 0.013579 
0.007638 0.002862 0.007503 0.003200 
-0.018813 0.000620 -0.018430 -0.003828 
0.012252 0.006235 0.011366 0.007735 
0.020886 -0.013590 0.024598 -0.003977 
0.009278 -0.009167 0.010262 -0.008050 
0.012476 -0.032844 0.032632 -0.013021 
-0.006322 -0.020653 0.000344 -0.021596 
-0.014114 0.019772 -0.020646 0.012800 
-0.007466 -0.008541 -0.006701 -0.009153 
0.003795 -0.020588 0.009599 -0.018605 
0.018436 0.003452 0.017117 0.007667 
-0.006634 0.012688 -0.008311 0.011659 
0.015320 0.021906 0.003489 0.026503 
0.015879 0.022106 0.003418 0.027003 
0.015133 0.021751 0.003615 0.026249 
0.018378 0.014563 0.011891 0.020211 
-0.008484 -0.023165 0.001410 -0.024629 
-0.008690 0.024920 -0.018984 0.018334 
0.006320 0.003727 0.006181 0.003953 
-0.019879 0.009927 -0.022027 0.002923 
-0.018585 -0.020241 -0.006431 -0.026716 
-0.027700 -0.001522 -0.023338 -0.014999 
-0.023717 0.000983 -0.022406 -0.007840 
-0.003499 0.011429 -0.004577 0.011041 
0.019226 -0.000045 0.018649 0.004675 
-0.010165 -0.005329 -0.009655 -0.006206 
-0.008903 0.007958 -0.009623 0.007071 
-0.006909 0.006686 -0.007310 0.006245 
-0.014546 -0.005863 -0.013386 -0.008173 
0.000180 0.019756 -0.004941 0.019129 
-0.001074 -0.026280 0.010803 -0.023981 
-0.010319 -0.016646 -0.005743 -0.018724 
0.004888 0.006828 0.004559 0.007051 
-0.007129 0.008680 -0.007837 0.008046 
0.011732 0.004670 0.011166 0.005896 
-0.002619 -0.022334 0.004962 -0.021932 
-0.016412 0.007194 -0.017570 0.003519 
0.008874 -0.009462 0.009883 -0.008402 
0.020656 -0.007671 0.022025 -0.000658 
0.008974 0.008783 0.007997 0.009682 
0.014683 0.009184 0.012551 0.011933 
0.008183 -0.032598 0.028350 -0.018053 
-0.021271 -0.018116 -0.009360 -0.026326 
-0.023237 0.019701 -0.030366 0.002452 
-0.005231 0.031294 -0.023648 0.021154 
0.011187 0.019712 0.003869 0.022332 
0.009217 0.006928 0.008563 0.007721 
0.007689 0.003187 0.007532 0.003541 
-0.007521 -0.004795 -0.007255 -0.005189 
0.021825 -0.017419 0.027608 -0.004187 
-0.001136 -0.028072 0.013200 -0.024801 
-0.019462 -0.016650 -0.010515 -0.023354 
-0.019854 0.009762 -0.021942 0.002837 
-0.011468 -0.002154 -0.011224 -0.003191 
0.013715 0.019627 0.005348 0.023339 
0.016708 0.001162 0.016196 0.004268 
-0.025447 -0.004214 -0.021135 -0.014786 
0.030610 0.010452 0.016626 0.027746 
0.024404 -0.006459 0.024886 0.004241 
0.003998 -0.022237 0.011233 -0.019603 
0.014437 -0.018436 0.020101 -0.012011 
-0.023105 -0.002677 -0.020649 -0.010706 
-0.019463 -0.021375 -0.005117 -0.028452 
-0.024589 0.006079 -0.024883 -0.004735 
0.018517 0.013702 0.012581 0.019296 
-0.018292 0.011243 -0.020846 0.005143 
-0.005132 0.008141 -0.005628 0.007806 
0.005448 -0.011643 0.006703 -0.010969 
-0.014033 -0.008087 -0.012400 -0.010419 
-0.010535 0.020518 -0.017039 0.015545 
0.006989 -0.008095 0.007589 -0.007535 
0.015639 -0.018873 0.021788 -0.011227 
-0.027192 0.008477 -0.027652 -0.006828 
0.025003 0.004624 0.020744 0.014704 
-0.027999 -0.015362 -0.011986 -0.029602 
-0.006375 -0.018093 -0.001760 -0.019102 
0.019547 -0.013048 0.022945 -0.005084 
0.003557 -0.007467 0.003896 -0.007296 
0.013139 0.014483 0.009034 0.017343 
-0.020839 0.004383 -0.021195 -0.002060 
0.019329 -0.003525 0.019587 0.001543 
-0.012380 0.033174 -0.032981 0.012887 
-0.012930 0.020067 -0.019483 0.013794 
-0.014245 -0.002580 -0.013743 -0.004550 
0.003657 0.020489 -0.002367 0.020678 
-0.019276 -0.013127 -0.013323 -0.019141 
0.022012 -0.013924 0.025892 -0.002830 
0.012119 -0.015960 0.015930 -0.012158 
-0.020837 0.018863 -0.027514 0.005742 
-0.012112 0.021459 -0.019622 0.014905 
-0.008597 -0.010198 -0.007321 -0.011150 
-0.027618 -0.001941 -0.023091 -0.015274 
0.025845 0.003386 0.021716 0.014417 
-0.008055 -0.024200 0.002929 -0.025337 
-0.024871 0.001922 -0.023514 -0.008326 
-0.001770 0.006097 -0.001934 0.006046 
-0.025608 -0.004879 -0.020844 -0.015655 
0.016537 0.011511 0.012831 0.015535 
-0.019756 -0.011985 -0.014300 -0.018150 
0.022566 -0.020798 0.030493 -0.003456 
0.002962 -0.028476 0.017406 -0.022730 
-0.017685 0.001769 -0.017662 -0.001991 
0.013366 -0.025703 0.025023 -0.014600 
0.006980 -0.014714 0.009474 -0.013247 
-0.014622 -0.018313 -0.007045 -0.022350 
0.010181 -0.033591 0.031606 -0.015267 
0.010488 -0.023917 0.019975 -0.016824 
0.018204 0.008211 0.015386 0.012732 
-0.022836 -0.003681 -0.020088 -0.011469 
-0.008374 -0.017940 -0.003423 -0.019500 
0.016199 -0.009632 0.018015 -0.005536 
0.015432 -0.001157 0.015419 0.001327 
-0.027370 -0.003456 -0.022191 -0.016390 
0.026843 0.003208 0.022170 0.015470 
-0.008980 -0.021104 -0.001133 -0.022907 
-0.015366 0.030395 -0.032281 0.010860 
-0.017920 0.009133 -0.019713 0.003994 
-0.017340 -0.007197 -0.015171 -0.011058 
-0.008960 0.031746 -0.027846 0.017682 
0.008751 0.016999 0.004362 0.018615 
-0.019509 0.019783 -0.026745 0.007530 
0.017684 0.011968 0.013259 0.016738 
-0.033091 -0.011044 -0.014613 -0.031677 
-0.018762 -0.006703 -0.016337 -0.011404 
0.019118 -0.005592 0.019916 -0.000366 
-0.014155 -0.018370 -0.006759 -0.022184 
-0.008037 -0.008843 -0.007154 -0.009571 
-0.019197 -0.022074 -0.004130 -0.028961 
-0.020004 -0.013910 -0.013044 -0.020579 
0.007348 -0.010181 0.008382 -0.009348 
0.002576 -0.007457 0.002885 -0.007343 
0.014174 0.017461 0.007554 0.021183 
-0.017658 0.024285 -0.028335 0.009936 
-0.025810 0.005349 -0.025461 -0.006821 
0.001542 0.022817 -0.006395 0.021957 
0.007815 0.001411 0.007749 0.001740 
-0.029390 0.003852 -0.026572 -0.013135 
-0.010459 0.032070 -0.029728 0.015940 
0.001490 0.023350 -0.006993 0.022328 
0.004868 0.006365 0.004589 0.006569 
0.002700 0.019961 -0.002766 0.019952 
-0.001839 -0.018613 0.002540 -0.018531 
0.016415 0.014183 0.011200 0.018579 
-0.001167 -0.018580 0.003145 -0.018349 
0.012763 0.018017 0.006298 0.021163 
-0.010777 0.032650 -0.030826 0.015229 
-0.002980 0.025341 -0.013420 0.021701 
-0.005452 0.022010 -0.012574 0.018870 
-0.002161 -0.013210 -0.000561 -0.013374 
-0.012083 0.033590 -0.033273 0.012929 
-0.012254 0.025352 -0.023420 0.015634 
-0.032874 -0.010720 -0.015148 -0.031083 
-0.023071 -0.003395 -0.020341 -0.011403 
-0.014974 -0.003704 -0.014195 -0.006037 
0.002496 0.019214 -0.002370 0.019230 
-0.018029 -0.023131 -0.002491 -0.029221 
-0.029711 -0.014646 -0.012185 -0.030802 
-0.019011 -0.022011 -0.004199 -0.028780 
-0.023005 -0.003567 -0.020233 -0.011515 
0.008220 0.017345 0.003727 0.018829 
-0.005626 0.005409 -0.005842 0.005174 
-0.009851 -0.015768 -0.005964 -0.017609 
0.013173 0.004426 0.012490 0.006091 
-0.000878 -0.027901 0.013170 -0.024613 
-0.013206 -0.014888 -0.008833 -0.017833 
0.009074 0.018605 0.003427 0.020414 
-0.002026 0.012857 -0.003471 0.012544 
0.008310 -0.032395 0.028168 -0.018028 
-0.014434 -0.012530 -0.010962 -0.015658 
0.011637 0.020515 0.003356 0.023346 
-0.001527 0.025386 -0.012057 0.022391 
-0.004084 0.034533 -0.027854 0.020818 
0.031037 0.009965 0.016962 0.027837 
0.025215 -0.005874 0.025261 0.005670 
-0.002428 -0.023988 0.006874 -0.023110 
-0.010369 -0.009031 -0.009143 -0.010271 
-0.026965 -0.014320 -0.013479 -0.027395 
-0.015386 -0.006566 -0.013890 -0.009323 
-0.010299 0.018782 -0.015505 0.014779 
0.008794 -0.006721 0.009316 -0.005977 
0.023475 0.004193 0.020226 0.012632 
0.009710 0.009571 0.008444 0.010705 
0.013191 0.021039 0.003620 0.024567 
0.006336 0.002925 0.006237 0.003131 
-0.021234 0.017173 -0.026869 0.004882 
-0.001193 0.019948 -0.006431 0.018920 
-0.027853 0.004104 -0.026088 -0.010586 
-0.015438 0.024689 -0.026306 0.012486 
-0.023516 -0.004013 -0.020327 -0.012486 
-0.014134 -0.003353 -0.013520 -0.005314 
0.015998 0.014618 0.010681 0.018856 
-0.026003 -0.014339 -0.013589 -0.026403 
-0.011435 -0.002010 -0.011207 -0.003035 
0.014961 0.014343 0.010267 0.018004 
-0.013351 -0.013319 -0.009825 -0.016097 
0.014990 0.012104 0.011544 0.015426 
-0.018922 -0.009537 -0.015240 -0.014721 
0.011009 0.004772 0.010498 0.005811 
0.006200 -0.013778 0.008229 -0.012671 
-0.029197 -0.015028 -0.011937 -0.030591 
-0.008203 -0.019130 -0.002377 -0.020678 
0.013871 -0.009203 0.015333 -0.006481 
-0.003702 0.005981 -0.003899 0.005855 
-0.018866 -0.018266 -0.008731 -0.024766 
-0.019024 0.011265 -0.021638 0.004537 
-0.008538 -0.010813 -0.007095 -0.011810 
-0.033043 -0.005172 -0.020641 -0.026316 
-0.010790 0.020139 -0.017045 0.015215 
-0.013741 -0.012820 -0.010348 -0.015687 
0.000532 0.017618 -0.003125 0.017347 
0.002150 -0.007606 0.002467 -0.007509 
-0.003574 0.010862 -0.004512 0.010507 
0.016542 -0.011795 0.019136 -0.006824 
-0.003357 0.021776 -0.010148 0.019557 
-0.021590 -0.002593 -0.019704 -0.009198 
0.000145 -0.020108 0.005527 -0.019334 
0.024272 0.015077 0.012870 0.025510 
0.004906 0.002273 0.004860 0.002369 
-0.007353 -0.007850 -0.006722 -0.008396 
0.006557 -0.013897 0.008667 -0.012688 
-0.014210 -0.021532 -0.003519 -0.025557 
-0.004011 -0.022618 0.004079 -0.022606 
0.024212 0.012954 0.014903 0.023064 
-0.008492 0.017990 -0.012915 0.015131 
0.001943 -0.028208 0.016085 -0.023254 
0.001851 -0.023605 0.010392 -0.021275 
-0.001327 -0.013786 0.000453 -0.013843 
-0.012479 0.033531 -0.033538 0.012461 
-0.003319 0.034220 -0.026708 0.021648 
0.029367 0.015105 0.011760 0.030858 
0.021325 0.012724 0.014411 0.020224 
0.012325 -0.023874 0.022024 -0.015390 
0.007477 -0.007192 0.007977 -0.006633 
0.018054 0.001524 0.017285 0.005431 
-0.006662 0.012453 -0.008264 0.011453 
0.010351 0.016881 0.005606 0.018992 
-0.018967 -0.001367 -0.018083 -0.005884 
0.023109 -0.013593 0.026778 -0.001326 
0.020627 -0.014936 0.025000 -0.004851 
0.008751 -0.010645 0.010032 -0.009447 
-0.005238 -0.022714 0.003205 -0.023089 
-0.020654 0.012231 -0.023741 0.003542 
-0.023447 0.005329 -0.023721 -0.003934 
0.018445 0.013891 0.012414 0.019470 
-0.003402 -0.028235 0.011666 -0.025936 
-0.018953 -0.012032 -0.013889 -0.017638 
0.019436 -0.013228 0.022909 -0.005285 
0.008877 -0.010611 0.010162 -0.009387 
0.009761 -0.027331 0.022878 -0.017856 
-0.012726 -0.001332 -0.012504 -0.002719 
0.024451 0.014311 0.013652 0.024826 
0.010396 0.005146 0.009889 0.006062 
0.002919 -0.008422 0.003364 -0.008255 
0.026553 0.012900 0.015023 0.025413 
0.014177 -0.001159 0.014203 0.000770 
-0.033230 -0.005058 -0.020655 -0.026517 
-0.012423 0.027751 -0.026238 0.015363 
-0.009066 0.018784 -0.014087 0.015381 
0.002633 -0.035735 0.028828 -0.021281 
-0.035110 -0.000048 -0.023737 -0.025869 
0.000237 0.028560 -0.014659 0.024512 
0.025571 0.000028 0.023138 0.010886 
0.030112 0.012976 0.014045 0.029629 
0.018387 0.022818 0.002989 0.029151 
0.025850 -0.000402 0.023469 0.010844 
-0.026094 -0.003163 -0.021927 -0.014496 
0.005652 0.018233 0.001072 0.019059 
-0.005759 -0.023200 0.003336 -0.023670 
-0.018375 0.012295 -0.021356 0.005721 
-0.025309 -0.008413 -0.018617 -0.019098 
-0.002445 0.010179 -0.003186 0.009972 
0.014028 -0.013468 0.016960 -0.009516 
-0.016729 0.007746 -0.018047 0.003764 
-0.002192 -0.023977 0.007063 -0.023018 
-0.014703 -0.004944 -0.013717 -0.007243 
0.006234 0.023419 -0.003234 0.024018 
0.011058 -0.032193 0.030462 -0.015191 
-0.000112 -0.027359 0.013071 -0.024035 
-0.004571 -0.029077 0.012144 -0.026812 
-0.032455 -0.011674 -0.014298 -0.031387 
-0.020669 -0.008674 -0.016637 -0.015022 
0.007721 0.008777 0.006885 0.009447 
0.010917 0.018796 0.004515 0.021262 
-0.018030 0.013473 -0.021490 0.006692 
-0.028411 -0.016007 -0.011007 -0.030697 
-0.013772 -0.014956 -0.009151 -0.018155 
-0.002678 0.010232 -0.003438 0.010002 
0.022620 -0.013597 0.026321 -0.001949 
0.017292 -0.019065 0.023810 -0.009778 
-0.010904 -0.015198 -0.007071 -0.017317 
0.010373 0.010515 0.008729 0.011915 
0.023043 -0.004073 0.022968 0.004474 
-0.018197 -0.021516 -0.004748 -0.027777 
-0.025374 -0.013080 -0.014875 -0.024365 
-0.011305 -0.001792 -0.011104 -0.002777 
0.008487 0.018732 0.002904 0.020359 
-0.016254 0.009224 -0.017951 0.005198 
0.003773 -0.023364 0.012084 -0.020349 
0.014973 -0.009688 0.016684 -0.006298 
-0.009964 0.007409 -0.010676 0.006340 
-0.018451 0.019052 -0.025095 0.008582 
0.012813 0.018132 0.006231 0.021311 
-0.013515 0.026497 -0.026023 0.014406 
-0.000807 0.012244 -0.002037 0.012101 
0.008247 -0.025496 0.019121 -0.018774 
-0.013735 -0.001710 -0.013402 -0.003456 
0.020431 0.008983 0.016354 0.015188 
-0.027717 -0.001536 -0.023336 -0.015034 
-0.023909 -0.000966 -0.021805 -0.009855 
-0.007602 0.006829 -0.008061 0.006280 
-0.007971 -0.003337 -0.007794 -0.003732 
0.023073 0.004756 0.019762 0.012823 
0.012013 0.006123 0.011179 0.007539 
0.011538 -0.019656 0.017557 -0.014534 
-0.008830 0.006030 -0.009266 0.005336 
-0.018847 0.000525 -0.018438 -0.003942 
0.009346 0.004442 0.009003 0.005101 
0.002737 -0.007647 0.003073 -0.007519 
0.026315 0.014378 0.013513 0.026769 
0.007964 0.007973 0.007256 0.008622 
0.011571 0.022294 0.001393 0.025079 
-0.002502 0.018606 -0.006790 0.017502 
-0.013535 -0.016624 -0.007852 -0.019947 
-0.006513 0.005418 -0.006766 0.005098 
-0.026481 0.003509 -0.025121 -0.009084 
0.004945 0.027503 -0.009476 0.026288 
0.025782 0.012896 0.015055 0.024584 
0.015064 0.005055 0.013997 0.007522 
0.008412 -0.020170 0.014336 -0.016494 
-0.006584 0.013153 -0.008417 0.012062 
0.018260 0.021755 0.004443 0.028053 
0.020671 -0.003567 0.020815 0.002601 
-0.007603 0.021428 -0.014434 0.017568 
0.013549 -0.023780 0.023328 -0.014314 
0.007247 -0.006459 0.007640 -0.005988 
0.010776 0.004325 0.010342 0.005281 
0.004896 -0.012593 0.006398 -0.011901 
-0.008958 -0.008220 -0.008100 -0.009066 
-0.021837 -0.014540 -0.013072 -0.022746 
0.012088 -0.014076 0.014989 -0.010935 
-0.019618 -0.003157 -0.018107 -0.008183 
0.009606 -0.009000 0.010585 -0.007825 
0.015155 -0.013314 0.018184 -0.008734 
-0.006720 -0.005253 -0.006456 -0.005574 
0.018699 -0.009864 0.020778 -0.003900 
0.009536 0.003630 0.009260 0.004287 
-0.023181 0.005578 -0.023592 -0.003451 
0.008463 -0.021202 0.015214 -0.017020 
0.008804 0.023839 -0.002018 0.025333 
0.003184 -0.021598 0.009811 -0.019502 
-0.011805 0.016771 -0.016009 0.012821 
0.017211 -0.001249 0.017116 0.002191 
-0.022524 0.011082 -0.025088 0.000866 
-0.024474 -0.002416 -0.021533 -0.011880 
-0.011688 -0.013260 -0.008673 -0.015402 
0.008346 0.018317 0.003122 0.019885 
-0.008026 0.012111 -0.009655 0.010857 
0.014255 0.013350 0.010412 0.016523 
-0.015042 -0.015916 -0.009238 -0.019855 
-0.002195 0.017177 -0.005583 0.016392 
-0.011077 -0.001631 -0.010901 -0.002556 
0.017445 0.020069 0.006352 0.025821 
0.025408 0.000964 0.022650 0.011553 
0.021677 0.002237 0.019885 0.008914 
-0.001006 0.025307 -0.011472 0.022580 
-0.014287 0.025635 -0.025969 0.013670 
-0.023615 0.009511 -0.025424 -0.001322 
0.033058 0.011384 0.014227 0.031937 
0.019068 0.007128 0.016380 0.012087 
-0.019266 -0.004462 -0.017450 -0.009306 
0.004168 -0.020427 0.009864 -0.018367 
0.025796 0.003141 0.021819 0.014115 
0.017667 0.002736 0.016681 0.006433 
-0.005696 0.010069 -0.006576 0.009518 
0.011879 0.004253 0.011358 0.005496 
0.000199 -0.024975 0.010331 -0.022739 
0.004803 -0.032838 0.025666 -0.021039 
-0.023736 -0.015890 -0.011999 -0.025921 
0.003174 -0.019107 0.007832 -0.017715 
0.006174 0.007089 0.005743 0.007443 
0.003809 0.022700 -0.004329 0.022607 
0.014487 -0.018110 0.019948 -0.011829 
-0.022104 0.005524 -0.022662 -0.002351 
0.016125 0.012716 0.011934 0.016712 
-0.000401 -0.019803 0.004764 -0.019225 
-0.002792 0.012068 -0.004017 0.011717 
0.018035 -0.018094 0.024005 -0.008740 
-0.013958 -0.015705 -0.008766 -0.019095 
-0.008831 0.010939 -0.010199 0.009676 
-0.004147 0.023938 -0.013060 0.020486 
-0.020106 0.007930 -0.021571 0.001346 
-0.012942 -0.019915 -0.004668 -0.023288 
-0.009414 -0.009404 -0.008233 -0.010453 
-0.009402 -0.004183 -0.009081 -0.004839 
0.017236 -0.010986 0.019602 -0.005790 
0.012173 0.018716 0.005355 0.021675 
-0.004575 0.027674 -0.017891 0.021603 
0.025462 0.000240 0.022990 0.010947 
0.024734 0.015896 0.011979 0.026851 
0.002755 0.022403 -0.004913 0.022030 
0.005401 -0.000498 0.005409 -0.000392 
-0.003140 0.028179 -0.017166 0.022567 
0.003723 -0.022654 0.011338 -0.019963 
-0.010378 0.031027 -0.028229 0.016537 
0.002941 0.018572 -0.001505 0.018743 
0.002665 -0.005936 0.002832 -0.005858 
0.012609 0.016844 0.007127 0.019797 
-0.006052 0.034030 -0.028656 0.019325 
0.032334 0.012052 0.013919 0.031576 
0.024871 0.005983 0.019970 0.015987 
0.005643 -0.015725 0.008472 -0.014399 
-0.019014 -0.006470 -0.016592 -0.011317 
0.012536 0.006788 0.011497 0.008429 
0.017700 -0.009558 0.019614 -0.004462 
0.009937 0.014913 0.006519 0.016693 
-0.014320 -0.008071 -0.012630 -0.010521 
-0.015517 0.018028 -0.021092 0.010995 
0.013317 -0.019972 0.019865 -0.013477 
0.013519 0.013837 0.009658 0.016762 
0.009495 -0.009254 0.010518 -0.008073 
0.007816 -0.031731 0.026732 -0.018797 
-0.019246 -0.016790 -0.010317 -0.023364 
-0.013910 0.009505 -0.015458 0.006700 
0.007574 -0.005903 0.007925 -0.005423 
0.008074 0.003049 0.007911 0.003448 
-0.020425 0.003250 -0.020510 -0.002664 
0.021781 -0.002794 0.021539 0.004274 
-0.010074 -0.019642 -0.003232 -0.021837 
0.021508 -0.015037 0.025956 -0.003873 
0.015533 -0.009868 0.017356 -0.006116 
-0.002293 0.018423 -0.006454 0.017407 
-0.013124 -0.005983 -0.012164 -0.007750 
-0.019991 0.014246 -0.023983 0.005235 
-0.020071 -0.014985 -0.012197 -0.021877 
0.005575 -0.005723 0.005815 -0.005479 
0.010573 0.008515 0.009443 0.009754 
0.025656 0.002491 0.022075 0.013310 
0.018939 0.000909 0.018173 0.005407 
-0.015801 0.012318 -0.018508 0.007671 
0.007509 0.002809 0.007381 0.003131 
-0.009184 -0.003722 -0.008919 -0.004319 
0.020425 0.001982 0.019063 0.007598 
-0.002456 0.021246 -0.008759 0.019512 
-0.026384 -0.000079 -0.023523 -0.011950 
-0.024915 -0.015218 -0.012716 -0.026281 
0.000923 -0.026974 0.013478 -0.023383 
0.014257 -0.024377 0.024693 -0.013701 
0.023561 -0.010196 0.025658 0.000866 
-0.027136 -0.002221 -0.022789 -0.014897 
0.008779 0.021981 0.000098 0.023669 
0.012723 -0.018945 0.018440 -0.013445 
0.012282 0.019927 0.004300 0.023010 
0.013604 0.007367 0.012251 0.009447 
0.017573 -0.019427 0.024375 -0.009597 
-0.020017 -0.012561 -0.014032 -0.019016 
0.007933 -0.009651 0.008898 -0.008769 
0.009849 -0.016213 0.013439 -0.013388 
-0.027875 -0.003120 -0.022510 -0.016734 
0.031119 0.011247 0.015556 0.029205 
0.024737 -0.006708 0.025234 0.004485 
-0.000707 -0.016306 0.002203 -0.016172 
0.008067 0.018990 0.002391 0.020494 
-0.000492 0.011461 -0.001501 0.011373 
0.011619 -0.031608 0.030209 -0.014882 
-0.006606 -0.022497 0.001948 -0.023366 
-0.014835 0.011370 -0.017070 0.007614 
0.006535 -0.017266 0.010279 -0.015335 
-0.024296 -0.003839 -0.020806 -0.013120 
0.018301 0.021188 0.005192 0.027512 
0.026608 -0.004988 0.025811 0.008164 
-0.005675 -0.030273 0.013429 -0.027719 
-0.034292 -0.010272 -0.014598 -0.032686 
-0.026479 -0.013139 -0.014790 -0.025593 
-0.010221 -0.008985 -0.009029 -0.010182 
-0.018903 -0.009526 -0.015235 -0.014696 
0.010883 0.004208 0.010453 0.005183 
0.002939 -0.008253 0.003360 -0.008091 
-0.006811 0.006475 -0.007183 0.006060 
-0.028096 -0.002399 -0.022972 -0.016352 
-0.024814 0.003780 -0.024181 -0.006731 
-0.000368 0.026936 -0.012927 0.023634 
0.000554 0.018416 -0.003618 0.018066 
0.003287 -0.007277 0.003595 -0.007130 
-0.003923 0.006467 -0.004169 0.006312 
-0.026475 -0.006429 -0.020189 -0.018294 
0.001582 0.018465 -0.002677 0.018339 
0.003491 -0.014062 0.005430 -0.013433 
-0.022224 0.002632 -0.021849 -0.004843 
0.016122 -0.019107 0.022504 -0.010889 
0.008469 0.014517 0.005583 0.015852 
-0.015034 -0.006193 -0.013706 -0.008749 
-0.007480 0.023965 -0.016655 0.018785 
0.011790 0.004177 0.011287 0.005389 
0.006253 -0.007211 0.006682 -0.006816 
0.007991 0.008561 0.007170 0.009259 
0.033116 0.011682 0.013816 0.032284 
0.023665 -0.001032 0.022387 0.007740 
0.002146 -0.009097 0.002675 -0.008955 
0.001112 0.028237 -0.013459 0.024848 
0.012158 0.020546 0.003614 0.023599 
0.009552 0.026146 -0.004698 0.027437 
