0.003890 -0.031077 0.022479 -0.021808 
-0.015864 0.020163 -0.023096 0.011172 
0.011335 -0.041293 0.042787 -0.001679 
0.001172 -0.033213 0.023758 -0.023238 
-0.029997 -0.003937 -0.021902 -0.020872 
-0.014800 -0.015976 -0.008887 -0.019882 
0.017479 0.023509 0.001403 0.029261 
0.017644 0.005344 0.015921 0.009293 
-0.002495 -0.033031 0.020849 -0.025740 
0.020906 -0.032171 0.038359 0.000765 
0.032818 -0.001492 0.025161 0.021122 
0.028440 -0.014846 0.031250 0.007259 
0.022018 0.002679 0.019873 0.009849 
-0.008638 0.015884 -0.011969 0.013553 
0.017962 0.018102 0.008344 0.024098 
-0.013063 -0.018905 -0.005478 -0.022317 
0.028930 0.004562 0.021478 0.019911 
0.023706 0.024284 -0.000691 0.033929 
0.032768 -0.000308 0.024404 0.021869 
0.025610 0.015370 0.012054 0.027327 
-0.023397 0.011585 -0.026107 -0.000262 
-0.010442 -0.021521 -0.001372 -0.023881 
0.021577 -0.011746 0.024484 -0.002026 
0.019763 0.000271 0.018979 0.005518 
-0.031721 -0.004822 -0.020925 -0.024323 
0.023763 0.014801 0.012768 0.024914 
-0.013681 0.010148 -0.015424 0.007229 
-0.027777 0.022681 -0.035135 -0.007177 
-0.004212 0.029582 -0.020514 0.021725 
0.015106 -0.020906 0.022799 -0.012061 
-0.025164 0.005156 -0.024871 -0.006421 
0.027222 -0.008967 0.027785 0.007032 
-0.025204 -0.023588 0.000094 -0.034520 
-0.024791 -0.003974 -0.020815 -0.014040 
-0.002153 -0.028678 0.013663 -0.025306 
-0.009964 -0.002063 -0.009791 -0.002768 
0.008609 -0.026273 0.020651 -0.018382 
-0.010607 0.009887 -0.011924 0.008252 
-0.017277 0.032444 -0.036343 0.005504 
-0.029975 0.007032 -0.028077 -0.012635 
0.023011 0.014920 0.012597 0.024361 
-0.042554 -0.011273 0.001045 -0.044010 
-0.029576 -0.003512 -0.022203 -0.019852 
0.024093 0.016889 0.010441 0.027509 
0.020636 -0.011924 0.023624 -0.003148 
0.019854 0.015427 0.011489 0.022365 
0.003995 -0.028536 0.018810 -0.021827 
0.019573 -0.015302 0.024144 -0.005861 
-0.009124 -0.005030 -0.008723 -0.005698 
0.012252 0.008790 0.010730 0.010595 
0.027188 -0.002271 0.024803 0.011365 
-0.022632 0.025355 -0.033951 0.001563 
0.030282 0.007440 0.019113 0.024639 
0.001325 -0.016073 0.004169 -0.015579 
-0.019032 0.022400 -0.028320 0.007871 
0.027132 0.001460 0.022984 0.014491 
0.028347 0.021715 0.001369 0.035682 
0.012490 -0.042326 0.044055 0.002572 
0.016328 -0.026838 0.029573 -0.010598 
0.013495 0.000924 0.013272 0.002614 
-0.027234 -0.017930 -0.008252 -0.031545 
0.008847 -0.008333 0.009648 -0.007391 
0.031755 0.004283 0.021348 0.023896 
0.011640 0.021827 0.001686 0.024679 
-0.019920 0.017708 -0.025908 0.006260 
0.013535 0.010047 0.011322 0.012488 
0.017103 -0.026861 0.030374 -0.009562 
-0.009489 0.027764 -0.023390 0.017714 
0.015080 -0.023010 0.024540 -0.012436 
0.006530 0.007814 0.005955 0.008261 
-0.010741 0.018701 -0.016086 0.014365 
0.038640 0.003918 0.016196 0.035300 
0.016230 -0.023085 0.025889 -0.011228 
0.006691 0.008366 0.006009 0.008868 
-0.004405 0.016613 -0.007673 0.015379 
0.011732 -0.023375 0.021068 -0.015497 
-0.009617 0.015430 -0.012854 0.012859 
-0.004867 0.029118 -0.020472 0.021271 
-0.006521 0.013370 -0.008476 0.012224 
0.012271 0.004423 0.011669 0.005829 
-0.010581 -0.020017 -0.003002 -0.022442 
0.010714 0.010962 0.008807 0.012546 
0.016900 0.025820 -0.002365 0.030768 
0.011582 0.003286 0.011197 0.004425 
-0.025460 -0.000497 -0.022745 -0.011451 
0.021921 -0.012016 0.024936 -0.001767 
0.017406 0.009610 0.014178 0.013939 
0.012853 -0.043391 0.044881 0.005804 
0.005455 -0.038453 0.035917 -0.014777 
-0.018148 -0.018678 -0.007786 -0.024851 
-0.008744 0.016666 -0.012513 0.014058 
0.011730 0.024046 -0.001056 0.026734 
-0.004287 0.010232 -0.005138 0.009832 
-0.004718 -0.026919 0.009146 -0.025753 
-0.019620 0.010353 -0.021946 0.003236 
0.008070 -0.008745 0.008884 -0.007917 
0.011985 0.005589 0.011226 0.006990 
0.007602 -0.010846 0.008854 -0.009850 
0.014430 0.006607 0.013072 0.009000 
0.008997 -0.008797 0.009902 -0.007764 
0.006421 -0.032158 0.026447 -0.019389 
-0.030755 -0.003772 -0.021947 -0.021873 
-0.014044 -0.018299 -0.006549 -0.022118 
0.011003 0.002438 0.010748 0.003390 
-0.027377 0.004940 -0.026086 -0.009665 
0.011760 -0.023839 0.021548 -0.015565 
-0.000765 0.034221 -0.025255 0.023105 
-0.006447 0.025541 -0.017477 0.019709 
-0.030173 -0.005391 -0.020815 -0.022499 
-0.009587 -0.010772 -0.007950 -0.012031 
-0.017656 -0.007357 -0.015262 -0.011529 
0.000693 0.025752 -0.010750 0.023411 
-0.014690 -0.027692 0.005905 -0.030786 
-0.005507 -0.034306 0.021653 -0.027173 
-0.028597 0.007704 -0.027908 -0.009915 
0.023605 0.026611 -0.005191 0.035191 
0.025933 0.018070 0.008544 0.030431 
-0.007666 0.017023 -0.011496 0.014710 
0.031045 0.009032 0.017372 0.027269 
0.007666 -0.017074 0.011525 -0.014746 
-0.016749 -0.019777 -0.006155 -0.025175 
-0.010803 0.009324 -0.012001 0.007721 
-0.010355 0.011712 -0.012171 0.009810 
-0.011170 0.014594 -0.014236 0.011624 
0.021624 0.024713 -0.000799 0.032828 
0.024940 0.014741 0.012824 0.025978 
-0.020928 -0.005359 -0.018161 -0.011701 
0.002474 -0.016164 0.005394 -0.015437 
-0.024870 0.003268 -0.023941 -0.007485 
0.012455 0.010192 0.010448 0.012242 
0.026115 -0.002820 0.024509 0.009448 
-0.019317 0.019941 -0.026757 0.007407 
0.017048 -0.022600 0.026371 -0.010295 
0.010587 0.002751 0.010325 0.003614 
-0.027700 -0.002432 -0.022624 -0.016167 
-0.002728 -0.036263 0.026989 -0.024373 
-0.023168 -0.026799 0.005364 -0.035016 
-0.030204 0.010538 -0.029830 -0.011556 
0.036802 0.017370 -0.000470 0.040693 
0.023489 0.024659 -0.001301 0.034031 
0.023443 -0.004060 0.023225 0.005160 
-0.026746 -0.002431 -0.022350 -0.014891 
0.004054 -0.029607 0.020404 -0.021834 
0.016356 -0.018290 0.022341 -0.010144 
-0.027541 0.016364 -0.031567 -0.005456 
-0.030830 -0.002617 -0.022755 -0.020965 
-0.020439 -0.020495 -0.005939 -0.028329 
0.020706 0.017425 0.009698 0.025265 
-0.017032 0.009371 -0.018871 0.004669 
0.002723 -0.008077 0.003124 -0.007931 
-0.010783 0.009295 -0.011972 0.007703 
-0.009960 0.012255 -0.011909 0.010371 
-0.021368 0.017314 -0.027152 0.004373 
0.008372 0.005554 0.007966 0.006123 
-0.029285 0.016534 -0.032452 -0.008824 
-0.029625 -0.004782 -0.021320 -0.021119 
-0.016614 -0.008508 -0.014114 -0.012215 
-0.019123 0.016586 -0.024378 0.006821 
-0.006887 -0.034864 0.022217 -0.027737 
-0.034377 -0.013776 -0.008962 -0.035934 
-0.011403 -0.000794 -0.011285 -0.001817 
0.037973 -0.004567 0.024120 0.029682 
0.008439 -0.042555 0.043252 -0.003376 
-0.025956 -0.026667 0.006754 -0.036595 
-0.039120 -0.007289 -0.011579 -0.038072 
-0.018999 0.019142 -0.025860 0.007657 
0.016540 0.008950 0.013891 0.012677 
0.010349 -0.024243 0.020356 -0.016748 
0.000891 0.024047 -0.008522 0.022504 
0.009732 -0.010045 0.010994 -0.008646 
0.022407 -0.023115 0.032071 -0.002788 
-0.016877 -0.019150 -0.006891 -0.024578 
0.034792 -0.005459 0.026956 0.022664 
0.013631 -0.034154 0.035546 -0.009421 
-0.000100 -0.019753 0.005152 -0.019070 
-0.010677 0.034588 -0.033770 0.013034 
-0.040722 -0.015266 0.003966 -0.043308 
-0.043062 -0.000221 -0.012218 -0.041293 
-0.017471 0.028450 -0.032332 0.008322 
-0.034669 -0.000840 -0.022808 -0.026123 
-0.032255 0.016836 -0.033053 -0.015210 
0.040989 0.001620 0.014895 0.038221 
0.015513 -0.031252 0.033616 -0.009343 
0.038416 -0.006045 0.024591 0.030127 
0.000192 -0.034838 0.025988 -0.023202 
-0.021779 0.003765 -0.021800 -0.003641 
0.019667 -0.016219 0.024750 -0.006103 
0.040814 0.006992 0.009012 0.040416 
0.026890 -0.023978 0.035531 0.005966 
0.008934 -0.023669 0.018184 -0.017589 
-0.011420 0.015586 -0.015010 0.012167 
0.003685 0.023955 -0.006048 0.023470 
-0.001719 -0.023485 0.007162 -0.022432 
-0.007992 0.006263 -0.008416 0.005680 
-0.008773 -0.008811 -0.007786 -0.009694 
-0.003046 -0.037026 0.028375 -0.023981 
-0.028559 -0.005241 -0.020996 -0.020056 
0.012768 0.020505 0.003724 0.023867 
-0.027043 0.024207 -0.035723 -0.006417 
0.007421 0.032198 -0.016586 0.028577 
0.026351 -0.004909 0.025519 0.008202 
-0.003661 0.029387 -0.019713 0.022100 
0.025560 -0.023853 0.034815 0.003194 
0.007790 -0.027239 0.020940 -0.019084 
-0.004155 0.009883 -0.004924 0.009523 
-0.026496 -0.011807 -0.015695 -0.024395 
0.021029 -0.003430 0.021064 0.003209 
-0.025061 0.007449 -0.025712 -0.004736 
0.009891 0.022635 -0.000210 0.024701 
-0.011052 0.010500 -0.012585 0.008603 
-0.005878 0.014289 -0.008139 0.013134 
0.028982 -0.002234 0.025434 0.014073 
-0.020138 0.022892 -0.029828 0.006316 
-0.007851 -0.011738 -0.006169 -0.012703 
0.001289 -0.035179 0.027370 -0.022139 
-0.002615 -0.025559 0.008881 -0.024109 
0.004795 0.029783 -0.013596 0.026929 
0.025375 -0.003810 0.024477 0.007699 
-0.013276 -0.012026 -0.010315 -0.014645 
-0.033776 0.007409 -0.028380 -0.019756 
0.027041 0.014754 0.012487 0.028159 
-0.022916 0.012258 -0.025980 0.000668 
-0.025238 -0.018062 -0.008750 -0.029776 
-0.014828 0.022480 -0.023788 0.012624 
-0.015608 -0.009811 -0.012905 -0.013165 
-0.026777 -0.004103 -0.021437 -0.016562 
0.000156 -0.023152 0.008505 -0.021534 
-0.011016 0.007717 -0.011890 0.006287 
-0.025438 0.000795 -0.023289 -0.010265 
0.011613 0.004002 0.011135 0.005186 
-0.011879 -0.025836 0.003582 -0.028210 
0.005818 -0.007170 0.006229 -0.006816 
0.014132 0.024878 -0.001361 0.028579 
0.010196 0.004449 0.009780 0.005301 
-0.015106 -0.011896 -0.011620 -0.015319 
-0.031253 -0.004513 -0.021297 -0.023314 
-0.009353 -0.010761 -0.007759 -0.011961 
-0.024222 -0.024984 0.002247 -0.034725 
-0.013781 0.033526 -0.034883 0.009853 
-0.023594 -0.017171 -0.010138 -0.027363 
0.001500 -0.016356 0.004498 -0.015797 
-0.020605 0.024994 -0.031988 0.005104 
0.026070 0.015300 0.012059 0.027719 
-0.006438 0.013795 -0.008550 0.012596 
0.010156 0.008464 0.009065 0.009623 
0.024889 0.012523 0.015027 0.023463 
-0.027793 0.000943 -0.024417 -0.013309 
-0.003964 0.009386 -0.004625 0.009079 
0.001451 -0.029530 0.017929 -0.023509 
0.002999 -0.012392 0.004365 -0.011979 
0.006325 0.032499 -0.017678 0.027994 
0.030654 -0.001575 0.025368 0.017280 
0.031902 0.003991 0.021536 0.023872 
-0.023050 -0.027739 0.007275 -0.035324 
-0.035201 -0.003535 -0.020213 -0.029035 
0.004018 0.034078 -0.021950 0.026375 
0.015897 0.027461 -0.005341 0.031278 
0.003571 0.036251 -0.026540 0.024950 
0.030757 0.006427 0.019864 0.024345 
0.006006 -0.008020 0.006546 -0.007586 
0.032353 -0.008588 0.029169 0.016420 
-0.026403 -0.012790 -0.014743 -0.025364 
0.019760 -0.023060 0.029590 -0.006827 
-0.018268 -0.026348 0.003270 -0.031894 
0.005172 -0.026984 0.017901 -0.020843 
0.021688 0.002324 0.019784 0.009184 
-0.012271 0.015051 -0.015727 0.011392 
0.005181 0.031730 -0.016818 0.027401 
0.029596 -0.002119 0.025521 0.015135 
0.010273 -0.014323 0.013082 -0.011813 
-0.001159 -0.037247 0.029781 -0.022400 
-0.029482 -0.023953 0.004016 -0.037773 
-0.004102 0.040005 -0.037720 0.013943 
0.027956 0.001198 0.023368 0.015392 
-0.014765 -0.013451 -0.010559 -0.016955 
0.010545 0.021393 0.001571 0.023799 
-0.005481 0.009479 -0.006245 0.008994 
0.010298 -0.009883 0.011580 -0.008344 
0.004293 -0.035050 0.029352 -0.019633 
-0.029719 0.003143 -0.026080 -0.014592 
-0.012405 0.016128 -0.016443 0.011984 
0.028918 0.022869 -0.001293 0.036845 
0.015775 -0.037907 0.041054 -0.000602 
0.026069 -0.023034 0.034575 0.003830 
0.012325 -0.030303 0.029500 -0.014139 
0.038765 0.009590 0.009075 0.038889 
0.022491 -0.006214 0.023204 0.002461 
-0.016868 0.023443 -0.026903 0.010504 
0.012084 -0.034079 0.034219 -0.011682 
0.021614 0.015476 0.011858 0.023792 
-0.017756 0.023627 -0.028014 0.009419 
0.017760 0.017243 0.009133 0.023008 
0.009836 -0.014118 0.012492 -0.011832 
0.007985 -0.008039 0.008664 -0.007302 
0.030454 -0.004928 0.027140 0.014667 
-0.023298 -0.017997 -0.009142 -0.027985 
0.001873 0.032553 -0.020382 0.025451 
0.014141 0.017590 0.007230 0.021379 
-0.034925 0.002214 -0.024862 -0.024628 
-0.027002 0.023539 -0.035321 -0.005967 
-0.014674 0.027694 -0.028786 0.012395 
-0.020062 -0.015397 -0.011575 -0.022484 
0.007722 0.027162 -0.007601 0.027196 
0.024915 -0.024850 0.035105 0.002436 
-0.001360 -0.035466 0.026187 -0.023957 
-0.019905 -0.018237 -0.008667 -0.025567 
-0.012524 0.009322 -0.013907 0.007097 
-0.027630 0.022437 -0.034945 -0.006757 
-0.004463 0.030386 -0.021943 0.021488 
0.026470 -0.019020 0.032401 0.003550 
0.015447 -0.017383 0.020716 -0.010565 
-0.019534 0.017463 -0.025345 0.006643 
0.008919 0.011146 0.007271 0.012285 
0.040471 0.008083 0.008191 0.040450 
0.016733 -0.015309 0.021007 -0.008549 
0.008308 0.027884 -0.008428 0.027849 
0.018846 -0.020010 0.026303 -0.007982 
0.029823 0.006748 0.019790 0.023309 
-0.024883 -0.017095 -0.010088 -0.028454 
0.004395 -0.009255 0.005052 -0.008913 
0.037048 0.021319 -0.008932 0.041800 
0.009330 0.016769 0.004821 0.018574 
-0.010264 -0.005111 -0.009760 -0.006019 
0.010266 0.009251 0.008963 0.010518 
0.009058 0.008962 0.008001 0.009918 
0.026117 0.024941 -0.003259 0.035966 
0.002611 -0.032492 0.023665 -0.022417 
-0.030507 -0.004003 -0.021810 -0.021704 
-0.022728 -0.024596 0.000903 -0.033477 
-0.026844 -0.002920 -0.022119 -0.015488 
0.005788 -0.027493 0.019181 -0.020528 
0.034649 0.001920 0.021969 0.026863 
0.031571 0.000603 0.024023 0.020494 
0.029646 0.009808 0.017094 0.026132 
0.005578 -0.006422 0.005891 -0.006136 
0.011464 0.023919 -0.001006 0.026505 
-0.004229 0.013742 -0.006137 0.013002 
0.022184 -0.015331 0.026822 -0.002788 
0.018620 0.021478 0.004455 0.028075 
-0.016693 0.031506 -0.034890 0.007344 
-0.039016 -0.009332 -0.009025 -0.039088 
-0.013476 0.019218 -0.019638 0.012855 
0.021165 -0.025752 0.033105 -0.003894 
-0.024783 -0.019082 -0.007447 -0.030379 
-0.001964 0.033973 -0.025697 0.022310 
0.009970 0.030612 -0.012522 0.029660 
0.006023 -0.039348 0.037698 -0.012782 
-0.026386 -0.021708 -0.002654 -0.034066 
-0.022552 0.028228 -0.036131 -0.000107 
0.030784 0.020741 0.001051 0.037105 
0.011999 -0.038897 0.040364 -0.005263 
-0.008739 -0.024058 0.002634 -0.025460 
0.009885 0.029330 -0.010180 0.029229 
0.006863 -0.026405 0.018939 -0.019638 
-0.004845 0.007457 -0.005244 0.007182 
-0.037276 -0.018322 0.003112 -0.041418 
-0.026644 -0.024081 0.001903 -0.035863 
-0.021212 0.029611 -0.036403 0.001267 
0.032890 0.010864 0.014279 0.031557 
-0.019117 0.036613 -0.041151 -0.003553 
-0.014116 0.026272 -0.026660 0.013368 
0.037012 -0.007372 0.026697 0.026674 
0.009171 -0.033140 0.030406 -0.016059 
0.044996 0.014903 -0.013891 0.045318 
0.043734 0.012822 -0.006624 0.045091 
0.033145 0.002574 0.022210 0.024738 
-0.024677 -0.001641 -0.021845 -0.011594 
0.020412 0.006628 0.017324 0.012668 
-0.014902 -0.000682 -0.014623 -0.002950 
0.028928 0.008541 0.018415 0.023888 
0.004959 -0.013491 0.006824 -0.012651 
-0.015292 -0.012918 -0.011190 -0.016599 
-0.024610 0.003261 -0.023767 -0.007170 
0.026685 0.003937 0.021508 0.016279 
0.011948 0.009601 0.010244 0.011402 
0.026530 -0.003169 0.024881 0.009739 
-0.011254 0.029737 -0.027714 0.015586 
0.012725 0.002438 0.012358 0.003891 
-0.017947 -0.026435 0.003417 -0.031768 
-0.001922 -0.023982 0.007544 -0.022846 
0.020968 0.016458 0.010763 0.024386 
-0.001616 -0.022660 0.006376 -0.021805 
0.018380 0.027976 -0.006353 0.032866 
0.024374 0.026839 -0.006083 0.035741 
0.031842 0.010584 0.015313 0.029857 
-0.003337 0.037193 -0.032401 0.018564 
0.031394 0.018099 0.005157 0.035869 
0.003327 0.034221 -0.022614 0.025899 
0.016508 0.024290 0.000073 0.029369 
-0.009197 0.028181 -0.023605 0.017933 
0.013365 0.003130 0.012847 0.004834 
0.008049 -0.008001 0.008727 -0.007256 
0.008166 0.005558 0.007774 0.006094 
-0.010677 -0.006922 -0.009840 -0.008067 
0.019325 -0.018465 0.025758 -0.007137 
-0.022444 -0.004171 -0.019546 -0.011793 
0.008188 -0.009825 0.009241 -0.008842 
0.013261 0.023647 0.000123 0.027111 
-0.022965 0.015388 -0.027588 0.001760 
-0.005278 0.009380 -0.006009 0.008929 
0.005982 -0.010744 0.007067 -0.010063 
0.028095 -0.005120 0.026502 0.010640 
-0.030967 0.009544 -0.029525 -0.013352 
0.036594 0.018663 -0.002618 0.040995 
0.023570 0.023935 0.000002 0.033592 
0.030392 -0.011219 0.030208 0.011707 
-0.031962 -0.001937 -0.023051 -0.022225 
0.004030 0.032428 -0.018780 0.026741 
0.010572 0.023931 -0.001457 0.026122 
-0.007577 0.014789 -0.010237 0.013089 
0.016161 0.009382 0.013459 0.012963 
0.025777 -0.019596 0.032295 0.002347 
0.018622 -0.013973 0.022437 -0.006214 
0.001960 0.033425 -0.021928 0.025303 
0.016923 0.021085 0.004642 0.026635 
-0.004499 0.039223 -0.036628 0.014733 
0.039740 0.010206 0.006506 0.040510 
0.027248 -0.002469 0.024920 0.011294 
0.001727 -0.010914 0.002638 -0.010731 
-0.011173 0.007801 -0.012077 0.006311 
-0.019583 0.019287 -0.026583 0.006990 
-0.033115 -0.005274 -0.019970 -0.026937 
0.035297 0.004653 0.019098 0.030046 
0.027609 -0.015830 0.031325 0.005617 
0.025464 0.003311 0.021426 0.014152 
0.006299 0.023625 -0.003689 0.024171 
-0.008786 -0.031508 0.014681 -0.029231 
-0.026763 0.005703 -0.026092 -0.008246 
0.018584 -0.034480 0.039162 -0.000749 
0.017332 -0.014519 0.021278 -0.007647 
0.009461 0.030498 -0.012491 0.029387 
0.001638 -0.028730 0.016899 -0.023292 
-0.018688 0.019472 -0.025752 0.008077 
0.009549 0.009474 0.008297 0.010588 
0.032053 0.018874 0.003160 0.037063 
0.003141 0.034901 -0.024053 0.025483 
0.030239 0.002542 0.022844 0.019975 
-0.022111 -0.005449 -0.018807 -0.012839 
0.009220 0.010641 0.007685 0.011798 
0.024361 0.029244 -0.011386 0.036318 
0.043009 0.011864 -0.003129 0.044506 
0.024532 0.016229 0.011185 0.027205 
-0.025196 0.006832 -0.025560 -0.005312 
-0.010594 -0.017481 -0.005193 -0.019770 
0.011116 0.005396 0.010488 0.006534 
0.006979 -0.013648 0.009088 -0.012344 
-0.011397 -0.006861 -0.010477 -0.008197 
0.015406 0.005654 0.014098 0.008399 
-0.020456 -0.025520 0.002011 -0.032645 
-0.029369 -0.004637 -0.021431 -0.020609 
-0.008016 -0.005017 -0.007692 -0.005502 
0.011149 0.010246 0.009398 0.011873 
0.029364 -0.004238 0.026541 0.013259 
-0.013671 -0.023193 -0.000891 -0.026907 
0.015823 -0.018683 0.021992 -0.010759 
-0.027767 -0.004158 -0.021620 -0.017914 
-0.007399 -0.004126 -0.007186 -0.004487 
0.028795 -0.000097 0.024273 0.015492 
0.008822 -0.012538 0.010728 -0.010951 
0.007219 -0.015497 0.010173 -0.013740 
-0.029770 0.000999 -0.024949 -0.016272 
0.017270 -0.029706 0.033452 -0.007850 
0.005910 -0.013989 0.008049 -0.012877 
-0.008655 -0.008852 -0.007674 -0.009715 
0.006709 -0.009116 0.007487 -0.008489 
0.016230 0.012169 0.012177 0.016224 
0.008793 -0.040135 0.040334 -0.007829 
-0.023926 -0.019696 -0.006768 -0.030242 
0.023506 0.008768 0.017644 0.017835 
-0.027549 0.010141 -0.028507 -0.007012 
0.027989 0.020077 0.004494 0.034151 
0.009928 -0.040133 0.040877 -0.006192 
0.004302 -0.030775 0.022385 -0.021552 
0.020150 -0.016509 0.025428 -0.005653 
-0.009389 -0.011411 -0.007572 -0.012690 
-0.029786 -0.005367 -0.020878 -0.021912 
0.024186 0.024773 -0.001822 0.034573 
0.032510 -0.007225 0.028467 0.017285 
-0.000982 -0.032649 0.021173 -0.024872 
0.012032 -0.022598 0.020689 -0.015079 
0.002028 0.021632 -0.004993 0.021146 
0.010630 -0.015577 0.014092 -0.012532 
-0.000214 -0.035337 0.026655 -0.023201 
-0.006774 -0.026407 0.007038 -0.026338 
0.039735 0.006903 0.011061 0.038784 
0.026719 -0.023280 0.035047 0.005254 
0.008783 -0.026722 0.021369 -0.018291 
0.001116 0.024413 -0.008744 0.022820 
-0.024035 -0.016152 -0.011308 -0.026659 
0.017428 -0.008680 0.019078 -0.003884 
-0.005723 0.026110 -0.017387 0.020303 
-0.012164 0.008739 -0.013365 0.006762 
-0.020984 0.018221 -0.027328 0.005050 
0.008042 0.001512 0.007964 0.001882 
-0.023851 0.025518 -0.034921 -0.000757 
0.037337 0.016109 0.000972 0.040652 
0.021203 0.030464 -0.012426 0.034975 
0.023288 0.026534 -0.004880 0.034966 
0.031287 0.019289 0.003204 0.036616 
0.001841 0.033451 -0.022053 0.025219 
0.015396 0.026484 -0.003672 0.030413 
0.005890 0.025935 -0.006943 0.025673 
0.022619 -0.018294 0.028955 -0.002813 
0.009140 -0.010144 0.010364 -0.008889 
0.023103 -0.013494 0.026738 -0.000944 
0.021822 0.028125 -0.007542 0.034790 
0.032243 -0.008642 0.029197 0.016182 
-0.028332 -0.013686 -0.013359 -0.028487 
0.020343 -0.016166 0.025434 -0.005319 
0.035222 0.002742 0.020898 0.028485 
-0.010673 -0.031949 0.014940 -0.030190 
-0.029409 -0.002862 -0.022624 -0.019005 
-0.025762 -0.023212 -0.000302 -0.034675 
-0.016952 0.022844 -0.026473 0.010411 
0.013302 -0.026071 0.025562 -0.014254 
0.024426 0.015986 0.011475 0.026842 
-0.007730 -0.037844 0.028418 -0.026161 
-0.042281 -0.012831 0.003061 -0.044079 
-0.033841 -0.001401 -0.022809 -0.025039 
-0.001202 0.020658 -0.007158 0.019415 
-0.009558 -0.003050 -0.009324 -0.003706 
0.014137 -0.042016 0.044072 0.004784 
0.006561 -0.038788 0.037130 -0.012996 
-0.013614 -0.017206 -0.007268 -0.020701 
0.008597 0.003238 0.008394 0.003732 
-0.017362 0.026792 -0.030562 0.009232 
-0.012421 -0.010796 -0.010202 -0.012913 
-0.015010 -0.018999 -0.006333 -0.023370 
0.032644 -0.001012 0.024893 0.021143 
0.019836 -0.014384 0.023945 -0.005195 
0.001600 0.021236 -0.005008 0.020700 
-0.001454 -0.029709 0.015821 -0.025188 
-0.015508 -0.007361 -0.013705 -0.010338 
-0.005740 0.009189 -0.006464 0.008695 
-0.018875 -0.026679 0.003924 -0.032445 
-0.011853 -0.010893 -0.009730 -0.012825 
-0.037065 -0.018476 0.003048 -0.041302 
-0.009744 -0.022095 -0.000326 -0.024146 
0.026969 0.004900 0.021008 0.017607 
0.012404 0.010954 0.010129 0.013087 
0.014261 0.011216 0.011373 0.014136 
0.033706 -0.001000 0.024581 0.023084 
0.020346 -0.012847 0.023739 -0.003932 
-0.004802 0.021433 -0.011535 0.018692 
-0.013876 -0.004504 -0.013069 -0.006484 
0.012708 0.020126 0.004091 0.023448 
-0.015089 -0.011120 -0.011983 -0.014413 
-0.027158 0.001520 -0.024445 -0.011930 
0.016369 0.006047 0.014750 0.009325 
-0.001171 -0.034394 0.024257 -0.024412 
-0.013768 -0.024914 0.001523 -0.028424 
0.024527 -0.016851 0.029757 0.000247 
0.003310 -0.010227 0.004113 -0.009931 
0.029062 0.011165 0.015900 0.026766 
0.003681 -0.016483 0.006830 -0.015447 
-0.030646 0.001556 -0.025357 -0.017281 
-0.006459 0.014087 -0.008692 0.012831 
0.032134 0.004642 0.020937 0.024816 
0.014422 0.029382 -0.009108 0.031438 
-0.005139 0.021599 -0.012042 0.018652 
-0.008673 -0.012304 -0.006653 -0.013503 
0.004640 -0.029067 0.020181 -0.021428 
0.006134 -0.014509 0.008513 -0.013253 
-0.011512 -0.005176 -0.010875 -0.006406 
0.030718 0.004771 0.021206 0.022730 
0.008082 0.010233 0.006831 0.011108 
0.039551 0.005622 0.012935 0.037796 
0.008572 -0.030108 0.025513 -0.018139 
-0.012754 -0.011620 -0.010119 -0.013975 
-0.010689 -0.024289 0.001877 -0.026471 
0.017825 -0.017418 0.023447 -0.008447 
-0.015696 -0.012638 -0.011594 -0.016482 
-0.035611 0.002145 -0.024417 -0.026011 
-0.026210 0.016679 -0.030917 -0.003053 
-0.021749 -0.004955 -0.018817 -0.011980 
0.009152 -0.011473 0.010748 -0.009993 
0.000743 -0.012707 0.002154 -0.012546 
0.027080 0.011021 0.016392 0.024209 
-0.024244 0.008702 -0.025595 -0.002895 
0.018343 0.018084 0.008475 0.024324 
0.001013 -0.011880 0.002171 -0.011724 
0.004388 0.033871 -0.021346 0.026662 
0.036034 -0.005695 0.026431 0.025145 
0.014527 -0.034311 0.036414 -0.007895 
0.022110 0.019191 0.007675 0.028253 
-0.002723 0.016076 -0.005606 0.015311 
0.017497 -0.017426 0.023084 -0.008771 
-0.016355 0.029039 -0.031913 0.009607 
-0.008768 0.005849 -0.009190 0.005162 
-0.011427 -0.007011 -0.010474 -0.008369 
0.013488 0.005767 0.012488 0.007697 
0.001819 -0.021300 0.008328 -0.019689 
-0.005750 0.039500 -0.037787 0.012865 
0.024784 0.014844 0.012722 0.025937 
-0.027928 0.019135 -0.033251 -0.006367 
-0.025077 0.019101 -0.031505 -0.001069 
-0.001732 0.008088 -0.002111 0.007997 
-0.042939 -0.004558 -0.007733 -0.042482 
-0.009922 0.041767 -0.042832 0.002893 
0.008513 0.033258 -0.018284 0.029056 
0.031028 -0.010324 0.029915 0.013207 
-0.025963 -0.009118 -0.017962 -0.020847 
0.026924 -0.024347 0.035758 0.006245 
0.004649 -0.041778 0.040809 -0.010082 
-0.023402 -0.011195 -0.015922 -0.020482 
0.018941 -0.024632 0.030107 -0.007684 
-0.016068 -0.028138 0.006588 -0.031726 
-0.004437 -0.034678 0.022922 -0.026397 
-0.012656 -0.023326 -0.000312 -0.026537 
0.017065 -0.013139 0.020329 -0.007110 
-0.003590 0.009582 -0.004271 0.009298 
0.001072 -0.033408 0.024026 -0.023238 
-0.002444 -0.036406 0.027425 -0.024067 
-0.018922 -0.028137 0.006748 -0.033230 
-0.017864 -0.025990 0.002623 -0.031428 
-0.008179 -0.005627 -0.007778 -0.006169 
0.002216 -0.019172 0.007012 -0.017981 
-0.018136 0.032655 -0.037158 0.003813 
-0.036309 0.007889 -0.027501 -0.024985 
-0.012808 0.043167 -0.044730 -0.005162 
-0.006186 0.040108 -0.038971 0.011322 
0.023344 0.022269 0.002953 0.032126 
0.029406 -0.002569 0.025713 0.014495 
0.001954 -0.010749 0.002830 -0.010552 
-0.001854 0.024465 -0.011558 0.021643 
-0.034548 0.000745 -0.024041 -0.024822 
-0.024958 -0.017192 -0.009953 -0.028626 
0.009027 -0.012181 0.010836 -0.010604 
-0.004009 -0.010889 -0.002983 -0.011214 
0.038032 0.001650 0.019203 0.032870 
-0.040094 -0.002386 -0.015624 -0.037002 
-0.000771 0.030418 -0.018739 0.023974 
0.007294 -0.023727 0.016422 -0.018614 
-0.011177 0.009754 -0.012522 0.007953 
-0.002799 0.031991 -0.022991 0.022420 
0.012918 -0.031186 0.031185 -0.012921 
0.002046 -0.006866 0.002287 -0.006789 
0.042689 0.011820 -0.002281 0.044236 
0.031872 0.017884 0.005062 0.036195 
0.010149 0.027283 -0.006576 0.028357 
0.012832 -0.030172 0.029833 -0.013603 
0.021860 0.008111 0.017375 0.015549 
-0.006459 -0.004082 -0.006290 -0.004339 
0.016119 -0.021472 0.024404 -0.011193 
-0.016281 0.023770 -0.026557 0.011171 
0.029916 0.000436 0.024149 0.017662 
0.041565 0.005780 0.009116 0.040963 
0.002054 -0.029228 0.018006 -0.023114 
-0.014062 0.030078 -0.030911 0.012122 
-0.005893 0.014985 -0.008463 0.013699 
0.007635 -0.000739 0.007659 -0.000429 
-0.007339 0.030489 -0.024835 0.019148 
0.023409 -0.015194 0.027887 -0.001086 
0.032515 -0.010307 0.030018 0.016198 
-0.031031 -0.004107 -0.021654 -0.022602 
0.031669 0.013792 0.011447 0.032589 
0.018097 0.009309 0.014744 0.014028 
0.012866 -0.032297 0.032552 -0.012206 
0.024445 0.016981 0.010293 0.027928 
-0.009960 0.018545 -0.015075 0.014692 
0.031083 0.005137 0.020844 0.023624 
-0.023430 -0.006349 -0.019016 -0.015088 
0.009934 0.010510 0.008322 0.011828 
0.032476 0.014609 0.009639 0.034281 
0.020078 0.008655 0.016198 0.014685 
0.006009 -0.040643 0.039696 -0.010590 
-0.025684 -0.021638 -0.003133 -0.033437 
-0.018163 0.014272 -0.022079 0.006788 
0.007610 -0.009474 0.008533 -0.008651 
0.008177 -0.032472 0.028524 -0.017541 
-0.016192 0.022886 -0.025673 0.011262 
-0.016569 -0.001770 -0.015930 -0.004889 
0.000137 0.030324 -0.017846 0.024517 
0.009930 0.004158 0.009567 0.004937 
-0.018437 0.026147 -0.030990 0.007952 
-0.010958 -0.016832 -0.005917 -0.019193 
0.006170 0.006337 0.005819 0.006661 
-0.019094 0.011786 -0.021964 0.004590 
0.008555 -0.011540 0.010104 -0.010211 
0.001178 -0.012717 0.002597 -0.012505 
0.003056 0.036784 -0.027877 0.024192 
0.040933 0.013393 -0.001022 0.043056 
0.030494 0.004627 0.021351 0.022258 
0.023173 0.026601 -0.004963 0.034929 
0.029826 -0.008695 0.028834 0.011567 
-0.023237 -0.015311 -0.012217 -0.025003 
0.011789 -0.011304 0.013656 -0.008958 
0.024920 -0.016154 0.029682 0.000971 
0.031109 -0.010523 0.030025 0.013305 
-0.036733 -0.017365 0.000347 -0.040629 
-0.023819 -0.026773 0.005635 -0.035389 
-0.033418 -0.017947 -0.003270 -0.037791 
-0.000337 -0.031405 0.019479 -0.024636 
0.001700 -0.032616 0.023136 -0.023053 
-0.012057 0.029113 -0.027745 0.014937 
-0.042118 -0.012464 0.002043 -0.043876 
-0.022191 -0.015787 -0.011632 -0.024624 
0.017194 -0.007617 0.018524 -0.003243 
-0.004221 0.025985 -0.015693 0.021137 
-0.004296 0.008570 -0.004829 0.008281 
0.002005 -0.012563 0.003391 -0.012262 
0.002705 0.024954 -0.008043 0.023776 
0.004764 -0.028810 0.019938 -0.021335 
0.016216 -0.014979 0.020247 -0.008798 
-0.022661 0.009814 -0.024694 -0.000286 
-0.012588 -0.011675 -0.009974 -0.013974 
-0.010036 -0.011360 -0.008119 -0.012801 
-0.023439 -0.028641 0.009447 -0.035784 
-0.039094 -0.019223 0.008406 -0.042746 
-0.015352 -0.028053 0.006481 -0.031316 
0.004283 -0.029168 0.019982 -0.021675 
0.002231 -0.014410 0.004312 -0.013930 
-0.019140 0.022635 -0.028621 0.007715 
0.032135 -0.007886 0.028815 0.016266 
-0.027047 -0.005307 -0.020770 -0.018118 
0.023757 0.021320 0.004366 0.031621 
0.018715 -0.014943 0.023026 -0.006585 
-0.002292 0.034053 -0.026086 0.022008 
-0.000543 0.032323 -0.021727 0.023937 
-0.008119 0.030925 -0.026215 0.018304 
0.004794 0.007470 0.004382 0.007719 
-0.002999 0.034284 -0.027032 0.021298 
0.003448 0.038700 -0.031639 0.022552 
0.032220 0.003232 0.022030 0.023733 
-0.035983 -0.007398 -0.015580 -0.033268 
-0.017827 0.011674 -0.020556 0.005619 
0.007858 -0.016587 0.011464 -0.014334 
-0.001353 -0.034157 0.023692 -0.024642 
0.017171 -0.024096 0.027811 -0.010099 
0.015345 0.009873 0.012697 0.013104 
0.027388 0.003737 0.021799 0.016995 
0.012353 0.007013 0.011261 0.008658 
0.004563 -0.015414 0.007221 -0.014362 
-0.021763 0.024122 -0.032295 0.003545 
0.009500 -0.024602 0.019775 -0.017448 
-0.010337 0.016517 -0.014258 0.013281 
0.026115 0.022813 0.000836 0.034666 
0.016142 -0.030691 0.033531 -0.008843 
0.032001 -0.007771 0.028754 0.016053 
-0.006229 -0.036429 0.025779 -0.026481 
-0.031814 -0.015329 -0.009157 -0.034107 
-0.010272 -0.003177 -0.009987 -0.003985 
0.009106 0.004985 0.008711 0.005647 
-0.018446 0.017949 -0.024470 0.007979 
0.017747 -0.014098 0.021534 -0.007071 
-0.011814 0.009702 -0.013217 0.007682 
-0.021795 0.015394 -0.026478 0.003307 
-0.027800 -0.022810 0.000270 -0.035959 
-0.002590 0.039785 -0.036561 0.015903 
0.022757 0.006686 0.018540 0.014794 
-0.016674 -0.002211 -0.015930 -0.005399 
-0.002910 0.025742 -0.014091 0.021739 
-0.029548 -0.004512 -0.021516 -0.020749 
-0.019347 -0.027408 0.005379 -0.033115 
-0.019843 -0.018191 -0.008707 -0.025472 
0.003379 0.022900 -0.005114 0.022576 
-0.019059 -0.016201 -0.010543 -0.022684 
0.018848 0.022709 0.002727 0.029385 
-0.017168 0.031303 -0.035054 0.006768 
-0.031401 -0.017120 -0.006758 -0.035121 
-0.006811 -0.006327 -0.006422 -0.006722 
0.026623 -0.022913 0.034784 0.004890 
0.014559 -0.034422 0.036568 -0.007718 
0.002083 -0.014864 0.004356 -0.014363 
-0.023338 -0.000831 -0.021404 -0.009340 
0.024229 -0.009814 0.026044 0.002247 
0.009810 0.004735 0.009390 0.005521 
-0.030923 -0.003515 -0.022110 -0.021903 
-0.014258 -0.017689 -0.007205 -0.021547 
0.015194 0.022819 0.001903 0.027348 
0.008610 0.008035 0.007804 0.008820 
-0.007519 0.008769 -0.008292 0.008041 
-0.013562 -0.020905 -0.003664 -0.024648 
0.014209 0.002540 0.013699 0.004547 
-0.023748 -0.025015 0.002086 -0.034429 
-0.026080 -0.017166 -0.009728 -0.029668 
0.013179 -0.010699 0.015030 -0.007889 
0.027041 -0.019186 0.032829 0.004644 
0.017365 -0.021768 0.026030 -0.009889 
-0.010220 0.023281 -0.019255 0.016604 
0.002341 -0.007530 0.002661 -0.007423 
0.033567 0.009717 0.015119 0.031505 
0.010700 -0.021248 0.017976 -0.015584 
-0.032937 -0.003997 -0.021154 -0.025561 
0.028716 0.017815 0.007655 0.032915 
0.001300 0.021504 -0.005527 0.020822 
-0.024302 -0.026114 0.004536 -0.035383 
-0.033439 0.016611 -0.032772 -0.017892 
0.044017 0.002253 0.007930 0.043355 
0.000727 -0.036282 0.029039 -0.021764 
-0.024289 0.007032 -0.024969 -0.004000 
0.012110 -0.025775 0.023935 -0.015431 
0.024561 0.026056 -0.004562 0.035515 
0.044131 0.013156 -0.008263 0.045303 
0.041492 0.001366 0.014241 0.038995 
0.003812 -0.031589 0.023215 -0.021758 
-0.010693 -0.005907 -0.010030 -0.006974 
0.016932 -0.025380 0.028753 -0.010202 
0.015977 0.008671 0.013607 0.012054 
0.017137 -0.021078 0.025231 -0.010066 
-0.021101 0.023523 -0.031239 0.004766 
0.026250 0.015159 0.012190 0.027754 
-0.017645 0.015473 -0.022122 0.007834 
0.012432 0.005558 0.011623 0.007097 
0.005185 -0.008712 0.005789 -0.008323 
-0.004378 0.024896 -0.014573 0.020655 
-0.010018 -0.008607 -0.008914 -0.009746 
0.024767 -0.009912 0.026516 0.002922 
0.008230 0.003930 0.007991 0.004395 
-0.011974 -0.009057 -0.010429 -0.010801 
-0.014002 -0.007601 -0.012465 -0.009922 
-0.011710 0.015214 -0.015158 0.011783 
0.022833 0.024297 -0.000394 0.033340 
0.025651 -0.023409 0.034582 0.003169 
0.016651 -0.025216 0.028302 -0.010586 
0.006003 0.009519 0.005150 0.010006 
-0.000851 0.032306 -0.021936 0.023732 
-0.012093 0.042735 -0.044321 -0.002858 
-0.009927 0.023118 -0.018765 0.016758 
-0.001459 -0.027913 0.013061 -0.024712 
-0.009629 -0.001731 -0.009494 -0.002362 
0.031378 0.001764 0.023275 0.021118 
0.029408 -0.007350 0.028056 0.011479 
-0.019937 -0.026832 0.004368 -0.033141 
-0.020269 -0.021812 -0.004089 -0.029494 
0.014936 -0.030453 0.032175 -0.010732 
0.042312 0.012944 -0.003332 0.044122 
0.028616 0.022808 -0.000915 0.036582 
-0.005462 0.019459 -0.010654 0.017176 
-0.010814 -0.002625 -0.010551 -0.003537 
0.008228 0.010034 0.007011 0.010919 
0.041212 0.009398 0.004860 0.041989 
0.015167 -0.023010 0.024638 -0.012348 
-0.014368 0.039264 -0.041806 0.000637 
0.007471 0.029738 -0.011991 0.028220 
0.026874 0.004275 0.021362 0.016857 
0.000425 0.021813 -0.006626 0.020787 
-0.024796 -0.022582 -0.001907 -0.033484 
-0.027414 -0.003321 -0.022049 -0.016626 
0.003265 -0.022246 0.010663 -0.019795 
0.010495 0.016669 0.005718 0.018849 
-0.008809 -0.010310 -0.007435 -0.011340 
0.005601 -0.009021 0.006284 -0.008560 
0.021633 0.022005 0.003714 0.030633 
-0.005077 -0.029052 0.012198 -0.026851 
0.030978 0.005372 0.020680 0.023682 
-0.007752 -0.029725 0.011827 -0.028351 
-0.024904 0.002653 -0.023725 -0.008025 
0.016652 0.007391 0.014542 0.010974 
0.019762 -0.016268 0.024880 -0.006015 
-0.003121 0.009202 -0.003713 0.008980 
-0.025539 -0.018784 -0.007658 -0.030764 
0.029124 0.004973 0.021196 0.020583 
-0.026190 -0.024412 0.002251 -0.035732 
-0.029818 0.010158 -0.029531 -0.010966 
0.038764 0.010430 0.007873 0.039363 
0.025446 0.003206 0.021472 0.014026 
-0.003314 0.021230 -0.009789 0.019127 
-0.012899 -0.010817 -0.010554 -0.013114 
-0.033539 -0.016795 -0.005119 -0.037159 
-0.008443 -0.011276 -0.006827 -0.012322 
-0.000069 -0.034274 0.024767 -0.023692 
0.000520 -0.023180 0.008877 -0.021419 
0.015243 0.023232 0.001350 0.027753 
0.009153 0.003082 0.008936 0.003663 
-0.034151 0.003375 -0.025955 -0.022450 
-0.028375 0.015997 -0.031803 -0.007042 
-0.032347 0.004645 -0.027093 -0.018273 
0.001894 0.034079 -0.023199 0.025036 
0.017610 0.029009 -0.008333 0.032897 
-0.002578 0.034256 -0.026660 0.021665 
-0.000979 0.032949 -0.023148 0.023468 
-0.004547 0.029232 -0.020326 0.021495 
-0.012312 0.011268 -0.014236 0.008712 
-0.024723 0.013506 -0.028140 -0.001322 
-0.023314 -0.020937 -0.005066 -0.030923 
-0.020611 0.019099 -0.027522 0.005670 
0.010766 0.002724 0.010496 0.003629 
-0.020587 0.031887 -0.037955 0.000178 
-0.022270 0.001380 -0.021436 -0.006193 
0.013021 0.005587 0.012126 0.007330 
0.004648 -0.017414 0.008398 -0.015948 
-0.028953 0.004380 -0.026483 -0.012493 
0.026815 -0.004034 0.025403 0.009488 
-0.019410 0.036246 -0.040964 -0.003527 
-0.018887 0.011664 -0.021694 0.004706 
0.005085 -0.029342 0.021002 -0.021112 
0.026714 -0.023373 0.035099 0.005288 
-0.006880 -0.038685 0.030483 -0.024792 
-0.042597 -0.013496 0.004999 -0.044404 
-0.032321 -0.007860 -0.017942 -0.028010 
-0.004185 0.006568 -0.004456 0.006388 
-0.031426 -0.008935 -0.017303 -0.027713 
-0.011219 0.018338 -0.016397 0.013903 
0.022967 0.027418 -0.006555 0.035160 
0.037504 -0.001309 0.022264 0.030209 
-0.038292 0.000146 -0.020472 -0.032360 
-0.017883 0.030712 -0.035009 0.006119 
-0.025394 -0.003803 -0.021148 -0.014562 
0.001851 -0.030091 0.019140 -0.023293 
0.004219 -0.027260 0.017301 -0.021485 
-0.023126 0.014518 -0.027276 0.001276 
-0.032063 -0.015546 -0.008618 -0.034575 
-0.016472 -0.004642 -0.015207 -0.007851 
-0.010837 0.008682 -0.011892 0.007170 
-0.024150 0.015410 -0.028648 0.000067 
-0.022619 -0.027478 0.006520 -0.034988 
-0.032690 -0.002762 -0.022237 -0.024121 
-0.004248 0.026214 -0.016001 0.021194 
-0.004046 0.007570 -0.004425 0.007355 
-0.020454 -0.029690 0.010398 -0.034521 
-0.018533 -0.023378 -0.001698 -0.029784 
0.015140 -0.026140 0.027620 -0.012233 
0.018112 -0.002339 0.018169 0.001849 
-0.040734 -0.012477 -0.000970 -0.042591 
-0.031869 -0.012847 -0.012550 -0.031987 
0.015515 -0.041275 0.043730 0.005662 
0.000845 -0.040378 0.036781 -0.016681 
-0.020565 -0.005197 -0.017999 -0.011224 
0.020047 0.001646 0.018820 0.007100 
-0.008676 0.007398 -0.009303 0.006592 
-0.029092 0.007990 -0.028243 -0.010606 
0.012851 -0.032090 0.032273 -0.012384 
0.042833 0.015994 -0.010304 0.044546 
0.042830 0.012334 -0.003502 0.044433 
0.027637 0.004231 0.021552 0.017811 
0.021146 0.017343 0.009849 0.025513 
-0.000252 -0.031212 0.019220 -0.024594 
0.008984 -0.021794 0.016478 -0.016858 
-0.006080 0.011303 -0.007321 0.010542 
0.009269 0.007716 0.008451 0.008605 
-0.009716 0.014229 -0.012405 0.011958 
0.018259 0.021014 0.005019 0.027383 
-0.019022 -0.019709 -0.006793 -0.026536 
0.027288 0.008529 0.018517 0.021783 
0.009137 -0.011811 0.010838 -0.010273 
0.007001 -0.013395 0.009015 -0.012132 
-0.017826 -0.011975 -0.013191 -0.016946 
-0.006028 0.030474 -0.023549 0.020260 
0.023412 -0.023051 0.032837 -0.001106 
-0.002934 -0.023992 0.006701 -0.023223 
-0.001375 0.012340 -0.002676 0.012125 
-0.004748 -0.034030 0.021472 -0.026825 
-0.037282 -0.018392 0.003261 -0.041444 
-0.014414 -0.028121 0.006728 -0.030876 
0.003103 -0.022970 0.011205 -0.020291 
0.011209 0.003281 0.010852 0.004319 
-0.025893 0.001066 -0.023645 -0.010608 
0.017823 -0.017779 0.023671 -0.008571 
0.029277 0.006721 0.019881 0.022518 
-0.037935 -0.009795 -0.010080 -0.037861 
-0.023053 0.003796 -0.022836 -0.004938 
0.014638 0.011137 0.011669 0.014218 
0.034864 -0.006657 0.027609 0.022306 
-0.007286 -0.034586 0.021484 -0.028066 
-0.026024 -0.014931 -0.012494 -0.027277 
0.022787 -0.008897 0.024443 0.000982 
0.010321 0.017347 0.005110 0.019527 
-0.007372 -0.005854 -0.007001 -0.006293 
0.022635 -0.015211 0.027186 -0.002156 
0.018464 0.010750 0.014231 0.015936 
0.004322 -0.035305 0.029807 -0.019406 
-0.035072 0.003544 -0.025656 -0.024174 
-0.016746 0.018251 -0.022760 0.009773 
0.014230 -0.019423 0.020664 -0.012358 
-0.016405 0.019396 -0.023154 0.010452 
0.027540 -0.023048 0.035252 0.006852 
0.006766 -0.040202 0.039412 -0.010428 
-0.013926 -0.017861 -0.006882 -0.021577 
0.034917 -0.001411 0.024316 0.025099 
0.026593 -0.016516 0.031081 0.003735 
0.037546 -0.003754 0.023995 0.029121 
0.003142 -0.039668 0.036644 -0.015514 
-0.038931 0.007352 -0.024778 -0.030916 
-0.000831 0.041557 -0.038898 0.014649 
0.031960 0.013391 0.011767 0.032593 
-0.009357 0.026641 -0.021893 0.017833 
0.007949 0.010231 0.006715 0.011080 
-0.003534 0.027983 -0.017602 0.022040 
-0.006047 0.011361 -0.007301 0.010598 
-0.020793 -0.020810 -0.005515 -0.028896 
0.022327 0.010858 0.015868 0.019094 
-0.012864 -0.010179 -0.010766 -0.012376 
-0.010537 -0.009057 -0.009242 -0.010374 
0.002455 -0.027496 0.015910 -0.022560 
0.031366 -0.006402 0.028018 0.015486 
-0.027089 -0.021358 -0.002861 -0.034377 
-0.006103 0.038355 -0.036160 0.014171 
0.017826 0.017325 0.009077 0.023142 
0.012489 -0.010727 0.014264 -0.008221 
0.021940 -0.023420 0.031904 -0.003467 
-0.015012 -0.026668 0.004049 -0.030334 
-0.003172 -0.031208 0.017109 -0.026293 
-0.010252 -0.013223 -0.007526 -0.014943 
-0.042619 -0.006704 -0.005678 -0.042768 
-0.015278 0.039261 -0.042117 -0.000989 
-0.022135 0.011150 -0.024762 0.001072 
-0.023723 -0.023636 -0.000482 -0.033484 
-0.025046 0.003273 -0.024057 -0.007700 
0.008267 -0.027024 0.021181 -0.018709 
-0.014503 -0.006074 -0.013263 -0.008445 
-0.007271 0.013498 -0.009353 0.012148 
0.008548 0.008798 0.007591 0.009636 
0.029810 0.007866 0.018848 0.024399 
-0.011822 -0.020020 -0.003724 -0.022950 
0.018401 -0.021374 0.026844 -0.008652 
-0.029776 0.008782 -0.028860 -0.011439 
0.035522 0.016093 0.003789 0.038813 
0.012937 0.015106 0.008392 0.018032 
-0.007693 -0.008885 -0.006813 -0.009575 
-0.003453 -0.035977 0.026042 -0.025062 
-0.034867 -0.003711 -0.020300 -0.028590 
0.023342 0.009120 0.017364 0.018070 
-0.022674 0.003533 -0.022451 -0.004747 
0.003433 -0.025267 0.014041 -0.021285 
-0.017638 0.010556 -0.019926 0.005047 
0.003153 -0.015389 0.005712 -0.014633 
-0.025949 0.000490 -0.023422 -0.011181 
0.016498 0.010724 0.013087 0.014695 
0.023131 -0.025475 0.034404 -0.000606 
-0.025715 -0.021284 -0.003713 -0.033173 
-0.021255 0.013803 -0.025119 0.003368 
-0.023481 -0.025906 0.003706 -0.034767 
-0.034122 0.007812 -0.028502 -0.020322 
0.009001 0.032835 -0.017250 0.029353 
0.007002 -0.028631 0.021920 -0.019704 
-0.016041 0.023541 -0.026088 0.011443 
-0.011909 -0.012306 -0.009196 -0.014446 
-0.012608 -0.023861 0.000427 -0.026984 
0.001919 -0.012238 0.003201 -0.011967 
0.003757 0.027604 -0.010839 0.025664 
-0.040709 -0.012087 -0.001671 -0.042433 
-0.021568 -0.013040 -0.014006 -0.020953 
0.027592 0.004582 0.021325 0.018098 
0.015587 0.017673 0.007860 0.022215 
0.001537 -0.010187 0.002277 -0.010047 
-0.010353 0.009936 -0.011654 0.008372 
-0.028829 0.024244 -0.036215 -0.010360 
0.003239 0.037626 -0.029513 0.023563 
0.033886 0.003206 0.021351 0.026508 
-0.039840 -0.012672 -0.002437 -0.041735 
-0.038792 0.008032 -0.025320 -0.030467 
-0.007360 0.040657 -0.040365 0.008822 
0.027943 0.018923 0.006394 0.033136 
0.005887 -0.032485 0.026474 -0.019726 
-0.008437 -0.008689 -0.007517 -0.009496 
0.003973 -0.025597 0.014975 -0.021136 
0.022183 -0.001929 0.021547 0.005616 
-0.026584 -0.005057 -0.020825 -0.017280 
0.003912 -0.022858 0.011925 -0.019889 
0.009726 0.002395 0.009537 0.003061 
-0.011356 -0.003286 -0.010987 -0.004363 
0.018224 -0.037236 0.041358 0.002849 
0.017821 -0.015472 0.022318 -0.007672 
0.008346 0.022015 -0.000462 0.023539 
-0.040433 -0.004034 -0.013300 -0.038396 
-0.011492 0.030770 -0.029288 0.014870 
-0.039201 -0.007037 -0.011769 -0.038049 
-0.028247 0.019845 -0.033771 -0.007159 
-0.020573 0.028177 -0.034710 0.003527 
0.031615 0.006550 0.019491 0.025739 
-0.000403 -0.015813 0.002316 -0.015647 
-0.023447 0.024945 -0.034234 0.000294 
0.026643 0.015909 0.011189 0.028944 
-0.028428 -0.006003 -0.020452 -0.020637 
0.022655 0.014979 0.012500 0.024111 
-0.005417 0.020013 -0.011023 0.017560 
0.032366 -0.012717 0.031175 0.015409 
-0.040571 -0.001719 -0.015515 -0.037527 
-0.005306 0.039492 -0.037526 0.013401 
0.018838 0.022220 0.003440 0.028927 
0.007956 0.007611 0.007293 0.008249 
-0.000858 0.029714 -0.017702 0.023882 
-0.009086 0.025900 -0.020740 0.017978 
0.001906 -0.033054 0.024050 -0.022755 
-0.009314 -0.027125 0.006708 -0.027884 
-0.025462 0.016580 -0.030332 -0.001794 
-0.029079 0.009442 -0.028922 -0.009915 
0.024307 0.007984 0.018395 0.017782 
-0.016200 -0.009884 -0.013276 -0.013561 
-0.015775 0.022662 -0.025014 0.011692 
0.007436 -0.037156 0.035137 -0.014186 
-0.019566 -0.026160 0.003043 -0.032525 
-0.022058 -0.001673 -0.020262 -0.008877 
0.033179 0.004088 0.020969 0.026036 
-0.036446 -0.004415 -0.018285 -0.031835 
-0.018080 0.019333 -0.024990 0.008727 
0.014057 0.002313 0.013597 0.004251 
-0.018917 -0.017289 -0.009451 -0.023821 
-0.002813 0.029958 -0.019787 0.022669 
-0.021228 0.011692 -0.024117 0.002387 
0.006133 -0.013948 0.008277 -0.012792 
-0.017724 -0.007557 -0.015235 -0.011796 
0.005451 0.028957 -0.011807 0.026997 
-0.025419 -0.011592 -0.015890 -0.022978 
0.020687 -0.001941 0.020347 0.004209 
-0.025440 0.006099 -0.025434 -0.006127 
0.011836 0.023460 -0.000227 0.026276 
-0.009710 0.007066 -0.010363 0.006068 
-0.037142 0.003815 -0.024405 -0.028257 
-0.003398 0.034084 -0.026999 0.021078 
0.021183 -0.005956 0.021965 0.001311 
-0.034483 0.002907 -0.025527 -0.023365 
-0.024349 0.016482 -0.029403 -0.000022 
-0.000404 0.014267 -0.002396 0.014070 
0.028117 -0.020321 0.033975 0.007015 
0.027622 -0.019926 0.033542 0.005914 
0.021090 -0.026381 0.033570 -0.003715 
-0.030577 -0.006869 -0.019534 -0.024506 
-0.006494 0.007538 -0.006992 0.007078 
-0.011021 -0.023616 0.000819 -0.026048 
0.024638 -0.017168 0.030027 0.000387 
0.004495 -0.014905 0.006911 -0.013950 
-0.027789 0.001359 -0.024619 -0.012961 
-0.007914 0.007436 -0.008492 0.006769 
-0.016610 -0.010207 -0.013401 -0.014160 
-0.026913 0.024907 -0.036078 -0.006566 
-0.012929 0.039438 -0.041411 0.002774 
0.000916 0.021236 -0.005634 0.020496 
0.006903 -0.017410 0.010870 -0.015252 
-0.016571 -0.019284 -0.006643 -0.024543 
-0.005787 0.013366 -0.007673 0.012381 
0.011484 0.010874 0.009449 0.012683 
0.027817 -0.002641 0.025240 0.011989 
-0.031180 -0.002350 -0.022899 -0.021291 
-0.023749 -0.022955 -0.001669 -0.032987 
-0.016755 0.018853 -0.023173 0.009957 
0.023879 -0.017609 0.029657 -0.000853 
0.030705 0.020476 0.001621 0.036871 
0.001236 0.027723 -0.012966 0.024535 
0.017712 0.003769 0.016417 0.007642 
-0.004563 -0.025859 0.007773 -0.025082 
-0.000956 0.022358 -0.008464 0.020716 
-0.012072 -0.025326 0.002736 -0.027923 
0.005543 -0.016270 0.008718 -0.014813 
-0.025468 0.002660 -0.024073 -0.008728 
0.026113 -0.021461 0.033634 0.003356 
-0.007701 -0.034080 0.020276 -0.028455 
-0.031898 -0.014520 -0.010260 -0.033512 
-0.007426 -0.006628 -0.006957 -0.007119 
0.024964 -0.016818 0.030086 0.000951 
0.003291 -0.014904 0.005631 -0.014186 
-0.018365 0.022855 -0.027997 0.008705 
0.024882 -0.004199 0.024308 0.006771 
-0.026046 -0.000037 -0.023234 -0.011771 
-0.010517 -0.033489 0.018192 -0.030019 
-0.004271 0.031959 -0.024209 0.021296 
0.027051 -0.009541 0.027942 0.006483 
-0.015915 -0.026455 0.003553 -0.030669 
-0.002235 -0.036200 0.027126 -0.024075 
-0.013442 -0.018173 -0.006349 -0.021695 
0.033792 -0.005652 0.027414 0.020551 
0.018107 -0.035665 0.039998 0.000062 
0.023956 -0.011292 0.026459 0.001136 
0.007433 0.008043 0.006743 0.008629 
0.004029 0.025242 -0.007359 0.024480 
-0.024564 -0.014363 -0.013233 -0.025190 
0.036080 0.003595 0.019427 0.030614 
0.016247 -0.032146 0.035237 -0.007464 
0.021504 0.018539 0.008492 0.027093 
-0.005443 0.013326 -0.007284 0.012416 
0.010937 0.006894 0.010072 0.008105 
0.007393 -0.008791 0.008161 -0.008083 
0.014990 0.008049 0.013098 0.010861 
0.028056 -0.019516 0.033514 0.006696 
0.021009 -0.020572 0.028934 -0.005236 
-0.023831 0.004065 -0.023517 -0.005601 
0.033989 0.000752 0.023226 0.024827 
0.030616 0.004077 0.021743 0.021937 
0.015151 0.008597 0.013036 0.011555 
0.011947 -0.033392 0.033186 -0.012507 
0.028886 0.010292 0.016817 0.025642 
0.006932 -0.018058 0.011308 -0.015693 
-0.020051 -0.028186 0.007084 -0.033857 
-0.013132 -0.019509 -0.004933 -0.022994 
0.033351 0.003303 0.021539 0.025676 
0.033367 -0.001856 0.025254 0.021886 
0.022502 -0.025729 0.034143 -0.001606 
-0.024295 -0.020549 -0.005413 -0.031356 
-0.025048 0.018482 -0.031112 -0.001000 
-0.011333 0.010400 -0.012870 0.008422 
-0.028944 -0.005403 -0.020890 -0.020749 
-0.016651 -0.006080 -0.014956 -0.009516 
-0.000507 0.025762 -0.011836 0.022888 
0.008658 -0.016830 0.012508 -0.014204 
-0.024628 -0.011809 -0.015637 -0.022394 
0.015795 0.006994 0.014034 0.010072 
0.025682 -0.012957 0.028613 0.002957 
0.009437 0.009912 0.008082 0.011044 
-0.002961 0.033139 -0.025039 0.021908 
-0.002803 0.024091 -0.012077 0.021033 
-0.008234 -0.008890 -0.007294 -0.009677 
0.002978 -0.025651 0.014047 -0.021669 
0.032507 -0.005212 0.027393 0.018262 
-0.007180 -0.026941 0.007579 -0.026832 
0.039932 0.004220 0.013931 0.037660 
-0.001327 -0.033674 0.022805 -0.024811 
-0.034948 0.000443 -0.023608 -0.025773 
-0.032252 0.001368 -0.025186 -0.020191 
-0.011548 0.010175 -0.013048 0.008163 
-0.029239 0.022873 -0.035616 -0.010470 
-0.008784 0.040107 -0.040292 0.007892 
0.013300 0.015417 0.008416 0.018540 
-0.010189 -0.001411 -0.010059 -0.002150 
0.030257 0.000211 0.024307 0.018019 
0.028591 0.013173 0.013865 0.028262 
-0.016097 0.020312 -0.023474 0.010986 
0.003447 -0.027918 0.017429 -0.022080 
-0.026337 0.018104 -0.031794 -0.003245 
-0.016518 0.023943 -0.026972 0.010891 
0.034217 -0.002116 0.025126 0.023322 
0.022059 -0.018371 0.028478 -0.003621 
0.024886 0.010692 0.016594 0.021407 
-0.021573 0.005754 -0.022251 -0.001849 
0.034913 -0.003878 0.025946 0.023680 
0.021433 -0.024070 0.031968 -0.004095 
-0.019815 -0.015937 -0.011010 -0.022922 
0.015261 0.015765 0.009293 0.019876 
-0.021302 -0.008649 -0.016823 -0.015671 
-0.012445 0.042162 -0.043909 -0.002111 
-0.014990 0.027763 -0.029186 0.011986 
-0.016911 -0.016053 -0.009863 -0.021128 
0.028997 0.017698 0.007661 0.033096 
0.003789 0.023849 -0.005842 0.023431 
0.001719 -0.008675 0.002184 -0.008570 
0.039207 0.012052 0.004627 0.040756 
0.025082 -0.001557 0.023400 0.009163 
-0.016308 0.029930 -0.032838 0.009133 
-0.003683 0.015840 -0.006493 0.014910 
0.035510 0.000790 0.022309 0.027638 
0.028760 -0.000810 0.024643 0.014851 
0.008103 -0.017934 0.012546 -0.015162 
-0.021477 -0.018066 -0.009058 -0.026563 
0.020799 0.017019 0.010149 0.024884 
-0.036637 -0.013397 -0.006657 -0.038437 
-0.021279 -0.001392 -0.019814 -0.007884 
0.022421 -0.022586 0.031693 -0.002894 
-0.003165 -0.030904 0.016582 -0.026270 
-0.014905 -0.004472 -0.013955 -0.006886 
-0.004452 0.022328 -0.011979 0.019361 
-0.011766 -0.009371 -0.010168 -0.011085 
-0.015409 -0.011714 -0.011907 -0.015260 
-0.023404 0.022408 -0.032376 0.001299 
0.022849 0.020855 0.005278 0.030482 
0.022062 -0.013012 0.025529 -0.002067 
0.009715 0.003126 0.009465 0.003814 
-0.028443 -0.002404 -0.022795 -0.017181 
-0.025710 -0.022745 -0.001182 -0.034306 
-0.019940 0.033147 -0.038682 -0.000077 
-0.029500 -0.004853 -0.021274 -0.021005 
-0.010821 -0.010781 -0.008956 -0.012375 
-0.014859 -0.020437 -0.004739 -0.024820 
0.033314 -0.002331 0.025569 0.021482 
0.016706 -0.025024 0.028178 -0.010550 
-0.012913 0.024694 -0.023702 0.014656 
-0.025148 -0.023941 0.000725 -0.034714 
-0.030566 -0.000244 -0.024299 -0.018545 
-0.026295 -0.012906 -0.014636 -0.025373 
0.026352 -0.023976 0.035296 0.004850 
0.016081 -0.037107 0.040417 -0.001403 
0.014657 -0.021163 0.022488 -0.012530 
-0.013204 0.024330 -0.023665 0.014362 
-0.014371 -0.028758 0.007919 -0.031159 
-0.000444 -0.033639 0.023341 -0.024227 
0.020769 -0.036812 0.041628 0.007321 
0.028397 -0.014784 0.031198 0.007185 
0.033402 -0.001621 0.025092 0.022106 
0.015497 -0.016267 0.020114 -0.010009 
-0.019664 0.018057 -0.025857 0.006647 
0.013877 0.006659 0.012610 0.008827 
0.000585 -0.012725 0.002002 -0.012581 
0.036007 0.017188 0.001129 0.039883 
-0.019402 0.022622 -0.028878 0.007366 
-0.006667 -0.004376 -0.006469 -0.004664 
0.028486 -0.001296 0.024818 0.014043 
0.005751 -0.010976 0.006878 -0.010307 
0.002063 0.022667 -0.005989 0.021959 
0.006453 -0.014372 0.008806 -0.013064 
-0.016116 -0.007465 -0.014126 -0.010766 
-0.028833 0.017611 -0.032831 -0.007978 
-0.032753 0.001743 -0.025333 -0.020834 
-0.020361 0.013985 -0.024296 0.004455 
-0.002287 -0.021515 0.004653 -0.021130 
-0.001232 0.034042 -0.025272 0.022841 
-0.007136 0.030352 -0.024441 0.019360 
-0.018082 0.011274 -0.020674 0.005160 
0.004781 -0.007620 0.005198 -0.007342 
0.019530 0.020304 0.006120 0.027500 
0.005022 -0.016391 0.008217 -0.015046 
-0.028891 0.007025 -0.027713 -0.010772 
0.013991 -0.026306 0.026562 -0.013498 
0.022207 0.024642 -0.000826 0.033162 
0.031531 0.011969 0.013878 0.030739 
-0.018255 0.036155 -0.040487 -0.001106 
-0.024963 0.016038 -0.029652 -0.001058 
-0.039060 -0.013807 -0.001995 -0.041381 
-0.026433 0.010523 -0.027996 -0.005065 
0.030761 0.006167 0.020081 0.024105 
0.000307 -0.015949 0.003085 -0.015651 
-0.033828 -0.001059 -0.023072 -0.024762 
-0.026367 0.005963 -0.025971 -0.007502 
0.017108 0.022320 0.003057 0.027956 
0.006092 0.008879 0.005364 0.009337 
-0.005610 0.009166 -0.006322 0.008691 
0.009279 -0.012598 0.011262 -0.010861 
0.008130 -0.010407 0.009319 -0.009357 
0.020766 0.002906 0.018952 0.008970 
-0.039629 -0.005816 -0.012578 -0.038028 
-0.008559 0.026009 -0.020291 0.018385 
0.001516 -0.015915 0.004281 -0.015404 
-0.016964 0.031607 -0.035217 0.006824 
-0.035372 0.006060 -0.027030 -0.023606 
-0.003439 0.029083 -0.019062 0.022232 
0.016864 -0.019145 0.023498 -0.009937 
-0.013349 -0.001665 -0.013038 -0.003312 
0.025152 -0.007790 0.025917 0.004649 
-0.006630 0.039317 -0.037995 0.012091 
0.041339 0.009538 0.004387 0.042198 
0.023909 -0.004360 0.023681 0.005463 
-0.009534 -0.010017 -0.008134 -0.011183 
-0.035914 -0.005326 -0.017887 -0.031595 
0.021625 0.009918 0.016229 0.017396 
-0.021755 0.001365 -0.021038 -0.005704 
0.015729 -0.021031 0.023610 -0.011501 
-0.029811 -0.003341 -0.022318 -0.020044 
-0.023489 -0.026601 0.005113 -0.035117 
-0.025153 -0.016868 -0.010327 -0.028470 
0.010739 -0.011810 0.012637 -0.009752 
0.017615 -0.011541 0.020271 -0.005706 
-0.010869 0.010836 -0.012477 0.008937 
-0.023493 0.012951 -0.026825 0.000211 
-0.021781 -0.024105 -0.000240 -0.032487 
-0.023253 -0.001851 -0.020960 -0.010239 
0.022969 -0.011115 0.025517 -0.000050 
0.011084 0.004828 0.010543 0.005918 
-0.017482 -0.004429 -0.016060 -0.008204 
0.038034 0.019100 -0.006064 0.042126 
0.011060 0.024878 -0.002516 0.027109 
-0.004167 0.011353 -0.005288 0.010876 
-0.005939 -0.029929 0.013155 -0.027531 
-0.015744 0.031018 -0.033550 0.009185 
-0.006546 0.012151 -0.008080 0.011189 
0.009095 0.003991 0.008803 0.004599 
-0.022978 0.021636 -0.031487 0.002170 
0.013783 0.021967 0.002508 0.025811 
-0.023401 0.012407 -0.026487 0.000107 
-0.009714 -0.010337 -0.008192 -0.011580 
0.001882 -0.030051 0.019104 -0.023273 
0.020597 -0.022727 0.030142 -0.005677 
-0.030553 -0.007123 -0.019320 -0.024717 
-0.003612 0.009760 -0.004330 0.009463 
0.008656 -0.008797 0.009530 -0.007842 
0.029720 0.002072 0.023142 0.018762 
0.018624 0.019167 0.007354 0.025693 
-0.014669 -0.018218 -0.006931 -0.022339 
0.027179 -0.007119 0.026940 0.007975 
-0.026855 -0.015483 -0.011658 -0.028723 
0.010379 -0.010735 0.011900 -0.009020 
0.010058 -0.032647 0.030493 -0.015401 
-0.008010 -0.008793 -0.007116 -0.009531 
-0.005229 -0.025256 0.006489 -0.024962 
0.038809 0.012299 0.004941 0.040410 
0.027273 -0.003882 0.025566 0.010259 
-0.016918 0.023045 -0.026609 0.010452 
-0.017151 -0.024041 -0.000549 -0.029527 
-0.017580 -0.007648 -0.015102 -0.011810 
-0.028912 0.020788 -0.034498 -0.008828 
-0.025200 0.013242 -0.028388 -0.002125 
-0.009519 -0.010223 -0.008062 -0.011407 
-0.038925 -0.017855 0.005263 -0.042500 
-0.016075 -0.021194 -0.004270 -0.026255 
0.005474 -0.041135 0.040190 -0.010335 
-0.030063 -0.000432 -0.024163 -0.017891 
0.023148 0.006092 0.019023 0.014529 
-0.022141 -0.007426 -0.017869 -0.015035 
-0.005114 0.040173 -0.038518 0.012506 
0.016134 0.026867 -0.004251 0.031049 
0.005262 0.024992 -0.006121 0.024796 
-0.000041 -0.029692 0.016917 -0.024401 
0.005449 -0.029866 0.022107 -0.020808 
-0.014296 0.019777 -0.021000 0.012431 
0.021736 0.002159 0.019874 0.009063 
-0.011763 0.010389 -0.013349 0.008253 
-0.016539 0.033001 -0.036399 0.006142 
-0.001365 0.016743 -0.004575 0.016164 
0.007182 -0.039214 0.038152 -0.011566 
-0.019484 -0.014871 -0.011855 -0.021453 
0.023063 0.025422 -0.002579 0.034228 
0.032710 0.009651 0.015818 0.030213 
0.010765 -0.009550 0.012014 -0.007922 
0.027121 -0.018724 0.032614 0.004739 
0.016448 -0.017887 0.022184 -0.009916 
-0.021607 0.021206 -0.029960 0.004355 
0.021134 0.009430 0.016309 0.016420 
0.012390 -0.044376 0.045452 0.007539 
0.011684 -0.043318 0.044723 0.003583 
0.013035 -0.028960 0.028558 -0.013893 
0.042034 0.015734 -0.007844 0.044192 
0.044146 -0.000009 0.009973 0.043005 
0.009406 -0.041275 0.042069 -0.004718 
0.003154 -0.024189 0.012536 -0.020926 
0.026828 0.003049 0.022044 0.015592 
0.020208 0.017286 0.009760 0.024736 
-0.020703 -0.015577 -0.011575 -0.023179 
0.032262 0.013849 0.010905 0.033373 
0.013326 0.000053 0.013220 0.001680 
-0.027657 -0.008508 -0.018537 -0.022219 
0.016653 0.000298 0.016293 0.003457 
-0.034131 -0.005993 -0.018683 -0.029185 
0.003595 0.025774 -0.008387 0.024635 
-0.022755 -0.010177 -0.016474 -0.018707 
0.006864 0.004265 0.006666 0.004570 
-0.015734 0.017852 -0.021342 0.010524 
0.021424 -0.012138 0.024507 -0.002400 
0.019001 0.016542 0.010206 0.023033 
-0.019723 -0.022114 -0.003641 -0.029407 
0.018916 -0.037567 0.041784 0.004821 
0.016580 -0.021270 0.024761 -0.010686 
-0.024356 0.004947 -0.024225 -0.005552 
0.019632 -0.035153 0.040201 0.002245 
0.028436 -0.019848 0.033847 0.007548 
0.024545 -0.022703 0.033425 0.000801 
-0.002456 -0.035733 0.026077 -0.024553 
-0.024862 -0.021065 -0.004420 -0.032285 
-0.023282 0.016701 -0.028607 0.001617 
-0.002643 0.010023 -0.003377 0.009800 
-0.004648 -0.035689 0.024878 -0.026008 
-0.034791 -0.010363 -0.013232 -0.033804 
-0.011733 0.009258 -0.013014 0.007350 
-0.002540 0.033756 -0.025760 0.021962 
0.026711 0.002855 0.022113 0.015253 
0.023246 0.017955 0.009199 0.027895 
-0.011073 -0.032508 0.015996 -0.030390 
-0.010395 0.030531 -0.027896 0.016186 
-0.025004 -0.006869 -0.019297 -0.017321 
0.019994 0.014896 0.011999 0.021856 
-0.004514 0.009770 -0.005279 0.009379 
0.003364 -0.015717 0.006094 -0.014873 
-0.018588 -0.001508 -0.017699 -0.005878 
0.040274 0.009813 0.006096 0.041002 
0.023823 0.013029 0.014474 0.022973 
-0.027112 -0.002080 -0.022653 -0.015042 
-0.018544 -0.001733 -0.017606 -0.006075 
0.028223 0.003982 0.021799 0.018362 
-0.020404 -0.017828 -0.009207 -0.025483 
-0.003016 0.011548 -0.004133 0.011197 
-0.004838 -0.028205 0.010998 -0.026419 
0.039631 0.014523 -0.000349 0.042207 
0.031636 -0.007198 0.028446 0.015604 
-0.027693 -0.019181 -0.006128 -0.033125 
-0.007355 0.027442 -0.020736 0.019421 
-0.000927 -0.017673 0.002880 -0.017461 
-0.005846 0.028865 -0.021077 0.020570 
0.012770 -0.020769 0.019985 -0.013964 
-0.021885 -0.001804 -0.020099 -0.008845 
0.023746 -0.016863 0.029109 -0.000959 
0.011843 -0.012491 0.014130 -0.009830 
0.024272 -0.010560 0.026400 0.001917 
0.012938 0.005831 0.012007 0.007565 
0.006974 -0.015019 0.009672 -0.013441 
-0.010592 -0.004942 -0.010081 -0.005916 
-0.010288 -0.035968 0.023695 -0.028949 
-0.011487 0.041302 -0.042846 0.001413 
-0.006161 0.030730 -0.024052 0.020094 
0.018363 -0.027741 0.032441 -0.007368 
0.031572 -0.007048 0.028365 0.015554 
-0.008645 -0.029107 0.010318 -0.028557 
-0.020307 0.028316 -0.034628 0.003889 
0.031470 0.014093 0.011184 0.032618 
0.005707 0.006859 0.005322 0.007161 
0.007846 0.029426 -0.011257 0.028297 
0.006142 -0.030317 0.023429 -0.020198 
-0.008630 -0.008261 -0.007777 -0.009069 
0.004362 -0.016873 0.007773 -0.015598 
-0.021390 0.025100 -0.032758 0.003802 
0.015155 -0.033135 0.035503 -0.008196 
0.035508 0.018872 -0.001290 0.040191 
0.010259 0.018284 0.004337 0.020512 
-0.020789 0.003426 -0.020855 -0.002994 
0.021177 0.002324 0.019434 0.008728 
-0.011241 0.013104 -0.013678 0.010536 
0.002183 0.031437 -0.018183 0.025737 
0.011329 0.003699 0.010913 0.004788 
-0.020619 0.032607 -0.038573 -0.000726 
-0.029847 0.001900 -0.025452 -0.015704 
-0.011307 0.010677 -0.012921 0.008654 
-0.013472 0.039816 -0.042018 0.001132 
-0.005284 0.027071 -0.018126 0.020789 
-0.006646 0.018115 -0.011026 0.015835 
0.035450 -0.005423 0.026615 0.024036 
-0.006832 -0.033833 0.020105 -0.028056 
-0.032642 -0.019655 -0.001077 -0.038087 
-0.002485 -0.035566 0.025730 -0.024679 
-0.018093 -0.026622 0.003761 -0.031968 
-0.014246 -0.006370 -0.012982 -0.008660 
-0.012280 0.015008 -0.015716 0.011360 
0.037300 0.013944 0.004775 0.039534 
-0.020645 0.030744 -0.037011 0.001271 
-0.018901 0.001781 -0.018758 -0.002920 
0.027136 -0.002612 0.024934 0.011022 
0.009599 -0.015078 0.012661 -0.012617 
-0.001518 -0.034818 0.024843 -0.024443 
-0.016647 -0.019114 -0.006853 -0.024403 
0.028161 -0.007162 0.027463 0.009495 
-0.023033 -0.023434 -0.001073 -0.032841 
-0.026318 -0.003277 -0.021759 -0.015163 
0.004528 -0.028246 0.018927 -0.021451 
0.028165 -0.022470 0.035152 0.007907 
0.011126 -0.043475 0.044773 0.003033 
-0.003888 -0.024271 0.006261 -0.023770 
0.038058 0.007976 0.012312 0.036884 
0.012442 -0.022183 0.020791 -0.014650 
-0.017071 0.021901 -0.025816 0.010230 
0.010284 -0.029290 0.026152 -0.016725 
0.028170 0.005738 0.020628 0.020024 
-0.019781 -0.014742 -0.012062 -0.021520 
0.004093 0.024689 -0.006611 0.024137 
0.002875 -0.009654 0.003542 -0.009430 
0.030330 0.011529 0.015040 0.028751 
0.002282 -0.009815 0.002963 -0.009632 
-0.000633 0.034627 -0.025902 0.022990 
-0.004938 0.029382 -0.020917 0.021217 
-0.010888 0.011482 -0.012697 0.009442 
-0.006808 0.027231 -0.019899 0.019796 
0.017059 -0.009888 0.019068 -0.005019 
-0.011667 0.011034 -0.013434 0.008798 
-0.010577 0.012115 -0.012557 0.010047 
-0.004991 0.010353 -0.005912 0.009857 
-0.019546 -0.022035 -0.003751 -0.029215 
0.023272 0.016946 0.010417 0.026837 
-0.038714 -0.009094 -0.009844 -0.038530 
-0.020565 0.025111 -0.032050 0.005126 
0.024942 0.018776 0.007839 0.030219 
0.013587 -0.023774 0.023559 -0.013957 
0.008735 0.003701 0.008489 0.004235 
-0.007051 -0.006693 -0.006601 -0.007138 
-0.006282 -0.030801 0.014511 -0.027885 
-0.021480 0.025972 -0.033545 0.003262 
0.018087 0.024672 -0.000378 0.030589 
-0.011319 0.029949 -0.028051 0.015433 
0.006769 0.005939 0.006427 0.006308 
-0.024584 0.009506 -0.026199 -0.002889 
-0.008361 -0.009888 -0.007165 -0.010786 
0.010316 -0.010868 0.011868 -0.009148 
0.021634 -0.015362 0.026301 -0.003499 
-0.009999 -0.004443 -0.009599 -0.005252 
0.027675 0.005062 0.021032 0.018686 
0.008877 0.003644 0.008628 0.004200 
-0.023667 0.000022 -0.021934 -0.008890 
0.015405 0.007759 0.013502 0.010733 
0.025042 -0.017103 0.030307 0.001049 
0.009233 -0.012215 0.011078 -0.010570 
0.014089 -0.042301 0.044261 0.005369 
-0.009347 -0.029048 0.009899 -0.028864 
-0.016292 0.024374 -0.027125 0.011125 
-0.010417 -0.011220 -0.008476 -0.012749 
0.004308 -0.026851 0.016861 -0.021336 
0.022029 0.004244 0.019274 0.011480 
-0.008397 0.016859 -0.012228 0.014326 
0.019197 0.028133 -0.006788 0.033376 
0.019420 0.029496 -0.009665 0.033966 
0.018520 0.027675 -0.005781 0.032795 
0.022114 0.018935 0.008005 0.027991 
-0.009681 -0.029106 0.009862 -0.029045 
-0.008711 0.030809 -0.026626 0.017780 
0.008777 0.004971 0.008407 0.005574 
-0.022307 0.012204 -0.025389 0.001398 
-0.022530 -0.024880 0.001360 -0.033537 
-0.034784 -0.001105 -0.022535 -0.026520 
-0.028420 0.000198 -0.024234 -0.014848 
-0.004453 0.013832 -0.006412 0.013040 
0.022313 0.001592 0.020461 0.009042 
-0.010464 -0.007033 -0.009632 -0.008135 
-0.012214 0.011117 -0.014076 0.008639 
-0.009546 0.008401 -0.010421 0.007287 
-0.015796 -0.009409 -0.013197 -0.012802 
0.000779 0.026016 -0.011015 0.023582 
-0.003473 -0.031898 0.018146 -0.026463 
-0.011121 -0.020554 -0.002788 -0.023203 
0.007307 0.007459 0.006726 0.007986 
-0.007680 0.011578 -0.009147 0.010457 
0.014740 0.006560 0.013333 0.009085 
-0.001835 -0.026922 0.011341 -0.024485 
-0.020486 0.011063 -0.023111 0.002824 
0.010914 -0.011819 0.012838 -0.009695 
0.025028 -0.011092 0.027241 0.002714 
0.010800 0.009670 0.009292 0.011127 
0.016715 0.012573 0.012228 0.016969 
0.010005 -0.040596 0.041488 -0.005187 
-0.025990 -0.023671 0.000689 -0.035147 
-0.028547 0.024094 -0.036093 -0.009627 
-0.006869 0.038890 -0.037474 0.012464 
0.016507 0.023728 0.000925 0.028890 
0.010446 0.010580 0.008719 0.012043 
0.010302 0.006184 0.009637 0.007176 
-0.009963 -0.005613 -0.009417 -0.006487 
0.026902 -0.021838 0.034283 0.005026 
-0.002063 -0.034896 0.024662 -0.024774 
-0.023560 -0.021196 -0.004611 -0.031354 
-0.024785 0.012996 -0.027940 -0.001589 
-0.014600 -0.004128 -0.013765 -0.006383 
0.017136 0.023920 0.000734 0.029415 
0.019945 0.002023 0.018632 0.007399 
-0.034162 -0.005148 -0.019469 -0.028539 
0.039652 0.011616 0.004506 0.041072 
0.030021 -0.008803 0.028944 0.011874 
0.003100 -0.028759 0.018279 -0.022419 
0.017198 -0.020974 0.025218 -0.009985 
-0.029034 -0.002650 -0.022728 -0.018260 
-0.022732 -0.025367 0.002346 -0.033981 
-0.030452 0.007587 -0.028466 -0.013213 
0.023337 0.015928 0.011565 0.025779 
-0.024114 0.016070 -0.028976 0.000264 
-0.005077 0.008320 -0.005611 0.007970 
0.006363 -0.015375 0.009164 -0.013889 
-0.017148 -0.010478 -0.013609 -0.014786 
-0.012209 0.025179 -0.023412 0.015327 
0.009540 -0.010774 0.010976 -0.009307 
0.021121 -0.022547 0.030499 -0.004930 
-0.032909 0.010357 -0.030018 -0.017004 
0.029160 0.003655 0.022096 0.019376 
-0.036003 -0.016825 -0.001796 -0.039700 
-0.010272 -0.023552 0.001123 -0.025670 
0.023140 -0.016686 0.028470 -0.001820 
0.004135 -0.008258 0.004613 -0.008001 
0.017350 0.018539 0.007696 0.024197 
-0.024742 0.004979 -0.024512 -0.006008 
0.025100 -0.003244 0.024080 0.007791 
-0.012062 0.039911 -0.041563 0.003301 
-0.015883 0.024142 -0.026464 0.011608 
-0.017449 -0.004166 -0.016105 -0.007903 
0.004217 0.028598 -0.012037 0.026282 
-0.024150 -0.015705 -0.011806 -0.026277 
0.026597 -0.018282 0.032059 0.003725 
0.014921 -0.020350 0.022154 -0.012082 
-0.025174 0.023589 -0.034421 -0.002322 
-0.013805 0.027614 -0.027795 0.013438 
-0.010915 -0.012101 -0.008530 -0.013885 
-0.035018 -0.002727 -0.021056 -0.028114 
0.030859 0.001615 0.023427 0.020152 
-0.010801 -0.030126 0.011322 -0.029933 
-0.030499 0.004122 -0.026732 -0.015251 
-0.000522 0.007517 -0.000816 0.007490 
-0.031014 -0.006436 -0.019787 -0.024734 
0.023253 0.016726 0.010672 0.026581 
-0.026069 -0.012578 -0.014977 -0.024769 
0.027503 -0.023679 0.035591 0.007100 
0.001357 -0.034574 0.026319 -0.022461 
-0.021862 0.004553 -0.022118 -0.003080 
0.015313 -0.030865 0.032995 -0.009922 
0.008214 -0.018176 0.012828 -0.015273 
-0.018821 -0.021745 -0.004111 -0.028463 
0.013416 -0.042225 0.044127 0.003967 
0.012521 -0.033424 0.033715 -0.011714 
0.018792 0.010569 0.014508 0.015949 
-0.029803 -0.004462 -0.021540 -0.021075 
-0.010298 -0.022594 -0.000069 -0.024830 
0.020107 -0.010908 0.022662 -0.003112 
0.021149 -0.000248 0.020227 0.006181 
-0.034291 -0.003364 -0.020984 -0.027328 
0.034557 0.003064 0.021075 0.027557 
-0.010335 -0.025966 0.004438 -0.027593 
-0.017526 0.035665 -0.039725 0.001024 
-0.023279 0.011823 -0.026109 0.000003 
-0.021120 -0.008897 -0.016601 -0.015799 
-0.007707 0.038255 -0.037012 0.012367 
0.012839 0.022025 0.002033 0.025412 
-0.022607 0.024479 -0.033262 0.001996 
0.022089 0.014919 0.012477 0.023554 
-0.039925 -0.011508 -0.004163 -0.041341 
-0.024416 -0.009805 -0.017187 -0.019922 
0.023087 -0.007216 0.024067 0.002421 
-0.019229 -0.023315 -0.001818 -0.030167 
-0.010962 -0.011795 -0.008691 -0.013555 
-0.024941 -0.027506 0.007871 -0.036287 
-0.025345 -0.016862 -0.010298 -0.028647 
0.010361 -0.012548 0.012467 -0.010459 
0.003224 -0.008368 0.003682 -0.008177 
0.019551 0.023625 0.001325 0.030637 
-0.019283 0.033105 -0.038292 0.001218 
-0.031675 0.007329 -0.028515 -0.015618 
0.003192 0.027957 -0.011781 0.025554 
0.011315 0.002020 0.011085 0.003041 
-0.037419 0.006419 -0.025804 -0.027848 
-0.013748 0.040480 -0.042745 -0.000691 
0.000067 0.029746 -0.016981 0.024423 
0.007689 0.007596 0.007053 0.008190 
0.001631 0.024190 -0.008035 0.022874 
-0.001181 -0.023631 0.007799 -0.022338 
0.021272 0.017716 0.009446 0.026021 
-0.004682 -0.023568 0.004816 -0.023541 
0.016849 0.020304 0.005575 0.025789 
-0.014952 0.041497 -0.043813 -0.005100 
-0.002200 0.032563 -0.023448 0.022702 
-0.009117 0.025451 -0.020269 0.017890 
-0.002173 -0.018014 0.001935 -0.018041 
-0.011547 0.041292 -0.042855 0.001337 
-0.014810 0.030032 -0.031570 0.011163 
-0.039768 -0.013136 -0.001798 -0.041843 
-0.029654 -0.003248 -0.022380 -0.019724 
-0.015960 -0.004350 -0.014861 -0.007265 
0.002759 0.024174 -0.007060 0.023285 
-0.023733 -0.027180 0.006443 -0.035504 
-0.039590 -0.018614 0.008162 -0.042979 
-0.022409 -0.028101 0.007742 -0.035098 
-0.025723 -0.003869 -0.021237 -0.015022 
0.010018 0.020885 0.001793 0.023094 
-0.005637 0.008357 -0.006208 0.007942 
-0.012231 -0.019761 -0.004207 -0.022856 
0.017103 0.005414 0.015493 0.009044 
-0.001203 -0.033976 0.023451 -0.024615 
-0.017629 -0.018185 -0.008154 -0.023979 
0.012537 0.021748 0.002222 0.025004 
-0.002453 0.018142 -0.006541 0.017099 
0.009488 -0.039088 0.039274 -0.008685 
-0.017519 -0.015475 -0.010601 -0.020833 
0.015947 0.025484 -0.001914 0.030001 
-0.000610 0.031561 -0.020482 0.024020 
-0.004835 0.041618 -0.040644 0.010176 
0.039133 0.010440 0.007233 0.039851 
0.030922 -0.006894 0.028212 0.014415 
-0.003849 -0.029773 0.014195 -0.026452 
-0.012408 -0.009920 -0.010504 -0.011918 
-0.033801 -0.016579 -0.005179 -0.037290 
-0.020168 -0.008807 -0.016169 -0.014928 
-0.011220 0.023900 -0.020995 0.016009 
0.010770 -0.008465 0.011772 -0.007005 
0.028958 0.005052 0.021140 0.020425 
0.010419 0.012984 0.007765 0.014725 
0.017153 0.024039 0.000554 0.029526 
0.008032 0.003323 0.007848 0.003737 
-0.026880 0.023158 -0.035047 -0.005526 
-0.001485 0.025785 -0.012772 0.022449 
-0.034530 0.004937 -0.026757 -0.022378 
-0.018878 0.032390 -0.037386 0.002789 
-0.030109 -0.005760 -0.020537 -0.022758 
-0.016231 -0.003772 -0.015217 -0.006790 
0.019935 0.016570 0.010433 0.023730 
-0.031622 -0.014186 -0.010944 -0.032885 
-0.015519 -0.003088 -0.014759 -0.005707 
0.020146 0.016964 0.010084 0.024330 
-0.018909 -0.016568 -0.010152 -0.023000 
0.020226 0.018338 0.008605 0.025910 
-0.021851 -0.010837 -0.015721 -0.018649 
0.013163 0.005214 0.012319 0.006977 
0.007435 -0.016755 0.011082 -0.014601 
-0.036836 -0.016826 -0.000488 -0.040494 
-0.010722 -0.023438 0.000742 -0.025764 
0.016010 -0.011915 0.018640 -0.007130 
-0.005941 0.007348 -0.006381 0.006969 
-0.024063 -0.021666 -0.003723 -0.032164 
-0.023850 0.014478 -0.027899 0.000254 
-0.009718 -0.012132 -0.007573 -0.013575 
-0.040302 -0.005993 -0.011223 -0.039169 
-0.014255 0.026612 -0.027172 0.013156 
-0.016270 -0.014803 -0.010529 -0.019312 
0.001497 0.021519 -0.005362 0.020894 
0.004687 -0.010000 0.005510 -0.009571 
-0.006053 0.015434 -0.008851 0.014018 
0.020881 -0.016928 0.026431 -0.004898 
-0.003568 0.028093 -0.017786 0.022037 
-0.027291 -0.002510 -0.022473 -0.015686 
-0.000013 -0.026516 0.012340 -0.023469 
0.027409 0.016371 0.010343 0.030204 
0.007754 0.002731 0.007618 0.003089 
-0.009674 -0.008263 -0.008694 -0.009289 
0.007973 -0.017160 0.011923 -0.014693 
-0.018042 -0.025731 0.002171 -0.031351 
-0.005599 -0.029583 0.012761 -0.027270 
0.032065 0.012710 0.012585 0.032114 
-0.011503 0.020803 -0.018540 0.014878 
0.001067 -0.035499 0.027805 -0.022096 
0.002237 -0.028838 0.017597 -0.022956 
-0.002809 -0.019466 0.002419 -0.019519 
-0.013413 0.041398 -0.043468 -0.002073 
-0.002235 0.041558 -0.039461 0.013225 
0.037791 0.017153 -0.001757 0.041465 
0.026261 0.016659 0.010340 0.029330 
0.012746 -0.032655 0.032908 -0.012079 
0.009736 -0.007341 0.010435 -0.006307 
0.023223 0.003364 0.020324 0.011727 
-0.007417 0.014536 -0.009945 0.012938 
0.014318 0.021803 0.002919 0.025920 
-0.023044 -0.001636 -0.020915 -0.009813 
0.027462 -0.017382 0.032066 0.005295 
0.025765 -0.018661 0.031734 0.002246 
0.010249 -0.013835 0.012843 -0.011467 
-0.005788 -0.029452 0.012426 -0.027322 
-0.025334 0.017579 -0.030799 -0.001500 
-0.030042 0.005851 -0.027517 -0.013402 
0.023491 0.017316 0.009969 0.027428 
-0.005226 -0.034166 0.021504 -0.027059 
-0.025094 -0.014767 -0.012786 -0.026159 
0.024002 -0.016800 0.029291 -0.000562 
0.010348 -0.012148 0.012310 -0.010154 
0.010069 -0.032900 0.030861 -0.015212 
-0.015718 -0.002460 -0.015053 -0.005151 
0.030805 0.017079 0.007328 0.034452 
0.013697 0.006165 0.012577 0.008212 
0.002974 -0.009546 0.003624 -0.009318 
0.033200 0.014532 0.009073 0.035087 
0.018369 -0.001012 0.018106 0.003261 
-0.042558 -0.003990 -0.009250 -0.041732 
-0.013309 0.037094 -0.038931 0.006121 
-0.011173 0.025505 -0.022604 0.016260 
0.001606 -0.043288 0.042071 -0.010319 
-0.044142 0.001287 -0.011179 -0.042723 
0.002764 0.035799 -0.026041 0.024719 
0.031671 0.000855 0.023845 0.020862 
0.037101 0.018266 -0.002697 0.041266 
0.023853 0.026137 -0.004348 0.035117 
0.032872 0.000979 0.023492 0.023014 
-0.031983 -0.001460 -0.023381 -0.021871 
0.008837 0.021966 -0.000092 0.023677 
-0.010408 -0.028090 0.007806 -0.028922 
-0.022953 0.018407 -0.029329 0.002332 
-0.030712 -0.009458 -0.017079 -0.027222 
-0.004196 0.014907 -0.006591 0.014013 
0.016496 -0.016747 0.021539 -0.009416 
-0.020732 0.012269 -0.023873 0.003228 
-0.001738 -0.029648 0.015506 -0.025330 
-0.019798 -0.006423 -0.017033 -0.011962 
0.011161 0.032439 -0.015832 0.030433 
0.012586 -0.040633 0.042526 -0.000996 
0.002306 -0.034817 0.027447 -0.021546 
-0.006939 -0.037217 0.027249 -0.026282 
-0.041428 -0.009922 -0.003618 -0.042446 
-0.025110 -0.010387 -0.016868 -0.021305 
0.009834 0.011074 0.008054 0.012429 
0.014600 0.022365 0.002313 0.026609 
-0.026214 0.017678 -0.031473 -0.003019 
-0.036198 -0.019541 0.003714 -0.040968 
-0.018266 -0.017402 -0.009146 -0.023512 
-0.003424 0.012715 -0.004915 0.012216 
0.026728 -0.019115 0.032610 0.004042 
0.020505 -0.024654 0.031614 -0.005372 
-0.014107 -0.019343 -0.005577 -0.023282 
0.011151 0.011240 0.009053 0.012990 
0.030295 -0.007121 0.028201 0.013159 
-0.024711 -0.026271 0.005093 -0.035705 
-0.032468 -0.016562 -0.006652 -0.035836 
-0.012004 -0.002500 -0.011681 -0.003728 
0.013361 0.021118 0.003331 0.024767 
-0.020905 0.012029 -0.023942 0.002916 
0.004329 -0.029481 0.020478 -0.021646 
0.018134 -0.011406 0.020782 -0.005200 
-0.010875 0.009357 -0.012088 0.007726 
-0.021360 0.024954 -0.032614 0.003908 
0.017962 0.021445 0.004400 0.027625 
-0.017310 0.031535 -0.035412 0.006332 
-0.003047 0.015553 -0.005680 0.014796 
0.010347 -0.032965 0.031201 -0.014840 
-0.019702 -0.001311 -0.018647 -0.006495 
0.021768 0.011349 0.015338 0.019167 
-0.034008 -0.000291 -0.023555 -0.024532 
-0.030255 0.001486 -0.025283 -0.016684 
-0.008164 0.007416 -0.008756 0.006707 
-0.011152 -0.004760 -0.010613 -0.005863 
0.027438 0.004628 0.021270 0.017941 
0.014662 0.009321 0.012420 0.012149 
0.012000 -0.023902 0.021882 -0.015377 
-0.010719 0.009084 -0.011852 0.007547 
-0.025051 0.000397 -0.022910 -0.010142 
0.013069 0.007642 0.011704 0.009603 
0.003419 -0.012383 0.004802 -0.011915 
0.032319 0.017322 0.005557 0.036245 
0.012461 0.010523 0.010333 0.012618 
0.015202 0.027485 -0.005459 0.030931 
-0.002016 0.022147 -0.009303 0.020199 
-0.018766 -0.018999 -0.007579 -0.025607 
-0.009052 0.007100 -0.009661 0.006246 
-0.033370 0.004183 -0.026675 -0.020481 
0.004336 0.036045 -0.025754 0.025588 
0.032819 0.014809 0.009028 0.034856 
0.016617 0.009342 0.013783 0.013169 
0.010056 -0.025644 0.021520 -0.017195 
-0.009626 0.016190 -0.013259 0.013378 
0.024665 0.026118 -0.004750 0.035608 
0.026255 -0.006287 0.026038 0.007130 
-0.009288 0.025561 -0.020579 0.017779 
0.014314 -0.028337 0.029135 -0.012610 
0.007921 -0.007129 0.008454 -0.006488 
0.012319 0.005376 0.011556 0.006864 
0.006000 -0.015816 0.008982 -0.014334 
-0.011630 -0.007268 -0.010593 -0.008711 
-0.028442 -0.017561 -0.008193 -0.032407 
0.015835 -0.016697 0.020751 -0.009946 
-0.022309 -0.004058 -0.019515 -0.011546 
0.011096 -0.010538 0.012645 -0.008618 
0.022071 -0.017030 0.027672 -0.003381 
-0.008487 -0.005352 -0.008096 -0.005928 
0.023256 -0.011940 0.026142 -0.000087 
0.012786 0.003060 0.012332 0.004558 
-0.029078 0.005809 -0.027209 -0.011787 
0.009266 -0.027522 0.022855 -0.017916 
0.009349 0.026982 -0.006466 0.027814 
0.004643 -0.028743 0.019726 -0.021414 
-0.014224 0.020192 -0.021226 0.012628 
0.022518 -0.001536 0.021673 0.006302 
-0.029722 0.014583 -0.031636 -0.009760 
-0.030641 -0.003060 -0.022467 -0.021058 
-0.014424 -0.017393 -0.007546 -0.021299 
0.011417 0.023779 -0.000841 0.026364 
-0.009413 0.015233 -0.012524 0.012799 
0.020001 0.017828 0.009138 0.025187 
-0.017834 -0.016678 -0.009688 -0.022413 
-0.002446 0.023154 -0.010728 0.020664 
-0.014299 -0.001207 -0.013984 -0.003217 
0.021984 0.025995 -0.003289 0.033885 
0.033545 0.001749 0.022677 0.024781 
0.026000 0.002625 0.021983 0.014129 
-0.000133 0.030741 -0.018741 0.024368 
-0.015753 0.032177 -0.034875 0.008201 
-0.028980 0.012155 -0.030171 -0.008789 
0.041351 0.011559 0.001189 0.042920 
0.023679 0.009746 0.017046 0.019108 
-0.024640 -0.003951 -0.020761 -0.013846 
0.005184 -0.025948 0.016634 -0.020580 
0.032238 0.002656 0.022459 0.023279 
0.021703 0.003404 0.019402 0.010303 
-0.007642 0.011616 -0.009117 0.010498 
0.017249 0.004156 0.015950 0.007772 
-0.000293 -0.031139 0.019065 -0.024622 
0.004819 -0.038276 0.035227 -0.015726 
-0.031815 -0.019187 -0.002851 -0.037043 
0.003957 -0.022103 0.011247 -0.019435 
0.006307 0.007808 0.005750 0.008227 
0.006230 0.030107 -0.013302 0.027719 
0.017348 -0.023023 0.027057 -0.009948 
-0.028195 0.006306 -0.027088 -0.010049 
0.018979 0.015427 0.011208 0.021739 
-0.002374 -0.024085 0.007278 -0.023082 
-0.002804 0.014432 -0.004915 0.013856 
0.020557 -0.022175 0.029676 -0.005803 
-0.017322 -0.019651 -0.006470 -0.025384 
-0.009530 0.015645 -0.012863 0.013044 
-0.002445 0.032163 -0.022980 0.022636 
-0.025427 0.011190 -0.027589 -0.003251 
-0.016796 -0.024674 0.000487 -0.029844 
-0.011042 -0.011062 -0.009032 -0.012756 
-0.010468 -0.005784 -0.009848 -0.006786 
0.021204 -0.013969 0.025150 -0.003498 
0.014700 0.019483 0.005703 0.023731 
-0.004450 0.034616 -0.028735 0.019807 
0.033649 -0.000769 0.024446 0.023136 
0.030312 0.019818 0.003177 0.036076 
0.002063 0.029387 -0.014841 0.025447 
0.008336 -0.003126 0.008494 -0.002666 
-0.004975 0.035258 -0.030229 0.018818 
0.002170 -0.027001 0.014979 -0.022570 
-0.011000 0.039690 -0.040831 0.005396 
0.003413 0.023006 -0.005201 0.022669 
0.002360 -0.009225 0.002932 -0.009059 
0.017757 0.019857 0.006347 0.025871 
-0.004300 0.042856 -0.042277 0.008232 
0.042313 0.011626 -0.001071 0.043869 
0.032440 0.007102 0.018620 0.027497 
0.006952 -0.019416 0.012265 -0.016579 
-0.024367 -0.007872 -0.018483 -0.017723 
0.014716 0.006870 0.013231 0.009417 
0.022615 -0.012670 0.025893 -0.001233 
0.013268 0.017096 0.007161 0.020422 
-0.016861 -0.010658 -0.013345 -0.014825 
-0.021203 0.023971 -0.031687 0.004489 
0.015301 -0.025917 0.027563 -0.012086 
0.016332 0.018082 0.007790 0.023087 
0.011072 -0.010022 0.012476 -0.008209 
0.008361 -0.039875 0.039758 -0.008897 
-0.025385 -0.020087 -0.005770 -0.031853 
-0.017167 0.010679 -0.019459 0.005486 
0.007228 -0.008968 0.008017 -0.008270 
0.012646 0.002286 0.012304 0.003707 
-0.026628 0.003925 -0.025257 -0.009304 
0.026463 -0.004713 0.025500 0.008498 
-0.012963 -0.023755 0.000140 -0.027062 
0.027592 -0.019798 0.033456 0.005827 
0.021078 -0.013346 0.024720 -0.003370 
-0.001418 0.022287 -0.008846 0.020506 
-0.018230 -0.007811 -0.015473 -0.012407 
-0.025728 0.020311 -0.032693 -0.002365 
-0.025774 -0.020478 -0.005004 -0.032536 
0.007647 -0.006752 0.008111 -0.006187 
0.014498 0.009017 0.012407 0.011729 
0.033925 0.002062 0.022257 0.025686 
0.023032 0.001665 0.020896 0.009829 
-0.019026 0.015576 -0.023703 0.006543 
0.009718 0.003173 0.009465 0.003864 
-0.013488 -0.003812 -0.012850 -0.005598 
0.028314 0.002201 0.022890 0.016810 
-0.004617 0.026883 -0.017211 0.021161 
-0.033397 0.000607 -0.024423 -0.022787 
-0.031683 -0.019733 -0.002000 -0.037272 
-0.001426 -0.034413 0.024127 -0.024579 
0.016851 -0.031652 0.035176 -0.006964 
0.029061 -0.013199 0.030712 0.008691 
-0.032557 -0.001345 -0.023324 -0.022754 
0.009904 0.027174 -0.006510 0.028181 
0.013387 -0.023114 0.022714 -0.014056 
0.015543 0.023939 0.000411 0.028540 
0.017194 0.009804 0.013956 0.014034 
0.023107 -0.024281 0.033497 -0.001202 
-0.026777 -0.016139 -0.010860 -0.029317 
0.009524 -0.012294 0.011432 -0.010544 
0.012427 -0.019994 0.018984 -0.013921 
-0.034273 -0.004292 -0.020181 -0.028032 
0.038441 0.013075 0.004326 0.040372 
0.030618 -0.007676 0.028545 0.013475 
-0.002296 -0.022017 0.005128 -0.021534 
0.011624 0.021993 0.001486 0.024831 
-0.000337 0.017073 -0.003738 0.016662 
0.013906 -0.039425 0.041789 -0.001140 
-0.007912 -0.029417 0.011209 -0.028325 
-0.017017 0.015835 -0.021612 0.008559 
0.009954 -0.021294 0.017155 -0.016070 
-0.029824 -0.005294 -0.020929 -0.021897 
0.023539 0.024302 -0.000657 0.033826 
0.035966 -0.005596 0.026415 0.025042 
-0.007001 -0.037116 0.027009 -0.026403 
-0.042889 -0.012825 0.004506 -0.044538 
-0.032670 -0.016779 -0.006096 -0.036217 
-0.013424 -0.010725 -0.010980 -0.013216 
-0.021862 -0.010816 -0.015739 -0.018634 
0.012848 0.004699 0.012136 0.006313 
0.004480 -0.010059 0.005304 -0.009650 
-0.008901 0.009369 -0.009918 0.008284 
-0.033910 -0.002821 -0.021655 -0.026248 
-0.032622 0.005330 -0.027447 -0.018418 
-0.002534 0.033995 -0.026170 0.021844 
0.001138 0.022807 -0.006956 0.021750 
0.004172 -0.010844 0.005161 -0.010409 
-0.003288 0.008842 -0.003823 0.008624 
-0.032057 -0.006737 -0.019144 -0.026581 
0.003459 0.023411 -0.005609 0.022991 
0.003929 -0.018441 0.008285 -0.016937 
-0.030702 0.005934 -0.027693 -0.014523 
0.016579 -0.025134 0.028149 -0.010689 
0.010672 0.016529 0.005936 0.018758 
-0.018964 -0.008356 -0.015702 -0.013525 
-0.010100 0.029291 -0.025965 0.016906 
0.012318 0.006288 0.011384 0.007852 
0.006231 -0.009451 0.007040 -0.008865 
0.009802 0.009544 0.008493 0.010726 
0.042107 0.014208 -0.005129 0.044143 
0.028272 -0.000799 0.024502 0.014128 
0.001661 -0.011627 0.002758 -0.011416 
0.001085 0.035391 -0.026209 0.023808 
0.015575 0.026613 -0.003870 0.030592 
0.010177 0.033695 -0.018713 0.029812 
