-0.007253 -0.018229 0.002527 -0.019456 
0.001425 0.015739 -0.003744 0.015353 
-0.002943 -0.030411 0.027697 -0.012898 
-0.008289 -0.018324 0.002184 -0.019993 
-0.015733 0.000159 -0.014952 -0.004897 
-0.012229 -0.005820 -0.010478 -0.008580 
0.013047 0.012920 0.006218 0.017277 
0.013865 0.002052 0.012876 0.005537 
-0.005089 -0.019511 0.005596 -0.019371 
0.005905 -0.021598 0.017926 -0.013417 
0.022029 -0.006378 0.021014 0.009184 
0.015832 -0.012684 0.020108 -0.002681 
0.010860 -0.002208 0.011074 -0.000427 
-0.007304 0.012433 -0.010399 0.009990 
0.015571 0.006443 0.012133 0.011694 
-0.010731 -0.007369 -0.008831 -0.009564 
0.018680 -0.000856 0.017108 0.007548 
0.019647 0.012479 0.006662 0.022302 
0.019882 -0.003913 0.019053 0.006899 
0.014962 0.003699 0.013093 0.008131 
-0.010545 0.007415 -0.011905 0.004944 
-0.008185 -0.009725 -0.005943 -0.011236 
0.012052 -0.010086 0.014646 -0.005697 
0.011641 -0.010037 0.014158 -0.005983 
-0.018026 0.007205 -0.019280 -0.002264 
0.013848 0.007779 0.010547 0.011876 
-0.008874 0.004805 -0.009438 0.003574 
-0.014625 0.020894 -0.025371 0.002597 
0.004540 0.016858 -0.002420 0.017290 
0.003125 -0.016785 0.009194 -0.014387 
-0.011794 0.008795 -0.013794 0.005117 
0.016150 -0.011922 0.019965 -0.002090 
-0.019603 -0.011316 -0.008215 -0.021091 
-0.012530 0.001293 -0.012525 -0.001339 
-0.006255 -0.017959 0.002691 -0.018826 
-0.002023 0.001286 -0.002033 0.001271 
0.001286 -0.014766 0.005451 -0.013782 
-0.008829 0.006096 -0.009650 0.004690 
-0.005715 0.020626 -0.016423 0.013726 
-0.017880 0.013631 -0.022480 -0.000348 
0.017130 -0.002965 0.016938 0.003918 
-0.030437 0.002832 -0.012766 -0.027775 
-0.014455 0.006604 -0.015820 0.001513 
0.019257 0.006976 0.012716 0.016056 
0.010152 -0.008276 0.011750 -0.005787 
0.016676 0.004959 0.013436 0.011053 
-0.000564 -0.018141 0.007126 -0.016692 
0.007764 -0.012567 0.011012 -0.009846 
-0.006443 -0.000547 -0.006403 -0.000901 
0.008771 0.006302 0.007701 0.007571 
0.013686 -0.006982 0.015167 -0.002453 
-0.007192 0.022859 -0.020933 0.011665 
0.017425 0.000023 0.016037 0.006816 
-0.003045 -0.010651 -0.001289 -0.011003 
-0.006423 0.018430 -0.014505 0.013058 
0.015785 0.000110 0.014904 0.005200 
0.025930 0.005750 0.010877 0.024231 
-0.002187 -0.029770 0.026631 -0.013483 
0.004949 -0.013726 0.008560 -0.011816 
0.011179 -0.006734 0.012399 -0.004074 
-0.017028 -0.008661 -0.011081 -0.015562 
0.004540 -0.005128 0.004848 -0.004837 
0.018230 -0.001655 0.017186 0.006303 
0.009146 0.011314 0.005674 0.013396 
-0.008625 0.013858 -0.012869 0.010041 
0.012635 0.006184 0.010611 0.009236 
-0.001563 -0.017808 0.005861 -0.016888 
0.003250 0.016783 -0.003300 0.016773 
0.009241 -0.013747 0.013510 -0.009584 
0.004280 0.003945 0.004100 0.004132 
-0.004857 0.018317 -0.012679 0.014084 
0.026614 -0.007594 0.020576 0.018510 
0.008136 -0.011121 0.010639 -0.008757 
0.003294 0.002838 0.003222 0.002919 
0.002828 0.013629 -0.000709 0.013901 
0.004412 -0.014958 0.008904 -0.012804 
-0.005626 0.010409 -0.007442 0.009199 
-0.000580 0.017484 -0.007402 0.015851 
-0.003474 0.010086 -0.004944 0.009453 
0.010546 0.000331 0.010384 0.001871 
-0.007359 -0.009585 -0.005388 -0.010817 
0.007766 0.006007 0.006941 0.006943 
0.011373 0.013998 0.004518 0.017461 
0.007781 -0.000835 0.007823 -0.000204 
-0.012892 0.003113 -0.013262 0.000065 
0.011967 -0.007373 0.013463 -0.004040 
0.016996 0.003391 0.014370 0.009688 
-0.002794 -0.030572 0.028048 -0.012479 
-0.005440 -0.023779 0.012959 -0.020666 
-0.012907 -0.007432 -0.010214 -0.010839 
-0.005039 0.011983 -0.007563 0.010573 
0.009261 0.012597 0.004792 0.014883 
-0.000279 0.007482 -0.000832 0.007441 
-0.007312 -0.017979 0.002144 -0.019290 
-0.010761 0.005174 -0.011539 0.003070 
0.004582 -0.004847 0.004859 -0.004570 
0.008445 0.003751 0.007970 0.004676 
0.004657 -0.005852 0.005076 -0.005493 
0.010519 0.003315 0.009854 0.004954 
0.006394 -0.006095 0.006986 -0.005405 
-0.003085 -0.019193 0.006467 -0.018332 
-0.016761 -0.000491 -0.015443 -0.006533 
-0.008496 -0.006282 -0.007482 -0.007461 
0.007911 -0.004280 0.008322 -0.003413 
-0.011118 0.009004 -0.013117 0.005712 
0.001882 -0.013976 0.005442 -0.013010 
0.003349 0.021493 -0.009845 0.019397 
-0.001037 0.014922 -0.005332 0.013975 
-0.017666 -0.000281 -0.016077 -0.007329 
-0.006425 -0.006955 -0.005560 -0.007665 
-0.015933 -0.002652 -0.014104 -0.007872 
0.005929 0.013331 0.002002 0.014452 
-0.012515 -0.015562 -0.003007 -0.019742 
-0.011318 -0.019484 0.003224 -0.022301 
-0.015708 0.012212 -0.019706 0.002748 
0.019521 0.014154 0.004232 0.023738 
0.016008 0.006111 0.012514 0.011704 
-0.003461 0.017071 -0.009839 0.014373 
0.018646 0.002069 0.015745 0.010200 
0.003957 -0.011795 0.006267 -0.010748 
-0.011419 -0.010354 -0.007670 -0.013370 
-0.006409 0.006987 -0.007191 0.006179 
-0.007050 0.006920 -0.007881 0.005957 
-0.007903 0.011803 -0.010729 0.009308 
0.020009 0.013702 0.004686 0.023794 
0.013581 0.002657 0.012486 0.005967 
-0.010806 -0.001658 -0.010412 -0.003334 
-0.000681 -0.013124 0.002300 -0.012939 
-0.012656 0.004506 -0.013362 0.001393 
0.009815 0.007333 0.008181 0.009120 
0.011719 -0.008513 0.013600 -0.004987 
-0.002871 0.017597 -0.009788 0.014903 
0.008651 -0.015266 0.013979 -0.010606 
0.006073 -0.001433 0.006138 -0.001120 
-0.015068 0.002345 -0.015072 -0.002315 
-0.007544 -0.023072 0.010805 -0.021737 
-0.020865 -0.013953 -0.003755 -0.024819 
-0.015068 0.017852 -0.023100 0.003486 
0.025898 0.007069 0.009296 0.025185 
0.019932 0.012022 0.007173 0.022144 
0.011854 -0.008738 0.013838 -0.005037 
-0.014250 0.002313 -0.014343 -0.001643 
0.000200 -0.017333 0.006877 -0.015912 
0.004927 -0.014143 0.008837 -0.012091 
-0.013631 0.012507 -0.017722 0.005306 
-0.016358 0.002724 -0.016260 -0.003259 
-0.017885 -0.000890 -0.015943 -0.008153 
0.015689 0.008297 0.011004 0.013925 
-0.008568 0.006980 -0.009576 0.005515 
0.000049 -0.005344 0.000250 -0.005338 
-0.008176 0.005875 -0.008886 0.004733 
-0.006332 0.007496 -0.007231 0.006633 
-0.011859 0.013299 -0.016243 0.007326 
0.006183 0.002104 0.006055 0.002448 
-0.016340 0.013590 -0.021150 0.002078 
-0.017585 0.000219 -0.016229 -0.006777 
-0.013514 -0.006343 -0.011096 -0.009987 
-0.005135 0.012441 -0.007933 0.010872 
-0.011856 -0.022211 0.008537 -0.023686 
-0.020289 -0.003730 -0.015189 -0.013959 
-0.007177 0.005046 -0.007651 0.004292 
0.026119 -0.013239 0.023095 0.018001 
-0.004847 -0.027514 0.021087 -0.018326 
-0.021894 -0.011782 -0.006430 -0.024017 
-0.024156 0.004889 -0.020318 -0.013950 
-0.006874 0.014558 -0.011358 0.011410 
0.018022 0.004241 0.014357 0.011689 
0.003006 -0.014786 0.007246 -0.013235 
0.003797 0.012595 0.000848 0.013128 
0.006260 -0.004950 0.006653 -0.004408 
0.010462 -0.019057 0.019620 -0.009363 
-0.011278 -0.005146 -0.010011 -0.007311 
0.022842 -0.013337 0.024419 0.010167 
0.004323 -0.020153 0.014374 -0.014772 
-0.011127 -0.012307 -0.006030 -0.015457 
0.001998 0.016828 -0.004368 0.016374 
-0.029989 0.002042 -0.012988 -0.027108 
-0.026291 0.012857 -0.022846 -0.018293 
-0.006399 0.017610 -0.013593 0.012896 
-0.022606 0.003713 -0.019771 -0.011572 
-0.012922 0.022937 -0.026056 0.003762 
0.027965 -0.011162 0.020623 0.021938 
0.004721 -0.017174 0.011292 -0.013773 
0.023718 -0.014623 0.024820 0.012661 
-0.009266 -0.019001 0.002862 -0.020945 
-0.007763 0.006914 -0.008667 0.005741 
0.008751 -0.011235 0.011410 -0.008522 
0.026664 -0.005117 0.019246 0.019150 
0.013436 -0.021619 0.025129 -0.004055 
0.001925 -0.011551 0.003971 -0.011016 
-0.007133 0.011259 -0.009552 0.009295 
0.006153 0.013528 0.002008 0.014725 
-0.003719 -0.011894 -0.001222 -0.012402 
-0.003927 0.003738 -0.004069 0.003583 
-0.004961 -0.003528 -0.004783 -0.003766 
-0.012099 -0.025376 0.015822 -0.023238 
-0.015224 0.005785 -0.016285 0.000215 
0.007586 0.008948 0.005845 0.010171 
-0.012094 0.020716 -0.023032 0.006704 
0.010929 0.019517 -0.003335 0.022119 
0.007769 -0.007607 0.008857 -0.006308 
0.004563 0.016667 -0.002183 0.017142 
0.012652 -0.019839 0.022661 -0.006337 
-0.001363 -0.014437 0.002643 -0.014258 
0.001545 -0.000235 0.001545 -0.000230 
-0.015324 0.000051 -0.014610 -0.004623 
0.010153 -0.006062 0.011093 -0.004097 
-0.014213 0.008894 -0.016470 0.003139 
0.006909 0.012842 0.003084 0.014253 
-0.006183 0.006678 -0.006875 0.005964 
-0.002940 0.013141 -0.005969 0.012070 
0.013489 -0.007973 0.015325 -0.003266 
-0.009611 0.015446 -0.015242 0.009933 
-0.004531 -0.007844 -0.003657 -0.008287 
-0.004489 -0.022476 0.010905 -0.020159 
-0.007383 -0.013571 -0.002817 -0.015190 
0.009966 0.018303 -0.001549 0.020783 
0.013009 -0.005913 0.014114 -0.002238 
-0.011115 -0.009132 -0.008241 -0.011790 
-0.017779 0.017926 -0.025214 -0.001297 
0.015911 0.004441 0.013327 0.009761 
-0.010832 0.008342 -0.012541 0.005446 
-0.024257 -0.004741 -0.013377 -0.020783 
-0.008400 0.013967 -0.012684 0.010235 
-0.009911 -0.006086 -0.008674 -0.007749 
-0.015592 0.000108 -0.014831 -0.004814 
-0.003120 -0.012807 -0.000128 -0.013181 
-0.005224 0.005677 -0.005653 0.005250 
-0.014751 0.003205 -0.015038 -0.001306 
0.010869 0.001792 0.010445 0.003502 
-0.009083 -0.014946 -0.002484 -0.017312 
0.001980 -0.004911 0.002160 -0.004834 
0.012755 0.014173 0.004776 0.018460 
0.006974 0.001201 0.006879 0.001659 
-0.010878 -0.006749 -0.009177 -0.008926 
-0.018387 0.000357 -0.016741 -0.007613 
-0.006393 -0.006010 -0.005751 -0.006627 
-0.026842 -0.007911 -0.006953 -0.027106 
-0.002517 0.017033 -0.008820 0.014787 
-0.014313 -0.008062 -0.010606 -0.012545 
-0.004545 -0.012015 -0.001843 -0.012713 
-0.007991 0.022611 -0.021355 0.010912 
0.014047 0.007821 0.010623 0.012068 
-0.004123 0.009094 -0.005280 0.008475 
0.006294 0.007392 0.005329 0.008116 
0.015109 0.002200 0.013734 0.006670 
-0.017152 0.003376 -0.017101 -0.003623 
0.000510 0.006787 0.000094 0.006806 
-0.000196 -0.018076 0.007376 -0.016504 
-0.001673 -0.007912 -0.000985 -0.008027 
0.010934 0.020664 -0.005430 0.022739 
0.018563 -0.004414 0.018502 0.004662 
0.016946 -0.007356 0.018459 0.000751 
-0.022919 -0.013794 -0.002271 -0.026654 
-0.018257 0.008209 -0.019905 -0.002119 
0.007985 0.022073 -0.008702 0.021801 
0.012714 0.014377 0.004528 0.018650 
0.011348 0.023233 -0.010723 0.023528 
0.018275 -0.000553 0.016762 0.007301 
0.003754 -0.001799 0.003795 -0.001713 
0.017077 -0.017889 0.024731 -0.000042 
-0.014921 -0.003758 -0.013044 -0.008161 
0.008319 -0.020025 0.018409 -0.011459 
-0.014150 -0.012277 -0.007177 -0.017304 
0.000020 -0.015189 0.004571 -0.014485 
0.011521 -0.001874 0.011671 0.000216 
-0.007246 0.010768 -0.009441 0.008906 
0.008497 0.018776 -0.002781 0.020421 
0.016317 -0.004067 0.016677 0.002159 
0.006458 -0.010592 0.008461 -0.009072 
-0.007679 -0.024794 0.014408 -0.021590 
-0.028179 -0.005401 -0.008353 -0.027449 
0.009986 0.026114 -0.017273 0.021984 
0.012785 -0.004963 0.013612 -0.001671 
-0.010837 -0.004689 -0.009796 -0.006592 
0.007482 0.012033 0.004071 0.013572 
-0.000417 0.006591 -0.000795 0.006556 
0.007953 -0.006957 0.008888 -0.005715 
-0.004138 -0.021257 0.008957 -0.019717 
-0.017080 0.004847 -0.017582 -0.002466 
-0.005939 0.014336 -0.010120 0.011764 
0.025799 0.007653 0.008646 0.025483 
0.003320 -0.023493 0.018334 -0.015061 
0.013864 -0.022368 0.026178 -0.002688 
0.000160 -0.015714 0.005182 -0.014836 
0.027452 -0.003122 0.017308 0.021536 
0.007455 -0.008992 0.008945 -0.007512 
0.003369 0.018796 -0.005711 0.018222 
0.001287 -0.017240 0.007811 -0.015422 
0.013375 0.006327 0.011019 0.009875 
-0.007341 0.018561 -0.015663 0.012372 
0.010925 0.007316 0.008988 0.009597 
0.005566 -0.008303 0.006609 -0.007500 
0.002260 -0.003392 0.002334 -0.003342 
0.018227 -0.010982 0.021247 0.001172 
-0.017518 -0.005953 -0.013164 -0.013001 
0.006011 0.021060 -0.007607 0.020537 
0.011218 0.005013 0.010004 0.007134 
-0.022928 0.007092 -0.021506 -0.010652 
-0.014030 0.020813 -0.024832 0.003664 
-0.002238 0.013924 -0.005774 0.012867 
-0.016924 -0.004316 -0.013882 -0.010599 
0.011363 0.014322 0.004163 0.017802 
0.011332 -0.019962 0.021488 -0.008073 
-0.006674 -0.022173 0.009335 -0.021190 
-0.013934 -0.007624 -0.010678 -0.011758 
-0.008133 0.005559 -0.008776 0.004475 
-0.014344 0.021029 -0.025281 0.002979 
0.005058 0.016404 -0.001538 0.017097 
0.015834 -0.014302 0.021146 -0.002850 
0.002975 -0.013142 0.006008 -0.012061 
-0.007337 0.014329 -0.011717 0.011040 
0.005673 0.009300 0.004154 0.010071 
0.025838 -0.004460 0.019432 0.017604 
0.003993 -0.009113 0.005145 -0.008516 
0.012702 0.017085 0.000880 0.021271 
0.006623 -0.009801 0.008309 -0.008419 
0.016009 -0.007510 0.017677 -0.000462 
-0.015028 -0.008045 -0.010928 -0.013083 
-0.001599 -0.002138 -0.001579 -0.002153 
0.026538 0.006256 0.009568 0.025532 
0.006530 0.008050 0.005327 0.008891 
-0.006837 -0.001712 -0.006710 -0.002156 
0.006012 0.006057 0.005403 0.006606 
0.006055 0.005184 0.005600 0.005673 
0.025590 0.009186 0.006751 0.026338 
-0.004038 -0.019455 0.006178 -0.018885 
-0.017051 0.000198 -0.015885 -0.006198 
-0.019119 -0.012053 -0.007418 -0.021349 
-0.013476 0.000832 -0.013287 -0.002402 
-0.001611 -0.015516 0.003367 -0.015231 
0.021011 -0.002752 0.018968 0.009449 
0.019995 -0.004418 0.019334 0.006746 
0.018358 0.001454 0.015922 0.009254 
0.001957 -0.003817 0.002049 -0.003768 
0.008436 0.013256 0.003751 0.015258 
0.000092 0.011024 -0.001669 0.010898 
0.008064 -0.011720 0.010871 -0.009177 
0.010712 0.005883 0.009353 0.007865 
-0.002553 0.019188 -0.011351 0.015680 
-0.024665 0.005270 -0.020399 -0.014833 
-0.001287 0.012625 -0.003920 0.012070 
0.009482 -0.021136 0.020948 -0.009891 
-0.018777 -0.003961 -0.014755 -0.012270 
0.003640 0.020445 -0.007947 0.019185 
0.017204 0.015429 0.003115 0.022898 
-0.004749 -0.026262 0.018401 -0.019331 
-0.022713 -0.008063 -0.010772 -0.021560 
-0.007958 0.021485 -0.019843 0.011455 
0.025828 0.005838 0.010881 0.024141 
0.000302 -0.026670 0.021692 -0.015518 
-0.013403 -0.008553 -0.009865 -0.012469 
0.016375 0.014977 0.003979 0.021832 
0.001762 -0.014907 0.006051 -0.013737 
0.001581 0.000941 0.001577 0.000948 
-0.026180 -0.004619 -0.011893 -0.023776 
-0.025109 -0.007934 -0.009029 -0.024736 
-0.003849 0.027807 -0.025925 0.010767 
0.016579 -0.000037 0.015514 0.005846 
-0.003900 0.026311 -0.023465 0.012525 
-0.000589 0.018231 -0.008282 0.016252 
0.024090 -0.013172 0.024172 0.013020 
-0.002939 -0.013487 0.000508 -0.013795 
0.030523 -0.003066 0.012773 0.027891 
0.029901 -0.001987 0.013100 0.026952 
0.013403 -0.014023 0.018464 -0.005947 
-0.011910 0.007320 -0.013382 0.004041 
0.012254 0.002316 0.011525 0.004764 
-0.009853 0.005449 -0.010623 0.003733 
0.019352 0.002080 0.015988 0.011100 
0.001200 -0.008551 0.002034 -0.008392 
-0.010028 -0.009084 -0.007565 -0.011218 
-0.014862 0.006871 -0.016322 0.001298 
0.016766 0.000539 0.015428 0.006584 
0.010186 0.006803 0.008649 0.008673 
0.011896 -0.007132 0.013306 -0.003917 
-0.002212 0.019670 -0.011643 0.016007 
0.010587 -0.001146 0.010640 0.000444 
-0.013495 -0.014315 -0.004778 -0.019084 
-0.004541 -0.010270 -0.002777 -0.010880 
0.018184 0.006731 0.012789 0.014574 
-0.005003 -0.011130 -0.002734 -0.011892 
0.015896 0.014568 0.004614 0.021062 
0.019940 0.014633 0.003223 0.024522 
0.014480 -0.001429 0.014313 0.002618 
0.010275 0.026811 -0.018968 0.021555 
0.018976 0.006413 0.013141 0.015118 
0.009346 0.022599 -0.009453 0.022555 
0.011327 0.009577 0.008113 0.012418 
-0.000770 0.017027 -0.007081 0.015504 
0.007378 0.002081 0.007194 0.002646 
0.004410 -0.005089 0.004707 -0.004816 
0.005918 0.003625 0.005676 0.003993 
-0.007321 -0.001513 -0.007190 -0.002048 
0.009533 -0.014896 0.014707 -0.009823 
-0.013727 -0.000262 -0.013240 -0.003632 
0.001248 -0.006591 0.001637 -0.006505 
0.008920 0.012571 0.004609 0.014709 
-0.014616 0.010961 -0.017894 0.003686 
-0.001219 0.005633 -0.001465 0.005574 
0.002925 -0.005381 0.003188 -0.005230 
0.013773 -0.010821 0.016922 -0.004523 
-0.017445 0.016221 -0.023821 0.000011 
0.025319 0.005798 0.011429 0.023325 
0.019970 0.011087 0.008381 0.021248 
0.013758 -0.018743 0.022667 -0.005174 
-0.019187 0.005542 -0.019375 -0.004844 
0.006618 0.020619 -0.006567 0.020636 
0.007362 0.012198 0.003871 0.013712 
-0.002800 0.010220 -0.004278 0.009695 
0.011663 0.005539 0.010174 0.007950 
0.014921 -0.014394 0.020317 -0.004127 
0.006557 -0.010785 0.008663 -0.009180 
0.007044 0.021776 -0.008451 0.021270 
0.010402 0.008174 0.008255 0.010338 
0.009125 0.025605 -0.016069 0.021925 
0.024605 0.000238 0.016994 0.017795 
0.014221 -0.004892 0.015031 -0.000495 
-0.001028 -0.005994 -0.000734 -0.006037 
-0.006808 0.003697 -0.007079 0.003147 
-0.008603 0.012129 -0.011728 0.009143 
-0.018758 0.009039 -0.020665 -0.002554 
0.024470 -0.003754 0.019613 0.015106 
0.014683 -0.011421 0.018213 -0.003779 
0.012756 -0.000370 0.012541 0.002357 
0.010800 0.011026 0.006863 0.013824 
-0.010678 -0.019739 0.003766 -0.022124 
-0.009583 0.011217 -0.012367 0.008044 
0.005408 -0.024377 0.021544 -0.012622 
0.005205 -0.009153 0.006483 -0.008297 
0.018045 0.014782 0.003870 0.023003 
-0.003123 -0.015234 0.001813 -0.015445 
-0.005467 0.013995 -0.009334 0.011775 
0.005483 0.009213 0.004029 0.009935 
0.019831 0.005403 0.013973 0.015074 
0.014267 0.024989 -0.015614 0.024170 
0.013865 -0.008997 0.016147 -0.003530 
-0.010248 -0.001172 -0.009983 -0.002594 
0.005963 0.008140 0.004819 0.008865 
0.020972 0.015331 0.001278 0.025947 
0.027977 -0.002289 0.016148 0.022961 
0.015251 0.003836 0.013217 0.008522 
-0.012379 0.007125 -0.013828 0.003577 
-0.006745 -0.009743 -0.004835 -0.010818 
0.008466 0.003286 0.008060 0.004185 
0.003600 -0.008786 0.004617 -0.008297 
-0.007533 -0.002975 -0.007248 -0.003615 
0.010714 0.003260 0.010031 0.004980 
-0.016332 -0.012292 -0.007475 -0.019025 
-0.016369 -0.001405 -0.014852 -0.007023 
-0.005623 -0.000267 -0.005607 -0.000502 
0.008603 0.007230 0.007285 0.008557 
0.018802 -0.008336 0.020364 0.002885 
-0.009109 -0.011785 -0.005321 -0.013912 
0.005163 -0.014421 0.009310 -0.012163 
-0.016298 -0.001250 -0.014864 -0.006800 
-0.004408 0.000296 -0.004415 0.000182 
0.017979 -0.002685 0.017431 0.005158 
0.006353 -0.007795 0.007333 -0.006881 
0.003296 -0.013375 0.006507 -0.012142 
-0.015507 0.007072 -0.017026 0.000762 
0.007456 -0.020596 0.018195 -0.012196 
0.002058 -0.008956 0.003041 -0.008671 
-0.004662 -0.004963 -0.004350 -0.005239 
0.003830 -0.005128 0.004102 -0.004914 
0.017193 0.005717 0.013206 0.012404 
-0.003611 -0.026497 0.019332 -0.018478 
-0.015589 0.001455 -0.015243 -0.003574 
0.011646 -0.001590 0.011742 0.000547 
-0.016370 0.014644 -0.021869 0.002047 
0.025514 0.004831 0.012314 0.022862 
0.000802 -0.026982 0.022582 -0.014789 
0.000102 -0.016617 0.006015 -0.015490 
0.007561 -0.013786 0.011580 -0.010637 
-0.009275 -0.009830 -0.006661 -0.011759 
-0.018603 0.005504 -0.018979 -0.004023 
0.018901 0.012232 0.007247 0.021316 
0.020680 -0.010874 0.022716 0.005464 
-0.004435 -0.018905 0.005123 -0.018730 
0.002681 -0.011922 0.004962 -0.011167 
0.003557 0.012098 0.000959 0.012574 
0.007009 -0.010366 0.008986 -0.008708 
-0.003125 -0.020973 0.009132 -0.019137 
-0.009649 -0.009470 -0.007108 -0.011501 
0.026383 -0.005639 0.019747 0.018383 
0.013834 -0.021386 0.025218 -0.003575 
-0.003749 -0.013136 -0.000434 -0.013654 
0.006736 0.008807 0.005226 0.009779 
-0.015082 -0.006347 -0.011955 -0.011173 
0.007651 -0.007046 0.008575 -0.005886 
-0.002674 0.016724 -0.008663 0.014553 
-0.007672 0.006825 -0.008545 0.005695 
-0.009361 0.013375 -0.013394 0.009333 
0.003384 -0.002078 0.003427 -0.002007 
-0.009658 0.023831 -0.024461 0.007929 
0.025063 0.004432 0.013111 0.021815 
0.017754 0.015263 0.003210 0.023192 
0.019599 0.013650 0.004977 0.023359 
0.020284 0.005671 0.013776 0.015931 
0.007380 0.021272 -0.007399 0.021265 
0.011547 0.014271 0.004287 0.017850 
0.010567 0.015303 0.002743 0.018394 
0.012651 -0.011769 0.016199 -0.006013 
0.005386 -0.004879 0.005712 -0.004492 
0.009643 -0.009518 0.011645 -0.006928 
0.019731 0.014204 0.004043 0.023974 
0.015667 -0.018358 0.024024 -0.002311 
-0.014275 -0.001780 -0.013266 -0.005564 
0.010048 -0.009244 0.011996 -0.006519 
0.021204 -0.008177 0.021620 0.007005 
-0.010877 -0.017547 0.000152 -0.020644 
-0.016027 0.001382 -0.015565 -0.004064 
-0.022528 -0.009289 -0.009407 -0.022479 
0.001395 0.016752 -0.004802 0.016109 
0.004150 -0.013453 0.007486 -0.011923 
0.019287 0.001545 0.016250 0.010503 
-0.013508 -0.024514 0.014145 -0.024151 
-0.028426 0.002118 -0.015459 -0.023949 
-0.017354 0.009499 -0.019781 -0.000307 
0.000174 0.008500 -0.000636 0.008478 
-0.000869 0.002660 -0.000896 0.002651 
-0.001837 -0.029635 0.026477 -0.013438 
-0.005885 -0.023885 0.012998 -0.020884 
-0.007240 -0.006399 -0.006399 -0.007240 
0.002301 -0.001282 0.002313 -0.001261 
-0.007196 0.018278 -0.015192 0.012453 
-0.006514 -0.006756 -0.005687 -0.007466 
-0.010781 -0.006414 -0.009227 -0.008498 
0.023660 -0.005942 0.020935 0.012523 
0.007475 -0.009798 0.009275 -0.008115 
0.005050 0.010952 0.002869 0.011714 
-0.003522 -0.016783 0.003089 -0.016869 
-0.009893 -0.002413 -0.009472 -0.003739 
0.000421 0.005352 0.000217 0.005364 
-0.014104 -0.015007 -0.003988 -0.020204 
-0.006785 -0.007256 -0.005785 -0.008076 
-0.026223 -0.005636 -0.010692 -0.024599 
-0.008859 -0.010608 -0.005934 -0.012482 
0.017100 0.001233 0.015364 0.007607 
0.007162 0.005150 0.006596 0.005856 
0.009921 0.007494 0.008198 0.009349 
0.021739 -0.006060 0.020786 0.008789 
0.007095 -0.010094 0.008966 -0.008476 
-0.000834 0.013011 -0.003707 0.012500 
-0.010290 0.000691 -0.010286 -0.000755 
0.008345 0.009453 0.006194 0.010983 
-0.010267 -0.007080 -0.008609 -0.009023 
-0.015147 0.004185 -0.015689 -0.000883 
0.012787 0.001956 0.012049 0.004708 
-0.005123 -0.020764 0.007565 -0.020004 
-0.009956 -0.011937 -0.005713 -0.014456 
0.013786 -0.014542 0.019244 -0.005584 
-0.001600 -0.003657 -0.001523 -0.003690 
0.019374 0.001784 0.016154 0.010844 
0.000237 -0.013264 0.003282 -0.012853 
-0.018280 0.004313 -0.018271 -0.004349 
-0.003619 0.011952 -0.005985 0.010961 
0.019003 -0.001270 0.017453 0.007622 
0.013112 0.015559 0.003122 0.020106 
-0.000988 0.013062 -0.003895 0.012507 
-0.004745 -0.006129 -0.004244 -0.006486 
0.001204 -0.018073 0.008673 -0.015901 
0.003796 -0.010787 0.005592 -0.009975 
-0.007775 -0.001154 -0.007656 -0.001783 
0.017390 0.000453 0.015846 0.007177 
0.006130 0.009500 0.004449 0.010394 
0.025515 -0.009443 0.022111 0.015853 
0.000833 -0.015351 0.005502 -0.014355 
-0.006900 -0.006609 -0.006056 -0.007390 
-0.008612 -0.011825 -0.004976 -0.013756 
0.008595 -0.013030 0.012272 -0.009647 
-0.010339 -0.007076 -0.008663 -0.009051 
-0.022245 0.005978 -0.020865 -0.009757 
-0.013811 0.012265 -0.017771 0.005035 
-0.011940 -0.000289 -0.011675 -0.002518 
0.005042 -0.006166 0.005540 -0.005723 
-0.004207 -0.003584 -0.004059 -0.003751 
0.015905 0.001655 0.014461 0.006826 
-0.013047 0.009214 -0.015358 0.004388 
0.013170 0.006793 0.010681 0.010272 
-0.002711 -0.006226 -0.002328 -0.006379 
0.009991 0.022884 -0.009973 0.022891 
0.024883 -0.011385 0.023203 0.014505 
0.000779 -0.017522 0.007634 -0.015791 
0.015084 0.008914 0.010351 0.014136 
0.002408 0.010856 0.000613 0.011103 
0.003763 -0.015190 0.008390 -0.013209 
-0.008095 0.020204 -0.018385 0.011649 
-0.005066 0.003861 -0.005265 0.003584 
-0.008331 -0.002113 -0.008086 -0.002913 
0.009869 0.003257 0.009307 0.004625 
-0.007296 -0.014493 -0.001927 -0.016111 
0.008651 0.026805 -0.018876 0.020905 
0.013516 0.006787 0.010888 0.010498 
-0.015208 0.016481 -0.022132 0.003619 
-0.012332 0.014704 -0.017771 0.007244 
0.002171 0.001812 0.002152 0.001835 
-0.027959 0.009832 -0.020206 -0.021681 
0.000796 0.025767 -0.019297 0.017094 
0.013643 0.019854 -0.003922 0.023769 
0.014053 -0.020386 0.024450 -0.003907 
-0.012834 -0.001070 -0.012296 -0.003830 
0.013717 -0.021744 0.025472 -0.003486 
-0.012994 -0.027075 0.020302 -0.022130 
-0.010748 -0.004187 -0.009851 -0.005999 
0.007303 -0.020795 0.018286 -0.012303 
-0.011677 -0.014917 -0.003591 -0.018600 
-0.006108 -0.021688 0.008676 -0.020795 
-0.008641 -0.010634 -0.005770 -0.012428 
0.008099 -0.009097 0.009713 -0.007348 
0.001883 0.007537 0.001277 0.007663 
-0.003429 -0.022886 0.012249 -0.019634 
-0.007285 -0.021748 0.008311 -0.021377 
-0.014940 -0.015162 -0.003817 -0.020940 
-0.012424 -0.013673 -0.005235 -0.017718 
-0.004961 -0.003010 -0.004823 -0.003227 
-0.007332 -0.015185 -0.001259 -0.016816 
-0.004629 0.022683 -0.018253 0.014239 
-0.022361 0.014775 -0.025048 -0.009535 
0.002599 0.028912 -0.024765 0.015143 
0.005069 0.025090 -0.015795 0.020143 
0.018837 0.009156 0.010762 0.017968 
0.016717 -0.004462 0.017146 0.002313 
-0.002831 -0.007023 -0.002292 -0.007217 
0.003102 0.013637 -0.000480 0.013977 
-0.021351 0.005984 -0.020630 -0.008129 
-0.014926 -0.007446 -0.011259 -0.012307 
0.005881 -0.006454 0.006499 -0.005831 
-0.003933 -0.000523 -0.003921 -0.000604 
0.019520 -0.012667 0.023046 0.003218 
-0.027239 0.012202 -0.021755 -0.020434 
0.010019 0.011065 0.006383 0.013494 
0.000511 -0.012651 0.003155 -0.012262 
-0.010483 0.008701 -0.012279 0.005900 
0.010633 0.016521 0.001229 0.019609 
0.005368 -0.019724 0.014904 -0.013991 
-0.002404 -0.000475 -0.002400 -0.000494 
0.029131 -0.001121 0.013670 0.025749 
0.018218 0.006226 0.013158 0.014054 
0.018723 0.014507 0.004042 0.023338 
0.003076 -0.017574 0.009973 -0.014793 
0.011220 0.001593 0.010790 0.003461 
-0.002868 -0.000407 -0.002863 -0.000439 
0.002413 -0.015322 0.007074 -0.013803 
-0.003229 0.020091 -0.013196 0.015490 
0.017772 -0.002487 0.017217 0.005059 
0.029232 -0.011974 0.018943 0.025279 
-0.006776 -0.012837 -0.002994 -0.014203 
-0.005133 0.019453 -0.014319 0.014132 
-0.001200 0.010315 -0.002651 0.010040 
-0.001063 -0.003367 -0.001008 -0.003384 
0.003335 0.018868 -0.005834 0.018251 
0.011100 -0.011599 0.014333 -0.007232 
0.014690 -0.019775 0.024422 -0.003225 
-0.016688 0.007413 -0.018256 -0.000399 
0.021093 0.005216 0.014090 0.016541 
0.019434 0.003107 0.015432 0.012215 
0.001031 -0.016576 0.006863 -0.015124 
0.015033 0.005898 0.012163 0.010623 
-0.002149 0.019188 -0.010956 0.015899 
0.016107 -0.006778 0.017475 0.000080 
-0.013232 -0.002621 -0.012229 -0.005692 
0.007287 0.008521 0.005780 0.009607 
0.020753 0.005661 0.013760 0.016534 
0.018445 0.002816 0.015285 0.010701 
-0.004306 -0.026891 0.019905 -0.018586 
-0.020052 -0.006559 -0.013059 -0.016569 
-0.007819 0.009889 -0.009706 0.008045 
0.008887 -0.008021 0.010236 -0.006207 
-0.008506 -0.019206 0.003453 -0.020719 
-0.008505 0.013117 -0.012222 0.009746 
-0.012096 0.001775 -0.012209 -0.000630 
0.004532 0.017862 -0.003653 0.018063 
0.002469 -0.002935 0.002526 -0.002887 
-0.005373 0.017315 -0.012151 0.013455 
-0.006252 -0.008201 -0.005043 -0.008995 
0.003108 0.001045 0.003093 0.001089 
-0.008953 0.007126 -0.010044 0.005481 
0.006534 -0.008239 0.007662 -0.007202 
-0.002511 -0.009325 -0.001348 -0.009563 
0.009849 0.024976 -0.014607 0.022526 
0.026117 0.000076 0.016178 0.020503 
0.015887 -0.000429 0.015154 0.004791 
0.020516 0.012862 0.005691 0.023537 
0.015397 -0.015734 0.021744 -0.003439 
-0.016658 -0.008852 -0.010851 -0.015430 
0.007372 -0.005537 0.007946 -0.004677 
0.012797 -0.011799 0.016380 -0.005889 
0.015686 -0.018583 0.024220 -0.002176 
-0.025200 -0.005213 -0.012183 -0.022667 
-0.020124 -0.012466 -0.006472 -0.022770 
-0.019732 -0.004128 -0.014855 -0.013628 
-0.002565 -0.019620 0.007459 -0.018327 
-0.013509 -0.016986 -0.001095 -0.021675 
-0.000089 0.015862 -0.005253 0.014967 
-0.030372 0.001106 -0.011517 -0.028125 
-0.012135 -0.005110 -0.010660 -0.007728 
0.008742 -0.006213 0.009581 -0.004820 
-0.001905 0.016624 -0.007779 0.014815 
-0.000685 0.005820 -0.000948 0.005783 
-0.002506 -0.008595 -0.001585 -0.008812 
0.006220 0.013745 0.001876 0.014970 
-0.000299 -0.018390 0.007667 -0.016718 
0.005553 -0.011331 0.007793 -0.009924 
-0.013943 0.006779 -0.015361 0.002094 
-0.007226 -0.006901 -0.006257 -0.007790 
-0.006823 -0.005204 -0.006286 -0.005841 
-0.021946 -0.013410 -0.003835 -0.025431 
-0.026936 -0.003320 -0.012446 -0.024118 
-0.011850 -0.015848 -0.002476 -0.019633 
-0.000512 -0.017071 0.005933 -0.016015 
-0.002400 -0.012047 0.000030 -0.012284 
-0.006851 0.020102 -0.016941 0.012807 
0.016805 -0.016061 0.023217 -0.001159 
-0.016082 0.002179 -0.015863 -0.003427 
0.019330 0.008457 0.011405 0.017750 
0.004404 -0.010303 0.006043 -0.009436 
0.002402 0.020908 -0.009530 0.018764 
0.005364 0.020100 -0.006349 0.019811 
0.000776 0.017762 -0.006484 0.016554 
0.001057 0.004564 0.000924 0.004592 
0.001889 0.021427 -0.010735 0.018640 
0.013487 0.026748 -0.019680 0.022584 
0.016381 -0.009784 0.019048 -0.001108 
-0.023866 0.002690 -0.019138 -0.014511 
-0.005956 0.006492 -0.006589 0.005849 
0.006512 -0.010452 0.008459 -0.008949 
-0.005746 -0.018975 0.004414 -0.019328 
0.008528 -0.014430 0.013176 -0.010361 
0.010620 0.006641 0.009029 0.008681 
0.016732 0.000393 0.015461 0.006410 
0.007880 0.001907 0.007685 0.002582 
-0.001140 -0.013844 0.002383 -0.013684 
-0.003513 0.016668 -0.009485 0.014150 
0.002323 -0.012979 0.005213 -0.012111 
-0.005645 0.015134 -0.010421 0.012341 
0.026143 0.006984 0.009120 0.025477 
0.005885 -0.020313 0.016192 -0.013604 
0.019118 -0.011182 0.021994 0.002605 
-0.011510 -0.022668 0.009496 -0.023583 
-0.018664 -0.006076 -0.013348 -0.014390 
-0.006942 -0.000854 -0.006872 -0.001300 
0.005034 -0.001490 0.005085 -0.001307 
-0.008266 0.013031 -0.011889 0.009839 
0.008484 -0.009319 0.010237 -0.007351 
-0.006816 0.005372 -0.007316 0.004669 
-0.009335 0.010617 -0.011780 0.007817 
-0.027026 -0.007121 -0.007795 -0.026839 
0.010551 0.026748 -0.018852 0.021711 
0.009355 0.001480 0.009115 0.002574 
-0.013524 0.000028 -0.013139 -0.003204 
0.002271 0.013143 -0.000848 0.013311 
-0.017793 0.000100 -0.016304 -0.007126 
-0.016133 -0.015083 -0.003857 -0.021746 
-0.018070 -0.006384 -0.013016 -0.014067 
0.007487 0.008420 0.005979 0.009550 
-0.014832 -0.004790 -0.012568 -0.009218 
0.011255 0.006945 0.009368 0.009335 
-0.001679 0.019083 -0.010368 0.016108 
-0.021866 -0.005569 -0.013651 -0.017966 
-0.003889 -0.000766 -0.003873 -0.000847 
0.014269 -0.020796 0.025007 -0.003277 
0.004987 -0.019178 0.013829 -0.014192 
-0.000562 -0.011948 0.001690 -0.011841 
-0.012104 0.003787 -0.012630 0.001152 
0.012816 -0.007622 0.014472 -0.003591 
0.007873 -0.000467 0.007885 0.000180 
-0.019033 0.001403 -0.017526 -0.007553 
-0.011345 -0.006109 -0.009746 -0.008428 
0.011675 0.012155 0.006416 0.015585 
0.003523 0.003965 0.003373 0.004093 
-0.002331 0.006146 -0.002678 0.006004 
-0.009934 -0.010461 -0.006726 -0.012762 
0.011176 -0.001216 0.011223 0.000655 
-0.020059 -0.013301 -0.005277 -0.023483 
-0.013564 -0.008426 -0.010023 -0.012430 
0.008204 -0.007630 0.009350 -0.006173 
0.015849 -0.015962 0.022328 -0.002725 
0.000973 -0.015483 0.005758 -0.014405 
-0.002992 0.014172 -0.006750 0.012815 
-0.001496 -0.000982 -0.001492 -0.000988 
0.020892 -0.000952 0.018029 0.010599 
0.001820 -0.021761 0.014277 -0.016524 
-0.018526 0.009916 -0.020925 -0.001910 
0.019500 0.007818 0.011987 0.017253 
0.005543 0.007311 0.004699 0.007880 
-0.022569 -0.013092 -0.003823 -0.025810 
-0.013308 0.022306 -0.025709 0.003698 
0.028921 -0.013485 0.019660 0.025134 
-0.007217 -0.018083 0.002339 -0.019329 
-0.003626 0.008824 -0.004657 0.008326 
0.001768 -0.013577 0.005037 -0.012731 
0.021739 0.013960 0.003077 0.025651 
0.030323 -0.002415 0.012668 0.027656 
0.023870 -0.012432 0.023929 0.012319 
-0.002739 -0.017117 0.004083 -0.016847 
-0.003588 0.000503 -0.003596 0.000440 
0.006343 -0.014586 0.010771 -0.011703 
0.013791 0.006138 0.011355 0.009946 
0.002733 -0.017739 0.009804 -0.015034 
-0.007699 0.023983 -0.022966 0.010344 
0.015152 0.007534 0.011305 0.012591 
-0.007931 0.011253 -0.010469 0.008940 
0.008211 0.003866 0.007744 0.004734 
-0.000381 -0.008143 0.000334 -0.008146 
-0.001119 0.014869 -0.005370 0.013911 
-0.006671 -0.003502 -0.006390 -0.003992 
0.014999 -0.008568 0.017138 -0.002160 
0.005532 0.000969 0.005487 0.001198 
-0.008327 -0.006007 -0.007414 -0.007104 
-0.008822 -0.004835 -0.008100 -0.005967 
-0.006055 0.012557 -0.009041 0.010611 
0.019745 0.010864 0.008730 0.020777 
0.013850 -0.020354 0.024250 -0.004254 
0.006475 -0.013483 0.010117 -0.011017 
0.001967 0.003640 0.001884 0.003683 
0.004607 0.018544 -0.004507 0.018568 
0.001701 0.029058 -0.025381 0.014249 
-0.000962 0.011151 -0.002783 0.010841 
-0.005803 -0.016632 0.001296 -0.017567 
-0.006310 0.003383 -0.006524 0.002949 
0.021988 -0.003608 0.019636 0.010533 
0.017006 -0.011483 0.020505 -0.000788 
-0.015604 -0.013822 -0.005613 -0.020075 
-0.011530 -0.007029 -0.009523 -0.009574 
-0.001905 -0.018651 0.006639 -0.017534 
0.030587 -0.000792 0.010825 0.028618 
0.018675 0.009012 0.010908 0.017635 
-0.001038 0.010439 -0.002537 0.010179 
-0.006432 -0.000277 -0.006407 -0.000628 
0.004856 0.008851 0.003625 0.009422 
0.027821 -0.002489 0.016473 0.022557 
-0.001185 -0.015829 0.004045 -0.015349 
-0.000538 0.028059 -0.024456 0.013764 
0.011491 0.017392 0.000222 0.020844 
0.012827 -0.001326 0.012808 0.001497 
0.006288 0.010182 0.004264 0.011182 
-0.019719 -0.011787 -0.007570 -0.021690 
-0.014360 0.001779 -0.014300 -0.002205 
-0.004041 -0.011242 -0.001866 -0.011799 
0.008110 0.009748 0.005876 0.011238 
-0.004266 -0.005259 -0.003940 -0.005508 
-0.001525 -0.005819 -0.001246 -0.005886 
0.020938 0.007521 0.012061 0.018695 
-0.006994 -0.010875 -0.004445 -0.012142 
0.020028 -0.004323 0.019308 0.006857 
-0.011643 -0.015988 -0.002238 -0.019651 
-0.012048 0.005217 -0.012914 0.002366 
0.011208 0.003274 0.010441 0.005226 
0.007291 -0.009871 0.009096 -0.008238 
0.001622 0.004295 0.001502 0.004338 
-0.017697 -0.000515 -0.015999 -0.007583 
0.018273 -0.004740 0.018438 0.004053 
-0.022560 -0.010638 -0.007595 -0.023758 
-0.014532 0.017473 -0.022292 0.004419 
0.027211 -0.001305 0.016261 0.021856 
0.012921 -0.001271 0.012883 0.001610 
0.000385 0.011880 -0.001823 0.011746 
-0.007989 -0.007336 -0.006759 -0.008483 
-0.021415 -0.005144 -0.014106 -0.016914 
-0.005288 -0.005292 -0.004883 -0.005668 
-0.004367 -0.021575 0.009367 -0.019920 
-0.003589 -0.012113 -0.000978 -0.012595 
0.010957 0.012761 0.005551 0.015877 
0.006913 -0.001928 0.007028 -0.001454 
-0.021386 0.007909 -0.021559 -0.007425 
-0.015001 0.013357 -0.019704 0.003897 
-0.020692 0.010941 -0.022756 -0.005482 
0.006415 0.020827 -0.007014 0.020633 
0.012438 0.015156 0.003512 0.019289 
0.003734 0.021020 -0.008812 0.019445 
0.004550 0.020909 -0.008131 0.019793 
0.000625 0.018170 -0.007109 0.016734 
-0.006592 0.005006 -0.007017 0.004390 
-0.011973 0.012322 -0.015755 0.006853 
-0.018698 -0.010362 -0.009526 -0.019138 
-0.009103 0.013381 -0.013097 0.009507 
0.004003 -0.003422 0.004126 -0.003273 
-0.007308 0.023695 -0.022213 0.011020 
-0.012114 0.004031 -0.012695 0.001354 
0.008262 0.002454 0.007982 0.003250 
0.001528 -0.013459 0.004709 -0.012700 
-0.015057 0.010985 -0.018363 0.003190 
0.009216 -0.007596 0.010474 -0.005738 
-0.005631 0.026022 -0.024282 0.010919 
-0.006503 0.008309 -0.007649 0.007268 
0.000580 -0.019093 0.009354 -0.016655 
0.013458 -0.020617 0.024164 -0.004717 
-0.014065 -0.022669 0.009985 -0.024739 
-0.028821 0.002971 -0.015539 -0.024454 
-0.017581 0.001619 -0.016762 -0.005543 
-0.000452 0.001386 -0.000456 0.001384 
-0.020251 0.001466 -0.018088 -0.009224 
-0.005917 0.014494 -0.010215 0.011863 
0.021608 0.014434 0.002362 0.025878 
0.016448 -0.014373 0.021757 -0.001936 
-0.025399 0.009956 -0.022388 -0.015590 
-0.005941 0.018239 -0.013765 0.013360 
-0.011710 0.001382 -0.011765 -0.000777 
-0.003296 -0.021175 0.009349 -0.019283 
-0.005422 -0.015431 0.000246 -0.016354 
-0.011208 0.011918 -0.014638 0.007306 
-0.019998 -0.005025 -0.014261 -0.014894 
-0.010635 -0.002110 -0.010181 -0.003728 
-0.007166 0.004329 -0.007535 0.003649 
-0.009890 0.011180 -0.012704 0.007835 
-0.021988 -0.014350 -0.002179 -0.026166 
-0.017912 0.005953 -0.018666 -0.002805 
-0.000815 0.016007 -0.006090 0.014825 
-0.000326 0.003708 -0.000394 0.003701 
-0.017014 -0.013801 -0.005550 -0.021193 
-0.013497 -0.010822 -0.008296 -0.015181 
0.004627 -0.014633 0.008879 -0.012517 
0.010052 -0.011310 0.012961 -0.007808 
-0.029075 0.001963 -0.014426 -0.025321 
-0.014975 -0.000177 -0.014273 -0.004536 
-0.002925 -0.030414 0.027708 -0.012878 
-0.012681 -0.025672 0.016703 -0.023257 
-0.007271 0.000443 -0.007285 -0.000067 
0.009197 -0.000106 0.009152 0.000920 
-0.004260 0.002302 -0.004330 0.002169 
-0.008754 0.012722 -0.012261 0.009389 
-0.001060 -0.017844 0.006334 -0.016715 
0.031020 -0.003321 0.011961 0.028813 
0.027015 -0.001499 0.016599 0.021366 
0.015059 0.000267 0.014311 0.004694 
0.019962 0.004671 0.014512 0.014481 
-0.003756 -0.021281 0.009231 -0.019539 
0.002279 -0.010952 0.004048 -0.010428 
-0.002165 0.007574 -0.002777 0.007372 
0.005470 0.003576 0.005260 0.003878 
-0.005644 0.011413 -0.007938 0.009955 
0.015321 0.006824 0.011803 0.011916 
-0.013894 -0.005626 -0.011644 -0.009439 
0.016393 0.002548 0.014419 0.008204 
0.005098 -0.007289 0.005829 -0.006718 
0.003499 -0.010710 0.005235 -0.009977 
-0.017261 -0.005085 -0.013603 -0.011779 
0.002916 0.017035 -0.003848 0.016849 
0.012421 -0.018417 0.021041 -0.007123 
-0.006484 -0.010565 -0.004224 -0.011654 
0.002453 0.007051 0.001929 0.007212 
-0.009861 -0.023156 0.010561 -0.022845 
-0.025710 -0.004877 -0.012082 -0.023213 
-0.013545 -0.015950 -0.002637 -0.020759 
0.000178 -0.011916 0.002395 -0.011675 
0.007117 -0.003892 0.007428 -0.003261 
-0.012909 0.008936 -0.015087 0.004344 
0.007983 -0.010780 0.010295 -0.008600 
0.015900 -0.006402 0.017141 0.000083 
-0.026514 0.000959 -0.016647 -0.020659 
-0.009791 0.006631 -0.010842 0.004722 
0.009295 0.008020 0.007528 0.009697 
0.021269 -0.010469 0.022756 0.006642 
-0.011526 -0.023145 0.010541 -0.023609 
-0.013645 -0.004808 -0.011818 -0.008345 
0.012149 -0.006671 0.013433 -0.003412 
0.006942 0.006959 0.006001 0.007785 
-0.004586 0.000605 -0.004601 0.000475 
0.011472 -0.009744 0.013832 -0.005934 
0.016806 0.004278 0.013848 0.010439 
-0.003877 -0.022538 0.011354 -0.019851 
-0.022015 0.007490 -0.021548 -0.008744 
-0.003281 0.013948 -0.006894 0.012562 
0.002100 -0.015382 0.006803 -0.013954 
-0.003731 0.014196 -0.007562 0.012580 
0.014908 -0.022283 0.026796 -0.000882 
-0.005445 -0.025483 0.016492 -0.020175 
-0.009325 -0.004882 -0.008515 -0.006188 
0.022452 -0.006266 0.021043 0.010028 
0.013949 -0.011600 0.017535 -0.004655 
0.025095 -0.014109 0.024062 0.015807 
-0.010113 -0.023486 0.011260 -0.022958 
-0.025213 0.016373 -0.024531 -0.017377 
0.013071 0.026703 -0.019399 0.022529 
0.015882 0.001609 0.014462 0.006758 
-0.001070 0.017446 -0.007827 0.015628 
0.002617 0.005061 0.002398 0.005169 
-0.000659 0.016415 -0.006339 0.015156 
0.001113 0.005781 0.000847 0.005825 
-0.016878 -0.004993 -0.013504 -0.011289 
0.011380 0.004516 0.010271 0.006664 
-0.007723 -0.006759 -0.006713 -0.007763 
-0.003896 -0.002807 -0.003808 -0.002924 
-0.001961 -0.014509 0.002165 -0.014480 
0.017293 -0.013320 0.021820 -0.000606 
-0.024000 -0.007087 -0.011054 -0.022450 
0.003926 0.023357 -0.012850 0.019895 
0.012587 0.006180 0.010581 0.009202 
0.007187 -0.006843 0.008013 -0.005854 
0.010133 -0.018616 0.018803 -0.009781 
-0.012350 -0.014172 -0.004662 -0.018211 
-0.005542 -0.017851 0.002975 -0.018453 
-0.007961 -0.010242 -0.005510 -0.011744 
-0.028954 0.009154 -0.018630 -0.023980 
-0.004036 0.023892 -0.019594 0.014254 
-0.010905 0.008783 -0.012788 0.005702 
-0.020378 -0.013428 -0.004907 -0.023906 
-0.009551 0.007513 -0.010825 0.005522 
0.001624 -0.017713 0.008665 -0.015534 
-0.010442 -0.002505 -0.009942 -0.004059 
-0.002693 0.009671 -0.003951 0.009229 
0.005577 0.009196 0.004115 0.009937 
0.018562 -0.002521 0.017734 0.006033 
-0.006645 -0.010806 -0.004219 -0.011963 
0.004290 -0.018205 0.011948 -0.014390 
-0.015759 0.016945 -0.022987 0.002661 
0.023603 0.005804 0.012711 0.020717 
0.007782 0.004959 0.007177 0.005801 
-0.003235 -0.003975 -0.003095 -0.004085 
-0.014851 -0.026306 0.019228 -0.023299 
-0.016353 0.011994 -0.020197 0.001827 
0.013853 -0.001465 0.013772 0.002090 
-0.005850 0.004699 -0.006182 0.004252 
-0.003408 -0.014355 0.000797 -0.014732 
-0.008342 0.008624 -0.009820 0.006894 
-0.000502 -0.012042 0.001801 -0.011917 
-0.014830 0.004895 -0.015617 -0.000046 
0.013542 0.005706 0.011392 0.009281 
0.010319 -0.020506 0.021059 -0.009138 
-0.019647 -0.009411 -0.010406 -0.019138 
-0.009677 0.010165 -0.011965 0.007337 
-0.021756 -0.012871 -0.004863 -0.024806 
-0.021317 0.014297 -0.024680 -0.007054 
0.019096 0.016029 0.001308 0.024897 
-0.005141 -0.016403 0.001478 -0.017126 
-0.010398 0.013384 -0.014611 0.008588 
-0.007382 -0.008216 -0.005970 -0.009293 
-0.009445 -0.012546 -0.004940 -0.014907 
-0.005424 -0.008324 -0.004298 -0.008958 
0.010871 0.010391 0.007337 0.013127 
-0.029863 0.001230 -0.012553 -0.027125 
-0.012092 -0.001906 -0.011482 -0.004244 
0.017015 0.001798 0.015085 0.008075 
0.012265 0.007555 0.009766 0.010589 
0.000145 -0.005474 0.000361 -0.005464 
-0.006477 0.005525 -0.006975 0.004881 
-0.013498 0.021236 -0.024803 0.004240 
0.013907 0.025426 -0.016542 0.023796 
0.017028 -0.011904 0.020759 -0.000844 
-0.027582 0.001339 -0.015894 -0.022582 
-0.023900 0.015965 -0.025211 -0.013801 
0.005675 0.026228 -0.018034 0.019872 
0.024380 0.002114 0.015658 0.018806 
-0.001391 -0.017831 0.006034 -0.016836 
-0.004295 -0.004353 -0.004075 -0.004559 
-0.001098 -0.015176 0.003517 -0.014804 
0.013858 -0.006282 0.015106 -0.001824 
-0.015041 0.000639 -0.014562 -0.003819 
0.000511 -0.012208 0.002890 -0.011872 
0.007035 -0.000607 0.007060 -0.000143 
-0.004254 0.001672 -0.004298 0.001554 
0.005062 -0.024932 0.022120 -0.012567 
0.003682 -0.010080 0.005166 -0.009407 
0.008817 0.005471 0.007954 0.006664 
-0.028945 0.011882 -0.019400 -0.024549 
-0.000596 0.014953 -0.004924 0.014132 
-0.026496 0.005556 -0.019620 -0.018653 
-0.014488 0.016369 -0.021352 0.004683 
-0.003759 0.025407 -0.021847 0.013505 
0.017924 -0.000881 0.016694 0.006586 
-0.004912 -0.010991 -0.002734 -0.011724 
-0.011006 0.021862 -0.023279 0.007562 
0.017093 -0.002654 0.016799 0.004124 
-0.015875 0.006984 -0.017341 0.000306 
0.014401 0.009032 0.010007 0.013741 
0.000949 0.014962 -0.003464 0.014586 
0.015020 -0.020207 0.025063 -0.002396 
-0.026174 0.009261 -0.021643 -0.017391 
0.004892 0.022473 -0.010692 0.020363 
0.012830 0.011377 0.007573 0.015385 
0.002608 0.003964 0.002489 0.004039 
0.002626 0.018748 -0.006200 0.017887 
-0.000113 0.014150 -0.003804 0.013630 
-0.004747 -0.021334 0.008736 -0.020034 
-0.013829 -0.015030 -0.003927 -0.020043 
-0.012435 0.010286 -0.015173 0.005496 
-0.014021 0.016748 -0.021193 0.005286 
0.013276 0.001800 0.012483 0.004864 
-0.013978 -0.005598 -0.011708 -0.009468 
0.000502 0.017342 -0.006244 0.016187 
-0.003251 -0.026317 0.019109 -0.018385 
-0.015531 -0.011694 -0.008048 -0.017697 
-0.013396 0.010494 -0.016343 0.004743 
0.018798 -0.008462 0.020420 0.002829 
-0.024094 0.003990 -0.019838 -0.014245 
-0.006803 0.013314 -0.010379 0.010762 
0.010813 -0.001239 0.010874 0.000459 
-0.016446 -0.008778 -0.010862 -0.015151 
0.000150 0.017940 -0.007255 0.016409 
-0.009260 0.008520 -0.010825 0.006414 
0.002683 -0.010016 0.004072 -0.009536 
-0.015471 -0.002682 -0.013803 -0.007485 
0.008512 0.010068 0.006001 0.011739 
-0.015004 -0.001441 -0.013909 -0.005807 
0.010773 -0.007104 0.012062 -0.004586 
-0.014945 0.009553 -0.017528 0.002716 
0.008543 0.012023 0.004791 0.013950 
-0.003778 0.002883 -0.003862 0.002769 
-0.025049 0.013321 -0.023838 -0.015383 
0.004750 0.019956 -0.006482 0.019463 
0.009845 -0.007368 0.011110 -0.005270 
-0.023421 0.006903 -0.021429 -0.011704 
-0.012590 0.013067 -0.016920 0.006555 
0.001277 0.012145 -0.001122 0.012160 
0.013978 -0.015711 0.020321 -0.005412 
0.014248 -0.015860 0.020713 -0.005052 
0.006357 -0.023108 0.020499 -0.012416 
-0.017808 -0.000538 -0.016051 -0.007733 
0.000834 0.003404 0.000779 0.003417 
-0.009664 -0.012615 -0.005008 -0.015082 
0.013773 -0.013073 0.018231 -0.005314 
0.000213 -0.012033 0.002494 -0.011774 
-0.016352 0.004126 -0.016727 -0.002154 
-0.003799 0.004729 -0.004025 0.004539 
-0.012971 -0.006554 -0.010668 -0.009869 
-0.013757 0.020922 -0.024711 0.004039 
-0.000276 0.025236 -0.018980 0.016634 
0.004442 0.009854 0.002877 0.010419 
0.003671 -0.011626 0.005866 -0.010688 
-0.012145 -0.008977 -0.008939 -0.012174 
-0.003152 0.008869 -0.004165 0.008441 
0.008828 0.007967 0.007197 0.009466 
0.015030 -0.007448 0.016708 -0.001489 
-0.017926 0.001581 -0.016970 -0.005988 
-0.021287 -0.009376 -0.009953 -0.021023 
-0.003718 0.016026 -0.009084 0.013716 
0.009399 -0.012370 0.012799 -0.008806 
0.020727 0.007451 0.012175 0.018354 
0.004391 0.016106 -0.001692 0.016608 
0.013555 0.000286 0.013089 0.003533 
-0.009307 -0.014496 -0.003072 -0.016950 
0.003580 0.012525 0.000710 0.013007 
-0.008850 -0.014328 -0.003002 -0.016571 
0.001402 -0.013801 0.004824 -0.013007 
-0.013566 0.005925 -0.014692 0.001812 
0.014167 -0.018731 0.023037 -0.004565 
-0.012746 -0.022808 0.009959 -0.024156 
-0.020046 -0.005647 -0.013795 -0.015602 
-0.003989 -0.001731 -0.003945 -0.001830 
0.013653 -0.013862 0.018623 -0.005631 
-0.002730 -0.011526 -0.000562 -0.011832 
-0.006674 0.019512 -0.016032 0.012970 
0.011429 -0.009544 0.013695 -0.005844 
-0.012679 0.002611 -0.012943 -0.000233 
-0.018838 -0.014756 -0.003597 -0.023657 
0.006268 0.020994 -0.007372 0.020632 
0.015087 -0.011661 0.018765 -0.003383 
-0.012775 -0.013803 -0.005199 -0.018074 
-0.007871 -0.024142 0.012957 -0.021838 
-0.011054 -0.004914 -0.009906 -0.006943 
0.022266 -0.010701 0.023145 0.008636 
0.005578 -0.023760 0.020750 -0.012849 
0.011955 -0.009485 0.014263 -0.005426 
0.003546 0.004604 0.003337 0.004757 
0.009093 0.010083 0.006398 0.011976 
-0.019470 0.003287 -0.018568 -0.006717 
0.027072 -0.008081 0.020421 0.019524 
0.003992 -0.016901 0.010228 -0.014034 
0.012461 0.010504 0.008098 0.014143 
-0.000878 0.009254 -0.001924 0.009094 
0.008148 0.003900 0.007682 0.004753 
0.004667 -0.005373 0.005016 -0.005049 
0.010558 0.004540 0.009611 0.006301 
0.015345 -0.015951 0.021857 -0.003493 
0.007138 -0.018184 0.015026 -0.012484 
-0.012514 0.007771 -0.014198 0.003921 
0.022015 -0.002865 0.019257 0.011047 
0.016614 -0.000086 0.015555 0.005837 
0.018951 0.004756 0.014303 0.013311 
0.001455 -0.019032 0.010089 -0.016203 
0.018146 0.001391 0.015853 0.008939 
0.003972 -0.014039 0.007707 -0.012388 
-0.015779 -0.014043 -0.005326 -0.020440 
-0.010156 -0.006879 -0.008600 -0.008747 
0.020537 -0.003831 0.019312 0.007969 
0.021419 -0.006501 0.020899 0.008017 
0.008389 -0.020657 0.019245 -0.011257 
-0.018685 -0.009015 -0.010905 -0.017650 
-0.013041 0.013658 -0.017815 0.006263 
-0.006167 0.006287 -0.006777 0.005624 
-0.018565 0.000651 -0.016960 -0.007578 
-0.013955 -0.000104 -0.013470 -0.003647 
0.004505 0.015154 -0.000644 0.015796 
0.003138 -0.015435 0.007933 -0.013607 
-0.013726 -0.003949 -0.012182 -0.007456 
0.011674 0.003876 0.010673 0.006114 
0.013577 -0.010266 0.016426 -0.004462 
0.005657 0.004707 0.005306 0.005099 
0.002718 0.021560 -0.010372 0.019095 
-0.000566 0.012881 -0.003355 0.012449 
-0.003283 -0.003588 -0.003170 -0.003688 
-0.001526 -0.013868 0.002046 -0.013801 
0.022147 -0.011748 0.023622 0.008393 
-0.009964 -0.007125 -0.008368 -0.008946 
0.027090 -0.011104 0.021585 0.019780 
-0.007114 -0.017612 0.001747 -0.018914 
-0.022231 0.004025 -0.019889 -0.010717 
-0.017303 0.005622 -0.018057 -0.002223 
-0.008003 0.006289 -0.008785 0.005140 
-0.015312 0.021051 -0.026001 0.001248 
0.004339 0.024309 -0.014504 0.019985 
0.007600 0.006759 0.006610 0.007730 
-0.007125 0.003924 -0.007440 0.003288 
0.017730 -0.002119 0.017050 0.005305 
0.015987 0.000691 0.014854 0.005950 
0.000137 0.014206 -0.003606 0.013741 
-0.004785 -0.015323 0.000598 -0.016042 
-0.016461 0.014896 -0.022119 0.001893 
-0.003626 0.018304 -0.011365 0.014799 
0.020933 -0.006030 0.020497 0.007380 
0.008070 -0.009755 0.009938 -0.007844 
0.013876 0.000427 0.013322 0.003904 
-0.011472 0.008168 -0.013195 0.004922 
0.022348 -0.006637 0.021207 0.009683 
0.009248 -0.020121 0.019507 -0.010481 
-0.013701 -0.003343 -0.012365 -0.006782 
0.008704 0.006736 0.007521 0.008036 
-0.018809 -0.003110 -0.015253 -0.011436 
0.000217 0.029982 -0.027707 0.011457 
-0.001186 0.013275 -0.004236 0.012636 
-0.014514 -0.000273 -0.013882 -0.004246 
0.021126 0.007741 0.011793 0.019162 
0.007388 0.012171 0.003909 0.013691 
-0.003873 -0.001406 -0.003840 -0.001492 
0.028523 -0.000134 0.013729 0.025002 
0.009991 -0.006897 0.011135 -0.004836 
-0.007186 0.020629 -0.017954 0.012444 
-0.001365 0.012668 -0.004027 0.012088 
0.021394 -0.004349 0.019860 0.009066 
0.016583 -0.004227 0.016953 0.002333 
0.005604 -0.014458 0.009835 -0.011989 
-0.016898 -0.005690 -0.013116 -0.012077 
0.017441 0.002473 0.015015 0.009211 
-0.028938 -0.001502 -0.011582 -0.026562 
-0.009622 0.003224 -0.009970 0.001891 
0.011664 -0.018951 0.020781 -0.007960 
-0.005538 -0.016418 0.001225 -0.017284 
-0.013000 -0.001848 -0.012248 -0.004731 
-0.001040 0.013670 -0.004363 0.012996 
-0.008138 -0.007268 -0.006901 -0.008452 
-0.013255 -0.005582 -0.011260 -0.008948 
-0.010205 0.017839 -0.018095 0.009744 
0.017108 0.008960 0.010845 0.015980 
0.011874 -0.008645 0.013823 -0.004964 
0.007622 -0.002509 0.007807 -0.001853 
-0.017041 0.001275 -0.016271 -0.005223 
-0.025622 -0.008278 -0.008005 -0.025708 
-0.007906 0.022443 -0.021050 0.011096 
-0.017535 0.000070 -0.016139 -0.006855 
-0.004998 -0.006571 -0.004388 -0.006994 
-0.012291 -0.006785 -0.010133 -0.009717 
0.022678 -0.006795 0.021335 0.010260 
-0.003068 -0.017820 0.004663 -0.017470 
-0.003880 0.013977 -0.007561 0.012379 
-0.021017 -0.012160 -0.006440 -0.023412 
-0.017976 0.003015 -0.017557 -0.004900 
-0.014045 -0.000954 -0.013322 -0.004552 
0.013606 -0.021445 0.025094 -0.003908 
0.003295 -0.023492 0.018309 -0.015083 
-0.002667 -0.014991 0.001970 -0.015099 
-0.003730 0.014649 -0.007911 0.012881 
-0.012478 -0.014925 -0.003809 -0.019078 
-0.005095 -0.018739 0.004465 -0.018899 
0.005374 -0.025612 0.023445 -0.011629 
0.015294 -0.012044 0.019196 -0.003238 
0.022473 -0.006430 0.021127 0.010002 
0.003731 -0.012170 0.006228 -0.011101 
-0.008875 0.012023 -0.011984 0.008928 
0.009738 0.003067 0.009226 0.004373 
-0.006157 -0.002894 -0.005969 -0.003264 
0.021665 0.002256 0.016236 0.014521 
-0.010203 0.015457 -0.015935 0.009440 
-0.005148 -0.000131 -0.005141 -0.000311 
0.017362 -0.004878 0.017818 0.002787 
0.000835 -0.006652 0.001227 -0.006591 
0.002959 0.012643 0.000098 0.012984 
0.002915 -0.009522 0.004133 -0.009061 
-0.011496 -0.006348 -0.009768 -0.008777 
-0.014593 0.014708 -0.020206 0.004583 
-0.022040 0.005367 -0.020524 -0.009662 
-0.005398 0.009956 -0.006998 0.008904 
-0.006739 -0.011535 -0.003862 -0.012789 
0.002591 0.021020 -0.009575 0.018891 
0.000251 0.017681 -0.006858 0.016298 
-0.009481 0.008812 -0.011182 0.006519 
0.001283 -0.004540 0.001416 -0.004501 
0.014483 0.008949 0.010098 0.013706 
0.001119 -0.013552 0.004359 -0.012880 
-0.009252 0.012026 -0.012425 0.008709 
0.003908 -0.015167 0.008529 -0.013137 
0.020130 0.014177 0.003862 0.024317 
0.014278 -0.000748 0.013962 0.003084 
-0.004823 0.023414 -0.019543 0.013768 
-0.008453 0.010232 -0.010583 0.008010 
-0.028196 0.000977 -0.014875 -0.023973 
-0.011013 0.016617 -0.017851 0.008872 
0.017000 -0.000465 0.015951 0.005899 
0.000219 -0.011132 0.002029 -0.010948 
-0.022153 0.005334 -0.020531 -0.009884 
-0.014687 0.008035 -0.016598 0.002185 
0.010877 0.011123 0.006836 0.013974 
0.004384 0.004373 0.004157 0.004589 
-0.002674 0.005447 -0.002935 0.005311 
0.005475 -0.009039 0.006743 -0.008137 
0.004553 -0.006528 0.005082 -0.006125 
0.016154 -0.005020 0.016867 0.001287 
-0.027549 0.007929 -0.019892 -0.020643 
-0.001121 0.010621 -0.002700 0.010333 
-0.007574 -0.011455 -0.004520 -0.012968 
-0.005811 0.020464 -0.016310 0.013657 
-0.024273 0.013726 -0.024321 -0.013642 
0.006156 0.013545 0.001996 0.014744 
0.005826 -0.012039 0.008479 -0.010344 
-0.006619 0.004670 -0.006998 0.004081 
0.007272 -0.010522 0.009356 -0.008720 
0.007972 0.028381 -0.022582 0.018950 
0.025040 -0.002305 0.018529 0.017001 
0.012250 -0.008342 0.014123 -0.004494 
-0.008027 -0.009901 -0.005737 -0.011382 
-0.019036 0.010883 -0.021782 -0.002515 
0.011734 0.001161 0.011326 0.003281 
-0.008577 0.005060 -0.009164 0.003898 
0.004483 -0.016409 0.010273 -0.013558 
-0.017010 0.000692 -0.016040 -0.005704 
-0.020314 -0.012953 -0.005667 -0.023416 
-0.014549 -0.006702 -0.011498 -0.011153 
0.006616 -0.006413 0.007291 -0.005633 
0.007887 -0.007834 0.009054 -0.006450 
-0.006234 0.006129 -0.006819 0.005470 
-0.011449 0.010543 -0.014181 0.006413 
-0.019318 -0.012989 -0.006074 -0.022472 
-0.012372 0.002549 -0.012632 -0.000093 
0.013388 -0.007614 0.015082 -0.003122 
0.007583 0.001674 0.007426 0.002271 
-0.015774 0.003622 -0.016068 -0.001935 
0.027701 0.004470 0.010202 0.026140 
0.006774 0.013170 0.002735 0.014555 
0.003330 0.006201 0.002918 0.006405 
-0.014451 -0.018235 0.001024 -0.023244 
-0.008226 0.020002 -0.018283 0.011553 
-0.003480 0.008952 -0.004540 0.008463 
0.005462 0.000664 0.005431 0.000881 
-0.012013 0.019237 -0.021426 0.007435 
0.008603 0.010789 0.005651 0.012589 
-0.011931 0.008984 -0.014024 0.005138 
-0.003803 -0.003940 -0.003645 -0.004087 
-0.002255 -0.018101 0.005651 -0.017344 
0.005765 -0.022440 0.018975 -0.013295 
-0.017525 -0.000551 -0.015885 -0.007421 
-0.001396 0.004607 -0.001536 0.004562 
0.004372 -0.006014 0.004799 -0.005680 
0.018831 -0.000540 0.017048 0.008016 
0.015117 0.005444 0.012430 0.010181 
-0.010795 -0.006998 -0.009023 -0.009170 
0.014091 -0.014507 0.019542 -0.005207 
-0.016512 -0.007114 -0.012091 -0.013307 
0.008917 -0.008186 0.010324 -0.006321 
-0.000643 -0.019993 0.009515 -0.017595 
-0.003150 -0.003658 -0.003036 -0.003753 
-0.010321 -0.009803 -0.007365 -0.012180 
0.028868 -0.000971 0.013943 0.025296 
0.007600 -0.007991 0.008779 -0.006674 
-0.007034 0.015072 -0.011950 0.011569 
-0.013596 -0.011585 -0.007676 -0.016129 
-0.011626 -0.003759 -0.010666 -0.005962 
-0.014279 0.016745 -0.021448 0.004927 
-0.013894 0.009821 -0.016554 0.003935 
-0.006253 -0.008461 -0.004955 -0.009281 
-0.025414 -0.003294 -0.013948 -0.021498 
-0.009566 -0.008124 -0.007684 -0.009923 
-0.013343 -0.028694 0.024507 -0.020020 
-0.012886 0.009001 -0.015089 0.004401 
0.010631 0.000102 0.010498 0.001680 
-0.018379 -0.001186 -0.016056 -0.009021 
0.003885 0.026124 -0.018434 0.018913 
0.011532 0.014245 0.004310 0.017814 
0.012162 0.011890 0.006858 0.015564 
-0.003992 -0.020468 0.007757 -0.019358 
-0.004060 -0.016626 0.002506 -0.016930 
-0.003151 0.015939 -0.008400 0.013907 
0.011999 -0.000253 0.011831 0.002017 
-0.009186 0.007600 -0.010441 0.005754 
-0.006216 0.021269 -0.017790 0.013210 
0.005937 0.011449 0.003303 0.012466 
-0.001851 -0.026727 0.020611 -0.017116 
-0.013374 -0.001274 -0.012696 -0.004393 
0.021308 0.013487 0.004206 0.024864 
0.018735 0.000375 0.016593 0.008706 
0.006398 -0.005033 0.006813 -0.004455 
0.014737 -0.015425 0.020874 -0.004402 
0.004778 -0.013541 0.008241 -0.011760 
-0.008426 0.015110 -0.013590 0.010706 
0.019993 0.002669 0.015817 0.012516 
-0.002707 -0.028675 0.024240 -0.015556 
-0.001877 -0.027580 0.022327 -0.016300 
0.000967 -0.013026 0.003850 -0.012482 
0.030228 -0.001970 0.012500 0.027593 
0.026803 -0.013525 0.022536 0.019836 
-0.001279 -0.025265 0.018035 -0.017740 
-0.002145 -0.012157 0.000326 -0.012340 
0.015359 -0.001322 0.015018 0.003479 
0.016399 0.002421 0.014475 0.008078 
-0.015632 -0.000331 -0.014721 -0.005268 
0.021529 0.004587 0.014542 0.016525 
0.010215 -0.006271 0.011214 -0.004234 
-0.015412 0.000128 -0.014701 -0.004629 
0.011206 -0.007579 0.012694 -0.004680 
-0.023283 0.004755 -0.020339 -0.012290 
0.006193 0.010020 0.004265 0.010980 
-0.013027 -0.002246 -0.012169 -0.005163 
0.004074 0.001265 0.004042 0.001362 
-0.004814 0.014844 -0.009255 0.012564 
0.011233 -0.008056 0.012888 -0.005000 
0.015499 0.003979 0.013304 0.008891 
-0.011465 -0.009087 -0.008479 -0.011922 
0.004405 -0.025564 0.022609 -0.012718 
0.003624 -0.020546 0.014203 -0.015282 
-0.007672 0.008255 -0.008941 0.006860 
0.006025 -0.025308 0.023490 -0.011180 
0.015384 -0.016954 0.022661 -0.003252 
0.011112 -0.020250 0.021576 -0.008246 
-0.006464 -0.022256 0.009575 -0.021105 
-0.019948 -0.008955 -0.010829 -0.018996 
-0.012341 0.012470 -0.016263 0.006581 
0.002405 0.006423 0.002002 0.006560 
-0.012188 -0.022718 0.009668 -0.023899 
-0.020242 0.000178 -0.017447 -0.010264 
-0.009368 0.008726 -0.011022 0.006513 
0.006465 0.020825 -0.006989 0.020655 
0.015051 0.000918 0.014108 0.005325 
0.020299 0.002674 0.015869 0.012938 
-0.020668 -0.015662 -0.000913 -0.025915 
-0.000576 0.016408 -0.006253 0.015181 
-0.014962 0.005397 -0.015905 0.000198 
0.011891 0.010024 0.008146 0.013248 
-0.001232 0.006055 -0.001535 0.005986 
0.002217 -0.011020 0.004015 -0.010499 
-0.014936 0.005360 -0.015868 0.000196 
0.030007 -0.002402 0.013235 0.027037 
0.011387 0.001604 0.010936 0.003556 
-0.015352 -0.000133 -0.014575 -0.004824 
-0.012678 0.007720 -0.014359 0.003762 
0.015882 -0.003936 0.016263 0.001801 
-0.012707 -0.007308 -0.010156 -0.010570 
0.004802 0.007320 0.004039 0.007768 
-0.009172 -0.011588 -0.005501 -0.013717 
0.027695 0.000656 0.014117 0.023836 
0.017162 -0.014793 0.022645 -0.000773 
-0.025277 -0.003986 -0.013386 -0.021809 
-0.000234 0.012991 -0.003098 0.012618 
-0.009160 -0.010357 -0.006286 -0.012315 
0.004315 0.017703 -0.003600 0.017862 
0.003191 -0.015225 0.007808 -0.013454 
-0.013139 0.003998 -0.013719 0.000639 
0.013423 -0.012107 0.017254 -0.005391 
0.006036 -0.007400 0.006880 -0.006622 
0.013761 -0.007627 0.015481 -0.002810 
0.008638 0.003102 0.008240 0.004041 
0.004083 -0.010339 0.005707 -0.009539 
-0.003881 -0.002910 -0.003789 -0.003029 
-0.020055 -0.019074 0.005501 -0.027125 
0.001856 0.029663 -0.026526 0.013406 
0.009175 0.014096 0.003404 0.016471 
0.009494 -0.019740 0.019332 -0.010300 
0.018807 -0.012743 0.022635 0.001936 
-0.013865 -0.015020 -0.003945 -0.020057 
-0.006096 0.024300 -0.022022 0.011945 
0.019238 0.006116 0.013392 0.015105 
0.001854 0.004795 0.001686 0.004856 
0.014304 0.015138 0.003828 0.020472 
0.001313 -0.015599 0.006201 -0.014374 
-0.003484 -0.004241 -0.003313 -0.004376 
-0.000856 -0.014652 0.003286 -0.014304 
-0.000286 0.021444 -0.012463 0.017453 
0.000380 -0.019376 0.009547 -0.016865 
0.024929 0.006607 0.010852 0.023396 
0.009270 0.005888 0.008220 0.007283 
-0.010766 0.007303 -0.012115 0.004738 
0.012348 0.001450 0.011799 0.003921 
-0.006513 0.010392 -0.008434 0.008904 
0.005378 0.018809 -0.004391 0.019064 
0.002769 -0.003499 0.002860 -0.003425 
-0.007809 0.022694 -0.021294 0.011072 
-0.017354 0.005949 -0.018227 -0.002082 
-0.008590 0.007607 -0.009776 0.006008 
-0.000294 0.026515 -0.021393 0.015667 
-0.000665 0.016805 -0.006746 0.015406 
-0.000331 0.014306 -0.004137 0.013699 
0.021725 -0.010169 0.022760 0.007575 
-0.011867 -0.022912 0.010059 -0.023761 
-0.020149 -0.005523 -0.013892 -0.015604 
-0.008588 -0.022201 0.008796 -0.022120 
-0.014690 -0.013081 -0.006427 -0.018590 
-0.010701 -0.002896 -0.010094 -0.004585 
-0.007776 0.017126 -0.014651 0.011796 
0.020796 -0.000452 0.017743 0.010857 
-0.008876 0.022086 -0.021523 0.010165 
-0.010261 0.004854 -0.010934 0.003048 
0.015674 -0.004471 0.016257 0.001182 
0.006900 -0.009578 0.008534 -0.008156 
-0.005774 -0.023316 0.011901 -0.020864 
-0.010945 -0.005588 -0.009622 -0.007644 
0.016987 -0.011846 0.020691 -0.000893 
-0.019832 -0.011556 -0.007830 -0.021576 
-0.012437 0.001661 -0.012512 -0.000939 
0.000020 -0.016572 0.005892 -0.015490 
0.014826 -0.020552 0.025218 -0.002496 
-0.002253 -0.028337 0.023712 -0.015677 
-0.007910 -0.006877 -0.006834 -0.007947 
0.027134 -0.004701 0.018607 0.020301 
-0.001045 -0.018001 0.006536 -0.016805 
0.002658 0.018745 -0.006171 0.017899 
0.003314 -0.016024 0.008652 -0.013888 
0.015970 -0.004449 0.016510 0.001504 
-0.015124 -0.003031 -0.013449 -0.007553 
0.006482 0.012880 0.002751 0.014154 
-0.002140 -0.003213 -0.002076 -0.003255 
0.018264 0.001331 0.015936 0.009021 
-0.002561 -0.006393 -0.002157 -0.006540 
0.003137 0.020441 -0.008281 0.018951 
0.000276 0.016421 -0.005463 0.015489 
-0.008818 0.007076 -0.009881 0.005495 
0.000793 0.016936 -0.005533 0.016026 
0.008239 -0.005930 0.008967 -0.004759 
-0.005671 0.007596 -0.006529 0.006872 
-0.006229 0.007933 -0.007234 0.007028 
-0.000745 0.005668 -0.000988 0.005631 
-0.016861 -0.006116 -0.012847 -0.012516 
0.016576 0.001265 0.015035 0.007092 
-0.027362 0.003465 -0.017624 -0.021215 
-0.007638 0.021362 -0.019359 0.011827 
0.024042 0.004424 0.013812 0.020169 
0.007670 -0.012147 0.010654 -0.009637 
0.006747 -0.000447 0.006761 -0.000040 
-0.003498 -0.004312 -0.003320 -0.004451 
-0.009723 -0.017972 0.001121 -0.020403 
-0.010140 0.019679 -0.019949 0.009598 
0.012695 0.009929 0.008621 0.013617 
-0.000468 0.018963 -0.009084 0.016653 
0.004047 0.001785 0.004000 0.001889 
-0.014919 0.008373 -0.016974 0.002138 
-0.005086 -0.005176 -0.004714 -0.005517 
0.006329 -0.007647 0.007267 -0.006762 
0.010613 -0.012264 0.014151 -0.007924 
-0.007847 -0.000957 -0.007741 -0.001600 
0.015946 0.000684 0.014828 0.005904 
0.005954 0.000006 0.005947 0.000284 
-0.015675 0.003293 -0.015879 -0.002098 
0.010896 0.003378 0.010159 0.005189 
0.013667 -0.013311 0.018271 -0.005492 
0.007465 -0.006213 0.008179 -0.005238 
-0.002538 -0.028410 0.023754 -0.015789 
-0.016220 -0.013355 -0.006201 -0.020075 
-0.010575 0.014503 -0.015614 0.008853 
-0.005129 -0.004064 -0.004891 -0.004347 
-0.000598 -0.016066 0.004809 -0.015341 
0.013361 -0.000279 0.013057 0.002847 
-0.005293 0.012289 -0.008022 0.010709 
0.014835 0.013772 0.005632 0.019443 
0.016231 0.015470 0.003265 0.022183 
0.015206 0.016489 0.001819 0.022357 
0.020202 0.003696 0.015203 0.013809 
-0.016821 -0.014324 -0.004853 -0.021554 
-0.000213 0.016784 -0.006295 0.015560 
0.004369 -0.001407 0.004407 -0.001285 
-0.010695 0.010090 -0.013101 0.006673 
-0.019376 -0.013436 -0.005400 -0.022952 
-0.021699 0.003771 -0.019657 -0.009932 
-0.017559 0.004080 -0.017666 -0.003588 
-0.002435 0.011636 -0.004549 0.010983 
0.012130 0.000147 0.011873 0.002484 
-0.007582 -0.004293 -0.007115 -0.005029 
-0.006825 0.007927 -0.007894 0.006862 
-0.003673 0.005462 -0.003979 0.005243 
-0.012089 -0.004382 -0.010854 -0.006894 
0.005938 0.014120 0.001355 0.015257 
-0.006566 -0.021066 0.007362 -0.020801 
-0.006238 -0.010247 -0.004192 -0.011240 
0.003838 0.004937 0.003579 0.005128 
-0.004442 0.008148 -0.005337 0.007591 
0.012464 0.002885 0.011557 0.005488 
-0.007046 -0.017268 0.001332 -0.018603 
-0.010157 0.006924 -0.011327 0.004776 
0.005740 -0.007627 0.006613 -0.006884 
0.013519 -0.008471 0.015555 -0.003543 
0.005848 0.006763 0.005104 0.007341 
0.017429 0.005397 0.013480 0.012296 
-0.003915 -0.027829 0.022052 -0.017421 
-0.021876 -0.008762 -0.010402 -0.021145 
-0.014037 0.022582 -0.026500 0.002176 
0.004201 0.022999 -0.012030 0.020048 
0.011673 0.013181 0.005469 0.016736 
0.006902 0.005092 0.006376 0.005736 
0.006807 0.002226 0.006641 0.002681 
-0.006319 -0.002503 -0.006155 -0.002884 
0.014246 -0.019142 0.023477 -0.004268 
-0.006564 -0.021931 0.008926 -0.021080 
-0.018560 -0.007571 -0.012185 -0.015917 
-0.014409 0.008208 -0.016384 0.002560 
-0.011452 0.001772 -0.011585 -0.000274 
0.012582 0.013354 0.005624 0.017465 
0.014036 -0.009645 0.016622 -0.003707 
-0.019089 0.007702 -0.020268 -0.003594 
0.027159 0.000313 0.015022 0.022628 
0.017455 -0.011508 0.020907 -0.000130 
-0.000369 -0.016689 0.005654 -0.015707 
0.004691 -0.018215 0.012386 -0.014156 
-0.016653 0.001686 -0.016138 -0.004444 
-0.019995 -0.012514 -0.006463 -0.022685 
-0.015720 0.015775 -0.022074 0.002950 
0.014677 0.007570 0.011072 0.012253 
-0.013595 0.010837 -0.016737 0.004708 
-0.001926 0.006255 -0.002276 0.006137 
0.004038 -0.011273 0.006086 -0.010313 
-0.015626 -0.004875 -0.012973 -0.009982 
-0.003821 0.013081 -0.006880 0.011764 
0.005978 -0.006521 0.006618 -0.005870 
0.005764 -0.020773 0.016667 -0.013673 
-0.016657 0.021178 -0.026906 -0.001439 
0.016051 -0.007120 0.017558 -0.000188 
-0.025361 -0.005227 -0.012026 -0.022931 
-0.007206 -0.012021 -0.003885 -0.013466 
0.013440 -0.012669 0.017613 -0.005561 
-0.000970 -0.003488 -0.000909 -0.003504 
0.013006 0.005395 0.011169 0.008574 
-0.012757 0.011139 -0.015969 0.005639 
0.009205 -0.008051 0.010604 -0.006091 
0.000317 0.029125 -0.026066 0.012996 
-0.006442 0.012744 -0.009597 0.010573 
-0.015534 0.001067 -0.015082 -0.003871 
0.009953 0.009165 0.007472 0.011279 
-0.015291 -0.005103 -0.012686 -0.009947 
0.015616 -0.015148 0.021526 -0.003159 
0.002429 -0.016028 0.007731 -0.014249 
-0.013123 0.021252 -0.024506 0.004829 
-0.003043 0.013478 -0.006305 0.012294 
-0.009565 -0.010126 -0.006690 -0.012218 
-0.017660 0.011510 -0.021079 -0.000181 
0.018897 -0.005376 0.019120 0.004518 
-0.012203 -0.016919 -0.001058 -0.020834 
-0.017535 0.006699 -0.018677 -0.001872 
0.002369 0.000104 0.002369 0.000121 
-0.019473 0.006007 -0.019752 -0.005014 
0.015681 -0.002743 0.015713 0.002555 
-0.014455 -0.002210 -0.013268 -0.006147 
0.015006 -0.023499 0.027874 0.000642 
-0.009505 -0.020314 0.005024 -0.021858 
-0.007260 0.006331 -0.007979 0.005397 
0.005647 -0.020333 0.015970 -0.013794 
0.005012 -0.014424 0.009144 -0.012230 
-0.011756 -0.005963 -0.010094 -0.008478 
-0.002103 -0.028881 0.024878 -0.014819 
-0.000131 -0.015853 0.005036 -0.015032 
0.011550 0.000398 0.011302 0.002417 
-0.016650 -0.000847 -0.015240 -0.006761 
-0.007698 -0.010939 -0.004926 -0.012436 
0.011106 -0.007417 0.012529 -0.004624 
0.014218 -0.011732 0.017898 -0.004411 
-0.019309 0.009633 -0.021331 -0.003257 
0.020759 -0.007835 0.021271 0.006315 
-0.016922 -0.012552 -0.007164 -0.019814 
-0.005192 0.025049 -0.022413 0.012333 
-0.011902 0.006659 -0.013163 0.003568 
-0.019564 -0.001977 -0.016108 -0.011279 
0.003674 0.026641 -0.019609 0.018405 
0.008659 0.008348 0.006918 0.009838 
-0.008037 0.022761 -0.021600 0.010775 
0.018341 -0.002047 0.017409 0.006123 
-0.029890 0.001422 -0.012665 -0.027112 
-0.010546 0.000463 -0.010500 -0.001087 
0.012951 -0.010539 0.015874 -0.005178 
-0.012537 -0.012143 -0.006789 -0.016079 
-0.006777 -0.007591 -0.005680 -0.008443 
-0.021677 -0.012358 -0.005719 -0.024288 
-0.014772 -0.008743 -0.010356 -0.013689 
0.006219 -0.008007 0.007244 -0.007093 
-0.002129 -0.005834 -0.001830 -0.005935 
0.012311 0.007784 0.009682 0.010882 
-0.006549 0.022784 -0.020216 0.012381 
-0.017707 0.010515 -0.020587 -0.000486 
0.004406 0.014724 -0.000321 0.015365 
0.006186 -0.002930 0.006355 -0.002542 
-0.022729 0.012931 -0.024237 -0.009819 
0.000709 0.026428 -0.020630 0.016532 
0.004164 0.016762 -0.002582 0.017078 
0.003053 0.003443 0.002956 0.003527 
0.008285 0.013660 0.003307 0.015630 
-0.005486 -0.011473 -0.002932 -0.012375 
0.017039 0.004786 0.013683 0.011226 
-0.006035 -0.009653 -0.004304 -0.010539 
0.012044 0.008880 0.008937 0.012001 
-0.001395 0.028334 -0.025421 0.012592 
0.003066 0.019485 -0.006897 0.018479 
0.002542 0.013529 -0.000884 0.013737 
-0.010237 -0.012269 -0.005606 -0.014963 
0.001657 0.028716 -0.024716 0.014713 
-0.001550 0.015895 -0.006710 0.014492 
-0.028591 0.000447 -0.013904 -0.024986 
-0.015946 -0.000262 -0.014971 -0.005498 
-0.014205 -0.000698 -0.013518 -0.004419 
0.007397 0.011811 0.004162 0.013300 
-0.020034 -0.013462 -0.005044 -0.023604 
-0.025493 -0.003612 -0.013577 -0.021877 
-0.021811 -0.013511 -0.003777 -0.025377 
-0.012330 0.003924 -0.012890 0.001127 
0.006490 0.012456 0.003067 0.013706 
-0.001031 0.005119 -0.001214 0.005078 
-0.009421 -0.010819 -0.006174 -0.012949 
0.013876 0.002700 0.012693 0.006222 
-0.004912 -0.023028 0.011725 -0.020419 
-0.013974 -0.005122 -0.011906 -0.008930 
0.008485 0.011336 0.005226 0.013160 
0.006518 0.011982 0.003411 0.013206 
-0.002727 -0.026256 0.019223 -0.018090 
-0.013599 -0.001417 -0.012841 -0.004694 
0.012105 0.013604 0.005201 0.017451 
0.005104 0.018232 -0.003760 0.018556 
0.011651 0.027454 -0.020806 0.021368 
0.025765 -0.001490 0.017590 0.018885 
0.017362 -0.012014 0.021110 -0.000364 
-0.007282 -0.017387 0.001359 -0.018801 
-0.007556 -0.007276 -0.006424 -0.008292 
-0.021940 -0.004938 -0.014179 -0.017456 
-0.017196 -0.002306 -0.014966 -0.008777 
-0.003635 0.012977 -0.006610 0.011744 
0.006019 -0.004710 0.006364 -0.004233 
0.018588 0.001417 0.016041 0.009496 
0.006053 0.007335 0.005137 0.008003 
0.011974 0.013061 0.005705 0.016776 
0.005455 -0.000107 0.005455 0.000107 
-0.012883 0.019976 -0.023016 0.005941 
0.001132 0.013713 -0.002293 0.013568 
-0.024164 0.012182 -0.023759 -0.012953 
-0.007834 0.020470 -0.018435 0.011856 
-0.017998 -0.000240 -0.016280 -0.007679 
-0.013327 0.001461 -0.013297 -0.001710 
0.015778 0.003542 0.013650 0.008669 
-0.021538 -0.006530 -0.012860 -0.018470 
-0.011890 0.002965 -0.012241 0.000567 
0.016380 0.004665 0.013453 0.010443 
-0.015780 -0.004606 -0.013181 -0.009823 
0.015065 0.003916 0.013072 0.008451 
-0.010965 -0.004775 -0.009874 -0.006747 
0.008962 0.002036 0.008680 0.003020 
0.004878 -0.016386 0.010684 -0.013348 
-0.024807 -0.003919 -0.013806 -0.020979 
-0.007853 -0.011574 -0.004639 -0.013195 
0.007358 -0.008152 0.008556 -0.006883 
-0.000214 0.004390 -0.000326 0.004383 
-0.020107 -0.009248 -0.010484 -0.019491 
-0.011993 0.009043 -0.014118 0.005128 
-0.007999 -0.009760 -0.005788 -0.011213 
-0.028610 0.008800 -0.018989 -0.023138 
-0.004450 0.013378 -0.007766 0.011767 
-0.013625 -0.005288 -0.011617 -0.008868 
0.002997 0.010520 0.001306 0.010860 
0.001398 -0.007301 0.001926 -0.007180 
-0.001576 0.012862 -0.004364 0.012202 
0.008104 -0.012188 0.011182 -0.009445 
0.001763 0.014723 -0.002521 0.014612 
-0.013460 0.002225 -0.013598 -0.001114 
-0.005548 -0.011666 -0.002866 -0.012596 
0.018843 0.006247 0.013250 0.014783 
0.004743 0.001923 0.004674 0.002085 
-0.006324 -0.004330 -0.005970 -0.004807 
0.006638 -0.011659 0.009194 -0.009770 
-0.013636 -0.012931 -0.006374 -0.017678 
-0.010203 -0.009561 -0.007427 -0.011847 
0.017822 0.003105 0.014888 0.010278 
-0.002679 0.012504 -0.005293 0.011641 
-0.004313 -0.022672 0.011360 -0.020089 
-0.001083 -0.015722 0.004034 -0.015234 
-0.011185 -0.012924 -0.005506 -0.016181 
0.002117 0.028938 -0.024989 0.014747 
0.011261 0.025696 -0.016424 0.022746 
0.024672 0.003779 0.014030 0.020643 
0.020728 0.004148 0.014923 0.014972 
0.004101 -0.020577 0.014719 -0.014953 
0.004373 -0.003087 0.004487 -0.002919 
0.012758 -0.000425 0.012555 0.002307 
-0.005936 0.010983 -0.008053 0.009540 
0.012082 0.010363 0.008014 0.013753 
-0.013534 0.002897 -0.013829 -0.000579 
0.016408 -0.015090 0.022206 -0.001959 
0.012987 -0.013317 0.017527 -0.006230 
0.006789 -0.010137 0.008636 -0.008618 
-0.010301 -0.017705 0.000545 -0.020476 
-0.013616 0.012661 -0.017800 0.005370 
-0.016840 0.012251 -0.020791 0.001183 
0.018862 0.004635 0.014361 0.013078 
-0.012143 -0.024754 0.014337 -0.023551 
-0.012860 -0.004616 -0.011346 -0.007612 
0.012316 -0.013567 0.016943 -0.006979 
0.006729 -0.007922 0.007787 -0.006886 
0.000731 -0.019953 0.010649 -0.016890 
-0.012282 0.004516 -0.012982 0.001650 
0.019098 0.007632 0.012160 0.016586 
0.008805 0.001870 0.008555 0.002799 
-0.001065 -0.003860 -0.000983 -0.003881 
0.022474 0.004049 0.014791 0.017398 
0.011799 -0.007320 0.013261 -0.004116 
-0.028384 0.010130 -0.019767 -0.022749 
-0.002757 0.022017 -0.015512 0.015866 
0.007048 0.014664 0.001605 0.016190 
-0.013894 -0.030441 0.029009 -0.016679 
-0.025314 0.014320 -0.023986 -0.016448 
0.011051 0.018710 -0.001940 0.021643 
0.018263 -0.002859 0.017684 0.005384 
0.025001 0.003513 0.014053 0.020974 
0.023790 0.013914 0.001089 0.027539 
0.015437 -0.012421 0.019562 -0.003150 
-0.019465 0.006735 -0.020071 -0.004627 
0.010502 0.008249 0.008290 0.010469 
-0.012366 -0.016191 -0.002129 -0.020261 
-0.009490 0.011218 -0.012260 0.008099 
-0.019863 -0.000399 -0.017032 -0.010228 
0.001270 0.009605 0.000074 0.009688 
0.006327 -0.014615 0.010776 -0.011727 
-0.009076 0.009084 -0.010822 0.006912 
-0.004254 -0.017345 0.003202 -0.017570 
-0.015795 -0.000703 -0.014716 -0.005780 
0.016652 0.016073 0.002228 0.023037 
-0.000553 -0.027817 0.023433 -0.015001 
-0.004833 -0.022153 0.010135 -0.020282 
-0.013496 -0.023689 0.012170 -0.024396 
-0.028017 0.002395 -0.016176 -0.023001 
-0.011723 -0.000102 -0.011512 -0.002214 
0.005188 0.005861 0.004698 0.006261 
0.009545 0.007517 0.007910 0.009222 
-0.009309 0.013358 -0.013323 0.009360 
-0.026067 -0.005375 -0.011165 -0.024161 
-0.014365 -0.008025 -0.010652 -0.012541 
0.001617 0.010289 0.000133 0.010415 
0.013978 -0.014627 0.019509 -0.005359 
0.009113 -0.019804 0.018999 -0.010691 
-0.009475 -0.008022 -0.007660 -0.009771 
0.009243 0.006858 0.007910 0.008360 
0.019144 -0.010715 0.021768 0.002728 
-0.020903 -0.012777 -0.005594 -0.023852 
-0.019779 -0.005869 -0.013616 -0.015501 
-0.010213 0.001005 -0.010254 -0.000419 
0.011946 0.010339 0.007961 0.013646 
-0.008061 0.011194 -0.010589 0.008841 
0.000755 -0.018801 0.009140 -0.016447 
0.007809 -0.008421 0.009149 -0.006942 
-0.007139 0.005543 -0.007694 0.004743 
-0.009884 0.020287 -0.020364 0.009726 
0.011339 0.008214 0.008861 0.010841 
-0.005769 0.020420 -0.016210 0.013693 
0.005489 0.010387 0.003517 0.011210 
0.001292 -0.020636 0.012124 -0.016749 
-0.012517 0.008904 -0.014643 0.004643 
0.015041 0.002055 0.013736 0.006463 
-0.022295 0.004542 -0.020161 -0.010546 
-0.016919 0.003334 -0.016908 -0.003387 
-0.004857 0.004506 -0.005110 0.004218 
-0.007972 0.000137 -0.007955 -0.000531 
0.019018 0.000274 0.016767 0.008979 
0.014134 0.004264 0.012345 0.008097 
0.003607 -0.012837 0.006492 -0.011647 
-0.005450 0.004642 -0.005751 0.004263 
-0.013167 0.002403 -0.013364 -0.000747 
0.008942 0.003236 0.008493 0.004277 
-0.003452 -0.006293 -0.003017 -0.006513 
0.021326 0.006024 0.013370 0.017673 
0.007186 0.005484 0.006555 0.006225 
0.010943 0.014591 0.003706 0.017858 
0.003141 0.012235 0.000515 0.012621 
-0.013299 -0.009094 -0.009473 -0.013032 
-0.005836 0.003123 -0.006007 0.002781 
-0.021074 0.009311 -0.022115 -0.006461 
0.010804 0.022893 -0.009961 0.023272 
0.019753 0.004833 0.014378 0.014381 
0.015664 0.002023 0.014170 0.006977 
0.001108 -0.014062 0.004719 -0.013293 
-0.003771 0.014046 -0.007494 0.012464 
0.021003 0.013813 0.003891 0.024835 
0.008099 -0.008211 0.009408 -0.006671 
0.002851 0.016213 -0.003003 0.016185 
0.007000 -0.018668 0.015406 -0.012655 
0.004262 -0.003720 0.004416 -0.003537 
0.007760 0.002841 0.007473 0.003527 
0.002892 -0.009802 0.004211 -0.009312 
-0.006899 -0.007155 -0.005910 -0.007991 
-0.017202 -0.005758 -0.013185 -0.012459 
0.005862 -0.013715 0.009579 -0.011433 
-0.012035 -0.000187 -0.011780 -0.002469 
0.005231 -0.007577 0.006044 -0.006946 
0.010427 -0.014352 0.015330 -0.008927 
-0.006818 -0.001968 -0.006673 -0.002417 
0.011816 -0.008571 0.013730 -0.004956 
0.007239 -0.002426 0.007404 -0.001862 
-0.010492 0.008384 -0.012172 0.005675 
-0.000165 -0.014338 0.003682 -0.013858 
0.017449 0.013067 0.006465 0.020819 
-0.004613 -0.016372 0.001817 -0.016912 
-0.003275 0.016217 -0.008793 0.014014 
0.010772 -0.006906 0.012002 -0.004437 
-0.013893 0.011831 -0.017605 0.004799 
-0.017461 0.000695 -0.016335 -0.006206 
-0.013326 -0.006744 -0.010797 -0.010319 
0.007481 0.013890 0.002602 0.015561 
-0.006128 0.012014 -0.008808 0.010214 
0.014564 0.005499 0.012098 0.009798 
-0.014682 -0.008232 -0.010662 -0.013025 
-0.000483 0.012085 -0.002792 0.011768 
-0.010488 0.000716 -0.010481 -0.000815 
0.017885 0.013185 0.006230 0.021329 
0.021341 -0.002492 0.018930 0.010164 
0.012108 -0.004340 0.012761 -0.001615 
0.003951 0.019074 -0.005688 0.018630 
-0.003896 0.020060 -0.013821 0.015053 
-0.013567 0.020924 -0.024556 0.004345 
0.030257 -0.001532 0.012092 0.027778 
0.010153 0.000129 0.010042 0.001504 
-0.013053 -0.000376 -0.012640 -0.003279 
-0.001509 -0.014910 0.002910 -0.014701 
0.021070 -0.003409 0.019305 0.009102 
0.011228 0.001247 0.010860 0.003111 
-0.003621 0.009501 -0.004879 0.008920 
0.014061 0.002618 0.012854 0.006272 
-0.004574 -0.016967 0.002523 -0.017391 
-0.009803 -0.025441 0.015683 -0.022302 
-0.019468 -0.007121 -0.012598 -0.016462 
0.000591 -0.011720 0.002699 -0.011421 
0.003540 0.005455 0.003231 0.005644 
0.010491 0.017568 -0.000287 0.020460 
0.005391 -0.018362 0.013304 -0.013756 
-0.015880 0.009450 -0.018410 0.001593 
0.014757 0.005777 0.012075 0.010263 
-0.003176 -0.012420 -0.000430 -0.012812 
0.000150 0.012033 -0.002138 0.011843 
0.009579 -0.016961 0.016544 -0.010283 
-0.013181 -0.008842 -0.009575 -0.012659 
-0.006057 0.008629 -0.007253 0.007652 
0.001840 0.018511 -0.006509 0.017426 
-0.012423 0.008905 -0.014539 0.004717 
-0.013197 -0.012738 -0.006449 -0.017170 
-0.008382 -0.007012 -0.007178 -0.008241 
-0.006595 0.000253 -0.006599 -0.000126 
0.007814 -0.009962 0.009731 -0.008100 
0.011071 0.009054 0.008257 0.011677 
0.006874 0.021324 -0.007691 0.021043 
0.019279 -0.004575 0.019016 0.005570 
0.019537 0.007253 0.012485 0.016685 
0.007010 0.017030 -0.001049 0.018386 
-0.001781 -0.003303 -0.001719 -0.003335 
0.012835 0.018178 -0.000856 0.022236 
-0.007453 -0.014808 -0.001716 -0.016489 
0.000698 0.027109 -0.021971 0.015897 
0.005443 0.010122 0.003606 0.010913 
-0.002814 -0.003926 -0.002692 -0.004011 
0.011417 0.007334 0.009318 0.009865 
0.010607 0.027937 -0.021751 0.020491 
0.028812 -0.002803 0.015433 0.024491 
0.016862 -0.003187 0.016813 0.003438 
0.000390 -0.018212 0.008073 -0.016329 
-0.013384 -0.002430 -0.012400 -0.005592 
0.010982 0.004851 0.009867 0.006840 
0.011535 -0.008843 0.013522 -0.005329 
0.009487 0.008355 0.007528 0.010155 
-0.014471 -0.005459 -0.012062 -0.009681 
-0.000938 0.019006 -0.009570 0.016447 
0.006455 -0.015367 0.011534 -0.012033 
0.014303 0.007842 0.010734 0.012282 
0.008898 -0.006368 0.009789 -0.004889 
-0.003050 -0.025720 0.017974 -0.018649 
-0.018750 -0.006825 -0.012800 -0.015306 
-0.008452 0.006547 -0.009340 0.005203 
0.003127 -0.004494 0.003302 -0.004367 
0.007565 -0.002591 0.007757 -0.001944 
-0.013603 0.008193 -0.015533 0.003301 
0.016568 -0.008524 0.018630 -0.000320 
-0.008676 -0.011674 -0.005124 -0.013612 
0.014752 -0.017156 0.022239 -0.004167 
0.007601 -0.010616 0.009776 -0.008654 
-0.000146 0.012124 -0.002480 0.011869 
-0.013240 -0.005477 -0.011292 -0.008820 
-0.009069 0.014534 -0.013886 0.010034 
-0.015654 -0.010278 -0.009421 -0.016185 
0.003796 -0.002946 0.003884 -0.002829 
0.009075 0.006544 0.007876 0.007947 
0.020659 -0.002183 0.018577 0.009297 
0.012156 -0.002886 0.012489 -0.000340 
-0.009390 0.011316 -0.012195 0.008216 
0.006484 0.000814 0.006428 0.001178 
-0.008106 0.001324 -0.008192 0.000598 
0.015734 -0.002324 0.015627 0.002958 
0.001448 0.014251 -0.002416 0.014119 
-0.018905 0.006400 -0.019564 -0.003947 
-0.021649 -0.004675 -0.014454 -0.016782 
-0.005293 -0.018306 0.003741 -0.018685 
0.004001 -0.018705 0.012226 -0.014711 
0.012399 -0.019936 0.022515 -0.006652 
-0.020942 0.006928 -0.020922 -0.006990 
0.017676 0.012429 0.007247 0.020357 
0.006203 -0.012991 0.009480 -0.010834 
0.011898 0.012579 0.006134 0.016191 
0.013898 0.006217 0.011381 0.010113 
0.008266 -0.024868 0.024672 -0.008836 
-0.012721 -0.008744 -0.009394 -0.012249 
0.005709 -0.008106 0.006709 -0.007300 
0.005392 -0.021347 0.017066 -0.013911 
-0.017916 0.008649 -0.019842 -0.001439 
0.027612 0.001342 0.013593 0.024072 
0.017923 -0.012264 0.021712 0.000481 
-0.004540 -0.009036 -0.003283 -0.009565 
0.007651 0.012659 0.003731 0.014313 
0.006941 0.013443 0.002629 0.014899 
0.000339 -0.027227 0.022774 -0.014927 
-0.012667 -0.014225 -0.004692 -0.018461 
-0.005469 0.009099 -0.006756 0.008189 
0.003429 -0.018660 0.011582 -0.015027 
-0.017103 0.002436 -0.016729 -0.004311 
0.020832 0.012078 0.006664 0.023140 
0.021690 -0.012604 0.023937 0.007506 
-0.013918 -0.023222 0.011213 -0.024642 
-0.028321 0.002829 -0.016111 -0.023463 
-0.020204 -0.004255 -0.014823 -0.014373 
-0.009574 -0.009404 -0.007092 -0.011392 
-0.012684 -0.004539 -0.011246 -0.007417 
0.009456 0.002475 0.009070 0.003644 
0.001668 -0.007058 0.002153 -0.006926 
-0.003169 0.005002 -0.003397 0.004850 
-0.022817 0.002834 -0.019309 -0.012482 
-0.018425 0.010184 -0.020986 -0.001678 
0.002292 0.021781 -0.011032 0.018919 
0.004275 0.012951 0.001001 0.013602 
0.000862 -0.007348 0.001390 -0.007267 
0.000802 0.004581 0.000671 0.004602 
-0.019715 0.002771 -0.018465 -0.007445 
0.005092 0.012110 0.002228 0.012947 
-0.000213 -0.015920 0.005024 -0.015108 
-0.010998 0.011079 -0.013936 0.007036 
0.007443 -0.015725 0.012971 -0.011594 
0.007741 0.006574 0.006778 0.007564 
-0.016680 -0.003868 -0.013989 -0.009874 
-0.001341 0.017212 -0.007833 0.015385 
0.008922 0.002254 0.008615 0.003234 
0.002015 -0.005132 0.002219 -0.005047 
0.005861 0.006048 0.005271 0.006569 
0.029280 -0.000008 0.012474 0.026490 
0.016530 -0.004768 0.017100 0.001882 
-0.002486 -0.006569 -0.002053 -0.006716 
0.004555 0.021885 -0.009804 0.020089 
0.011923 0.012935 0.005808 0.016606 
0.019679 0.015316 0.002218 0.024838 
