-0.007729 -0.020913 0.007979 -0.020820 
0.003950 0.021084 -0.009930 0.019015 
-0.003382 -0.035094 0.034943 0.004691 
-0.008128 -0.018975 0.004352 -0.020178 
-0.019108 0.001376 -0.017169 -0.008498 
-0.014147 -0.002689 -0.012718 -0.006754 
0.016551 0.013647 0.004572 0.020959 
0.018282 0.000885 0.015759 0.009309 
-0.008135 -0.021449 0.008925 -0.021132 
0.005360 -0.027297 0.026911 -0.007048 
0.027234 -0.007952 0.018039 0.021898 
0.018047 -0.016783 0.024435 0.003206 
0.014724 -0.000058 0.014023 0.004492 
-0.004778 0.015913 -0.010595 0.012799 
0.019362 0.007977 0.010854 0.017908 
-0.013457 -0.009343 -0.008912 -0.013746 
0.022545 -0.001114 0.017429 0.014344 
0.024430 0.017058 -0.009502 0.028240 
0.021544 -0.006953 0.020577 0.009438 
0.020683 0.005619 0.012803 0.017188 
-0.012680 0.010074 -0.015512 0.004654 
-0.011866 -0.012760 -0.005305 -0.016598 
0.011233 -0.010247 0.013976 -0.005987 
0.017105 -0.011019 0.020339 0.000555 
-0.021042 0.008438 -0.021193 -0.008049 
0.014816 0.009409 0.009306 0.014881 
-0.010316 0.007322 -0.011721 0.004757 
-0.017351 0.026315 -0.028368 -0.013740 
0.007557 0.019652 -0.005716 0.020264 
0.003311 -0.019245 0.012915 -0.014647 
-0.013730 0.013891 -0.018977 0.004619 
0.018282 -0.013074 0.022338 0.002486 
-0.022892 -0.013102 -0.001143 -0.026352 
-0.015719 0.003955 -0.016063 -0.002165 
-0.008673 -0.021111 0.008139 -0.021323 
-0.003431 0.003565 -0.003555 0.003441 
-0.000721 -0.016988 0.006249 -0.015814 
-0.009544 0.007325 -0.010859 0.005179 
-0.004603 0.024644 -0.022284 0.011485 
-0.020765 0.016203 -0.024812 -0.008836 
0.020993 -0.005008 0.019523 0.009202 
-0.036459 0.003749 0.009854 -0.035301 
-0.018244 0.007968 -0.019647 -0.003216 
0.021686 0.008455 0.009372 0.021306 
0.009905 -0.010904 0.012790 -0.007308 
0.020563 0.007630 0.010875 0.019047 
-0.000264 -0.021269 0.012751 -0.017025 
0.008440 -0.014689 0.013653 -0.010030 
-0.008330 -0.002732 -0.007975 -0.003640 
0.008862 0.009703 0.006185 0.011595 
0.017390 -0.011422 0.020784 0.000952 
-0.009386 0.026109 -0.027575 0.003068 
0.018689 -0.002484 0.017490 0.007040 
-0.003570 -0.015337 0.002048 -0.015614 
-0.006539 0.023638 -0.022296 0.010218 
0.017142 -0.002583 0.016633 0.004885 
0.033120 0.007878 -0.011396 0.032080 
-0.006009 -0.033260 0.033645 -0.003210 
0.007709 -0.016180 0.014149 -0.011002 
0.013886 -0.008708 0.016151 -0.002790 
-0.019719 -0.009623 -0.008938 -0.020039 
0.004351 -0.006690 0.004949 -0.006261 
0.021042 -0.002843 0.018440 0.010525 
0.012020 0.013904 0.004076 0.017922 
-0.007959 0.017360 -0.015623 0.010983 
0.014383 0.006889 0.010938 0.011606 
-0.003401 -0.026864 0.021805 -0.016057 
0.003709 0.021234 -0.010335 0.018916 
0.011670 -0.014546 0.017241 -0.007107 
0.005452 0.004482 0.005114 0.004864 
-0.008101 0.024946 -0.025344 0.006754 
0.029049 -0.008462 0.015254 0.026130 
0.008651 -0.013321 0.012839 -0.009351 
0.004945 0.004106 0.004691 0.004394 
0.006098 0.018432 -0.004358 0.018919 
0.005535 -0.013825 0.009616 -0.011371 
-0.007390 0.013661 -0.011620 0.010306 
-0.002503 0.022359 -0.016822 0.014940 
-0.005118 0.012418 -0.008152 0.010674 
0.013785 0.001086 0.012963 0.004813 
-0.009657 -0.012475 -0.004636 -0.015080 
0.007649 0.006408 0.006649 0.007441 
0.014566 0.015732 0.001739 0.021369 
0.010273 -0.001119 0.010323 0.000477 
-0.017149 0.004309 -0.017306 -0.003628 
0.014080 -0.011229 0.017638 -0.003639 
0.022471 0.006713 0.010911 0.020759 
-0.004064 -0.035714 0.035317 0.006687 
-0.007520 -0.030606 0.029348 -0.011489 
-0.016114 -0.006821 -0.011629 -0.013075 
-0.005882 0.014925 -0.010913 0.011758 
0.012083 0.015718 0.001706 0.019752 
0.000345 0.009626 -0.000948 0.009586 
-0.008522 -0.018789 0.003909 -0.020257 
-0.010490 0.008082 -0.012184 0.005187 
0.005187 -0.006819 0.005882 -0.006230 
0.010362 0.004710 0.009301 0.006561 
0.005776 -0.007999 0.006842 -0.007108 
0.012782 0.005402 0.010801 0.008712 
0.009321 -0.006827 0.010459 -0.004909 
-0.003989 -0.023448 0.014410 -0.018923 
-0.021151 0.002954 -0.018514 -0.010644 
-0.010014 -0.007640 -0.008010 -0.009720 
0.011345 -0.005450 0.012287 -0.002727 
-0.012620 0.014592 -0.018321 0.006045 
0.004747 -0.017596 0.012350 -0.013403 
0.005996 0.024079 -0.014973 0.019788 
-0.000577 0.018138 -0.008840 0.015849 
-0.021307 -0.000572 -0.016509 -0.013482 
-0.008388 -0.007551 -0.006861 -0.008961 
-0.017835 -0.002259 -0.014898 -0.010063 
0.006723 0.015670 -0.000270 0.017049 
-0.015361 -0.018379 0.003219 -0.023736 
-0.012339 -0.025889 0.019474 -0.021054 
-0.017604 0.017319 -0.024556 -0.002613 
0.025506 0.013745 -0.004022 0.028693 
0.018047 0.006847 0.011965 0.015147 
-0.004637 0.022479 -0.018886 0.013043 
0.019545 0.000638 0.016287 0.010823 
0.005507 -0.016519 0.012007 -0.012610 
-0.015224 -0.010017 -0.008862 -0.015923 
-0.007840 0.009194 -0.009595 0.007344 
-0.007877 0.010238 -0.010098 0.008055 
-0.009830 0.015110 -0.015613 0.009010 
0.022890 0.016874 -0.006639 0.027651 
0.016097 0.002916 0.013801 0.008783 
-0.013539 -0.001302 -0.012711 -0.004840 
0.001459 -0.016082 0.007286 -0.014410 
-0.015526 0.006014 -0.016642 -0.000533 
0.010444 0.007809 0.008224 0.010120 
0.017957 -0.011774 0.021390 0.001874 
-0.003955 0.021498 -0.016763 0.014029 
0.009900 -0.016683 0.017115 -0.009133 
0.007238 -0.002946 0.007470 -0.002295 
-0.017306 0.004436 -0.017468 -0.003748 
-0.010780 -0.028183 0.024603 -0.017470 
-0.027396 -0.015843 0.012441 -0.029099 
-0.020645 0.023375 -0.026401 -0.016601 
0.032066 0.006608 -0.006017 0.032182 
0.026639 0.014163 -0.007059 0.029333 
0.013737 -0.011320 0.017330 -0.004064 
-0.016194 0.002950 -0.016091 -0.003467 
-0.000597 -0.021470 0.012832 -0.017223 
0.006357 -0.016963 0.013415 -0.012174 
-0.015454 0.016523 -0.022556 0.001752 
-0.019041 0.004308 -0.018472 -0.006316 
-0.023381 -0.001476 -0.015321 -0.017723 
0.017314 0.010130 0.008881 0.017987 
-0.007938 0.007123 -0.008999 0.005725 
0.001148 -0.006312 0.001522 -0.006233 
-0.007489 0.008620 -0.008974 0.007061 
-0.007783 0.007370 -0.008897 0.005979 
-0.013425 0.016858 -0.021004 0.004822 
0.008245 -0.001237 0.008328 -0.000402 
-0.017118 0.016210 -0.023549 -0.001103 
-0.022707 0.000626 -0.017081 -0.014974 
-0.016651 -0.008050 -0.010822 -0.014998 
-0.007719 0.015730 -0.013734 0.010880 
-0.014552 -0.026873 0.023085 -0.020025 
-0.023994 -0.002372 -0.014211 -0.019478 
-0.007784 0.006721 -0.008719 0.005455 
0.029628 -0.014705 0.014298 0.029826 
-0.007792 -0.032999 0.033586 -0.004653 
-0.027998 -0.014977 0.011795 -0.029480 
-0.028679 0.009191 -0.016185 -0.025397 
-0.005913 0.017255 -0.013236 0.012550 
0.022173 0.006677 0.011137 0.020302 
0.001718 -0.016447 0.007931 -0.014511 
0.005300 0.011096 0.002763 0.011982 
0.008022 -0.007264 0.009133 -0.005805 
0.012504 -0.023161 0.026252 -0.001904 
-0.014532 -0.005579 -0.011728 -0.010235 
0.026702 -0.016265 0.020192 0.023871 
0.002330 -0.024609 0.020520 -0.013782 
-0.013871 -0.016025 -0.001332 -0.021153 
0.005992 0.019372 -0.005906 0.019398 
-0.036977 0.002911 0.012481 -0.034929 
-0.028459 0.018531 -0.015610 -0.030160 
-0.006034 0.023097 -0.021063 0.011233 
-0.026176 0.004882 -0.017723 -0.019872 
-0.015951 0.032732 -0.025294 -0.026192 
0.033786 -0.013584 0.001186 0.036395 
0.003467 -0.022272 0.017519 -0.014183 
0.028501 -0.019061 0.015147 0.030761 
-0.011843 -0.020770 0.007286 -0.022772 
-0.009061 0.009533 -0.011142 0.006989 
0.008408 -0.012494 0.011989 -0.009113 
0.032633 -0.006184 0.005304 0.032787 
0.013901 -0.026962 0.029480 0.007149 
0.001168 -0.013493 0.004670 -0.012713 
-0.009344 0.011974 -0.012754 0.008248 
0.011549 0.014613 0.003085 0.018369 
-0.006085 -0.012915 -0.002064 -0.014126 
-0.005137 0.004338 -0.005409 0.003992 
-0.005951 -0.001595 -0.005854 -0.001920 
-0.013978 -0.030168 0.030578 -0.013058 
-0.017492 0.007521 -0.018906 -0.002261 
0.010620 0.009998 0.007088 0.012748 
-0.014607 0.025930 -0.029011 -0.006643 
0.015848 0.023608 -0.015576 0.023788 
0.008447 -0.014630 0.013611 -0.010005 
0.005724 0.019492 -0.006238 0.019334 
0.013914 -0.025913 0.028964 0.005117 
-0.001929 -0.015467 0.003520 -0.015184 
0.005749 -0.001081 0.005796 -0.000794 
-0.016501 0.000764 -0.015523 -0.005647 
0.012158 -0.009843 0.014818 -0.005013 
-0.016134 0.011378 -0.019718 0.000982 
0.009240 0.012646 0.004265 0.015070 
-0.009035 0.008636 -0.010742 0.006389 
-0.003927 0.015168 -0.008962 0.012852 
0.015813 -0.013420 0.020673 -0.001672 
-0.012126 0.017872 -0.020639 0.006363 
-0.007499 -0.006938 -0.006368 -0.007988 
-0.004075 -0.025715 0.019118 -0.017674 
-0.011048 -0.016637 -0.000171 -0.019970 
0.012929 0.023149 -0.012917 0.023156 
0.016146 -0.007789 0.017924 0.000286 
-0.013917 -0.010142 -0.008430 -0.015016 
-0.024850 0.022934 -0.020732 -0.026715 
0.019509 0.004459 0.013875 0.014422 
-0.010789 0.011364 -0.014070 0.006897 
-0.029702 -0.007948 0.001839 -0.030692 
-0.007196 0.014131 -0.011758 0.010641 
-0.014600 -0.007263 -0.010802 -0.012215 
-0.017979 0.002772 -0.017231 -0.005832 
-0.003724 -0.015824 0.002455 -0.016070 
-0.006315 0.006785 -0.007109 0.005949 
-0.017400 0.003673 -0.017230 -0.004399 
0.013474 0.002198 0.012400 0.005712 
-0.010890 -0.017445 0.001119 -0.020534 
0.002857 -0.008484 0.003820 -0.008096 
0.014763 0.017993 -0.002265 0.023164 
0.005741 0.000381 0.005716 0.000656 
-0.014080 -0.008601 -0.009696 -0.013349 
-0.023099 0.001225 -0.017360 -0.015286 
-0.007787 -0.008340 -0.006086 -0.009652 
-0.031232 -0.012066 0.013696 -0.030552 
-0.000999 0.021958 -0.014906 0.016155 
-0.015693 -0.010710 -0.008249 -0.017115 
-0.005610 -0.015176 0.000405 -0.016175 
-0.009918 0.030541 -0.031217 -0.007526 
0.015362 0.006656 0.011485 0.012181 
-0.005073 0.011361 -0.007472 0.009948 
0.005816 0.009707 0.003926 0.010613 
0.018666 0.003951 0.014143 0.012806 
-0.020377 0.005734 -0.019700 -0.007747 
0.001139 0.010565 -0.000597 0.010609 
-0.000773 -0.021136 0.012139 -0.017320 
-0.006534 -0.010593 -0.004014 -0.011781 
0.013032 0.024055 -0.015164 0.022771 
0.020583 -0.005822 0.019808 0.008074 
0.020692 -0.008715 0.021230 0.007307 
-0.026701 -0.014738 0.008449 -0.029305 
-0.023311 0.011169 -0.022420 -0.012864 
0.008343 0.025972 -0.018930 0.019642 
0.015482 0.016973 -0.000572 0.022967 
0.017927 0.029514 -0.031943 0.013117 
0.020883 -0.004406 0.019202 0.009318 
0.002004 -0.001839 0.002024 -0.001818 
0.024285 -0.021919 0.022419 0.023824 
-0.018919 -0.004742 -0.013637 -0.013944 
0.008770 -0.024553 0.025305 -0.006279 
-0.015828 -0.015990 -0.001060 -0.022474 
-0.000356 -0.017244 0.006878 -0.015817 
0.013409 -0.001093 0.013235 0.002420 
-0.008909 0.011928 -0.012217 0.008508 
0.010252 0.022079 -0.010004 0.022192 
0.020764 -0.005952 0.019924 0.008344 
0.009672 -0.011600 0.012911 -0.007835 
-0.011032 -0.030982 0.030934 -0.011167 
-0.035971 -0.006485 0.018870 -0.031303 
0.013887 0.030136 -0.030459 0.013164 
0.014011 -0.007011 0.015575 -0.001696 
-0.010738 -0.004356 -0.009694 -0.006349 
0.008610 0.014797 0.001752 0.017030 
0.000298 0.008659 -0.000643 0.008640 
0.008169 -0.005948 0.008956 -0.004679 
-0.006178 -0.023130 0.012901 -0.020168 
-0.018195 0.007297 -0.019303 -0.003416 
-0.008389 0.017495 -0.016246 0.010608 
0.033841 0.007871 -0.013724 0.031919 
0.003344 -0.029101 0.028626 -0.006211 
0.014902 -0.026824 0.029315 0.009068 
-0.000887 -0.019807 0.009930 -0.017161 
0.031707 -0.003760 0.006727 0.031213 
0.007490 -0.011778 0.010473 -0.009227 
0.003705 0.024499 -0.016691 0.018313 
-0.004177 -0.020617 0.008979 -0.019024 
0.014315 0.009672 0.008946 0.014779 
-0.006479 0.021551 -0.019240 0.011673 
0.015860 0.006998 0.011431 0.013032 
0.006064 -0.008568 0.007348 -0.007495 
0.003276 -0.005846 0.003649 -0.005621 
0.023453 -0.012793 0.022992 0.013605 
-0.020829 -0.005967 -0.012445 -0.017736 
0.008702 0.024917 -0.016448 0.020640 
0.015247 0.005330 0.012205 0.010579 
-0.029221 0.008221 -0.014833 -0.026484 
-0.015974 0.025221 -0.028653 -0.008382 
-0.000497 0.016997 -0.007365 0.015326 
-0.019996 -0.004045 -0.014178 -0.014669 
0.016018 0.017074 -0.000943 0.023392 
0.013121 -0.025472 0.028527 0.002688 
-0.009837 -0.028008 0.023947 -0.017544 
-0.017598 -0.006926 -0.011860 -0.014730 
-0.008554 0.005864 -0.009360 0.004466 
-0.017602 0.025575 -0.028246 -0.012887 
0.005439 0.019967 -0.007180 0.019409 
0.015458 -0.018974 0.024469 -0.000482 
0.003576 -0.018423 0.012116 -0.014332 
-0.008218 0.018133 -0.016747 0.010764 
0.006710 0.010922 0.003946 0.012196 
0.030040 -0.005471 0.011910 0.028115 
0.002413 -0.013779 0.006170 -0.012555 
0.014824 0.019079 -0.004443 0.023750 
0.005419 -0.012060 0.008268 -0.010318 
0.020152 -0.008591 0.020979 0.006307 
-0.015125 -0.010876 -0.008015 -0.016816 
-0.003081 -0.004441 -0.002890 -0.004568 
0.031499 0.007546 -0.005921 0.031845 
0.006552 0.009477 0.004620 0.010554 
-0.008110 -0.000646 -0.008011 -0.001419 
0.008733 0.007915 0.006975 0.009500 
0.006346 0.007536 0.005228 0.008351 
0.033596 0.011438 -0.019494 0.029656 
-0.006600 -0.022910 0.012315 -0.020415 
-0.020352 0.001516 -0.017620 -0.010297 
-0.024974 -0.011943 -0.000411 -0.027680 
-0.016554 0.002854 -0.016325 -0.003959 
-0.002219 -0.015979 0.003818 -0.015674 
0.026766 -0.004641 0.016947 0.021231 
0.022434 -0.005501 0.019903 0.011722 
0.019292 -0.000911 0.017013 0.009142 
0.001526 -0.004999 0.001722 -0.004934 
0.009583 0.014272 0.002795 0.016962 
0.001377 0.014789 -0.003338 0.014473 
0.010486 -0.017735 0.018795 -0.008440 
0.015406 0.005775 0.012030 0.011223 
-0.001434 0.022661 -0.016445 0.015657 
-0.029786 0.004835 -0.012109 -0.027640 
-0.000915 0.017037 -0.007806 0.015171 
0.007844 -0.026800 0.027581 -0.004360 
-0.024578 -0.003698 -0.012495 -0.021486 
0.005046 0.025539 -0.018428 0.018388 
0.025929 0.019788 -0.019001 0.026511 
-0.007908 -0.031014 0.030207 -0.010578 
-0.029267 -0.007903 0.000726 -0.030306 
-0.008085 0.028177 -0.029283 0.001370 
0.034180 0.006980 -0.013368 0.032223 
-0.004796 -0.029801 0.027674 -0.012054 
-0.015815 -0.011723 -0.007149 -0.018342 
0.021719 0.016821 -0.004951 0.027022 
-0.000902 -0.013818 0.002921 -0.013536 
0.004485 0.002339 0.004395 0.002504 
-0.031390 -0.004610 0.001042 -0.031709 
-0.030362 -0.010161 0.007512 -0.031124 
-0.004524 0.032390 -0.032480 -0.003818 
0.018732 -0.001688 0.017154 0.007711 
-0.005881 0.030445 -0.031005 -0.000388 
0.001772 0.024528 -0.017704 0.017067 
0.028098 -0.016471 0.017429 0.027513 
-0.007220 -0.016141 0.000569 -0.017673 
0.036796 -0.005149 -0.010608 0.035608 
0.033836 -0.005610 0.001078 0.034281 
0.018322 -0.018500 0.025561 0.004959 
-0.013991 0.007145 -0.015607 0.001799 
0.011701 0.001382 0.011190 0.003691 
-0.011924 0.008545 -0.013970 0.004477 
0.020470 0.000507 0.016521 0.012097 
0.001376 -0.012058 0.003898 -0.011494 
-0.013696 -0.011198 -0.007409 -0.016065 
-0.016428 0.011021 -0.019776 0.000478 
0.019082 0.001061 0.015938 0.010545 
0.009411 0.009706 0.006544 0.011830 
0.014820 -0.010512 0.017995 -0.002514 
-0.002888 0.021961 -0.016514 0.014762 
0.013613 -0.003489 0.014044 0.000493 
-0.017202 -0.015415 -0.001555 -0.023046 
-0.008445 -0.013904 -0.002632 -0.016053 
0.021312 0.005125 0.013072 0.017595 
-0.008621 -0.011677 -0.004715 -0.013727 
0.020017 0.016513 -0.002441 0.025834 
0.025682 0.016397 -0.010220 0.028705 
0.016405 -0.004863 0.016953 0.002317 
0.011590 0.029168 -0.027201 0.015659 
0.020853 0.006483 0.011944 0.018281 
0.009800 0.027260 -0.022146 0.018674 
0.014696 0.010673 0.008142 0.016235 
-0.000519 0.019019 -0.009970 0.016205 
0.009699 0.003021 0.009141 0.004431 
0.004956 -0.005985 0.005460 -0.005529 
0.008659 0.003257 0.008190 0.004303 
-0.009317 -0.001165 -0.009093 -0.002342 
0.010917 -0.017026 0.018564 -0.008028 
-0.015422 0.000364 -0.014638 -0.004868 
0.002219 -0.008609 0.003188 -0.008300 
0.012794 0.016267 0.000955 0.020673 
-0.015279 0.013055 -0.019947 0.002448 
-0.000381 0.007337 -0.000953 0.007285 
0.002099 -0.005971 0.002442 -0.005839 
0.018435 -0.014735 0.023394 0.003114 
-0.022114 0.019140 -0.025302 -0.014669 
0.030306 0.004665 0.001727 0.030614 
0.026660 0.015068 -0.009105 0.029239 
0.018442 -0.023714 0.027702 0.011621 
-0.020163 0.006814 -0.020134 -0.006899 
0.009051 0.022816 -0.011658 0.021600 
0.010133 0.013915 0.003424 0.016870 
-0.003900 0.011460 -0.006227 0.010382 
0.013976 0.006727 0.010839 0.011094 
0.018096 -0.019381 0.025995 0.005232 
0.007382 -0.014933 0.012635 -0.010855 
0.008808 0.025662 -0.018203 0.020118 
0.013140 0.008982 0.009043 0.013098 
0.011513 0.031005 -0.031158 0.011095 
0.030161 -0.005037 0.011399 0.028375 
0.017274 -0.006594 0.018333 0.002406 
-0.001724 -0.007310 -0.001121 -0.007426 
-0.006448 0.006119 -0.007105 0.005343 
-0.005815 0.013665 -0.009812 0.011148 
-0.024249 0.011027 -0.021971 -0.015062 
0.024942 -0.005370 0.019000 0.017027 
0.016447 -0.017080 0.023710 0.000237 
0.016431 -0.002722 0.016187 0.003920 
0.014811 0.012869 0.005759 0.018757 
-0.015538 -0.022921 0.013634 -0.024102 
-0.009615 0.016513 -0.016632 0.009407 
0.003212 -0.030019 0.029877 -0.004336 
0.004055 -0.011732 0.006551 -0.010544 
0.022007 0.017508 -0.006863 0.027271 
-0.006275 -0.015368 0.000189 -0.016598 
-0.005117 0.017282 -0.012395 0.013085 
0.005675 0.011025 0.003099 0.012006 
0.025571 0.005480 0.009437 0.024390 
0.015917 0.032658 -0.036100 0.004086 
0.015476 -0.014571 0.021148 -0.002142 
-0.009529 -0.001715 -0.009209 -0.002989 
0.006515 0.009656 0.004504 0.010743 
0.024556 0.017740 -0.011348 0.028088 
0.034458 -0.006031 -0.000989 0.034968 
0.020263 0.004865 0.013524 0.015854 
-0.015957 0.008752 -0.018195 0.000399 
-0.006100 -0.008035 -0.004854 -0.008844 
0.010173 0.002050 0.009731 0.003605 
0.002323 -0.012861 0.005402 -0.011901 
-0.010607 -0.003290 -0.009854 -0.005122 
0.015047 0.001507 0.013739 0.006318 
-0.021636 -0.013280 -0.002203 -0.025291 
-0.021160 -0.000274 -0.016698 -0.013000 
-0.008729 -0.003263 -0.008250 -0.004332 
0.011358 0.009101 0.008079 0.012106 
0.022989 -0.010753 0.022329 0.012064 
-0.012465 -0.012060 -0.006210 -0.016194 
0.007062 -0.019359 0.016937 -0.011737 
-0.019495 0.000073 -0.016654 -0.010135 
-0.007017 -0.001611 -0.006876 -0.002132 
0.020513 -0.005200 0.019488 0.008247 
0.007018 -0.011371 0.009692 -0.009198 
0.005244 -0.016009 0.011203 -0.012581 
-0.018255 0.010958 -0.021148 -0.002462 
0.008415 -0.024065 0.024407 -0.007366 
0.001297 -0.009016 0.002368 -0.008795 
-0.005972 -0.006152 -0.005284 -0.006752 
0.002880 -0.007115 0.003476 -0.006844 
0.023639 0.009584 0.006144 0.024757 
-0.005311 -0.030530 0.029087 -0.010690 
-0.022638 0.003150 -0.018624 -0.013250 
0.015309 -0.002438 0.015222 0.002929 
-0.016693 0.017947 -0.024482 -0.001188 
0.032101 0.002842 -0.000696 0.032219 
-0.003370 -0.031146 0.030297 -0.007969 
0.000421 -0.021673 0.013964 -0.016580 
0.008636 -0.017818 0.016863 -0.010378 
-0.008380 -0.011801 -0.004471 -0.013766 
-0.022312 0.006399 -0.020359 -0.011148 
0.025747 0.012852 -0.002628 0.028656 
0.023288 -0.013106 0.023169 0.013316 
-0.007076 -0.021616 0.009541 -0.020647 
0.002648 -0.013102 0.005912 -0.011988 
0.007095 0.010882 0.004251 0.012276 
0.007516 -0.012719 0.011097 -0.009752 
-0.004009 -0.024489 0.016540 -0.018499 
-0.015212 -0.010964 -0.007936 -0.016989 
0.032233 -0.004839 0.005873 0.032061 
0.014139 -0.026306 0.029183 0.006346 
-0.004766 -0.016638 0.002669 -0.017101 
0.010899 0.009038 0.007855 0.011780 
-0.016989 -0.008159 -0.010776 -0.015462 
0.008928 -0.008098 0.010423 -0.006055 
-0.001857 0.019302 -0.011588 0.015547 
-0.008312 0.008292 -0.009792 0.006479 
-0.010809 0.017877 -0.019283 0.008037 
0.004861 -0.004411 0.005127 -0.004099 
-0.011021 0.030861 -0.031028 -0.010542 
0.029340 0.002515 0.006697 0.028676 
0.020594 0.018326 -0.007007 0.026661 
0.026433 0.014900 -0.008269 0.029195 
0.024115 0.006200 0.010181 0.022723 
0.009435 0.027562 -0.022809 0.018123 
0.014111 0.018358 -0.002799 0.022985 
0.012000 0.018349 -0.002559 0.021775 
0.014420 -0.014453 0.020076 -0.003712 
0.008989 -0.005390 0.009729 -0.003898 
0.011062 -0.015140 0.017039 -0.007826 
0.023381 0.016341 -0.006161 0.027852 
0.020964 -0.023085 0.026172 0.016954 
-0.017440 -0.000943 -0.015362 -0.008309 
0.011596 -0.012715 0.015833 -0.006741 
0.024111 -0.010983 0.022027 0.014725 
-0.015410 -0.019466 0.005493 -0.024212 
-0.018565 0.002149 -0.017281 -0.007116 
-0.025809 -0.010545 -0.001591 -0.027835 
0.004933 0.022588 -0.012266 0.019599 
0.002680 -0.017364 0.009924 -0.014499 
0.021998 0.003140 0.014549 0.016796 
-0.019230 -0.028014 0.029816 -0.016297 
-0.034335 0.005131 0.000917 -0.034704 
-0.020592 0.012313 -0.022958 -0.006970 
0.002264 0.010602 0.000436 0.010832 
-0.001003 0.006435 -0.001396 0.006361 
-0.004313 -0.037605 0.035008 0.014394 
-0.007571 -0.028685 0.025229 -0.015610 
-0.009074 -0.005819 -0.007971 -0.007257 
0.004618 -0.001800 0.004679 -0.001635 
-0.009076 0.020467 -0.020374 0.009281 
-0.008184 -0.007552 -0.006704 -0.008892 
-0.011219 -0.007998 -0.008626 -0.010744 
0.026478 -0.005900 0.017974 0.020319 
0.008502 -0.013874 0.013075 -0.009685 
0.007112 0.013644 0.002111 0.015241 
-0.005086 -0.018244 0.004642 -0.018362 
-0.011874 -0.004449 -0.010527 -0.007070 
-0.000048 0.007581 -0.000678 0.007551 
-0.019001 -0.017627 0.003875 -0.025627 
-0.007831 -0.007120 -0.006578 -0.008292 
-0.033148 -0.005083 0.006996 -0.032798 
-0.008472 -0.011041 -0.005084 -0.012955 
0.019353 0.002578 0.015126 0.012345 
0.010144 0.009212 0.007297 0.011598 
0.011771 0.009163 0.008263 0.012420 
0.025024 -0.007358 0.019960 0.016790 
0.010077 -0.013913 0.014937 -0.008484 
-0.002138 0.015042 -0.006955 0.013507 
-0.013926 -0.001714 -0.012882 -0.005562 
0.012201 0.011477 0.006671 0.015365 
-0.011537 -0.008426 -0.008582 -0.011421 
-0.017859 0.005935 -0.018473 -0.003592 
0.016876 0.001557 0.014807 0.008243 
-0.008616 -0.027685 0.022996 -0.017660 
-0.014063 -0.012447 -0.006183 -0.017733 
0.017095 -0.017974 0.024724 0.001999 
-0.001996 -0.005733 -0.001687 -0.005831 
0.020163 0.000383 0.016553 0.011519 
-0.000563 -0.014601 0.003907 -0.014080 
-0.023248 0.006443 -0.020277 -0.013069 
-0.002192 0.015793 -0.007729 0.013945 
0.022975 -0.003027 0.018493 0.013965 
0.014685 0.018698 -0.003622 0.023498 
-0.002320 0.015537 -0.007608 0.013744 
-0.008634 -0.006855 -0.007300 -0.008261 
0.001462 -0.021014 0.013765 -0.015946 
0.003219 -0.011148 0.005318 -0.010313 
-0.011154 -0.000525 -0.010879 -0.002520 
0.020669 -0.000272 0.016994 0.011768 
0.005867 0.013681 0.001251 0.014834 
0.031339 -0.010011 0.010111 0.031307 
-0.001839 -0.017554 0.005999 -0.016600 
-0.007766 -0.007380 -0.006438 -0.008563 
-0.011643 -0.012675 -0.005315 -0.016370 
0.011134 -0.015607 0.017514 -0.007797 
-0.012461 -0.008856 -0.008813 -0.012491 
-0.025822 0.009796 -0.020356 -0.018663 
-0.016777 0.017567 -0.024266 -0.001122 
-0.014482 -0.000117 -0.013784 -0.004443 
0.006998 -0.009883 0.008923 -0.008186 
-0.007238 -0.004863 -0.006659 -0.005629 
0.019444 0.000914 0.016112 0.010923 
-0.014766 0.012136 -0.018873 0.003024 
0.016362 0.005732 0.012419 0.012097 
-0.005419 -0.009217 -0.003826 -0.009984 
0.013063 0.026446 -0.021187 0.020523 
0.029137 -0.014801 0.015494 0.028775 
-0.001413 -0.022985 0.014951 -0.017514 
0.016401 0.011927 0.006886 0.019074 
0.002065 0.014106 -0.002117 0.014099 
0.003769 -0.019386 0.013562 -0.014357 
-0.008502 0.021586 -0.021220 0.009377 
-0.004775 0.004812 -0.005085 0.004484 
-0.009666 -0.000916 -0.009451 -0.002223 
0.012603 0.005688 0.010568 0.008916 
-0.009269 -0.020676 0.007173 -0.021493 
0.008062 0.030706 -0.029623 0.011417 
0.014933 0.005210 0.012117 0.010165 
-0.019367 0.021017 -0.026780 -0.009981 
-0.014325 0.017890 -0.022710 0.003081 
0.003635 -0.001537 0.003668 -0.001455 
-0.034749 0.011962 0.001973 -0.036697 
0.004369 0.033751 -0.034025 0.000750 
0.019767 0.023818 -0.019816 0.023777 
0.018834 -0.026331 0.027290 0.017415 
-0.014175 -0.000255 -0.013505 -0.004312 
0.016713 -0.027940 0.028518 0.015705 
-0.014718 -0.030903 0.032509 -0.010715 
-0.013115 -0.002062 -0.012169 -0.005307 
0.007857 -0.024584 0.024681 -0.007546 
-0.016166 -0.016084 -0.000792 -0.022791 
-0.010618 -0.024322 0.015168 -0.021776 
-0.011422 -0.010951 -0.006794 -0.014291 
0.007812 -0.009162 0.009551 -0.007333 
0.003204 0.009134 0.001938 0.009484 
-0.004387 -0.027049 0.021913 -0.016453 
-0.009565 -0.027150 0.021841 -0.018751 
-0.021162 -0.018693 0.008545 -0.026912 
-0.017552 -0.015722 -0.000852 -0.023548 
-0.005260 -0.003628 -0.005037 -0.003933 
-0.008635 -0.021578 0.009087 -0.021392 
-0.005970 0.027048 -0.026890 0.006648 
-0.029583 0.016959 -0.013506 -0.031311 
0.006048 0.034793 -0.035244 -0.002236 
0.008012 0.030427 -0.029048 0.012092 
0.024125 0.012104 0.001367 0.026956 
0.018823 -0.008743 0.020384 0.003899 
-0.002552 -0.011906 0.000043 -0.012176 
0.004634 0.018895 -0.005892 0.018541 
-0.025320 0.009406 -0.020643 -0.017420 
-0.015745 -0.008331 -0.010416 -0.014450 
0.006612 -0.009869 0.008477 -0.008321 
-0.009459 0.001121 -0.009524 -0.000128 
0.023487 -0.018688 0.024206 0.017747 
-0.031646 0.013747 -0.008753 -0.033374 
0.013453 0.012658 0.005839 0.017525 
-0.000797 -0.010603 0.000942 -0.010591 
-0.013044 0.010436 -0.016097 0.004466 
0.015665 0.020097 -0.007000 0.024501 
0.004992 -0.021623 0.017923 -0.013086 
-0.004305 -0.001784 -0.004247 -0.001919 
0.033570 -0.004405 0.001387 0.033830 
0.023252 0.006065 0.011083 0.021321 
0.021048 0.019838 -0.011172 0.026678 
0.001442 -0.019789 0.011896 -0.015880 
0.011525 0.001711 0.010968 0.003929 
-0.002547 0.000661 -0.002554 0.000636 
0.002643 -0.021869 0.016153 -0.014978 
-0.004684 0.024448 -0.022033 0.011585 
0.018054 -0.003708 0.017664 0.005260 
0.034930 -0.013182 -0.003248 0.037193 
-0.009419 -0.014037 -0.002979 -0.016640 
-0.005638 0.020457 -0.016896 0.012837 
-0.001100 0.012507 -0.003903 0.011934 
0.000102 -0.006350 0.000473 -0.006333 
0.004468 0.022550 -0.012402 0.019357 
0.013887 -0.014215 0.019371 -0.004436 
0.019722 -0.027979 0.025272 0.023089 
-0.018145 0.010503 -0.020834 -0.002340 
0.021129 0.005980 0.012338 0.018166 
0.021513 0.004819 0.013281 0.017597 
-0.001509 -0.019703 0.009284 -0.017444 
0.016803 0.009252 0.009773 0.016505 
-0.003113 0.025038 -0.021831 0.012649 
0.019554 -0.012815 0.022859 0.004908 
-0.012426 -0.002932 -0.011396 -0.005757 
0.009489 0.011147 0.005631 0.013512 
0.027366 0.006348 0.005576 0.027534 
0.020828 0.003432 0.014575 0.015269 
-0.007327 -0.031011 0.030122 -0.010393 
-0.024903 -0.008539 -0.006173 -0.025592 
-0.008735 0.011791 -0.011932 0.008542 
0.011935 -0.005531 0.012934 -0.002399 
-0.008009 -0.025295 0.017355 -0.020070 
-0.010856 0.014701 -0.016447 0.007966 
-0.015261 0.001894 -0.015011 -0.003341 
0.006071 0.020912 -0.008564 0.020021 
0.005088 -0.005623 0.005538 -0.005180 
-0.008581 0.021206 -0.020810 0.009502 
-0.006636 -0.009549 -0.004651 -0.010658 
0.004377 0.002061 0.004304 0.002208 
-0.009632 0.009441 -0.011759 0.006607 
0.006300 -0.012158 0.009330 -0.010022 
-0.006080 -0.015200 0.000125 -0.016370 
0.011932 0.028897 -0.026706 0.016255 
0.031593 -0.003269 0.006709 0.031045 
0.021464 -0.002324 0.018209 0.011599 
0.026099 0.016235 -0.010654 0.028831 
0.017501 -0.020314 0.026372 0.004842 
-0.016976 -0.010490 -0.008510 -0.018051 
0.009146 -0.007735 0.010545 -0.005682 
0.015159 -0.015166 0.021289 -0.002560 
0.021411 -0.021951 0.025916 0.016391 
-0.029463 -0.003446 -0.005308 -0.029186 
-0.026128 -0.016169 0.010556 -0.028856 
-0.023119 -0.003576 -0.013682 -0.018976 
-0.003835 -0.022833 0.013263 -0.018978 
-0.017481 -0.021825 0.012342 -0.025092 
0.001537 0.017375 -0.006021 0.016371 
-0.034080 0.002984 0.001261 -0.034187 
-0.014952 -0.008310 -0.010212 -0.013724 
0.008456 -0.005638 0.009201 -0.004315 
-0.001653 0.019681 -0.011932 0.015738 
-0.002657 0.008377 -0.003576 0.008028 
-0.002840 -0.012280 0.000035 -0.012604 
0.009689 0.019280 -0.004470 0.021110 
-0.001476 -0.020519 0.010596 -0.017633 
0.007373 -0.014132 0.011963 -0.010533 
-0.014974 0.007285 -0.016631 0.000852 
-0.009122 -0.006287 -0.007867 -0.007801 
-0.006647 -0.008459 -0.005143 -0.009450 
-0.024821 -0.016712 0.009371 -0.028417 
-0.031823 -0.003705 0.001015 -0.032022 
-0.015209 -0.017857 0.002139 -0.023358 
-0.000191 -0.020557 0.011655 -0.016935 
-0.002695 -0.015928 0.003373 -0.015798 
-0.006583 0.026430 -0.026376 0.006797 
0.020360 -0.022873 0.026656 0.015073 
-0.018135 0.004602 -0.018088 -0.004782 
0.020632 0.010494 0.007375 0.021941 
0.004997 -0.011928 0.007712 -0.010381 
0.004267 0.025559 -0.018715 0.017922 
0.005308 0.023564 -0.014102 0.019610 
0.001593 0.021052 -0.011393 0.017774 
0.002745 0.005760 0.002401 0.005911 
0.004732 0.027567 -0.022962 0.015971 
0.016187 0.033115 -0.036798 0.002126 
0.019938 -0.013000 0.023104 0.005721 
-0.027554 0.003691 -0.015344 -0.023182 
-0.006532 0.009692 -0.008310 0.008219 
0.008527 -0.011701 0.011635 -0.008617 
-0.008148 -0.022431 0.010946 -0.021207 
0.011849 -0.017192 0.019713 -0.006883 
0.012866 0.007745 0.009701 0.011464 
0.020642 -0.000194 0.016947 0.011788 
0.011528 0.004343 0.010304 0.006752 
-0.000585 -0.019371 0.009525 -0.016878 
-0.002806 0.025720 -0.022797 0.012236 
0.004997 -0.013180 0.008532 -0.011220 
-0.006443 0.017406 -0.013986 0.012202 
0.030911 0.008812 -0.006489 0.031481 
0.005809 -0.024762 0.023391 -0.009986 
0.023138 -0.013946 0.023517 0.013299 
-0.014734 -0.026503 0.022259 -0.020591 
-0.022964 -0.003955 -0.013422 -0.019048 
-0.009599 0.000946 -0.009639 -0.000352 
0.006724 -0.002261 0.006870 -0.001766 
-0.008533 0.018185 -0.017149 0.010460 
0.008370 -0.010091 0.010598 -0.007718 
-0.006328 0.006916 -0.007154 0.006057 
-0.007904 0.015900 -0.014105 0.010786 
-0.034374 -0.008539 0.016657 -0.031258 
0.011911 0.027918 -0.024350 0.018121 
0.009886 -0.000036 0.009792 0.001359 
-0.016203 -0.000961 -0.014680 -0.006926 
0.003826 0.016779 -0.003500 0.016850 
-0.023864 0.002041 -0.017598 -0.016247 
-0.021976 -0.018144 0.008303 -0.027262 
-0.022256 -0.005733 -0.012086 -0.019548 
0.010616 0.011350 0.006083 0.014301 
-0.018166 -0.003166 -0.014511 -0.011379 
0.014202 0.006846 0.010880 0.011410 
-0.001140 0.023850 -0.018304 0.015333 
-0.023693 -0.007153 -0.009421 -0.022886 
-0.005359 0.000870 -0.005392 0.000640 
0.016004 -0.026475 0.028964 0.010869 
0.005992 -0.024661 0.023378 -0.009874 
-0.000141 -0.016130 0.005805 -0.015050 
-0.014571 0.004536 -0.015251 -0.000541 
0.016420 -0.011402 0.019983 -0.000563 
0.011480 -0.001044 0.011468 0.001171 
-0.023393 0.000845 -0.017008 -0.016083 
-0.013509 -0.008972 -0.009205 -0.013350 
0.014418 0.016721 0.000123 0.022078 
0.005299 0.004787 0.004932 0.005165 
-0.002081 0.007390 -0.002703 0.007186 
-0.012875 -0.013096 -0.005224 -0.017606 
0.014575 -0.001627 0.014372 0.002918 
-0.023915 -0.015844 0.005874 -0.028079 
-0.018060 -0.007059 -0.011791 -0.015393 
0.007274 -0.007925 0.008494 -0.006601 
0.018119 -0.020065 0.026370 0.005959 
-0.000533 -0.022068 0.013906 -0.017143 
-0.003052 0.014378 -0.007329 0.012741 
-0.005681 -0.001468 -0.005601 -0.001750 
0.023820 -0.001634 0.017353 0.016399 
0.002671 -0.024973 0.021402 -0.013142 
-0.022971 0.013353 -0.023369 -0.012643 
0.022942 0.008183 0.008784 0.022718 
0.008685 0.009454 0.006204 0.011239 
-0.025530 -0.014499 0.005665 -0.028809 
-0.017333 0.030361 -0.026328 -0.023001 
0.031927 -0.016064 0.006643 0.035118 
-0.013537 -0.020452 0.006930 -0.023526 
-0.003729 0.013951 -0.007710 0.012210 
-0.001043 -0.015134 0.003966 -0.014642 
0.027161 0.015809 -0.011853 0.029106 
0.036291 -0.003761 -0.009163 0.035316 
0.029221 -0.017206 0.014368 0.030716 
-0.006218 -0.018815 0.004894 -0.019202 
-0.003089 0.003177 -0.003178 0.003088 
0.007833 -0.019179 0.017536 -0.011030 
0.017103 0.007188 0.011585 0.014490 
0.004617 -0.021731 0.017731 -0.013385 
-0.010280 0.028070 -0.029811 -0.002226 
0.017292 0.006607 0.012060 0.014044 
-0.009570 0.012081 -0.013084 0.008145 
0.010207 0.003295 0.009519 0.004942 
-0.001167 -0.010876 0.000726 -0.010915 
-0.000400 0.017543 -0.007928 0.015655 
-0.008075 -0.001440 -0.007896 -0.002219 
0.017255 -0.007697 0.018804 0.001838 
0.006748 0.002336 0.006557 0.002828 
-0.010494 -0.007292 -0.008493 -0.009548 
-0.012370 -0.005365 -0.010547 -0.008400 
-0.008840 0.014745 -0.014164 0.009745 
0.025256 0.013811 -0.003722 0.028543 
0.013702 -0.025382 0.028604 0.003717 
0.006684 -0.017469 0.014321 -0.012031 
0.003372 0.005553 0.003027 0.005749 
0.007212 0.021658 -0.009583 0.020718 
0.003548 0.035119 -0.034986 -0.004682 
-0.001697 0.012245 -0.004343 0.011574 
-0.006067 -0.019127 0.005468 -0.019307 
-0.007817 0.004260 -0.008254 0.003336 
0.025253 -0.002519 0.017064 0.018785 
0.020515 -0.017740 0.025455 0.009359 
-0.020230 -0.016736 0.003110 -0.026070 
-0.016404 -0.007233 -0.011412 -0.013827 
-0.002082 -0.023007 0.014573 -0.017924 
0.035704 -0.002962 -0.007308 0.035074 
0.022770 0.011553 0.003994 0.025219 
-0.002618 0.010854 -0.004524 0.010207 
-0.006191 0.001105 -0.006244 0.000749 
0.004513 0.011116 0.002115 0.011810 
0.033346 -0.005266 0.002591 0.033660 
-0.003320 -0.022113 0.012163 -0.018763 
0.000227 0.033405 -0.033381 -0.001289 
0.013440 0.019537 -0.004987 0.023183 
0.014447 -0.003131 0.014704 0.001521 
0.007790 0.015856 0.000082 0.017666 
-0.022670 -0.014030 0.000341 -0.026658 
-0.017543 0.003178 -0.017129 -0.004947 
-0.003146 -0.014162 0.001249 -0.014453 
0.007377 0.009713 0.005130 0.011066 
-0.006157 -0.006065 -0.005466 -0.006695 
-0.001450 -0.008070 -0.000658 -0.008173 
0.025319 0.010522 0.002413 0.027312 
-0.014205 -0.013154 -0.005368 -0.018601 
0.022975 -0.004419 0.019273 0.013263 
-0.014085 -0.019355 0.004775 -0.023457 
-0.014701 0.007572 -0.016484 0.001315 
0.014469 0.006105 0.011421 0.010779 
0.009619 -0.013159 0.013855 -0.008586 
0.004173 0.007084 0.003460 0.007458 
-0.026553 0.000347 -0.014163 -0.022464 
0.020954 -0.005225 0.019620 0.009024 
-0.025215 -0.011709 -0.000463 -0.027797 
-0.016934 0.022353 -0.027388 -0.006024 
0.030537 -0.002071 0.008510 0.029400 
0.014612 0.000541 0.013752 0.004968 
-0.000553 0.013481 -0.004048 0.012871 
-0.009714 -0.009845 -0.006651 -0.012126 
-0.026784 -0.005148 -0.008153 -0.026027 
-0.008004 -0.003970 -0.007493 -0.004867 
-0.005613 -0.026001 0.019306 -0.018299 
-0.003104 -0.014763 0.001842 -0.014973 
0.015196 0.015374 0.002219 0.021502 
0.009849 -0.004255 0.010418 -0.002562 
-0.028223 0.009921 -0.017202 -0.024476 
-0.016965 0.015179 -0.022759 -0.000469 
-0.025546 0.016234 -0.021924 -0.020867 
0.009040 0.026489 -0.020190 0.019385 
0.015350 0.017440 -0.001394 0.023191 
0.004441 0.028091 -0.024155 0.015014 
0.004810 0.026617 -0.020860 0.017217 
0.000183 0.020941 -0.012277 0.016965 
-0.007513 0.007818 -0.008729 0.006432 
-0.013186 0.013379 -0.018045 0.005220 
-0.023481 -0.011719 -0.002892 -0.026083 
-0.008348 0.016570 -0.015256 0.010561 
0.003883 -0.005681 0.004264 -0.005402 
-0.008706 0.027838 -0.029149 0.001038 
-0.013522 0.004694 -0.014304 0.000535 
0.010419 0.002235 0.009913 0.003911 
0.002314 -0.018575 0.011049 -0.015109 
-0.020398 0.013341 -0.023416 -0.006763 
0.013705 -0.013415 0.018618 -0.004597 
-0.004514 0.032155 -0.032322 -0.003103 
-0.006395 0.010914 -0.008730 0.009153 
-0.000156 -0.022734 0.015358 -0.016763 
0.015984 -0.027165 0.029033 0.012271 
-0.020585 -0.028430 0.032146 -0.014093 
-0.035791 0.005060 0.006509 -0.035555 
-0.020646 0.002785 -0.018337 -0.009887 
0.001163 0.000605 0.001161 0.000608 
-0.022885 0.002707 -0.018326 -0.013972 
-0.008108 0.018688 -0.017255 0.010828 
0.025023 0.018727 -0.014611 0.027629 
0.021874 -0.020644 0.025583 0.015816 
-0.027560 0.011495 -0.018648 -0.023323 
-0.005511 0.021657 -0.018464 0.012588 
-0.014161 0.001024 -0.013857 -0.003095 
-0.003372 -0.023545 0.014902 -0.018538 
-0.005297 -0.018220 0.004483 -0.018437 
-0.011479 0.014822 -0.017247 0.007348 
-0.024450 -0.005665 -0.010481 -0.022805 
-0.012997 -0.001181 -0.012315 -0.004319 
-0.008053 0.006003 -0.008841 0.004767 
-0.009130 0.013962 -0.013874 0.009262 
-0.025814 -0.016915 0.011697 -0.028559 
-0.020703 0.007717 -0.020753 -0.007581 
0.000883 0.018416 -0.007926 0.016646 
0.001238 0.004579 0.001088 0.004617 
-0.021192 -0.016539 0.003712 -0.026625 
-0.014902 -0.009655 -0.009118 -0.015237 
0.007842 -0.016033 0.014159 -0.010866 
0.012862 -0.013665 0.017897 -0.005646 
-0.032332 0.003588 -0.004820 -0.032171 
-0.018161 0.004252 -0.017957 -0.005046 
-0.004221 -0.037043 0.035284 0.012043 
-0.015859 -0.027877 0.026503 -0.018062 
-0.005634 0.002019 -0.005732 0.001724 
0.010063 0.000459 0.009887 0.001927 
-0.004724 0.003172 -0.004867 0.002947 
-0.010132 0.018406 -0.019113 0.008725 
-0.002422 -0.022603 0.013606 -0.018211 
0.035141 -0.003114 -0.005041 0.034917 
0.033461 -0.004861 0.002004 0.033752 
0.019580 -0.001629 0.017463 0.009005 
0.022531 0.004698 0.012959 0.019021 
-0.004976 -0.022237 0.011556 -0.019639 
0.002969 -0.011401 0.005186 -0.010579 
-0.002536 0.011546 -0.004805 0.010801 
0.005936 0.004867 0.005499 0.005356 
-0.007852 0.014263 -0.012623 0.010283 
0.022457 0.010688 0.005688 0.024211 
-0.019250 -0.004115 -0.014107 -0.013729 
0.018573 0.002571 0.014964 0.011299 
0.006797 -0.010705 0.009084 -0.008848 
0.003846 -0.012536 0.006817 -0.011201 
-0.023367 -0.010008 -0.005802 -0.024749 
0.002354 0.021100 -0.010947 0.018191 
0.011865 -0.022672 0.025337 -0.003579 
-0.007615 -0.013727 -0.002339 -0.015523 
0.004481 0.011221 0.002026 0.011912 
-0.012600 -0.030212 0.029968 -0.013169 
-0.031306 -0.002558 -0.001896 -0.031353 
-0.015616 -0.017585 0.001759 -0.023452 
-0.000210 -0.013480 0.003305 -0.013070 
0.007965 -0.005475 0.008631 -0.004350 
-0.014773 0.012454 -0.019077 0.003073 
0.007151 -0.013298 0.011076 -0.010262 
0.020071 -0.009554 0.021415 0.005958 
-0.028586 0.002121 -0.012593 -0.025750 
-0.012653 0.009224 -0.015070 0.004250 
0.011300 0.009065 0.008069 0.012031 
0.027463 -0.014337 0.019041 0.024437 
-0.015694 -0.028001 0.026683 -0.017842 
-0.018385 -0.005120 -0.013309 -0.013679 
0.013770 -0.008781 0.016064 -0.002946 
0.009860 0.010002 0.006642 0.012376 
-0.006239 -0.001358 -0.006148 -0.001724 
0.014917 -0.011999 0.018939 -0.002796 
0.021810 0.006952 0.011041 0.020052 
-0.006693 -0.027008 0.021416 -0.017764 
-0.025821 0.009968 -0.020419 -0.018686 
-0.004534 0.020206 -0.015446 0.013794 
0.002681 -0.020581 0.014199 -0.015138 
-0.002916 0.020435 -0.014204 0.014978 
0.015956 -0.024603 0.028413 0.007253 
-0.007407 -0.029245 0.026466 -0.014481 
-0.011320 -0.004121 -0.010211 -0.006392 
0.027117 -0.008150 0.018276 0.021627 
0.015916 -0.014539 0.021508 -0.001447 
0.032868 -0.016061 0.003183 0.036443 
-0.013656 -0.028956 0.027670 -0.016103 
-0.029413 0.021273 -0.010329 -0.034799 
0.015998 0.029046 -0.029387 0.015363 
0.016992 0.001713 0.014796 0.008529 
0.000035 0.016897 -0.006758 0.015487 
0.003503 0.006573 0.002964 0.006833 
0.000352 0.020523 -0.011471 0.017021 
0.001327 0.007577 0.000673 0.007663 
-0.022822 -0.004001 -0.013457 -0.018862 
0.011516 0.006157 0.009661 0.008786 
-0.010351 -0.007000 -0.008518 -0.009143 
-0.004187 -0.002836 -0.004079 -0.002989 
-0.004860 -0.018903 0.005769 -0.018645 
0.021879 -0.013831 0.023774 0.010237 
-0.030341 -0.006921 0.001744 -0.031071 
0.007832 0.026164 -0.019391 0.019233 
0.016044 0.006900 0.011554 0.013097 
0.008891 -0.006753 0.009959 -0.005047 
0.013999 -0.024618 0.028156 0.003048 
-0.015849 -0.016872 0.000508 -0.023143 
-0.008074 -0.022389 0.010869 -0.021173 
-0.006531 -0.013000 -0.002303 -0.014365 
-0.032767 0.011185 -0.005636 -0.034162 
-0.001934 0.028968 -0.027875 0.008117 
-0.012489 0.010890 -0.015732 0.005204 
-0.025110 -0.014761 0.005483 -0.028606 
-0.011570 0.009684 -0.014082 0.005416 
0.000477 -0.018466 0.009179 -0.016030 
-0.013582 -0.001698 -0.012630 -0.005277 
-0.002782 0.012112 -0.005399 0.011194 
0.006048 0.007835 0.004880 0.008612 
0.023543 -0.002344 0.017919 0.015449 
-0.010824 -0.009334 -0.007633 -0.012084 
0.004276 -0.023833 0.020716 -0.012535 
-0.019260 0.021702 -0.027006 -0.010613 
0.028359 0.004810 0.005841 0.028165 
0.007593 0.006347 0.006620 0.007356 
-0.003070 -0.003099 -0.002983 -0.003183 
-0.017063 -0.031727 0.035411 -0.006616 
-0.023444 0.017442 -0.024166 -0.016427 
0.016242 -0.000738 0.015342 0.005384 
-0.007503 0.009127 -0.009183 0.007435 
-0.003219 -0.014861 0.001844 -0.015094 
-0.008483 0.008254 -0.009972 0.006375 
0.000756 -0.015836 0.006345 -0.014529 
-0.016949 0.004618 -0.017281 -0.003161 
0.015711 0.006185 0.011909 0.011969 
0.012130 -0.028251 0.030109 0.006223 
-0.025313 -0.009366 -0.004337 -0.026639 
-0.011135 0.013162 -0.015612 0.007314 
-0.026174 -0.016429 0.011257 -0.028780 
-0.025458 0.017215 -0.021993 -0.021466 
0.025114 0.019471 -0.016644 0.027071 
-0.007321 -0.019863 0.006172 -0.020249 
-0.012446 0.014191 -0.017827 0.006202 
-0.010959 -0.009405 -0.007665 -0.012239 
-0.011826 -0.015434 -0.002062 -0.019334 
-0.005633 -0.011313 -0.002890 -0.012303 
0.015424 0.013573 0.004839 0.019968 
-0.034697 0.001764 0.004383 -0.034464 
-0.013845 -0.003875 -0.012087 -0.007786 
0.020201 0.003045 0.014891 0.013986 
0.013317 0.007956 0.009799 0.012025 
0.000058 -0.007918 0.000776 -0.007880 
-0.009127 0.006917 -0.010269 0.005070 
-0.017465 0.027516 -0.028069 -0.016562 
0.016087 0.031242 -0.033978 0.008962 
0.021186 -0.016797 0.025024 0.010236 
-0.034044 0.002945 0.001164 -0.034152 
-0.029364 0.022216 -0.009284 -0.035631 
0.008034 0.030487 -0.029174 0.011953 
0.030807 0.001537 0.004395 0.030531 
-0.002341 -0.019051 0.007674 -0.017593 
-0.004686 -0.005668 -0.004229 -0.006017 
-0.003257 -0.017151 0.004383 -0.016899 
0.015979 -0.007720 0.017746 0.000107 
-0.017677 0.001077 -0.016357 -0.006788 
-0.000085 -0.012277 0.002576 -0.012004 
0.008565 -0.000206 0.008539 0.000704 
-0.005924 0.006683 -0.006655 0.005956 
0.005748 -0.031525 0.031895 0.003096 
0.003088 -0.013064 0.006354 -0.011825 
0.014064 0.007268 0.010567 0.011788 
-0.033070 0.013035 -0.004124 -0.035306 
0.001895 0.015552 -0.003637 0.015239 
-0.029614 0.007256 -0.013664 -0.027257 
-0.015028 0.020093 -0.025088 0.000422 
-0.003258 0.032209 -0.032336 -0.001549 
0.017449 -0.003705 0.017276 0.004441 
-0.005898 -0.014437 -0.000555 -0.015585 
-0.012268 0.025795 -0.028521 -0.001565 
0.025079 -0.007757 0.020110 0.016873 
-0.021210 0.008026 -0.021034 -0.008477 
0.015988 0.008787 0.010093 0.015197 
-0.001258 0.020567 -0.012893 0.016073 
0.019831 -0.026315 0.026282 0.019875 
-0.031592 0.012512 -0.009250 -0.032696 
0.010213 0.026113 -0.019435 0.020211 
0.018147 0.013099 0.004887 0.021840 
0.004533 0.003986 0.004317 0.004220 
0.003150 0.021301 -0.010786 0.018636 
-0.000196 0.015866 -0.005842 0.014753 
-0.005259 -0.025463 0.018200 -0.018568 
-0.016023 -0.018350 0.003441 -0.024117 
-0.012883 0.015453 -0.019281 0.005745 
-0.018000 0.021856 -0.027217 -0.007803 
0.012714 0.000945 0.012143 0.003885 
-0.018224 -0.004815 -0.013494 -0.013161 
0.003453 0.022976 -0.013737 0.018737 
-0.005683 -0.028857 0.025633 -0.014421 
-0.020466 -0.012585 -0.004383 -0.023623 
-0.021106 0.013515 -0.023626 -0.008361 
0.024547 -0.012596 0.022320 0.016218 
-0.026848 0.005464 -0.017321 -0.021228 
-0.005975 0.017438 -0.013505 0.012545 
0.014558 -0.003577 0.014938 0.001266 
-0.018481 -0.010264 -0.008554 -0.019332 
0.003023 0.019475 -0.007830 0.018086 
-0.010433 0.010254 -0.013063 0.006584 
0.002276 -0.011839 0.004699 -0.011102 
-0.017876 -0.003209 -0.014400 -0.011068 
0.016325 0.013106 0.005373 0.020234 
-0.018705 -0.003180 -0.014636 -0.012074 
0.013138 -0.008821 0.015413 -0.003587 
-0.017367 0.011879 -0.021023 -0.000868 
0.009516 0.012552 0.004494 0.015097 
-0.004506 0.003928 -0.004703 0.003689 
-0.031311 0.014623 -0.009487 -0.033230 
0.008721 0.023114 -0.012343 0.021401 
0.011135 -0.010382 0.013933 -0.006135 
-0.026384 0.009505 -0.019674 -0.019986 
-0.015454 0.017615 -0.023397 0.001297 
0.001624 0.013443 -0.001961 0.013398 
0.016903 -0.020661 0.026407 0.003908 
0.017526 -0.020069 0.026236 0.004646 
0.008907 -0.030620 0.031345 0.005868 
-0.019338 0.001543 -0.017336 -0.008706 
-0.000836 0.006090 -0.001168 0.006035 
-0.013369 -0.014779 -0.003178 -0.019674 
0.015905 -0.015784 0.022375 -0.001218 
0.002009 -0.013951 0.005886 -0.012807 
-0.019692 0.004902 -0.019046 -0.007005 
-0.005946 0.006258 -0.006586 0.005581 
-0.016352 -0.008203 -0.010646 -0.014878 
-0.017532 0.024365 -0.028115 -0.010514 
0.000572 0.030822 -0.030131 0.006515 
0.004400 0.012906 0.000808 0.013612 
0.004346 -0.013108 0.007757 -0.011426 
-0.016793 -0.010099 -0.008931 -0.017442 
-0.004954 0.010232 -0.006772 0.009132 
0.010894 0.009729 0.007419 0.012581 
0.019457 -0.009270 0.020994 0.004873 
-0.022011 0.003296 -0.018753 -0.011986 
-0.025927 -0.012032 0.001339 -0.028551 
-0.002935 0.018094 -0.011056 0.014621 
0.008737 -0.015628 0.014809 -0.010062 
0.025981 0.009790 0.002606 0.027642 
0.005808 0.018431 -0.004510 0.018791 
0.017460 0.001084 0.015308 0.008467 
-0.010546 -0.016992 0.000475 -0.019993 
0.004441 0.014710 -0.000749 0.015348 
-0.012369 -0.015973 -0.001369 -0.020156 
0.002102 -0.017794 0.009857 -0.014962 
-0.016211 0.009331 -0.018703 0.000291 
0.014315 -0.025111 0.028547 0.004528 
-0.015315 -0.026781 0.023359 -0.020152 
-0.023805 -0.004781 -0.012039 -0.021086 
-0.006123 -0.001818 -0.006005 -0.002177 
0.016464 -0.017408 0.023956 0.000436 
-0.001450 -0.016133 0.004638 -0.015520 
-0.009113 0.022761 -0.023278 0.007697 
0.016529 -0.012502 0.020718 -0.000529 
-0.014659 0.005813 -0.015767 0.000274 
-0.025022 -0.020740 0.019696 -0.025852 
0.007608 0.021042 -0.008261 0.020794 
0.017233 -0.015848 0.023383 0.001178 
-0.014962 -0.017475 0.001344 -0.022966 
-0.009637 -0.027949 0.023766 -0.017584 
-0.013997 -0.004667 -0.011860 -0.008778 
0.029220 -0.014442 0.015373 0.028742 
0.005395 -0.028523 0.028642 -0.004723 
0.013884 -0.008875 0.016225 -0.002877 
0.004274 0.002085 0.004204 0.002224 
0.015042 0.014594 0.003428 0.020676 
-0.024139 0.005136 -0.019306 -0.015374 
0.029505 -0.008982 0.014478 0.027233 
0.002588 -0.021208 0.015065 -0.015151 
0.012689 0.014496 0.003477 0.018949 
-0.003033 0.010688 -0.004885 0.009978 
0.010599 0.002741 0.009966 0.004530 
0.004834 -0.005624 0.005266 -0.005221 
0.011792 0.006869 0.009536 0.009762 
0.016759 -0.018810 0.025120 0.001917 
0.008945 -0.022493 0.022791 -0.008156 
-0.013531 0.009223 -0.016016 0.003412 
0.024947 -0.003510 0.017921 0.017706 
0.021637 -0.001321 0.017648 0.012588 
0.020430 0.006912 0.011654 0.018148 
-0.000764 -0.023413 0.016175 -0.016945 
0.020192 0.001222 0.016066 0.012292 
0.007151 -0.016831 0.014166 -0.011565 
-0.019721 -0.017789 0.004878 -0.026107 
-0.015049 -0.009507 -0.009281 -0.015189 
0.025732 -0.005049 0.018229 0.018849 
0.026524 -0.009667 0.019572 0.020345 
0.010592 -0.024048 0.025959 -0.004078 
-0.023138 -0.009411 -0.006924 -0.023999 
-0.015645 0.016654 -0.022808 0.001380 
-0.004677 0.008903 -0.005926 0.008125 
-0.022896 -0.000842 -0.016011 -0.016388 
-0.015440 -0.002789 -0.013496 -0.008002 
0.005798 0.018534 -0.004673 0.018849 
0.005407 -0.020466 0.016677 -0.013037 
-0.015670 -0.003610 -0.013264 -0.009092 
0.014618 0.003849 0.012574 0.008389 
0.016284 -0.010352 0.019288 -0.000522 
0.007022 0.006355 0.006140 0.007211 
0.003552 0.024825 -0.017435 0.018026 
0.000225 0.015922 -0.005507 0.014942 
-0.006265 -0.004274 -0.005888 -0.004781 
-0.003525 -0.015413 0.002163 -0.015662 
0.025751 -0.013033 0.021355 0.019415 
-0.015620 -0.005429 -0.012316 -0.011035 
0.031659 -0.012938 0.008947 0.033009 
-0.010976 -0.017392 0.001020 -0.020541 
-0.026538 0.006939 -0.018432 -0.020314 
-0.020592 0.009795 -0.021722 -0.006936 
-0.008823 0.006308 -0.009765 0.004720 
-0.017591 0.025475 -0.028247 -0.012671 
0.006873 0.027665 -0.022908 0.016965 
0.009485 0.004500 0.008650 0.005950 
-0.011464 0.005015 -0.012298 0.002309 
0.020180 -0.005462 0.019502 0.007535 
0.018952 -0.000644 0.016759 0.008871 
0.002514 0.018551 -0.006819 0.017434 
-0.004500 -0.016817 0.003073 -0.017135 
-0.016360 0.019478 -0.025384 -0.001651 
-0.003351 0.022857 -0.018358 0.014023 
0.024913 -0.009280 0.020886 0.016448 
0.006902 -0.012527 0.010258 -0.009966 
0.016934 0.000891 0.015126 0.007665 
-0.010116 0.011499 -0.013369 0.007471 
0.027765 -0.009417 0.017810 0.023289 
0.009804 -0.027977 0.029622 0.001158 
-0.018936 -0.002387 -0.015159 -0.011595 
0.012431 0.006249 0.010216 0.009444 
-0.024040 -0.006441 -0.009964 -0.022806 
0.005643 0.032369 -0.032328 0.005875 
-0.002235 0.017208 -0.009294 0.014653 
-0.018098 -0.001409 -0.015429 -0.009564 
0.024642 0.010392 0.003622 0.026497 
0.009210 0.013780 0.003151 0.016273 
-0.006289 -0.003189 -0.006043 -0.003633 
0.032230 -0.003043 0.004743 0.032024 
0.011899 -0.009852 0.014532 -0.005238 
-0.006621 0.023288 -0.021855 0.010418 
-0.000469 0.015683 -0.005914 0.014533 
0.024833 -0.005737 0.019266 0.016686 
0.021035 -0.007243 0.020617 0.008358 
0.008738 -0.016731 0.015855 -0.010241 
-0.024051 -0.005353 -0.011214 -0.021939 
0.023360 0.001826 0.015052 0.017956 
-0.031759 -0.000966 -0.002482 -0.031677 
-0.014025 0.006717 -0.015478 0.001497 
0.013213 -0.022266 0.025838 -0.001665 
-0.006156 -0.020871 0.008452 -0.020051 
-0.015830 -0.002185 -0.013970 -0.007760 
-0.000270 0.015654 -0.005694 0.014584 
-0.009260 -0.007088 -0.007694 -0.008763 
-0.016061 -0.007138 -0.011392 -0.013384 
-0.013318 0.022290 -0.025926 0.001446 
0.022791 0.008876 0.007995 0.023115 
0.015277 -0.010533 0.018454 -0.001943 
0.009145 -0.003650 0.009566 -0.002334 
-0.020408 0.003897 -0.018829 -0.008784 
-0.030444 -0.009629 0.006723 -0.031215 
-0.007684 0.026823 -0.027527 0.004562 
-0.020540 -0.000406 -0.016588 -0.012120 
-0.007400 -0.007516 -0.006099 -0.008606 
-0.013982 -0.007648 -0.010297 -0.012164 
0.027423 -0.008250 0.017902 0.022352 
-0.004416 -0.024722 0.016871 -0.018602 
-0.005804 0.016057 -0.011874 0.012269 
-0.025722 -0.013710 0.004339 -0.028823 
-0.022278 0.006868 -0.020591 -0.010932 
-0.015813 -0.001784 -0.014122 -0.007336 
0.014570 -0.025684 0.028892 0.006101 
0.002646 -0.030677 0.030599 -0.003432 
-0.003317 -0.020333 0.009017 -0.018524 
-0.006907 0.015035 -0.012177 0.011202 
-0.015587 -0.017861 0.002281 -0.023595 
-0.008048 -0.024137 0.014696 -0.020771 
0.006976 -0.030018 0.030801 0.001019 
0.018023 -0.015102 0.023388 0.002424 
0.026278 -0.008315 0.019325 0.019653 
0.003755 -0.017184 0.010829 -0.013861 
-0.010336 0.013995 -0.015299 0.008284 
0.012534 0.001912 0.011755 0.004753 
-0.009064 -0.006469 -0.007763 -0.007984 
0.026963 0.000363 0.013029 0.023609 
-0.012346 0.017438 -0.020452 0.006183 
-0.005525 -0.000218 -0.005510 -0.000463 
0.018704 -0.005674 0.018895 0.005001 
-0.002263 -0.009000 -0.001126 -0.009211 
0.003759 0.014641 -0.001203 0.015068 
0.002308 -0.012395 0.005076 -0.011541 
-0.014515 -0.007777 -0.010433 -0.012741 
-0.016346 0.019371 -0.025299 -0.001533 
-0.026856 0.007086 -0.018136 -0.021037 
-0.007902 0.014706 -0.013043 0.010420 
-0.008156 -0.014640 -0.001698 -0.016672 
0.005266 0.023606 -0.014206 0.019575 
0.002247 0.022168 -0.012911 0.018160 
-0.010329 0.008105 -0.012011 0.005302 
0.000296 -0.005877 0.000591 -0.005855 
0.019044 0.010254 0.008409 0.019928 
0.000865 -0.017813 0.008693 -0.015572 
-0.010979 0.019037 -0.020657 0.007499 
0.003421 -0.015960 0.009176 -0.013499 
0.023769 0.014011 -0.001776 0.027534 
0.019463 -0.003396 0.018254 0.007558 
-0.005631 0.029622 -0.030087 0.001994 
-0.010015 0.013961 -0.014903 0.008551 
-0.033792 0.001294 0.001596 -0.033779 
-0.014182 0.021548 -0.025788 0.000643 
0.019876 -0.002317 0.017896 0.008953 
-0.001290 -0.016321 0.004985 -0.015595 
-0.024705 0.006590 -0.019782 -0.016200 
-0.018343 0.012145 -0.021851 -0.002547 
0.014147 0.015192 0.002602 0.020595 
0.003801 0.003969 0.003624 0.004132 
-0.003204 0.008063 -0.004062 0.007666 
0.007255 -0.010457 0.009487 -0.008484 
0.004463 -0.008282 0.005485 -0.007643 
0.021349 -0.008100 0.021098 0.008734 
-0.029154 0.009656 -0.015382 -0.026581 
0.001240 0.014199 -0.002931 0.013948 
-0.008851 -0.018328 0.003043 -0.020124 
-0.004837 0.025491 -0.023813 0.010302 
-0.028786 0.016541 -0.015800 -0.029198 
0.007274 0.015212 0.000577 0.016851 
0.006291 -0.016480 0.012841 -0.012095 
-0.010443 0.007049 -0.011775 0.004484 
0.008672 -0.016633 0.015684 -0.010289 
0.010531 0.032878 -0.034111 0.005317 
0.028971 -0.004372 0.013460 0.026024 
0.014449 -0.012716 0.018918 -0.003543 
-0.008819 -0.011956 -0.004615 -0.014122 
-0.023528 0.013439 -0.023180 -0.014031 
0.015087 0.002910 0.013238 0.007799 
-0.012279 0.006032 -0.013445 0.002524 
0.005083 -0.019865 0.015533 -0.013387 
-0.018583 0.002493 -0.017441 -0.006880 
-0.025748 -0.014159 0.005333 -0.028897 
-0.016114 -0.008838 -0.010071 -0.015373 
0.007993 -0.008618 0.009546 -0.006857 
0.010418 -0.010998 0.013437 -0.006997 
-0.006135 0.007352 -0.007054 0.006475 
-0.012166 0.013004 -0.016670 0.006263 
-0.021373 -0.015384 0.001511 -0.026290 
-0.015954 0.004515 -0.016456 -0.002023 
0.015201 -0.008302 0.017283 -0.001132 
0.009459 0.001201 0.009220 0.002432 
-0.021646 0.004112 -0.019171 -0.010859 
0.033654 0.004166 -0.007328 0.033109 
0.009288 0.015518 0.001187 0.018046 
0.004292 0.009617 0.002699 0.010179 
-0.017976 -0.021172 0.011154 -0.025436 
-0.008006 0.023398 -0.023184 0.008605 
-0.003984 0.012455 -0.006915 0.011099 
0.007515 -0.001411 0.007608 -0.000771 
-0.012505 0.022943 -0.026039 0.002165 
0.012642 0.015224 0.002484 0.019632 
-0.015822 0.010111 -0.018745 0.001088 
-0.007711 -0.004757 -0.007092 -0.005637 
-0.002352 -0.020436 0.009831 -0.018070 
0.008325 -0.025379 0.026063 -0.005844 
-0.018281 -0.000450 -0.015969 -0.008910 
-0.001752 0.008533 -0.002678 0.008290 
0.003342 -0.006996 0.003937 -0.006679 
0.022451 -0.002910 0.018512 0.013031 
0.019782 0.007800 0.010939 0.018234 
-0.014852 -0.004990 -0.012186 -0.009848 
0.019315 -0.019654 0.026279 0.008294 
-0.017173 -0.008779 -0.010237 -0.016346 
0.009343 -0.011996 0.012767 -0.008260 
-0.000788 -0.023695 0.016687 -0.016841 
-0.003352 -0.005201 -0.003059 -0.005379 
-0.014932 -0.012213 -0.006547 -0.018145 
0.031911 -0.001052 0.004054 0.031670 
0.011091 -0.012333 0.015008 -0.007063 
-0.009147 0.016072 -0.015686 0.009794 
-0.014103 -0.014784 -0.003199 -0.020180 
-0.015775 -0.003919 -0.013171 -0.009526 
-0.017020 0.020524 -0.026359 -0.004016 
-0.013713 0.011189 -0.017230 0.004047 
-0.008148 -0.011100 -0.004833 -0.012893 
-0.030477 -0.002955 -0.003552 -0.030413 
-0.012852 -0.007865 -0.009624 -0.011593 
-0.014139 -0.032484 0.034954 -0.005770 
-0.013736 0.013582 -0.018767 0.004579 
0.010536 0.003006 0.009857 0.004783 
-0.024920 -0.000783 -0.014871 -0.020012 
0.008457 0.029350 -0.026804 0.014647 
0.016554 0.015940 0.000906 0.022963 
0.014879 0.015860 0.001490 0.021696 
-0.005261 -0.020992 0.009075 -0.019646 
-0.005398 -0.018790 0.005285 -0.018822 
-0.003942 0.017525 -0.011414 0.013870 
0.012730 -0.001638 0.012756 0.001417 
-0.010421 0.007833 -0.012015 0.005058 
-0.005459 0.023636 -0.021385 0.011450 
0.010134 0.017704 -0.001687 0.020329 
-0.003009 -0.029188 0.026713 -0.012140 
-0.018181 -0.001545 -0.015391 -0.009801 
0.025742 0.015937 -0.009268 0.028822 
0.021117 -0.002646 0.018348 0.010783 
0.009558 -0.007970 0.011091 -0.005645 
0.017201 -0.018075 0.024847 0.002281 
0.004725 -0.018896 0.013898 -0.013647 
-0.008036 0.019302 -0.017899 0.010806 
0.023769 0.005874 0.010876 0.021936 
-0.005973 -0.034761 0.035205 0.002140 
-0.006086 -0.033521 0.033987 -0.002361 
-0.000137 -0.017088 0.006888 -0.015639 
0.035865 0.000759 -0.011083 0.034118 
0.030279 -0.017875 0.010843 0.033448 
-0.004335 -0.030230 0.028556 -0.010828 
-0.003159 -0.016576 0.003749 -0.016452 
0.018598 -0.000641 0.016616 0.008379 
0.022421 0.002565 0.014868 0.016977 
-0.021079 0.000509 -0.017164 -0.012246 
0.024653 0.004385 0.011712 0.022132 
0.015056 -0.008740 0.017343 -0.001513 
-0.017418 -0.000036 -0.015748 -0.007442 
0.015232 -0.012049 0.019274 -0.002383 
-0.024254 0.004145 -0.018698 -0.015995 
0.011152 0.008383 0.008380 0.011154 
-0.012058 -0.002822 -0.011140 -0.005409 
0.004464 -0.002589 0.004561 -0.002415 
-0.006360 0.019252 -0.016063 0.012373 
0.009679 -0.011793 0.013035 -0.007928 
0.019343 0.003799 0.014333 0.013533 
-0.017280 -0.008256 -0.010717 -0.015872 
0.004915 -0.030465 0.030843 -0.000978 
0.002809 -0.023307 0.018651 -0.014257 
-0.008491 0.012694 -0.012218 0.009162 
0.006308 -0.031363 0.031798 0.003511 
0.020139 -0.020372 0.026415 0.011086 
0.014862 -0.025696 0.028904 0.006761 
-0.009863 -0.029810 0.028102 -0.014007 
-0.024936 -0.009178 -0.005163 -0.026065 
-0.016016 0.017186 -0.023487 0.000502 
0.004983 0.009818 0.003191 0.010537 
-0.013813 -0.028344 0.026299 -0.017394 
-0.023566 0.002869 -0.018232 -0.015205 
-0.012000 0.009571 -0.014511 0.005004 
0.010432 0.023870 -0.014075 0.021920 
0.017201 -0.002521 0.016648 0.005008 
0.027434 0.004431 0.008004 0.026612 
-0.024154 -0.019702 0.015503 -0.027041 
0.002958 0.018573 -0.006525 0.017639 
-0.014402 0.005385 -0.015374 0.000238 
0.011238 0.012879 0.004959 0.016357 
-0.000330 0.004495 -0.000462 0.004484 
0.003353 -0.014337 0.007617 -0.012600 
-0.021923 0.009043 -0.021622 -0.009741 
0.034818 -0.001414 -0.005115 0.034470 
0.014892 0.002374 0.013324 0.007063 
-0.019365 -0.000090 -0.016532 -0.010085 
-0.016087 0.009106 -0.018482 0.000374 
0.017770 -0.004064 0.017633 0.004624 
-0.016201 -0.008191 -0.010627 -0.014718 
0.004536 0.011488 0.001908 0.012203 
-0.013917 -0.012450 -0.006156 -0.017629 
0.033615 -0.000994 -0.001265 0.033606 
0.020747 -0.018078 0.025556 0.010208 
-0.032596 -0.006090 0.006799 -0.032456 
0.000476 0.014428 -0.003835 0.013918 
-0.011855 -0.016079 -0.001144 -0.019944 
0.003644 0.019081 -0.006804 0.018195 
0.004862 -0.018688 0.013779 -0.013529 
-0.015084 0.004394 -0.015668 -0.001162 
0.016110 -0.015802 0.022550 -0.000862 
0.008690 -0.009868 0.010864 -0.007407 
0.016783 -0.008879 0.018975 0.000674 
0.011843 0.002759 0.010986 0.005213 
0.003054 -0.012870 0.006183 -0.011693 
-0.004304 -0.002199 -0.004227 -0.002343 
-0.022895 -0.026035 0.029533 -0.018159 
0.002596 0.034003 -0.034078 -0.001272 
0.011905 0.019411 -0.004542 0.022313 
0.009971 -0.024237 0.025758 -0.004839 
0.023191 -0.016489 0.024190 0.014984 
-0.017577 -0.018233 0.004082 -0.024995 
-0.006179 0.030432 -0.031042 -0.000810 
0.023554 0.004975 0.012030 0.020853 
0.003450 0.005853 0.003051 0.006071 
0.019836 0.018771 -0.007211 0.026341 
-0.000241 -0.017906 0.007805 -0.016117 
-0.004879 -0.007120 -0.004084 -0.007604 
-0.000988 -0.018337 0.007732 -0.016657 
0.001078 0.028621 -0.026148 0.011688 
-0.001134 -0.024181 0.017396 -0.016834 
0.030692 0.005786 -0.000885 0.031220 
0.010061 0.008578 0.007591 0.010825 
-0.011494 0.007623 -0.013134 0.004209 
0.012060 -0.001145 0.012030 0.001425 
-0.008834 0.012630 -0.012576 0.008910 
0.007782 0.021963 -0.010048 0.021023 
0.005788 -0.007431 0.006692 -0.006628 
-0.008968 0.026722 -0.028056 0.002711 
-0.022262 0.007324 -0.020813 -0.010773 
-0.010575 0.010584 -0.013396 0.006664 
0.001718 0.034063 -0.034037 -0.002165 
-0.000194 0.021030 -0.012724 0.016745 
-0.001727 0.020427 -0.013096 0.015772 
0.028090 -0.014504 0.017849 0.026093 
-0.014539 -0.028641 0.027444 -0.016688 
-0.027987 -0.008262 -0.001471 -0.029144 
-0.008525 -0.026662 0.020567 -0.018988 
-0.017209 -0.015807 -0.000865 -0.023351 
-0.014356 -0.001373 -0.013302 -0.005570 
-0.011276 0.020570 -0.022593 0.006311 
0.026730 -0.004767 0.017063 0.021120 
-0.009462 0.027641 -0.029215 0.000140 
-0.011413 0.006962 -0.012815 0.003809 
0.018334 -0.006508 0.019039 0.004000 
0.008907 -0.013745 0.013449 -0.009347 
-0.008614 -0.026325 0.019770 -0.019399 
-0.015554 -0.007002 -0.011329 -0.012751 
0.020396 -0.013077 0.023285 0.006697 
-0.024188 -0.012779 -0.000024 -0.027356 
-0.015152 0.003949 -0.015580 -0.001566 
-0.000024 -0.019960 0.010869 -0.016741 
0.017399 -0.026703 0.028301 0.014656 
-0.005427 -0.032846 0.033013 -0.004295 
-0.011585 -0.007169 -0.009265 -0.009988 
0.030679 -0.005317 0.010334 0.029371 
-0.001916 -0.019857 0.009216 -0.017693 
0.003255 0.026388 -0.020845 0.016505 
-0.001273 -0.017858 0.006857 -0.016538 
0.016288 -0.006569 0.017528 0.001112 
-0.017271 -0.001134 -0.015194 -0.008290 
0.009375 0.012104 0.004810 0.014535 
-0.004318 -0.003734 -0.004137 -0.003933 
0.021163 0.003000 0.014854 0.015370 
-0.002003 -0.009301 -0.000770 -0.009483 
0.004765 0.026353 -0.020293 0.017476 
0.000970 0.022558 -0.014465 0.017337 
-0.011811 0.007103 -0.013296 0.003627 
0.000943 0.018126 -0.007486 0.016535 
0.009285 -0.006370 0.010292 -0.004568 
-0.007263 0.009975 -0.009269 0.008145 
-0.007657 0.011203 -0.010339 0.008789 
0.002292 0.008356 0.001372 0.008555 
-0.021708 -0.009055 -0.008602 -0.021891 
0.022290 -0.000806 0.017282 0.014101 
-0.030761 0.004218 -0.009497 -0.029561 
-0.008796 0.025553 -0.026580 0.004880 
0.028625 0.005391 0.004521 0.028775 
0.009979 -0.013612 0.014599 -0.008469 
0.006798 -0.000187 0.006795 0.000268 
-0.004871 -0.002945 -0.004728 -0.003170 
-0.013906 -0.022663 0.012126 -0.023663 
-0.010453 0.024310 -0.026162 0.003969 
0.017133 0.011841 0.006903 0.019649 
-0.001173 0.020288 -0.012393 0.016105 
0.004056 0.001318 0.004020 0.001424 
-0.018236 0.009458 -0.020363 -0.002719 
-0.006819 -0.006448 -0.005943 -0.007263 
0.004194 -0.008695 0.005326 -0.008052 
0.012873 -0.015084 0.018975 -0.005762 
-0.008871 -0.000428 -0.008764 -0.001436 
0.021374 0.001393 0.015968 0.014276 
0.009736 -0.001373 0.009832 -0.000000 
-0.015954 0.003880 -0.016230 -0.002484 
0.014100 0.006470 0.011043 0.010897 
0.017103 -0.017722 0.024559 0.001854 
0.010954 -0.008206 0.012752 -0.004970 
-0.001575 -0.035280 0.034674 0.006700 
-0.018867 -0.017351 0.003179 -0.025434 
-0.010936 0.016212 -0.017828 0.008036 
-0.007443 -0.005593 -0.006684 -0.006481 
-0.001655 -0.018425 0.007306 -0.016995 
0.014371 0.000983 0.013436 0.005192 
-0.005717 0.013593 -0.009646 0.011153 
0.020792 0.017269 -0.004848 0.026590 
0.020242 0.015582 -0.000774 0.025533 
0.020455 0.018463 -0.007168 0.026607 
0.025744 0.006287 0.008190 0.025203 
-0.020692 -0.017616 0.005507 -0.026611 
-0.000066 0.019547 -0.010329 0.016595 
0.005814 -0.001892 0.005908 -0.001575 
-0.013155 0.014130 -0.018547 0.005359 
-0.024990 -0.015575 0.007066 -0.028586 
-0.026850 0.006348 -0.017785 -0.021093 
-0.020544 0.006793 -0.020261 -0.007597 
-0.001982 0.015515 -0.007242 0.013863 
0.015075 -0.003744 0.015446 0.001644 
-0.010987 -0.003431 -0.010131 -0.005463 
-0.008865 0.007910 -0.010287 0.005945 
-0.005055 0.007156 -0.005817 0.006551 
-0.018861 -0.005473 -0.013094 -0.014637 
0.008018 0.017227 -0.001657 0.018929 
-0.007279 -0.023739 0.013925 -0.020557 
-0.010108 -0.010082 -0.006738 -0.012587 
0.004500 0.006321 0.003932 0.006689 
-0.006279 0.011047 -0.008668 0.009291 
0.017710 0.005842 0.012691 0.013664 
-0.009526 -0.019709 0.005284 -0.021243 
-0.011161 0.007658 -0.012779 0.004463 
0.007024 -0.009766 0.008903 -0.008091 
0.017630 -0.009071 0.019739 0.001864 
0.009225 0.009385 0.006607 0.011381 
0.022623 0.009595 0.007146 0.023512 
-0.004346 -0.032495 0.032430 -0.004807 
-0.029689 -0.008827 0.003327 -0.030794 
-0.016685 0.026392 -0.028698 -0.012302 
0.007416 0.027038 -0.021443 0.018063 
0.014033 0.015477 0.002176 0.020778 
0.009722 0.006529 0.008242 0.008318 
0.008743 0.001900 0.008464 0.002899 
-0.008660 0.000647 -0.008679 -0.000301 
0.017052 -0.022741 0.027591 0.006831 
-0.009226 -0.027227 0.021977 -0.018532 
-0.024368 -0.008645 -0.006688 -0.024976 
-0.016171 0.011262 -0.019685 0.000905 
-0.014272 0.002255 -0.014296 -0.002098 
0.017831 0.014549 0.002741 0.022849 
0.023267 -0.012841 0.023082 0.013171 
-0.024292 0.010345 -0.021686 -0.015061 
0.032301 -0.000879 0.002767 0.032195 
0.019877 -0.015355 0.024299 0.006359 
-0.000895 -0.019256 0.009101 -0.016993 
0.004874 -0.023993 0.021460 -0.011786 
-0.020041 0.003324 -0.018437 -0.008529 
-0.025705 -0.015527 0.008261 -0.028872 
-0.022309 0.021727 -0.025120 -0.018405 
0.016125 0.008698 0.010193 0.015224 
-0.013913 0.011636 -0.017700 0.003959 
-0.002046 0.008165 -0.002871 0.007912 
0.003504 -0.012690 0.006545 -0.011422 
-0.020685 -0.008446 -0.009922 -0.020018 
-0.003467 0.017020 -0.010343 0.013954 
0.004188 -0.006932 0.004826 -0.006504 
0.006864 -0.026871 0.027143 -0.005692 
-0.022336 0.027707 -0.020930 -0.028784 
0.022116 -0.008679 0.021459 0.010196 
-0.030326 -0.005885 0.000092 -0.030891 
-0.007095 -0.014337 -0.001421 -0.015933 
0.015570 -0.015509 0.021899 -0.001843 
-0.002496 -0.006214 -0.002088 -0.006363 
0.016928 0.004014 0.013624 0.010820 
-0.017355 0.015269 -0.023084 -0.001208 
0.010233 -0.012458 0.014096 -0.007824 
0.001922 0.035057 -0.034663 -0.005584 
-0.008022 0.015011 -0.013440 0.010441 
-0.017226 0.001521 -0.016274 -0.005849 
0.014846 0.009854 0.008931 0.015419 
-0.018242 -0.006341 -0.012383 -0.014820 
0.016765 -0.016927 0.023812 0.000758 
0.001650 -0.020994 0.013897 -0.015822 
-0.013215 0.025978 -0.028899 -0.003780 
-0.005417 0.017246 -0.012681 0.012882 
-0.007425 -0.012968 -0.002919 -0.014655 
-0.024088 0.015485 -0.023368 -0.016553 
0.020649 -0.006276 0.020046 0.007996 
-0.015854 -0.019512 0.005808 -0.024461 
-0.020710 0.010220 -0.021965 -0.007135 
0.004744 0.000432 0.004727 0.000588 
-0.023282 0.007108 -0.020600 -0.012969 
0.021545 -0.003375 0.018778 0.011088 
-0.017067 -0.003522 -0.013943 -0.010453 
0.015649 -0.028205 0.029148 0.013814 
-0.011100 -0.022354 0.010661 -0.022567 
-0.008508 0.010338 -0.010877 0.007807 
0.006056 -0.023967 0.022385 -0.010490 
0.004192 -0.018246 0.012532 -0.013908 
-0.015729 -0.006185 -0.011916 -0.011987 
-0.005622 -0.033142 0.033440 -0.003431 
-0.000649 -0.018353 0.008039 -0.016511 
0.013298 0.003547 0.011840 0.007016 
-0.020154 -0.000051 -0.016738 -0.011226 
-0.008999 -0.012616 -0.004160 -0.014928 
0.010076 -0.008202 0.011762 -0.005519 
0.019605 -0.014413 0.023727 0.005395 
-0.023779 0.014591 -0.023383 -0.015217 
0.021563 -0.006183 0.020203 0.009748 
-0.020748 -0.013273 -0.003024 -0.024444 
-0.004512 0.032428 -0.032505 -0.003918 
-0.013010 0.009587 -0.015631 0.004105 
-0.025295 -0.003183 -0.012319 -0.022321 
0.005131 0.031272 -0.030465 0.008726 
0.010731 0.008494 0.008062 0.011059 
-0.010862 0.027471 -0.029469 -0.002055 
0.021618 -0.004292 0.019262 0.010713 
-0.034966 0.003550 0.004103 -0.034906 
-0.012650 -0.000031 -0.012304 -0.002936 
0.014924 -0.011069 0.018404 -0.002559 
-0.016415 -0.012923 -0.005608 -0.020124 
-0.007605 -0.008862 -0.005718 -0.010182 
-0.025335 -0.014685 0.005716 -0.028720 
-0.016611 -0.010426 -0.008588 -0.017631 
0.006580 -0.008980 0.008077 -0.007661 
-0.003144 -0.006678 -0.002608 -0.006905 
0.016177 0.007743 0.010975 0.014185 
-0.010132 0.025972 -0.027803 0.002040 
-0.022396 0.014762 -0.024044 -0.011890 
0.008276 0.018992 -0.004332 0.020259 
0.008145 -0.005010 0.008735 -0.003891 
-0.029840 0.014187 -0.013877 -0.029986 
0.003007 0.032052 -0.031763 0.005237 
0.008617 0.020520 -0.006996 0.021127 
0.003083 0.003257 0.002987 0.003345 
0.011507 0.017579 -0.001254 0.020973 
-0.008107 -0.013408 -0.002933 -0.015391 
0.022218 0.006361 0.011451 0.020074 
-0.007556 -0.013580 -0.002445 -0.015347 
0.014666 0.008036 0.010313 0.013165 
0.003240 0.034412 -0.034490 -0.002264 
0.003479 0.023013 -0.013796 0.018744 
0.004432 0.014342 -0.000400 0.015006 
-0.013871 -0.016315 -0.000866 -0.021397 
0.004463 0.033647 -0.033922 0.001161 
-0.000836 0.022083 -0.014984 0.016243 
-0.034253 0.002039 0.002572 -0.034217 
-0.020092 0.001000 -0.017292 -0.010280 
-0.019598 -0.000222 -0.016525 -0.010538 
0.011990 0.013752 0.004247 0.017744 
-0.025654 -0.017465 0.012707 -0.028314 
-0.030410 -0.003081 -0.003560 -0.030358 
-0.026943 -0.016181 0.012256 -0.028940 
-0.015362 0.006343 -0.016620 -0.000141 
0.008014 0.014067 0.002231 0.016036 
-0.002029 0.005842 -0.002349 0.005720 
-0.011034 -0.010414 -0.007018 -0.013451 
0.017578 0.001867 0.014992 0.009365 
-0.009367 -0.026782 0.020926 -0.019160 
-0.018020 -0.008107 -0.010871 -0.016501 
0.010400 0.015319 0.001847 0.018423 
0.008992 0.017480 -0.001659 0.019587 
-0.004764 -0.031481 0.030827 -0.007964 
-0.018027 -0.002695 -0.014733 -0.010732 
0.013923 0.015741 0.001775 0.020940 
0.004575 0.022074 -0.011428 0.019432 
0.013585 0.032483 -0.034692 0.006009 
0.030780 -0.004522 0.009637 0.029580 
0.021779 -0.014840 0.024193 0.010451 
-0.010118 -0.020468 0.006659 -0.021840 
-0.010855 -0.009832 -0.007330 -0.012680 
-0.027495 -0.005073 -0.007084 -0.027047 
-0.022243 -0.004208 -0.013548 -0.018136 
-0.005305 0.013788 -0.009329 0.011456 
0.007240 -0.006591 0.008082 -0.005525 
0.021437 0.000263 0.016698 0.013445 
0.009042 0.008129 0.007108 0.009865 
0.016094 0.016570 -0.000045 0.023099 
0.006288 -0.002112 0.006410 -0.001707 
-0.015822 0.023864 -0.028050 -0.005744 
0.006743 0.015363 0.000099 0.016778 
-0.028973 0.014531 -0.015939 -0.028223 
-0.008077 0.025831 -0.026487 0.005560 
-0.021199 -0.001484 -0.015921 -0.014076 
-0.017815 0.003105 -0.017270 -0.005363 
0.022889 0.002087 0.015065 0.017358 
-0.027223 -0.007647 -0.003916 -0.028004 
-0.014702 0.003141 -0.014931 -0.001753 
0.019807 0.006371 0.012302 0.016780 
-0.017910 -0.005010 -0.013304 -0.012996 
0.019224 0.000347 0.016357 0.010106 
-0.012855 -0.005301 -0.010890 -0.008647 
0.011601 0.001997 0.010970 0.004269 
0.008378 -0.019106 0.018030 -0.010496 
-0.031881 -0.003767 0.001264 -0.032077 
-0.010630 -0.014636 -0.002779 -0.017874 
0.007874 -0.008092 0.009226 -0.006509 
0.000304 0.005609 0.000047 0.005617 
-0.025330 -0.011769 -0.000167 -0.027930 
-0.013989 0.013223 -0.018783 0.004212 
-0.009512 -0.012829 -0.004238 -0.015398 
-0.032130 0.010229 -0.007764 -0.032813 
-0.002622 0.015560 -0.007944 0.013634 
-0.015385 -0.006154 -0.011801 -0.011632 
0.004774 0.011958 0.001793 0.012750 
-0.000957 -0.008165 -0.000154 -0.008219 
-0.000082 0.014949 -0.004833 0.014147 
0.010638 -0.017288 0.018515 -0.008321 
0.003612 0.019002 -0.006705 0.018143 
-0.017778 0.003851 -0.017551 -0.004781 
-0.007991 -0.014683 -0.001564 -0.016643 
0.023121 0.009802 0.006370 0.024291 
0.004615 -0.000083 0.004616 0.000059 
-0.007617 -0.006410 -0.006622 -0.007434 
0.006572 -0.014768 0.011564 -0.011295 
-0.017858 -0.014448 -0.002894 -0.022787 
-0.016683 -0.013483 -0.004780 -0.020911 
0.021683 0.001850 0.015608 0.015165 
-0.002800 0.013041 -0.006031 0.011897 
-0.006036 -0.027343 0.022249 -0.017002 
-0.002230 -0.019666 0.008688 -0.017784 
-0.015117 -0.019056 0.004504 -0.023903 
0.002454 0.034564 -0.034487 -0.003366 
0.014267 0.032404 -0.034895 0.005991 
0.028897 0.001919 0.008275 0.027753 
0.028794 0.003721 0.006376 0.028325 
0.005102 -0.020448 0.016347 -0.013301 
0.005280 -0.006302 0.005870 -0.005755 
0.014233 -0.003486 0.014617 0.001037 
-0.006688 0.015106 -0.011989 0.011366 
0.015147 0.010282 0.008600 0.016161 
-0.015520 0.003769 -0.015834 -0.002089 
0.019754 -0.019044 0.026017 0.008719 
0.016007 -0.018297 0.024310 0.000095 
0.009612 -0.012557 0.013437 -0.008337 
-0.014375 -0.020211 0.006679 -0.023886 
-0.016560 0.014942 -0.022302 0.000303 
-0.019593 0.014695 -0.023873 -0.005469 
0.025556 0.003641 0.011557 0.023082 
-0.012945 -0.029248 0.027979 -0.015498 
-0.015670 -0.004758 -0.012701 -0.010338 
0.014762 -0.016271 0.021770 -0.002956 
0.009646 -0.009356 0.011737 -0.006544 
-0.000664 -0.024667 0.018619 -0.016193 
-0.017246 0.007114 -0.018537 -0.002101 
0.023182 0.007325 0.009663 0.022309 
0.011717 0.002468 0.010956 0.004830 
-0.004534 -0.006025 -0.004023 -0.006377 
0.025473 0.004840 0.010319 0.023787 
0.018085 -0.013824 0.022654 0.002223 
-0.033899 0.011157 -0.001576 -0.035653 
-0.001019 0.026447 -0.022997 0.013100 
0.009689 0.019873 -0.005562 0.021398 
-0.017658 -0.034407 0.038390 0.004676 
-0.029841 0.019813 -0.010539 -0.034234 
0.015554 0.020119 -0.006991 0.024450 
0.021174 -0.004689 0.019402 0.009691 
0.030379 0.002581 0.004247 0.030191 
0.027489 0.016684 -0.014628 0.028636 
0.017378 -0.017411 0.024499 0.002212 
-0.020175 0.006456 -0.019969 -0.007068 
0.014708 0.011274 0.007547 0.016925 
-0.014591 -0.019010 0.004222 -0.023589 
-0.009157 0.015196 -0.014913 0.009613 
-0.021812 0.000174 -0.016945 -0.013734 
0.001722 0.013295 -0.001758 0.013290 
0.006178 -0.018730 0.015226 -0.012536 
-0.009845 0.010823 -0.012678 0.007304 
-0.008853 -0.019877 0.005736 -0.020990 
-0.020885 -0.001152 -0.016149 -0.013294 
0.020354 0.021711 -0.015032 0.025684 
-0.001935 -0.033178 0.033220 -0.000977 
-0.007176 -0.027659 0.022883 -0.017113 
-0.016402 -0.029372 0.030423 -0.014359 
-0.032806 0.002841 -0.002854 -0.032805 
-0.012807 -0.000590 -0.012307 -0.003593 
0.007246 0.009179 0.005298 0.010426 
0.013651 0.011470 0.007133 0.016341 
-0.008521 0.017050 -0.015932 0.010464 
-0.030058 -0.005764 -0.000755 -0.030597 
-0.015140 -0.007978 -0.010515 -0.013502 
0.001150 0.014957 -0.003699 0.014538 
0.019070 -0.018966 0.025957 0.007045 
0.010268 -0.024205 0.025921 -0.004406 
-0.010492 -0.007112 -0.008569 -0.009340 
0.012924 0.011437 0.006959 0.015792 
0.021972 -0.014247 0.023933 0.010628 
-0.023053 -0.014808 0.002392 -0.027294 
-0.022268 -0.005602 -0.012211 -0.019445 
-0.013784 0.004045 -0.014364 -0.000194 
0.012489 0.012299 0.005979 0.016477 
-0.009708 0.011348 -0.012807 0.007680 
-0.001971 -0.020402 0.010045 -0.017867 
0.008696 -0.010649 0.011251 -0.007901 
-0.010649 0.006602 -0.011863 0.004032 
-0.012451 0.025300 -0.028178 -0.001075 
0.015984 0.008744 0.010128 0.015145 
-0.006392 0.025772 -0.025315 0.008012 
0.009449 0.015684 0.001037 0.018281 
0.000062 -0.023060 0.016099 -0.016510 
-0.018478 0.008838 -0.020217 -0.003294 
0.018116 0.001599 0.015340 0.009768 
-0.026958 0.005744 -0.017340 -0.021426 
-0.021522 0.005226 -0.019724 -0.010074 
-0.005439 0.005723 -0.005932 0.005209 
-0.010027 0.000890 -0.010049 -0.000586 
0.021161 0.000105 0.016801 0.012865 
0.017746 0.007379 0.011504 0.015395 
0.005399 -0.015110 0.010532 -0.012105 
-0.006477 0.005872 -0.007086 0.005121 
-0.014177 0.005832 -0.015311 0.000765 
0.009766 0.003099 0.009184 0.004542 
-0.006068 -0.006007 -0.005401 -0.006614 
0.026592 0.008067 0.004368 0.027443 
0.007749 0.007169 0.006497 0.008321 
0.015479 0.016335 0.000564 0.022497 
0.003611 0.016277 -0.003056 0.016390 
-0.015743 -0.010153 -0.008812 -0.016531 
-0.004447 0.003744 -0.004625 0.003522 
-0.026987 0.012496 -0.019689 -0.022289 
0.015953 0.027149 -0.024760 0.019455 
0.024939 0.003707 0.012145 0.022095 
0.020669 0.003035 0.014882 0.014661 
0.000037 -0.015274 0.005098 -0.014398 
-0.004461 0.016232 -0.010567 0.013104 
0.024219 0.015923 -0.006538 0.028237 
0.009257 -0.014988 0.014849 -0.009477 
0.002983 0.019414 -0.007762 0.018043 
0.009568 -0.020809 0.021269 -0.008497 
0.006350 -0.004426 0.006710 -0.003859 
0.011358 0.003692 0.010359 0.005944 
0.002427 -0.015677 0.007856 -0.013782 
-0.006090 -0.008929 -0.004500 -0.009827 
-0.022051 -0.006361 -0.011545 -0.019835 
0.006610 -0.015104 0.011898 -0.011413 
-0.016433 0.000571 -0.015407 -0.005744 
0.009537 -0.009597 0.011719 -0.006762 
0.009690 -0.015608 0.015884 -0.009230 
-0.008950 -0.001345 -0.008728 -0.002395 
0.015001 -0.010862 0.018365 -0.002399 
0.013186 -0.002700 0.013435 0.000812 
-0.013585 0.018377 -0.022493 0.004043 
-0.000621 -0.018254 0.007930 -0.016453 
0.023207 0.017148 -0.007736 0.027798 
-0.004554 -0.015626 0.001627 -0.016195 
-0.002399 0.019377 -0.012206 0.015240 
0.011098 -0.007778 0.012753 -0.004587 
-0.017480 0.015047 -0.023023 -0.001375 
-0.020594 0.002300 -0.018078 -0.010128 
-0.014766 -0.006760 -0.011182 -0.011777 
0.007683 0.016002 -0.000156 0.017750 
-0.007615 0.014412 -0.012469 0.010500 
0.018495 0.005923 0.012727 0.014669 
-0.019175 -0.009886 -0.008811 -0.019693 
0.000307 0.012481 -0.002494 0.012233 
-0.013065 0.001420 -0.013010 -0.001859 
0.023311 0.014545 -0.002208 0.027387 
0.023370 -0.005041 0.019522 0.013801 
0.017927 -0.005300 0.018249 0.004055 
0.005743 0.021282 -0.009393 0.019942 
-0.004828 0.023312 -0.020348 0.012357 
-0.016467 0.024927 -0.028490 -0.008990 
0.033275 -0.002761 0.001299 0.033365 
0.013090 -0.000807 0.012885 0.002445 
-0.015541 -0.000993 -0.014251 -0.006279 
-0.002161 -0.017175 0.005261 -0.016491 
0.025184 -0.003722 0.017884 0.018118 
0.013203 -0.000863 0.012997 0.002477 
-0.005157 0.012717 -0.008393 0.010858 
0.017005 0.003134 0.014120 0.009980 
-0.005404 -0.021212 0.009413 -0.019763 
-0.009484 -0.030488 0.029459 -0.012314 
-0.025645 -0.007119 -0.007205 -0.025621 
0.000896 -0.013411 0.004334 -0.012723 
0.004365 0.005813 0.003907 0.006129 
0.013033 0.020405 -0.006705 0.023265 
0.005694 -0.024590 0.023041 -0.010305 
-0.018787 0.012576 -0.022353 -0.003387 
0.018639 0.006422 0.012336 0.015377 
-0.006253 -0.016261 0.001261 -0.017376 
0.001026 0.015908 -0.004766 0.015212 
0.012895 -0.023381 0.026685 -0.000914 
-0.016684 -0.009491 -0.009537 -0.016657 
-0.009202 0.013361 -0.013512 0.008979 
0.003521 0.022101 -0.012028 0.018873 
-0.015070 0.011435 -0.018756 0.002467 
-0.015254 -0.015583 -0.001874 -0.021726 
-0.011531 -0.008655 -0.008446 -0.011685 
-0.008618 0.001486 -0.008729 0.000525 
0.009593 -0.014357 0.014721 -0.009024 
0.014624 0.009558 0.009130 0.014895 
0.007313 0.022628 -0.011535 0.020796 
0.020753 -0.008342 0.021069 0.007508 
0.024708 0.006592 0.009079 0.023906 
0.008384 0.018177 -0.002955 0.019798 
-0.002690 -0.007857 -0.001893 -0.008086 
0.016736 0.024170 -0.017700 0.023473 
-0.008481 -0.017789 0.002312 -0.019571 
0.002406 0.029128 -0.026734 0.011812 
0.009357 0.011469 0.005311 0.013816 
-0.002174 -0.003386 -0.002094 -0.003436 
0.012340 0.006548 0.010024 0.009729 
0.011517 0.034535 -0.036392 -0.000975 
0.034076 -0.003444 -0.000937 0.034236 
0.019033 -0.003540 0.018126 0.006800 
0.002837 -0.021736 0.016112 -0.014863 
-0.012387 -0.000119 -0.012056 -0.002846 
0.015408 0.005891 0.011965 0.011356 
0.011237 -0.013210 0.015762 -0.007235 
0.010799 0.008736 0.007970 0.011376 
-0.018480 -0.007793 -0.011145 -0.016674 
-0.001250 0.027006 -0.024151 0.012148 
0.006007 -0.018902 0.015253 -0.012676 
0.016205 0.006601 0.011806 0.012914 
0.009803 -0.007611 0.011244 -0.005253 
-0.004354 -0.031741 0.031263 -0.007007 
-0.023025 -0.009293 -0.007202 -0.023762 
-0.007049 0.009472 -0.008806 0.007866 
0.006334 -0.006896 0.007156 -0.006038 
0.012211 -0.002090 0.012371 0.000654 
-0.018123 0.012313 -0.021804 -0.002155 
0.021134 -0.009397 0.021676 0.008070 
-0.013575 -0.012977 -0.005498 -0.017957 
0.015780 -0.019372 0.024982 0.000423 
0.008023 -0.012219 0.011363 -0.009195 
0.001128 0.013632 -0.002563 0.013437 
-0.014676 -0.006283 -0.011421 -0.011155 
-0.011490 0.019731 -0.021890 0.006495 
-0.017857 -0.011833 -0.006758 -0.020328 
0.003723 -0.004676 0.003960 -0.004477 
0.011602 0.008045 0.008831 0.011015 
0.024545 -0.002441 0.017500 0.017383 
0.015362 -0.005502 0.016303 0.000680 
-0.008785 0.013257 -0.012950 0.009231 
0.006627 0.001574 0.006506 0.002015 
-0.012260 -0.000015 -0.011967 -0.002662 
0.017445 -0.004713 0.017677 0.003750 
0.003468 0.016103 -0.002963 0.016204 
-0.022057 0.007650 -0.020965 -0.010270 
-0.025781 -0.005671 -0.008930 -0.024841 
-0.007353 -0.021863 0.009952 -0.020809 
0.005936 -0.022447 0.020015 -0.011768 
0.015765 -0.025165 0.028651 0.007805 
-0.022216 0.007506 -0.020901 -0.010632 
0.022495 0.016113 -0.004401 0.027318 
0.006002 -0.016975 0.013033 -0.012423 
0.015430 0.014817 0.003046 0.021174 
0.017729 0.007010 0.011807 0.014969 
0.011323 -0.028498 0.030226 0.005165 
-0.014899 -0.008985 -0.009675 -0.014460 
0.007155 -0.011250 0.009783 -0.009058 
0.008922 -0.027186 0.028546 -0.001944 
-0.023967 0.013166 -0.022863 -0.015002 
0.031714 -0.000045 0.003657 0.031502 
0.021434 -0.015640 0.024549 0.010069 
-0.007533 -0.010034 -0.005070 -0.011477 
0.009063 0.014214 0.002620 0.016653 
0.007873 0.016563 -0.000795 0.018322 
-0.000463 -0.032327 0.032249 -0.002302 
-0.015813 -0.018546 0.003746 -0.024083 
-0.007083 0.012032 -0.010155 0.009583 
0.004056 -0.025310 0.022965 -0.011387 
-0.019009 0.006181 -0.019294 -0.005221 
0.024980 0.013424 -0.002465 0.028251 
0.026692 -0.016532 0.020170 0.024061 
-0.018540 -0.028926 0.031215 -0.014357 
-0.034664 0.006884 0.001486 -0.035310 
-0.024948 -0.005010 -0.010720 -0.023078 
-0.010661 -0.009377 -0.007511 -0.012048 
-0.012964 -0.003814 -0.011516 -0.007071 
0.012018 0.002485 0.011196 0.005027 
0.001025 -0.008792 0.002013 -0.008619 
-0.003004 0.004964 -0.003242 0.004811 
-0.027700 0.005158 -0.016028 -0.023174 
-0.023667 0.010615 -0.022075 -0.013620 
0.006289 0.026145 -0.019499 0.018517 
0.006330 0.014045 0.001226 0.015357 
0.000598 -0.007443 0.001197 -0.007370 
0.003936 0.003150 0.003817 0.003293 
-0.025638 0.002517 -0.016743 -0.019578 
0.008617 0.014246 0.002365 0.016481 
0.000049 -0.017509 0.007565 -0.015790 
-0.013815 0.016807 -0.021333 0.004265 
0.011030 -0.018387 0.020031 -0.007646 
0.008647 0.010025 0.005852 0.011875 
-0.020927 -0.004427 -0.013774 -0.016365 
0.000561 0.019178 -0.009264 0.016801 
0.012811 0.001868 0.011986 0.004892 
0.003363 -0.007196 0.004005 -0.006859 
0.006353 0.008828 0.004754 0.009782 
0.033430 -0.001215 -0.000453 0.033449 
0.021162 -0.006475 0.020275 0.008870 
-0.003960 -0.009824 -0.002319 -0.010335 
0.007898 0.026651 -0.020530 0.018740 
0.015188 0.014816 0.003083 0.020992 
0.026533 0.020970 -0.023163 0.024641 
