-0.008900 -0.004221 -0.007834 -0.005972 
0.005927 0.002138 0.005723 0.002635 
-0.009196 -0.010734 -0.003893 -0.013588 
-0.010712 -0.006790 -0.007778 -0.010018 
-0.006591 0.002163 -0.006779 0.001472 
-0.007133 -0.000182 -0.007071 -0.000959 
0.007858 0.004208 0.007029 0.005482 
0.006921 -0.001572 0.007050 -0.000815 
-0.005800 -0.009013 -0.003422 -0.010157 
-0.000331 -0.008812 0.001139 -0.008745 
0.009502 -0.005950 0.010745 -0.003199 
0.005201 -0.008444 0.006857 -0.007165 
0.004913 -0.000954 0.004958 -0.000688 
-0.000611 0.006713 -0.001262 0.006621 
0.007339 -0.000802 0.007382 0.000061 
-0.004803 -0.000690 -0.004762 -0.000932 
0.006918 -0.001979 0.007095 -0.001199 
0.011260 0.002415 0.010127 0.005483 
0.008499 -0.004580 0.009240 -0.002797 
0.004998 -0.001463 0.005075 -0.001170 
-0.001611 0.004706 -0.001858 0.004614 
-0.005703 -0.003256 -0.005377 -0.003770 
0.005533 -0.004894 0.006067 -0.004213 
0.003450 -0.006725 0.004248 -0.006252 
-0.001079 0.008391 -0.002352 0.008126 
0.007323 -0.000559 0.007338 0.000291 
-0.004750 0.004115 -0.005082 0.003698 
-0.002091 0.012212 -0.005934 0.010876 
0.007281 0.005530 0.006176 0.006742 
-0.001283 -0.008482 0.000069 -0.008578 
-0.003317 0.006689 -0.004093 0.006244 
0.005492 -0.009105 0.007521 -0.007517 
-0.011552 -0.001423 -0.010658 -0.004679 
-0.004729 0.002655 -0.004887 0.002351 
-0.004292 -0.008272 -0.002683 -0.008925 
0.000040 0.000577 0.000039 0.000577 
-0.002413 -0.005951 -0.001877 -0.006141 
-0.004525 0.005309 -0.005054 0.004807 
0.001705 0.008833 0.000151 0.008995 
-0.003668 0.009516 -0.005685 0.008466 
0.004125 -0.006594 0.004945 -0.006004 
-0.010535 0.008902 -0.013205 0.003981 
-0.004128 0.008300 -0.005582 0.007401 
0.011858 -0.000303 0.011411 0.003242 
0.003898 -0.005159 0.004345 -0.004788 
0.009352 -0.001824 0.009528 0.000024 
-0.002997 -0.007020 -0.002097 -0.007339 
0.003602 -0.007655 0.004732 -0.007012 
-0.003575 -0.000973 -0.003545 -0.001078 
0.005193 0.001656 0.005077 0.001984 
0.002605 -0.005476 0.003029 -0.005254 
0.004543 0.012387 -0.000298 0.013191 
0.009256 -0.004171 0.009946 -0.002036 
-0.002282 -0.005095 -0.001936 -0.005237 
0.000308 0.009001 -0.001258 0.008918 
0.006900 -0.003226 0.007248 -0.002343 
0.012282 -0.007133 0.014142 -0.001314 
-0.009033 -0.011145 -0.003394 -0.013939 
-0.000472 -0.006958 0.000256 -0.006969 
0.003086 -0.007002 0.003941 -0.006560 
-0.008196 -0.000496 -0.008038 -0.001674 
0.001556 -0.002060 0.001586 -0.002037 
0.007752 -0.002863 0.008087 -0.001699 
0.004983 0.002991 0.004753 0.003344 
-0.002767 0.007199 -0.003662 0.006788 
0.006487 0.001389 0.006327 0.001995 
-0.006223 -0.004595 -0.005582 -0.005355 
0.007872 0.002163 0.007483 0.003265 
0.000002 -0.007910 0.001062 -0.007838 
0.001609 0.002619 0.001556 0.002651 
0.001945 0.009366 0.000078 0.009565 
0.007717 -0.012565 0.012550 -0.007742 
0.000376 -0.007416 0.001250 -0.007319 
0.002090 0.001634 0.002065 0.001665 
0.004210 0.005019 0.003730 0.005385 
-0.001704 -0.006950 -0.000930 -0.007095 
-0.002495 0.006296 -0.003102 0.006020 
0.001597 0.008645 0.000146 0.008790 
-0.000965 0.004722 -0.001200 0.004668 
0.005089 -0.000594 0.005115 -0.000306 
-0.005776 -0.004244 -0.005273 -0.004855 
0.004216 0.002340 0.004094 0.002548 
0.007484 0.004859 0.006547 0.006063 
0.003166 -0.002262 0.003238 -0.002158 
-0.004647 0.003720 -0.004916 0.003356 
0.004819 -0.004485 0.005216 -0.004017 
0.009929 -0.003459 0.010465 -0.001025 
-0.009346 -0.011381 -0.003235 -0.014367 
-0.008190 -0.010058 -0.004103 -0.012305 
-0.007834 -0.003256 -0.007239 -0.004424 
-0.001541 0.006867 -0.002261 0.006664 
0.005501 0.005467 0.004750 0.006130 
0.001638 0.002223 0.001601 0.002250 
-0.007874 -0.005943 -0.006469 -0.007447 
-0.004104 0.005445 -0.004627 0.005008 
0.002204 -0.002552 0.002266 -0.002498 
0.003869 0.002436 0.003756 0.002607 
0.002825 -0.003434 0.002968 -0.003311 
0.004694 0.001326 0.004620 0.001565 
0.003397 -0.004495 0.003695 -0.004253 
-0.007693 -0.007144 -0.005802 -0.008749 
-0.006727 0.002938 -0.007022 0.002141 
-0.005651 -0.002333 -0.005445 -0.002778 
0.002920 -0.002647 0.003007 -0.002548 
-0.000072 0.003943 -0.000204 0.003939 
-0.003558 -0.003219 -0.003395 -0.003391 
0.004653 0.008996 0.002573 0.009796 
0.002515 0.005858 0.001995 0.006055 
-0.008052 0.002200 -0.008290 0.000975 
-0.004196 -0.003098 -0.004007 -0.003338 
-0.006486 0.000670 -0.006520 0.000076 
0.004908 0.003571 0.004610 0.003948 
-0.007808 -0.005188 -0.006695 -0.006561 
-0.008869 -0.006614 -0.006845 -0.008693 
-0.004424 0.009697 -0.006636 0.008340 
0.013030 0.001606 0.011565 0.006213 
0.007724 0.000358 0.007615 0.001345 
0.001248 0.009334 -0.000542 0.009401 
0.009960 -0.004177 0.010685 -0.001576 
0.001098 -0.007010 0.001848 -0.006850 
-0.007495 -0.004083 -0.006767 -0.005202 
-0.003644 0.004281 -0.003926 0.004024 
-0.003473 0.004165 -0.003729 0.003938 
-0.001580 0.006494 -0.002195 0.006313 
0.012662 0.001406 0.011419 0.005648 
0.005106 -0.004634 0.005552 -0.004089 
-0.005888 0.002334 -0.006067 0.001818 
-0.001250 -0.006670 -0.000585 -0.006761 
-0.006918 0.003757 -0.007356 0.002805 
0.005594 0.002426 0.005383 0.002865 
0.002687 -0.004997 0.003026 -0.004799 
0.004064 0.004483 0.003699 0.004789 
0.000789 -0.007399 0.001662 -0.007253 
0.002305 -0.002094 0.002348 -0.002046 
-0.005598 0.003137 -0.005853 0.002630 
-0.008169 -0.009784 -0.004329 -0.011988 
-0.012146 -0.002624 -0.010628 -0.006437 
0.000894 0.011666 -0.002528 0.011424 
0.010775 -0.003628 0.011357 -0.000534 
0.012325 0.002466 0.010800 0.006430 
0.002804 -0.006535 0.003496 -0.006193 
-0.004720 0.002498 -0.004864 0.002204 
-0.002779 -0.007582 -0.001693 -0.007895 
-0.002315 -0.007224 -0.001407 -0.007454 
-0.004412 0.007788 -0.005681 0.006917 
-0.006416 0.002612 -0.006651 0.001938 
-0.004086 0.005486 -0.004616 0.005049 
0.004708 -0.001972 0.004811 -0.001705 
-0.003099 0.005237 -0.003505 0.004974 
0.000077 -0.003525 0.000172 -0.003522 
-0.003520 0.002938 -0.003649 0.002776 
-0.002001 0.004099 -0.002183 0.004006 
-0.003836 0.007718 -0.005014 0.007010 
0.002557 -0.000550 0.002565 -0.000512 
-0.005137 0.007568 -0.006408 0.006528 
-0.008000 0.002370 -0.008264 0.001151 
-0.007336 -0.001843 -0.007055 -0.002729 
0.000488 0.004724 0.000258 0.004742 
-0.011853 -0.006342 -0.008569 -0.010358 
-0.010663 0.002029 -0.010832 -0.000706 
-0.002112 0.002760 -0.002183 0.002704 
0.008312 -0.012288 0.012996 -0.007153 
-0.010318 -0.010777 -0.004199 -0.014317 
-0.012482 -0.001846 -0.011139 -0.005927 
-0.011504 0.007505 -0.013532 0.002359 
-0.001279 0.007897 -0.002349 0.007647 
0.009706 -0.002091 0.009929 -0.000004 
-0.003336 -0.005909 -0.002736 -0.006210 
0.004511 0.005528 0.003881 0.005988 
0.002559 -0.004595 0.002828 -0.004435 
0.001092 -0.011663 0.004434 -0.010842 
-0.004916 0.000596 -0.004940 0.000336 
0.006630 -0.011221 0.010198 -0.008115 
-0.001269 -0.010445 0.001228 -0.010450 
-0.007220 -0.001280 -0.007024 -0.002103 
0.001314 0.003803 0.001181 0.003846 
-0.011060 0.007834 -0.013222 0.002979 
-0.006185 0.014583 -0.012795 0.009338 
0.001027 0.008870 -0.000501 0.008915 
-0.008906 0.004945 -0.009779 0.002853 
0.001073 0.011896 -0.002567 0.011665 
0.006631 -0.014055 0.012729 -0.008916 
-0.001246 -0.007800 -0.000192 -0.007896 
0.005944 -0.012541 0.010485 -0.009092 
-0.009508 -0.007782 -0.006532 -0.010407 
-0.002123 0.003859 -0.002282 0.003767 
0.002007 -0.005159 0.002342 -0.005016 
0.010315 -0.009612 0.013370 -0.004475 
0.000368 -0.013119 0.005088 -0.012097 
-0.002207 -0.006844 -0.001435 -0.007047 
-0.002635 0.005605 -0.003087 0.005369 
0.007176 0.004355 0.006437 0.005387 
-0.003246 -0.006599 -0.002459 -0.006931 
-0.002240 0.002145 -0.002284 0.002098 
-0.000595 -0.001959 -0.000577 -0.001964 
-0.012478 -0.008043 -0.007437 -0.012849 
-0.005408 0.007970 -0.006879 0.006742 
0.003728 0.002314 0.003629 0.002467 
-0.002015 0.011570 -0.005306 0.010477 
0.010163 0.007132 0.007291 0.010050 
0.000290 -0.003651 0.000395 -0.003641 
0.007545 0.003844 0.006866 0.004956 
0.001355 -0.012926 0.005856 -0.011603 
-0.003346 -0.007298 -0.002306 -0.007690 
-0.000126 -0.001711 -0.000115 -0.001712 
-0.005466 0.003273 -0.005731 0.002784 
0.002396 -0.006752 0.003124 -0.006447 
-0.006098 0.008566 -0.007943 0.006890 
0.005327 0.005396 0.004621 0.006011 
-0.002968 0.003839 -0.003159 0.003684 
0.000080 0.006414 -0.000486 0.006396 
0.001475 -0.004044 0.001635 -0.003982 
-0.000942 0.007261 -0.001770 0.007104 
-0.002104 -0.003440 -0.001982 -0.003511 
-0.004915 -0.009035 -0.002752 -0.009911 
-0.006228 -0.003678 -0.005776 -0.004353 
0.007527 0.007841 0.005317 0.009480 
0.006783 -0.004423 0.007337 -0.003426 
-0.006476 -0.002690 -0.006156 -0.003358 
-0.001323 0.010862 -0.004044 0.010168 
0.005827 -0.002405 0.006010 -0.001899 
-0.002858 0.004084 -0.003072 0.003925 
-0.012389 0.004999 -0.013359 0.000000 
-0.000222 0.007657 -0.001183 0.007569 
-0.006919 -0.001262 -0.006746 -0.001989 
-0.006790 0.002879 -0.007079 0.002068 
-0.003847 -0.006582 -0.002997 -0.007010 
-0.001856 0.002506 -0.001908 0.002466 
-0.006188 0.003741 -0.006568 0.003023 
0.004791 -0.001089 0.004841 -0.000839 
-0.005453 -0.006448 -0.004405 -0.007205 
-0.000030 -0.002528 0.000005 -0.002528 
0.007599 0.005741 0.006343 0.007104 
0.003288 0.000591 0.003273 0.000669 
-0.006317 -0.001814 -0.006122 -0.002392 
-0.008185 0.000844 -0.008221 -0.000351 
-0.003389 -0.002288 -0.003305 -0.002408 
-0.012369 0.004938 -0.013319 -0.000017 
0.001086 0.004716 0.000848 0.004765 
-0.007837 -0.000627 -0.007685 -0.001659 
-0.004242 -0.004037 -0.003933 -0.004338 
0.003198 0.012123 -0.001000 0.012498 
0.008092 0.000387 0.007957 0.001521 
-0.000487 0.005195 -0.000790 0.005158 
0.004677 0.002730 0.004496 0.003019 
0.005635 -0.002538 0.005824 -0.002067 
-0.007928 0.005003 -0.008726 0.003425 
0.002146 0.003166 0.002046 0.003232 
-0.002033 -0.007833 -0.000915 -0.008040 
-0.001567 -0.002940 -0.001497 -0.002976 
0.008652 0.007243 0.006373 0.009311 
0.007638 -0.004834 0.008365 -0.003426 
0.004510 -0.008727 0.006210 -0.007612 
-0.013547 -0.000807 -0.012189 -0.005966 
-0.007946 0.008709 -0.010157 0.005986 
0.008063 0.009907 0.004169 0.012074 
0.007610 0.004637 0.006712 0.005862 
0.011124 0.008320 0.006829 0.012097 
0.009765 -0.003401 0.010283 -0.001088 
0.001452 -0.000382 0.001454 -0.000375 
-0.000075 -0.011217 0.002924 -0.010829 
-0.004436 0.003209 -0.004633 0.002917 
-0.000946 -0.011951 0.002732 -0.011673 
-0.008184 -0.003564 -0.007457 -0.004906 
-0.002673 -0.005576 -0.002206 -0.005776 
0.005252 -0.002276 0.005400 -0.001901 
-0.002748 0.005876 -0.003267 0.005604 
0.005922 0.007831 0.004185 0.008882 
0.007805 -0.003480 0.008253 -0.002217 
0.002271 -0.006874 0.003029 -0.006575 
-0.008487 -0.009740 -0.004528 -0.012099 
-0.013173 0.006653 -0.014758 -0.000005 
0.014497 0.005565 0.009838 0.012014 
0.004819 -0.008796 0.006593 -0.007558 
-0.007317 0.001506 -0.007445 0.000620 
0.005172 0.005398 0.004488 0.005979 
-0.000405 0.002611 -0.000444 0.002604 
0.002794 -0.004079 0.003004 -0.003927 
-0.008589 -0.008312 -0.005675 -0.010519 
-0.007805 0.004603 -0.008492 0.003162 
-0.001236 0.007701 -0.002230 0.007474 
0.012154 -0.004902 0.013103 -0.000188 
-0.003312 -0.010986 -0.000113 -0.011474 
0.001356 -0.014474 0.007568 -0.012413 
-0.000758 -0.004641 -0.000537 -0.004671 
0.010555 -0.006938 0.012273 -0.002986 
0.000180 -0.004805 0.000419 -0.004790 
0.005653 0.002885 0.005382 0.003363 
-0.001598 -0.004386 -0.001391 -0.004456 
0.004301 -0.001149 0.004346 -0.000965 
0.000248 0.010992 -0.002584 0.010687 
0.007573 0.003637 0.006937 0.004739 
0.002713 -0.005159 0.003082 -0.004948 
0.002016 -0.003369 0.002127 -0.003300 
0.006140 -0.007756 0.007623 -0.006304 
-0.010148 0.001738 -0.010279 -0.000598 
0.006525 0.008529 0.004234 0.009869 
0.004709 0.000026 0.004703 0.000250 
-0.008670 0.007952 -0.010620 0.005062 
-0.002018 0.013688 -0.007323 0.011740 
0.002164 0.004902 0.001858 0.005026 
-0.009139 0.001845 -0.009322 0.000116 
0.008831 0.004990 0.007522 0.006805 
0.002017 -0.012450 0.006074 -0.011053 
-0.007183 -0.009398 -0.004078 -0.011104 
-0.007165 -0.002435 -0.006812 -0.003297 
-0.003835 0.003813 -0.004067 0.003564 
-0.001970 0.012902 -0.006458 0.011342 
0.009028 0.005155 0.007599 0.007095 
0.004276 -0.009462 0.006335 -0.008227 
-0.001266 -0.007490 -0.000329 -0.007589 
-0.002797 0.007782 -0.003906 0.007288 
0.005204 0.003874 0.004833 0.004328 
0.010947 -0.007843 0.013106 -0.003096 
0.000616 -0.004466 0.000811 -0.004435 
0.008649 0.003694 0.007795 0.005261 
0.002377 -0.004876 0.002681 -0.004716 
0.001981 -0.007961 0.003108 -0.007592 
-0.006132 0.000155 -0.006125 -0.000341 
-0.000761 0.001680 -0.000773 0.001674 
0.011433 -0.003361 0.011914 0.000229 
0.004523 0.002895 0.004335 0.003169 
-0.003306 -0.000843 -0.003284 -0.000925 
0.003333 0.002919 0.003207 0.003056 
0.004390 0.002599 0.004238 0.002840 
0.013462 -0.004173 0.013982 0.001775 
-0.009447 -0.007677 -0.006569 -0.010248 
-0.007032 0.002489 -0.007279 0.001633 
-0.011566 -0.002188 -0.010415 -0.005484 
-0.005060 0.002978 -0.005266 0.002595 
-0.002868 -0.004649 -0.002564 -0.004823 
0.009665 -0.005003 0.010613 -0.002409 
0.008308 -0.003054 0.008703 -0.001618 
0.009759 -0.004072 0.010448 -0.001632 
0.000448 -0.001948 0.000465 -0.001944 
0.005614 0.006064 0.004667 0.006820 
0.002021 0.004571 0.001773 0.004673 
0.003397 -0.005346 0.003845 -0.005033 
0.003769 0.002779 0.003634 0.002953 
0.000998 0.004998 0.000718 0.005046 
-0.010334 0.009681 -0.013433 0.004480 
0.002557 0.007113 0.001666 0.007373 
0.000422 -0.011648 0.003756 -0.011034 
-0.009926 0.001534 -0.010024 -0.000637 
0.004858 0.009213 0.002599 0.010086 
0.011557 -0.000086 0.011109 0.003189 
-0.008588 -0.010631 -0.003752 -0.013141 
-0.011271 -0.000244 -0.010788 -0.003275 
0.001065 0.011578 -0.002296 0.011398 
0.012504 -0.005526 0.013669 -0.000199 
-0.006818 -0.011596 -0.001913 -0.013315 
-0.007325 -0.000979 -0.007160 -0.001830 
0.011362 0.001420 0.010519 0.004522 
-0.002886 -0.005938 -0.002318 -0.006182 
0.000090 -0.001693 0.000100 -0.001693 
-0.011134 0.003126 -0.011563 -0.000158 
-0.011185 0.000642 -0.010952 -0.002362 
0.006014 0.012631 0.000333 0.013985 
0.003914 -0.002115 0.004000 -0.001946 
0.004731 0.010891 0.001266 0.011806 
0.003146 0.008881 0.001405 0.009317 
0.006645 -0.013564 0.012249 -0.008837 
-0.000871 -0.003792 -0.000747 -0.003819 
0.012750 -0.009190 0.015647 -0.001472 
0.011140 -0.009015 0.013923 -0.003393 
-0.001445 -0.009956 0.000737 -0.010033 
-0.000186 0.008912 -0.001698 0.008751 
0.005534 -0.003087 0.005779 -0.002599 
-0.003905 0.005686 -0.004465 0.005258 
0.009096 -0.002371 0.009380 -0.000611 
0.000728 -0.004707 0.000957 -0.004666 
-0.005917 -0.001662 -0.005762 -0.002136 
-0.004579 0.006271 -0.005351 0.005627 
0.007563 -0.001514 0.007694 -0.000538 
0.006036 0.003740 0.005596 0.004371 
0.000981 -0.003714 0.001098 -0.003681 
0.003337 0.009599 0.001143 0.010098 
0.005450 -0.002428 0.005620 -0.002005 
-0.008298 -0.004299 -0.007350 -0.005772 
-0.004733 -0.003078 -0.004511 -0.003395 
0.009660 -0.002454 0.009960 -0.000352 
-0.004689 -0.003085 -0.004469 -0.003395 
0.008691 0.004200 0.007682 0.005845 
0.013130 0.001457 0.011684 0.006165 
0.003457 -0.000670 0.003473 -0.000577 
0.014206 0.006194 0.009299 0.012397 
0.009530 -0.001432 0.009625 0.000486 
0.007922 0.008684 0.005035 0.010622 
0.004498 0.003087 0.004291 0.003368 
0.003386 0.007395 0.002304 0.007800 
0.004233 0.000399 0.004214 0.000563 
0.002392 -0.002904 0.002480 -0.002830 
0.003523 0.001357 0.003480 0.001464 
-0.003074 0.000424 -0.003082 0.000361 
0.000487 -0.008232 0.001680 -0.008073 
-0.005288 0.001922 -0.005406 0.001558 
-0.000505 -0.002304 -0.000477 -0.002310 
0.004864 0.002574 0.004686 0.002885 
-0.006530 0.007499 -0.007964 0.005954 
-0.000781 0.002889 -0.000837 0.002874 
0.000736 -0.002644 0.000779 -0.002632 
0.003799 -0.006627 0.004598 -0.006100 
0.000370 0.012221 -0.003508 0.011713 
0.011070 -0.003386 0.011576 -0.000103 
0.011469 0.001942 0.010431 0.005149 
0.000441 -0.012147 0.004210 -0.011402 
-0.007303 0.008834 -0.009475 0.006450 
0.007573 0.008819 0.004731 0.010618 
0.005258 0.006073 0.004368 0.006741 
-0.001410 0.004465 -0.001619 0.004394 
0.006001 0.000567 0.005939 0.001033 
0.005432 -0.010108 0.008038 -0.008189 
0.000362 -0.004310 0.000535 -0.004292 
0.006377 0.009757 0.003299 0.011180 
0.003066 0.002679 0.002968 0.002787 
0.013342 0.006733 0.008726 0.012133 
0.011701 -0.006183 0.013155 -0.001450 
0.007549 -0.003759 0.008033 -0.002567 
-0.000016 -0.002843 0.000033 -0.002842 
-0.003917 0.002795 -0.004051 0.002597 
-0.002692 0.006110 -0.003264 0.005825 
-0.000409 0.010054 -0.002569 0.009729 
0.010128 -0.008612 0.012599 -0.004243 
0.004987 -0.007833 0.006344 -0.006780 
0.005158 -0.002561 0.005327 -0.002188 
0.006701 0.002506 0.006386 0.003227 
-0.009115 -0.006849 -0.006873 -0.009096 
0.000851 0.002684 0.000805 0.002698 
-0.002332 -0.011459 0.001088 -0.011643 
-0.000861 -0.003299 -0.000778 -0.003319 
0.012302 0.000911 0.011358 0.004814 
-0.006424 -0.005779 -0.005419 -0.006731 
-0.001095 0.008204 -0.002286 0.007954 
0.005161 0.004092 0.004758 0.004555 
0.008978 -0.000924 0.009002 0.000653 
0.012605 0.007535 0.007908 0.012374 
0.000782 -0.008524 0.002109 -0.008296 
-0.004939 0.002754 -0.005117 0.002408 
0.002975 0.003906 0.002769 0.004055 
0.013318 0.001283 0.011863 0.006187 
0.011092 -0.008734 0.013718 -0.003339 
0.004789 -0.001771 0.004881 -0.001500 
-0.002873 0.004969 -0.003217 0.004753 
-0.005993 -0.004210 -0.005469 -0.004871 
0.004196 0.001254 0.004141 0.001426 
0.001019 -0.004382 0.001208 -0.004334 
-0.003186 -0.001944 -0.003127 -0.002038 
0.005813 -0.001672 0.005926 -0.001211 
-0.011016 -0.002047 -0.010072 -0.004909 
-0.009667 0.002354 -0.009946 0.000260 
-0.002826 0.000249 -0.002830 0.000200 
0.005553 0.002421 0.005345 0.002851 
0.005690 -0.007980 0.007205 -0.006644 
-0.004996 -0.002382 -0.004828 -0.002706 
-0.001206 -0.009295 0.000560 -0.009356 
-0.008443 0.002187 -0.008687 0.000784 
-0.002925 0.000109 -0.002927 0.000055 
0.007597 -0.002925 0.007935 -0.001818 
0.003228 -0.004158 0.003469 -0.003958 
-0.001510 -0.007507 -0.000554 -0.007637 
-0.002034 0.003924 -0.002197 0.003836 
-0.001288 -0.010446 0.001212 -0.010455 
0.000918 -0.004629 0.001138 -0.004580 
-0.003012 -0.002643 -0.002919 -0.002745 
0.002700 -0.002503 0.002772 -0.002423 
0.009735 -0.001806 0.009897 0.000269 
-0.008293 -0.010327 -0.003909 -0.012655 
-0.004120 0.006324 -0.004861 0.005773 
0.003610 -0.003979 0.003850 -0.003748 
-0.004017 0.009253 -0.005929 0.008162 
0.013194 -0.005874 0.014436 0.000424 
-0.006858 -0.012719 -0.000662 -0.014435 
-0.002494 -0.007514 -0.001463 -0.007781 
0.003206 -0.007221 0.004143 -0.006728 
-0.005906 -0.003158 -0.005575 -0.003712 
-0.005825 0.006709 -0.006874 0.005629 
0.012195 0.001974 0.010909 0.005797 
0.007155 -0.010161 0.010075 -0.007275 
-0.006018 -0.007455 -0.004441 -0.008489 
-0.003565 -0.005474 -0.003049 -0.005777 
0.003955 0.005333 0.003433 0.005683 
0.002552 -0.006370 0.003182 -0.006080 
-0.004804 -0.010255 -0.001832 -0.011175 
-0.003403 -0.000116 -0.003399 -0.000201 
0.009702 -0.009346 0.012527 -0.004956 
0.001073 -0.012796 0.005446 -0.011629 
-0.004704 -0.002180 -0.004571 -0.002448 
0.002700 -0.000325 0.002705 -0.000283 
-0.004650 0.001848 -0.004743 0.001595 
0.000200 -0.004830 0.000442 -0.004814 
0.000846 0.008271 -0.000387 0.008305 
-0.002829 0.003295 -0.002960 0.003178 
-0.003072 0.007100 -0.003958 0.006647 
0.000557 -0.000851 0.000559 -0.000850 
0.004621 0.013378 -0.001383 0.014086 
0.011067 -0.003299 0.011548 -0.000036 
0.009715 0.005507 0.007910 0.007883 
0.013281 0.001795 0.011629 0.006662 
0.009041 -0.001011 0.009077 0.000605 
0.007114 0.009641 0.003852 0.011346 
0.006991 0.004716 0.006192 0.005725 
0.007256 0.006405 0.005829 0.007727 
0.005113 -0.008382 0.006728 -0.007151 
0.003475 -0.003350 0.003639 -0.003171 
0.003550 -0.005608 0.004064 -0.005247 
0.011363 0.003250 0.009894 0.006465 
0.000993 -0.011208 0.003968 -0.010529 
-0.003563 0.002346 -0.003652 0.002205 
0.002635 -0.004094 0.002840 -0.003954 
0.007148 -0.009468 0.009644 -0.006910 
-0.010536 -0.007375 -0.007311 -0.010580 
-0.006667 0.002968 -0.006963 0.002187 
-0.012140 0.000608 -0.011723 -0.003213 
0.005352 0.004698 0.004809 0.005252 
-0.001425 -0.004612 -0.001192 -0.004677 
0.009208 -0.003227 0.009671 -0.001289 
-0.013880 -0.007182 -0.008413 -0.013171 
-0.011408 0.007971 -0.013656 0.002679 
-0.007750 0.008633 -0.009890 0.006064 
0.001222 0.005577 0.000829 0.005648 
0.000909 -0.000618 0.000911 -0.000615 
-0.008605 -0.011339 -0.003020 -0.013911 
-0.007886 -0.010489 -0.003559 -0.012631 
-0.004848 -0.002405 -0.004687 -0.002705 
0.000244 -0.000500 0.000245 -0.000500 
-0.000516 0.008658 -0.001903 0.008462 
-0.003591 -0.003140 -0.003434 -0.003311 
-0.005294 -0.000693 -0.005242 -0.001016 
0.009182 -0.006574 0.010619 -0.003844 
0.000517 -0.005242 0.000829 -0.005201 
0.005414 0.003533 0.005076 0.004004 
-0.004082 -0.008121 -0.002584 -0.008714 
-0.004655 -0.001714 -0.004558 -0.001958 
0.000470 0.002482 0.000436 0.002488 
-0.008545 -0.005177 -0.007247 -0.006877 
-0.006491 -0.004117 -0.005918 -0.004906 
-0.012233 0.002835 -0.012480 -0.001393 
-0.004380 -0.001657 -0.004297 -0.001861 
0.008337 -0.001177 0.008419 0.000102 
0.004040 0.003462 0.003822 0.003701 
0.005540 0.002466 0.005328 0.002895 
0.009885 -0.007316 0.011704 -0.003777 
0.001188 -0.004870 0.001449 -0.004799 
0.001836 0.006500 0.001191 0.006649 
-0.006114 0.001262 -0.006198 0.000746 
0.005989 0.003136 0.005653 0.003708 
-0.006345 -0.002152 -0.006109 -0.002754 
-0.007357 0.003967 -0.007868 0.002822 
0.007261 -0.001245 0.007357 -0.000392 
-0.006676 -0.009410 -0.003749 -0.010912 
-0.004767 -0.003568 -0.004482 -0.003920 
0.005529 -0.008631 0.007320 -0.007174 
-0.001537 -0.000367 -0.001535 -0.000375 
0.009215 -0.003190 0.009670 -0.001254 
-0.001538 -0.006406 -0.000935 -0.006521 
-0.008192 0.004613 -0.008915 0.002984 
0.000223 0.006867 -0.000473 0.006855 
0.007483 -0.002596 0.007764 -0.001567 
0.008002 0.004869 0.006948 0.006282 
0.001749 0.006119 0.001210 0.006248 
-0.002494 -0.002579 -0.002421 -0.002647 
-0.001464 -0.008883 0.000098 -0.009002 
0.001041 -0.004174 0.001206 -0.004129 
-0.003758 0.000349 -0.003767 0.000234 
0.009303 -0.002224 0.009558 -0.000364 
0.005268 0.004633 0.004750 0.005163 
0.008557 -0.013335 0.014191 -0.007046 
-0.004063 -0.008571 -0.002340 -0.009192 
-0.003855 -0.002601 -0.003730 -0.002778 
-0.006529 -0.002807 -0.006187 -0.003498 
0.002974 -0.007248 0.003901 -0.006794 
-0.005934 -0.002205 -0.005722 -0.002707 
-0.008957 0.007374 -0.010687 0.004513 
-0.004908 0.008419 -0.006512 0.007250 
-0.006553 0.001483 -0.006665 0.000841 
0.002447 -0.004057 0.002640 -0.003934 
-0.001789 -0.000211 -0.001788 -0.000224 
0.004240 -0.004707 0.004629 -0.004324 
-0.004463 0.007830 -0.005755 0.006936 
0.008391 0.002200 0.007928 0.003523 
-0.002284 -0.003225 -0.002174 -0.003300 
0.008396 0.008823 0.005208 0.011010 
0.006779 -0.013677 0.012513 -0.008744 
-0.001861 -0.005266 -0.001504 -0.005379 
0.006937 0.000295 0.006869 0.001011 
0.003566 0.004375 0.003258 0.004608 
-0.004124 -0.005607 -0.003519 -0.006005 
0.000256 0.010365 -0.002124 0.010148 
-0.001604 0.001744 -0.001624 0.001724 
-0.003465 -0.000713 -0.003444 -0.000806 
0.005142 0.000921 0.005079 0.001221 
-0.006580 -0.003441 -0.006127 -0.004195 
0.012860 0.006628 0.008700 0.011560 
0.003049 -0.000619 0.003061 -0.000556 
-0.004740 0.009489 -0.006874 0.008078 
-0.004426 0.008709 -0.006107 0.007625 
-0.000387 -0.000867 -0.000385 -0.000868 
-0.008160 0.014434 -0.014817 0.007443 
0.007062 0.012078 0.001514 0.013909 
0.009575 0.006614 0.007274 0.009083 
0.000734 -0.011419 0.003875 -0.010766 
-0.003495 0.002429 -0.003587 0.002291 
0.000837 -0.013107 0.005527 -0.011914 
-0.014504 -0.008064 -0.007540 -0.014783 
-0.003279 0.001604 -0.003324 0.001509 
-0.001543 -0.011961 0.002209 -0.011856 
-0.008101 -0.005129 -0.006937 -0.006619 
-0.008723 -0.009052 -0.005210 -0.011441 
-0.005855 -0.002822 -0.005575 -0.003341 
0.002124 -0.005081 0.002451 -0.004932 
0.001643 0.003013 0.001566 0.003054 
-0.005154 -0.009426 -0.002682 -0.010403 
-0.007842 -0.009625 -0.004285 -0.011652 
-0.009945 -0.004778 -0.008371 -0.007187 
-0.008146 -0.005134 -0.006969 -0.006645 
-0.002640 -0.001754 -0.002602 -0.001811 
-0.005665 -0.004526 -0.005118 -0.005136 
0.001061 0.008830 -0.000448 0.008882 
-0.006997 0.013761 -0.012843 0.008567 
0.008410 0.011324 0.002957 0.013792 
0.008605 0.010388 0.003997 0.012883 
0.010575 0.002850 0.009499 0.005452 
0.007911 -0.004343 0.008546 -0.002899 
-0.001845 -0.002534 -0.001792 -0.002572 
0.002381 0.005054 0.002037 0.005202 
-0.007616 0.006042 -0.008678 0.004382 
-0.008835 -0.000561 -0.008616 -0.002034 
0.003697 -0.004442 0.004006 -0.004165 
-0.001846 0.000678 -0.001852 0.000663 
-0.001155 -0.009134 0.000519 -0.009192 
-0.005366 0.014695 -0.012017 0.010016 
0.009425 0.000392 0.009179 0.002175 
-0.003594 -0.005610 -0.003043 -0.005927 
-0.004946 0.006723 -0.005893 0.005910 
0.009348 0.002427 0.008677 0.004239 
-0.001458 -0.009942 0.000717 -0.010023 
-0.000109 0.002074 -0.000128 0.002073 
0.011890 -0.009721 0.015114 -0.002727 
0.008127 -0.000968 0.008182 0.000208 
0.011338 -0.000965 0.011167 0.002186 
-0.001655 -0.004869 -0.001376 -0.004955 
0.006488 -0.002876 0.006761 -0.002158 
-0.001453 0.001089 -0.001460 0.001079 
-0.001446 -0.007563 -0.000474 -0.007686 
0.003250 0.008769 0.001554 0.009221 
0.007787 -0.003975 0.008332 -0.002648 
0.007151 -0.014883 0.014187 -0.008447 
-0.008650 -0.000318 -0.008487 -0.001700 
0.001420 0.009612 -0.000546 0.009701 
-0.000264 0.004812 -0.000504 0.004793 
-0.001548 -0.000735 -0.001544 -0.000745 
0.006912 0.005748 0.005815 0.006856 
0.003790 -0.007258 0.004793 -0.006639 
-0.000287 -0.012103 0.003476 -0.011596 
0.000235 0.008665 -0.001160 0.008590 
0.009801 -0.002701 0.010155 -0.000475 
0.009615 -0.002839 0.010000 -0.000712 
-0.002324 -0.005689 -0.001856 -0.005858 
0.006625 0.000097 0.006587 0.000721 
0.002412 0.009258 0.000556 0.009551 
0.001923 -0.008573 0.003313 -0.008138 
-0.005803 0.002626 -0.006010 0.002111 
0.005076 0.002608 0.004881 0.002957 
0.010465 -0.000938 0.010392 0.001547 
0.009878 -0.002042 0.010085 0.000149 
-0.008688 -0.010364 -0.004056 -0.012901 
-0.011865 0.000142 -0.011369 -0.003400 
-0.002249 0.005968 -0.002761 0.005749 
0.003371 -0.005083 0.003766 -0.004797 
-0.008844 -0.002066 -0.008341 -0.003593 
-0.000285 0.007683 -0.001256 0.007585 
-0.005939 0.001239 -0.006018 0.000766 
0.003875 0.008755 0.002087 0.009344 
-0.001086 -0.000258 -0.001085 -0.000261 
0.001452 0.007036 0.000665 0.007153 
-0.004377 -0.002956 -0.004192 -0.003213 
0.001226 -0.000184 0.001226 -0.000180 
-0.004204 0.005232 -0.004690 0.004802 
0.002650 -0.003615 0.002804 -0.003498 
-0.002018 -0.002491 -0.001962 -0.002535 
0.011492 0.008345 0.006925 0.012400 
0.011789 -0.007757 0.013945 -0.002165 
0.007519 -0.002173 0.007739 -0.001168 
0.011840 0.002079 0.010639 0.005597 
0.002241 -0.010134 0.004506 -0.009349 
-0.007542 -0.000768 -0.007390 -0.001692 
0.003531 -0.003541 0.003716 -0.003347 
0.005400 -0.006462 0.006318 -0.005567 
-0.000021 -0.011517 0.003219 -0.011058 
-0.011044 0.004041 -0.011743 0.000630 
-0.013285 -0.001572 -0.011725 -0.006441 
-0.009459 0.000691 -0.009416 -0.001139 
-0.003843 -0.008193 -0.002349 -0.008739 
-0.009547 0.001338 -0.009623 -0.000583 
0.000066 0.002232 0.000042 0.002232 
-0.011222 0.008463 -0.013712 0.003090 
-0.005218 0.001315 -0.005290 0.000988 
0.001646 -0.005109 0.001959 -0.004997 
0.001230 0.008284 -0.000027 0.008375 
-0.001641 0.002580 -0.001693 0.002546 
-0.002443 -0.003785 -0.002276 -0.003888 
0.005958 0.004307 0.005419 0.004968 
-0.003426 -0.007171 -0.002425 -0.007568 
-0.001051 -0.008390 0.000245 -0.008452 
-0.004804 0.005266 -0.005349 0.004711 
-0.004217 -0.003663 -0.003962 -0.003938 
-0.003416 -0.002599 -0.003311 -0.002732 
-0.013405 -0.001856 -0.011668 -0.006855 
-0.012050 0.003402 -0.012497 -0.000773 
-0.007934 -0.005556 -0.006661 -0.007032 
-0.002883 -0.008484 -0.001384 -0.008853 
-0.002330 -0.005397 -0.001923 -0.005555 
0.002288 0.009852 0.000085 0.010114 
0.000375 -0.011934 0.003956 -0.011265 
-0.005926 0.007206 -0.007162 0.005978 
0.011857 0.000231 0.011251 0.003750 
-0.000106 -0.004741 0.000124 -0.004741 
0.004830 0.009698 0.002257 0.010596 
0.005472 0.007218 0.004122 0.008065 
0.003319 0.009631 0.001107 0.010127 
0.002249 0.003269 0.002137 0.003343 
0.003950 0.009598 0.001643 0.010248 
0.012560 0.007181 0.008188 0.011928 
0.000531 -0.009202 0.002193 -0.008952 
-0.010871 0.008503 -0.013357 0.003475 
-0.002026 0.003344 -0.002135 0.003276 
0.002421 -0.006378 0.003046 -0.006105 
-0.004826 -0.006720 -0.003789 -0.007354 
0.000883 -0.008702 0.002295 -0.008440 
0.005404 0.003330 0.005096 0.003785 
0.008449 -0.001307 0.008549 0.000031 
0.004447 0.002149 0.004328 0.002379 
-0.001645 -0.005673 -0.001215 -0.005781 
0.003951 0.005320 0.003432 0.005669 
-0.002835 -0.006306 -0.002173 -0.006563 
-0.002122 0.008097 -0.003313 0.007687 
0.012162 -0.003888 0.012757 0.000522 
-0.000822 -0.009134 0.000833 -0.009133 
0.006595 -0.009506 0.009021 -0.007244 
-0.011857 -0.007161 -0.007994 -0.011312 
-0.011005 0.000557 -0.010777 -0.002301 
-0.003622 0.000487 -0.003634 0.000383 
0.002985 -0.000686 0.002998 -0.000626 
-0.000723 0.007512 -0.001635 0.007368 
0.002433 -0.005893 0.002937 -0.005658 
-0.003489 0.003104 -0.003631 0.002938 
-0.001947 0.005407 -0.002326 0.005256 
-0.012407 0.006202 -0.013853 0.000695 
0.013649 0.007832 0.007788 0.013674 
0.006690 -0.002412 0.006912 -0.001672 
-0.006686 0.000479 -0.006701 -0.000168 
0.002863 0.005979 0.002287 0.006223 
-0.007783 0.002538 -0.008066 0.001395 
-0.010307 -0.003803 -0.008987 -0.006320 
-0.010537 0.001107 -0.010496 -0.001442 
0.005420 0.003610 0.005069 0.004089 
-0.006855 0.001821 -0.007012 0.001070 
0.004383 0.002278 0.004258 0.002505 
0.001641 0.005007 0.001339 0.005096 
-0.010384 0.001849 -0.010527 -0.000662 
-0.001985 0.000511 -0.001990 0.000493 
0.002257 -0.012460 0.006333 -0.010965 
-0.002238 -0.010059 0.000095 -0.010304 
-0.001586 -0.006114 -0.001057 -0.006228 
-0.004570 0.004153 -0.004895 0.003765 
0.004668 -0.005914 0.005353 -0.005302 
0.002379 -0.002370 0.002436 -0.002311 
-0.006999 0.002813 -0.007290 0.001939 
-0.007000 -0.000074 -0.006954 -0.000809 
0.007319 0.005446 0.006233 0.006661 
0.001764 0.002912 0.001691 0.002955 
-0.000220 0.002423 -0.000251 0.002420 
-0.005860 -0.003784 -0.005433 -0.004375 
0.004986 -0.002704 0.005161 -0.002353 
-0.012004 -0.001715 -0.010877 -0.005360 
-0.007761 -0.000332 -0.007653 -0.001333 
0.003247 -0.003857 0.003452 -0.003674 
0.004366 -0.009834 0.006653 -0.008457 
-0.004697 -0.004106 -0.004338 -0.004484 
0.002556 0.005647 0.002082 0.005838 
0.000137 0.000709 0.000136 0.000709 
0.009742 -0.003990 0.010408 -0.001580 
-0.002452 -0.009369 -0.000527 -0.009670 
-0.000900 0.009091 -0.002507 0.008785 
0.009647 -0.001794 0.009810 0.000226 
0.004536 0.001576 0.004452 0.001798 
-0.011553 -0.002316 -0.010362 -0.005610 
0.000976 0.012155 -0.002891 0.011846 
0.005857 -0.014859 0.012742 -0.009630 
-0.010308 -0.007125 -0.007368 -0.010135 
0.001298 0.001987 0.001274 0.002003 
-0.001737 -0.003679 -0.001605 -0.003738 
0.014289 0.001605 0.012212 0.007591 
0.011365 -0.008963 0.014133 -0.003124 
0.006964 -0.013524 0.012571 -0.008565 
-0.004859 -0.008576 -0.002976 -0.009397 
-0.000011 0.000351 -0.000011 0.000351 
0.000560 -0.007945 0.001635 -0.007795 
0.006875 0.001369 0.006692 0.002086 
-0.002280 -0.007492 -0.001276 -0.007726 
0.005249 0.012117 0.000450 0.013198 
0.005562 -0.003083 0.005809 -0.002589 
-0.002661 0.007372 -0.003608 0.006957 
0.004643 0.000460 0.004617 0.000676 
-0.000291 -0.003142 -0.000224 -0.003148 
0.001638 0.006084 0.001114 0.006201 
-0.003265 -0.000558 -0.003251 -0.000635 
0.006293 -0.004574 0.006833 -0.003719 
0.003480 0.001187 0.003444 0.001288 
-0.004438 -0.003041 -0.004241 -0.003311 
-0.003620 -0.002153 -0.003535 -0.002289 
-0.001162 0.006878 -0.001873 0.006719 
0.012605 0.001377 0.011394 0.005565 
0.000947 -0.013180 0.005711 -0.011916 
0.000810 -0.007703 0.001793 -0.007535 
0.001490 0.003457 0.001384 0.003501 
0.004441 0.008042 0.002918 0.008711 
0.009777 0.010893 0.003920 0.014102 
0.004318 0.004536 0.003921 0.004884 
-0.005682 -0.007848 -0.003994 -0.008827 
-0.002618 0.002150 -0.002670 0.002084 
0.008765 -0.004699 0.009559 -0.002744 
0.005209 -0.009246 0.007272 -0.007728 
-0.009910 -0.004929 -0.008286 -0.007338 
-0.004004 -0.002114 -0.003907 -0.002288 
-0.000328 -0.003852 -0.000204 -0.003861 
0.011292 -0.008163 0.013631 -0.002888 
0.010468 -0.000212 0.010228 0.002237 
0.001057 0.005431 0.000698 0.005489 
-0.003494 -0.000221 -0.003487 -0.000313 
0.004197 0.003454 0.003969 0.003713 
0.010644 -0.008575 0.013148 -0.003734 
-0.006116 -0.003235 -0.005751 -0.003846 
0.006328 0.012496 0.000660 0.013992 
0.009109 0.006348 0.007129 0.008512 
0.005235 -0.002991 0.005452 -0.002574 
0.004852 0.001898 0.004733 0.002177 
-0.011802 -0.002357 -0.010513 -0.005858 
-0.005859 0.002590 -0.006064 0.002064 
-0.003910 -0.003357 -0.003712 -0.003574 
0.005070 0.004343 0.004632 0.004808 
-0.002887 -0.002585 -0.002802 -0.002676 
-0.000703 -0.003053 -0.000639 -0.003067 
0.010092 -0.002489 0.010394 -0.000100 
-0.004002 0.000053 -0.004001 -0.000085 
0.007382 -0.009686 0.010045 -0.006886 
-0.009600 -0.007483 -0.006776 -0.010111 
-0.006390 0.003742 -0.006785 0.002965 
0.006218 0.000327 0.006169 0.000843 
0.003361 -0.006442 0.004069 -0.006020 
0.000635 0.001478 0.000627 0.001481 
-0.004628 0.006503 -0.005472 0.005811 
0.003868 -0.008290 0.005288 -0.007465 
-0.012440 -0.000332 -0.011649 -0.004377 
0.000109 0.013469 -0.005018 0.012500 
0.011744 -0.006783 0.013451 -0.001738 
0.004612 -0.002533 0.004754 -0.002254 
0.001226 0.004613 0.000999 0.004668 
-0.005546 -0.002401 -0.005341 -0.002829 
-0.011301 0.001380 -0.011245 -0.001781 
-0.002022 -0.002388 -0.001971 -0.002430 
-0.005217 -0.009071 -0.002959 -0.010037 
-0.004266 -0.004223 -0.003927 -0.004540 
0.008355 0.005363 0.007041 0.007000 
0.002594 -0.001064 0.002612 -0.001020 
-0.009149 0.006752 -0.010650 0.003984 
-0.005450 0.007736 -0.006829 0.006551 
-0.007721 0.008733 -0.009908 0.006141 
0.006889 0.009220 0.004022 0.010783 
0.008066 0.005035 0.006942 0.006497 
0.004635 0.009404 0.002306 0.010227 
0.004444 0.009262 0.002248 0.010024 
0.001805 0.008695 0.000312 0.008875 
-0.002844 0.003499 -0.002994 0.003371 
-0.002673 0.005390 -0.003084 0.005166 
-0.011353 -0.001490 -0.010491 -0.004588 
-0.001768 0.007932 -0.002872 0.007602 
-0.000352 0.000313 -0.000352 0.000313 
0.001553 0.010818 -0.001244 0.010858 
-0.005853 0.003339 -0.006150 0.002753 
0.005016 0.001379 0.004927 0.001669 
-0.000602 -0.006097 -0.000109 -0.006125 
-0.004087 0.006048 -0.004752 0.005541 
0.000369 -0.002687 0.000412 -0.002681 
0.004200 0.011350 0.000481 0.012092 
0.000692 0.003200 0.000618 0.003215 
-0.002043 -0.008180 -0.000774 -0.008395 
0.002535 -0.012835 0.006980 -0.011065 
-0.012885 -0.007513 -0.007984 -0.012598 
-0.011494 0.009040 -0.014311 0.003005 
-0.008159 0.003978 -0.008732 0.002478 
-0.000230 -0.000613 -0.000230 -0.000614 
-0.009122 0.002759 -0.009484 0.000938 
-0.001266 0.007177 -0.002076 0.006987 
0.012612 0.000829 0.011597 0.005025 
-0.000872 -0.009281 0.000866 -0.009281 
-0.006550 0.014182 -0.012771 0.008997 
0.001726 0.008702 0.000236 0.008869 
-0.004463 0.002204 -0.004574 0.001963 
-0.005344 -0.008272 -0.003517 -0.009199 
-0.008720 -0.004315 -0.007669 -0.005987 
-0.002762 0.005548 -0.003210 0.005301 
-0.010996 0.002073 -0.011152 -0.000924 
-0.004792 -0.001595 -0.004697 -0.001855 
-0.003397 0.003913 -0.003617 0.003711 
-0.003033 0.004345 -0.003290 0.004154 
-0.012882 -0.001254 -0.011615 -0.005711 
-0.007645 0.008703 -0.009804 0.006170 
0.000669 0.008105 -0.000485 0.008118 
0.000335 0.002159 0.000313 0.002162 
-0.009662 -0.003845 -0.008517 -0.005966 
-0.006895 -0.002164 -0.006609 -0.002923 
-0.000014 -0.007732 0.000976 -0.007670 
0.000840 -0.007288 0.001676 -0.007142 
-0.011213 0.008250 -0.013592 0.003010 
-0.003809 -0.000403 -0.003795 -0.000523 
-0.008885 -0.012041 -0.002303 -0.014786 
-0.014769 -0.007063 -0.008540 -0.013967 
-0.003674 0.004125 -0.003937 0.003875 
0.005034 -0.002159 0.005163 -0.001830 
-0.002141 0.001317 -0.002159 0.001287 
-0.000543 0.003269 -0.000620 0.003256 
-0.000666 -0.005214 -0.000355 -0.005244 
0.012116 -0.009061 0.014959 -0.002264 
0.013134 -0.007032 0.014896 -0.000218 
0.007518 -0.000804 0.007560 0.000123 
0.010409 -0.001841 0.010548 0.000687 
-0.005707 -0.007590 -0.004139 -0.008547 
-0.002351 -0.006290 -0.001731 -0.006488 
-0.001624 0.003880 -0.001770 0.003815 
0.003159 0.002815 0.003048 0.002934 
-0.001267 0.006004 -0.001748 0.005882 
0.007517 -0.000873 0.007567 0.000056 
-0.006831 0.004663 -0.007440 0.003613 
0.008337 -0.003318 0.008784 -0.001833 
0.001998 -0.004733 0.002263 -0.004612 
0.001095 -0.003683 0.001211 -0.003646 
-0.009175 0.002136 -0.009414 0.000358 
0.007551 0.006206 0.006127 0.007615 
0.001805 -0.011773 0.005255 -0.010688 
-0.003925 -0.005527 -0.003361 -0.005887 
0.001871 0.002719 0.001807 0.002762 
-0.012186 -0.007080 -0.008162 -0.011490 
-0.011513 0.002852 -0.011840 -0.000705 
-0.007070 -0.004814 -0.006229 -0.005862 
-0.001738 -0.006195 -0.001181 -0.006325 
0.003367 -0.001497 0.003409 -0.001398 
-0.002693 0.004505 -0.002955 0.004338 
0.001496 -0.004363 0.001693 -0.004290 
0.000389 -0.008510 0.001705 -0.008346 
-0.011341 0.006510 -0.012923 0.002001 
-0.005493 0.005506 -0.006161 0.004748 
0.005388 0.002574 0.005175 0.002979 
0.007418 -0.008609 0.009493 -0.006247 
-0.011856 -0.007147 -0.008004 -0.011295 
-0.005038 0.002264 -0.005175 0.001929 
0.003434 -0.004106 0.003680 -0.003887 
0.006344 0.003087 0.005978 0.003747 
-0.002016 -0.000229 -0.002014 -0.000247 
0.004184 -0.005799 0.004794 -0.005305 
0.009526 -0.001518 0.009637 0.000404 
-0.009256 -0.008371 -0.005993 -0.010947 
-0.009429 0.008452 -0.011730 0.004771 
0.001201 0.007266 0.000348 0.007356 
-0.002045 -0.007205 -0.001164 -0.007398 
0.003132 0.007002 0.002225 0.007341 
0.001810 -0.012679 0.006076 -0.011274 
-0.009987 -0.010287 -0.004631 -0.013569 
-0.003316 -0.000362 -0.003307 -0.000442 
0.009995 -0.007119 0.011740 -0.003572 
0.005533 -0.007001 0.006644 -0.005957 
0.008176 -0.010975 0.011822 -0.006896 
-0.011804 -0.007432 -0.007770 -0.011585 
-0.006695 0.013788 -0.012528 0.008830 
0.015027 0.007118 0.008468 0.014310 
0.004948 -0.001393 0.005020 -0.001110 
0.004289 0.008588 0.002516 0.009263 
0.001972 0.002073 0.001935 0.002108 
0.002007 0.008894 0.000394 0.009109 
0.000160 0.002197 0.000137 0.002199 
-0.005735 0.004336 -0.006181 0.003674 
0.006011 -0.000852 0.006059 -0.000374 
-0.004725 -0.002930 -0.004520 -0.003237 
-0.002128 -0.001426 -0.002108 -0.001456 
-0.002487 -0.005693 -0.002007 -0.005880 
0.005339 -0.008777 0.007176 -0.007352 
-0.012791 0.005792 -0.014041 0.000022 
0.007572 0.010991 0.002919 0.013024 
0.007739 0.002077 0.007380 0.003122 
0.002370 -0.004348 0.002595 -0.004217 
0.001698 -0.011588 0.004991 -0.010595 
-0.008100 -0.005247 -0.006895 -0.006753 
-0.004746 -0.008327 -0.003021 -0.009096 
-0.006051 -0.004244 -0.005512 -0.004923 
-0.008917 0.013720 -0.014947 0.006660 
0.003819 0.011124 0.000393 0.011754 
-0.002989 0.004737 -0.003301 0.004525 
-0.013010 -0.002134 -0.011335 -0.006734 
-0.000920 0.004075 -0.001072 0.004038 
-0.003225 -0.008732 -0.001553 -0.009179 
-0.005413 -0.001690 -0.005283 -0.002060 
-0.000575 0.003782 -0.000693 0.003762 
0.004683 0.003204 0.004450 0.003520 
0.006462 -0.008150 0.008166 -0.006442 
-0.004200 -0.003160 -0.004005 -0.003404 
-0.002839 -0.008997 -0.001077 -0.009373 
-0.000010 0.011824 -0.003509 0.011292 
0.010976 -0.002219 0.011171 0.000783 
0.004605 0.001347 0.004533 0.001573 
-0.001416 -0.002624 -0.001365 -0.002650 
-0.012281 -0.007199 -0.008098 -0.011708 
0.000336 0.008606 -0.001034 0.008550 
0.002257 -0.003870 0.002422 -0.003769 
0.000443 0.002806 0.000394 0.002814 
-0.006898 -0.005578 -0.005861 -0.006660 
-0.002846 0.005791 -0.003352 0.005513 
-0.001532 -0.006236 -0.000974 -0.006348 
-0.007057 0.002904 -0.007365 0.002001 
0.006388 0.001296 0.006243 0.001874 
0.000783 -0.011520 0.004007 -0.010829 
-0.011372 -0.000739 -0.010728 -0.003843 
-0.001801 0.004832 -0.002074 0.004721 
-0.012604 -0.001368 -0.011396 -0.005555 
-0.006664 0.009369 -0.009023 0.007126 
0.012053 0.000511 0.011311 0.004195 
-0.008799 -0.001994 -0.008318 -0.003495 
-0.000194 0.007279 -0.001020 0.007209 
-0.004405 -0.003313 -0.004180 -0.003593 
-0.006089 -0.005802 -0.005141 -0.006657 
-0.002582 -0.002193 -0.002527 -0.002256 
0.003274 -0.000855 0.003294 -0.000774 
-0.011892 0.008274 -0.014309 0.002264 
-0.004232 0.003368 -0.004435 0.003096 
0.006481 -0.002413 0.006694 -0.001735 
0.007306 0.003051 0.006830 0.004005 
0.000514 -0.002947 0.000571 -0.002936 
-0.002713 0.003834 -0.002892 0.003701 
-0.003038 0.012464 -0.007167 0.010641 
0.012376 0.006392 0.008727 0.010856 
-0.000753 -0.009958 0.001382 -0.009890 
-0.011222 0.008062 -0.013506 0.002917 
-0.006777 0.013890 -0.012725 0.008772 
0.009513 0.011365 0.003305 0.014448 
0.011964 -0.004359 0.012733 -0.000013 
-0.004560 -0.008689 -0.002678 -0.009440 
-0.001941 -0.002022 -0.001906 -0.002055 
-0.002632 -0.005465 -0.002192 -0.005656 
0.003319 -0.006906 0.004162 -0.006434 
-0.005620 0.001694 -0.005730 0.001273 
-0.001498 -0.006704 -0.000812 -0.006822 
0.003239 -0.000693 0.003254 -0.000616 
-0.000954 0.000104 -0.000954 0.000102 
-0.003325 -0.011843 0.000632 -0.012284 
0.000286 -0.002883 0.000338 -0.002877 
0.002181 -0.001411 0.002201 -0.001379 
-0.006327 0.015219 -0.013667 0.009212 
0.000302 0.004486 0.000107 0.004495 
-0.010554 0.009672 -0.013670 0.004251 
-0.004832 0.010356 -0.007511 0.008612 
0.004277 0.013080 -0.001249 0.013705 
0.008520 -0.003595 0.009033 -0.001978 
-0.002120 -0.004294 -0.001906 -0.004393 
-0.000629 0.011797 -0.004086 0.011084 
0.003717 -0.005711 0.004268 -0.005312 
-0.000975 0.008349 -0.002226 0.008105 
0.008473 -0.000234 0.008408 0.001071 
0.001728 0.006593 0.001062 0.006733 
-0.000810 -0.011267 0.002271 -0.011066 
-0.007550 0.013206 -0.012935 0.008006 
0.008196 0.011402 0.002783 0.013764 
0.008943 0.004263 0.007852 0.006041 
0.001811 0.002459 0.001761 0.002495 
0.003448 0.008188 0.002016 0.008652 
0.004955 0.003848 0.004612 0.004252 
-0.005377 -0.009103 -0.003057 -0.010121 
-0.010745 -0.004777 -0.008876 -0.007713 
-0.003844 0.007305 -0.004869 0.006666 
-0.000841 0.011689 -0.004204 0.010939 
0.006745 -0.002963 0.007044 -0.002158 
-0.007781 -0.000352 -0.007669 -0.001361 
0.004959 0.004300 0.004541 0.004740 
-0.007619 -0.010210 -0.003672 -0.012199 
-0.008528 -0.005018 -0.007293 -0.006688 
-0.003313 0.006162 -0.003942 0.005780 
0.000104 -0.009070 0.001698 -0.008911 
-0.010427 0.008666 -0.012959 0.003986 
-0.002255 0.007528 -0.003231 0.007164 
0.004796 -0.000716 0.004826 -0.000473 
-0.009855 -0.000245 -0.009590 -0.002282 
0.003036 0.007780 0.001841 0.008147 
-0.003102 0.005518 -0.003565 0.005230 
0.001434 -0.005597 0.001831 -0.005479 
-0.006973 0.000133 -0.006949 -0.000595 
0.004140 0.000877 0.004103 0.001035 
-0.003600 0.004517 -0.003914 0.004247 
0.002441 -0.005635 0.002889 -0.005419 
-0.006154 0.008362 -0.007910 0.006726 
0.005068 0.005077 0.004476 0.005605 
-0.002080 0.002115 -0.002120 0.002075 
-0.007235 0.011835 -0.011380 0.007931 
0.009398 0.007171 0.006856 0.009630 
0.002235 -0.005998 0.002754 -0.005779 
-0.009603 0.008197 -0.011799 0.004495 
-0.005334 0.007194 -0.006489 0.006173 
0.002217 0.005608 0.001772 0.005764 
0.003843 -0.009819 0.006057 -0.008631 
0.004898 -0.009319 0.006958 -0.007901 
-0.004388 -0.013445 0.001614 -0.014051 
-0.008756 0.004505 -0.009498 0.002597 
-0.000393 0.001909 -0.000409 0.001905 
-0.006402 -0.003017 -0.006041 -0.003687 
0.005324 -0.008089 0.006836 -0.006860 
-0.000858 -0.005468 -0.000497 -0.005512 
-0.008512 0.004269 -0.009177 0.002540 
-0.002409 0.002390 -0.002467 0.002330 
-0.007004 -0.000951 -0.006861 -0.001696 
-0.001606 0.014229 -0.007520 0.012185 
0.005435 0.013054 -0.000496 0.014131 
0.004465 0.005110 0.003938 0.005526 
0.001775 -0.007175 0.002603 -0.006917 
-0.007721 -0.003345 -0.007125 -0.004476 
-0.001696 0.004196 -0.001879 0.004117 
0.005055 0.003209 0.004793 0.003588 
0.004150 -0.006797 0.005035 -0.006170 
-0.006625 0.003184 -0.006949 0.002395 
-0.012002 -0.000213 -0.011366 -0.003859 
0.002008 0.006561 0.001336 0.006730 
0.002847 -0.005110 0.003215 -0.004887 
0.009186 -0.000918 0.009200 0.000771 
0.004724 0.006915 0.003632 0.007545 
0.006905 -0.001208 0.006994 -0.000474 
-0.007424 -0.004660 -0.006557 -0.005817 
0.005002 0.003463 0.004711 0.003850 
-0.005833 -0.006189 -0.004805 -0.007017 
-0.001337 -0.006444 -0.000732 -0.006540 
-0.003496 0.004922 -0.003871 0.004634 
0.002541 -0.011778 0.006033 -0.010429 
-0.012853 -0.007226 -0.008221 -0.012241 
-0.010690 0.002142 -0.010885 -0.000629 
-0.002702 0.000452 -0.002709 0.000409 
0.005817 -0.008473 0.007574 -0.006947 
-0.003187 -0.006273 -0.002503 -0.006576 
0.001205 0.009269 -0.000545 0.009331 
0.002311 -0.005941 0.002820 -0.005717 
-0.004220 0.002682 -0.004358 0.002452 
-0.011973 -0.000646 -0.011210 -0.004256 
0.009808 0.007940 0.006575 0.010771 
0.004892 -0.009500 0.007054 -0.008027 
-0.006759 -0.004382 -0.006085 -0.005279 
-0.008387 -0.008565 -0.005387 -0.010709 
-0.003854 0.000732 -0.003877 0.000605 
0.008228 -0.011471 0.012248 -0.007018 
-0.002488 -0.012260 0.001697 -0.012395 
0.004691 -0.004809 0.005134 -0.004333 
0.001599 0.001733 0.001578 0.001752 
0.005108 0.001852 0.004980 0.002172 
-0.003052 0.007157 -0.003954 0.006701 
0.005447 -0.014317 0.011685 -0.009904 
-0.002046 -0.004403 -0.001820 -0.004501 
0.008552 0.000204 0.008414 0.001540 
-0.000417 0.003834 -0.000540 0.003819 
0.003104 0.001946 0.003046 0.002035 
0.002160 -0.002478 0.002217 -0.002427 
0.005829 0.001623 0.005683 0.002076 
0.004164 -0.009846 0.006433 -0.008538 
-0.002137 -0.009425 -0.000215 -0.009661 
-0.003368 0.007072 -0.004269 0.006568 
0.009640 -0.006112 0.010954 -0.003210 
0.008838 -0.001285 0.008928 0.000241 
0.009664 -0.003543 0.010215 -0.001270 
-0.001958 -0.004424 -0.001733 -0.004517 
0.008024 -0.004673 0.008747 -0.003115 
0.001343 -0.007276 0.002188 -0.007068 
-0.010509 -0.004230 -0.008960 -0.006932 
-0.004096 -0.001127 -0.004049 -0.001285 
0.009216 -0.004896 0.010100 -0.002626 
0.009772 -0.006684 0.011314 -0.003485 
-0.000710 -0.011155 0.002275 -0.010944 
-0.011916 -0.001090 -0.011026 -0.004648 
-0.004662 0.008652 -0.006344 0.007505 
-0.002560 0.003473 -0.002697 0.003367 
-0.008710 0.002136 -0.008947 0.000606 
-0.005657 0.001339 -0.005739 0.000925 
0.003857 0.007170 0.002800 0.007645 
-0.001349 -0.009094 0.000315 -0.009188 
-0.006952 0.001457 -0.007069 0.000696 
0.006597 0.000165 0.006553 0.000781 
0.006618 -0.005951 0.007530 -0.004744 
0.002728 0.002930 0.002625 0.003022 
0.004356 0.010164 0.001566 0.010947 
0.001120 0.006140 0.000602 0.006212 
-0.002265 -0.001857 -0.002231 -0.001898 
-0.003213 -0.004722 -0.002874 -0.004935 
0.005733 -0.009778 0.008182 -0.007845 
-0.002714 0.001102 -0.002734 0.001052 
0.006129 -0.013749 0.011850 -0.009283 
-0.009764 -0.006809 -0.007273 -0.009423 
-0.009929 0.006958 -0.011599 0.003529 
-0.008314 0.004625 -0.009051 0.002931 
-0.003898 0.004061 -0.004165 0.003786 
-0.001316 0.013082 -0.005976 0.011712 
0.007733 0.010232 0.003713 0.012276 
0.005012 0.001972 0.004879 0.002281 
-0.003549 0.001149 -0.003582 0.001042 
0.008499 -0.004230 0.009154 -0.002515 
0.004051 -0.002738 0.004186 -0.002526 
0.005242 0.003203 0.004965 0.003617 
-0.008435 -0.004776 -0.007306 -0.006370 
-0.004118 0.009589 -0.006229 0.008372 
0.002116 0.008942 0.000468 0.009177 
0.010120 -0.006427 0.011595 -0.003047 
0.001562 -0.005139 0.001878 -0.005033 
0.004465 -0.003846 0.004739 -0.003502 
-0.002856 0.006645 -0.003584 0.006283 
0.009175 -0.007490 0.010985 -0.004429 
0.001427 -0.011721 0.004823 -0.010778 
-0.007923 0.001148 -0.008006 0.000050 
0.005164 0.001788 0.005039 0.002116 
-0.010321 0.003251 -0.010805 0.000579 
0.008437 0.010613 0.003704 0.013042 
0.002519 0.003232 0.002401 0.003320 
-0.002850 0.006176 -0.003449 0.005863 
0.009178 -0.001506 0.009298 0.000216 
0.004936 0.005057 0.004366 0.005556 
-0.000470 0.001030 -0.000473 0.001028 
0.011767 -0.006973 0.013557 -0.001814 
0.000036 -0.002811 0.000084 -0.002810 
0.001015 0.010408 -0.001436 0.010358 
-0.000022 0.006304 -0.000560 0.006279 
0.009339 -0.005511 0.010420 -0.003002 
0.008406 -0.003289 0.008850 -0.001774 
0.001362 -0.006850 0.002071 -0.006670 
-0.007360 0.002242 -0.007585 0.001290 
0.004018 -0.005059 0.004455 -0.004678 
-0.012310 0.007405 -0.014296 0.001407 
-0.003549 0.003806 -0.003764 0.003594 
0.002450 -0.011373 0.005608 -0.010192 
-0.004342 -0.008413 -0.002651 -0.009089 
-0.006649 0.000212 -0.006639 -0.000421 
0.000547 0.006519 -0.000054 0.006542 
-0.003630 -0.003135 -0.003470 -0.003311 
-0.007086 -0.000962 -0.006938 -0.001733 
-0.001176 0.011218 -0.004161 0.010484 
0.010366 0.000722 0.009922 0.003086 
0.004558 -0.005740 0.005188 -0.005177 
0.002627 -0.001479 0.002655 -0.001428 
-0.007044 0.002836 -0.007341 0.001944 
-0.013550 0.004886 -0.014332 -0.001434 
0.001834 0.009925 -0.000364 0.010086 
-0.008172 0.001303 -0.008274 0.000091 
-0.003565 -0.002973 -0.003424 -0.003135 
-0.004552 -0.000869 -0.004507 -0.001078 
0.009471 -0.007193 0.011190 -0.004029 
-0.005970 -0.004433 -0.005402 -0.005110 
0.002618 0.004370 0.002371 0.004509 
-0.012453 -0.001038 -0.011417 -0.005081 
-0.009163 0.005853 -0.010340 0.003362 
-0.003648 0.001128 -0.003682 0.001013 
0.001390 -0.012963 0.005928 -0.011612 
-0.003374 -0.011722 0.000481 -0.012189 
-0.004802 -0.003946 -0.004458 -0.004331 
0.000741 0.003689 0.000628 0.003710 
-0.007514 -0.005066 -0.006508 -0.006306 
-0.005640 -0.007809 -0.003981 -0.008771 
-0.003061 -0.011369 0.000410 -0.011767 
0.004682 -0.007202 0.005761 -0.006373 
0.009591 -0.006738 0.011136 -0.003656 
-0.001233 -0.006591 -0.000592 -0.006679 
-0.002622 0.006777 -0.003372 0.006437 
0.004843 0.000853 0.004792 0.001104 
-0.001554 0.001684 -0.001573 0.001667 
0.005938 -0.001429 0.006034 -0.000949 
-0.000753 0.007167 -0.001547 0.007038 
-0.002566 0.001681 -0.002599 0.001629 
0.008752 -0.003022 0.009157 -0.001368 
-0.000787 -0.003406 -0.000697 -0.003426 
0.002535 0.005930 0.001996 0.006132 
0.001194 -0.004407 0.001390 -0.004349 
-0.006711 -0.001162 -0.006562 -0.001824 
-0.003449 0.008398 -0.004875 0.007659 
-0.009426 0.007357 -0.011210 0.004162 
-0.000679 0.005342 -0.001010 0.005289 
-0.006621 -0.003189 -0.006207 -0.003934 
0.004877 0.009935 0.002124 0.010861 
0.002579 0.007356 0.001599 0.007629 
-0.002547 0.004799 -0.002846 0.004627 
-0.000327 -0.000889 -0.000326 -0.000890 
0.008161 0.002602 0.007651 0.003851 
-0.001400 -0.006308 -0.000829 -0.006408 
-0.000528 0.003352 -0.000611 0.003338 
-0.000833 -0.003432 -0.000740 -0.003453 
0.012759 0.001356 0.011499 0.005692 
0.004125 -0.001795 0.004199 -0.001614 
0.002871 0.011228 -0.000443 0.011581 
-0.003021 0.005033 -0.003386 0.004796 
-0.012711 0.007211 -0.014590 0.000834 
-0.000773 0.011664 -0.004116 0.010941 
0.008395 -0.004757 0.009173 -0.002993 
-0.002335 -0.006239 -0.001730 -0.006433 
-0.009294 0.005872 -0.010490 0.003288 
-0.005465 0.008525 -0.007196 0.007124 
0.006904 0.004891 0.006073 0.005891 
0.002598 0.002457 0.002530 0.002528 
-0.001471 0.003161 -0.001553 0.003121 
0.002608 -0.004163 0.002820 -0.004023 
0.002472 -0.003808 0.002638 -0.003695 
0.003548 -0.005725 0.004088 -0.005352 
-0.007908 0.013395 -0.013517 0.007696 
0.003174 0.005354 0.002718 0.005600 
-0.006722 -0.002258 -0.006439 -0.002970 
0.001514 0.008352 0.000208 0.008485 
-0.007651 0.012195 -0.012158 0.007710 
0.007704 0.006418 0.006149 0.007921 
0.002376 -0.007354 0.003298 -0.006989 
-0.002515 0.001835 -0.002553 0.001782 
0.000037 -0.002627 0.000076 -0.002626 
0.014022 0.007634 0.007995 0.013820 
0.011715 -0.007079 0.013552 -0.001923 
0.004942 -0.004841 0.005413 -0.004308 
-0.005778 -0.003883 -0.005343 -0.004462 
-0.001508 0.009857 -0.003564 0.009313 
0.002837 -0.004715 0.003138 -0.004521 
-0.001922 0.004757 -0.002188 0.004641 
-0.001510 -0.008500 -0.000135 -0.008632 
-0.007852 0.002490 -0.008130 0.001323 
-0.013317 -0.002567 -0.011302 -0.007496 
-0.008459 0.000039 -0.008365 -0.001256 
0.002214 -0.003682 0.002358 -0.003592 
0.003442 -0.004227 0.003705 -0.003999 
-0.003344 0.003430 -0.003509 0.003261 
-0.002238 0.004811 -0.002524 0.004667 
-0.011949 -0.003034 -0.010344 -0.006707 
-0.004263 0.003620 -0.004497 0.003325 
0.004922 -0.005130 0.005449 -0.004566 
0.002617 0.000956 0.002601 0.000999 
-0.003708 0.004549 -0.004034 0.004262 
0.011660 -0.003468 0.012159 0.000351 
0.004142 0.005406 0.003584 0.005791 
0.002875 0.002497 0.002796 0.002585 
-0.011727 -0.002223 -0.010512 -0.005654 
0.001733 0.011254 -0.001429 0.011296 
-0.001461 0.003923 -0.001608 0.003866 
0.002720 -0.001353 0.002746 -0.001298 
0.000050 0.011806 -0.003436 0.011295 
0.005181 0.002852 0.004952 0.003233 
-0.004631 0.005130 -0.005132 0.004628 
-0.000907 -0.001804 -0.000891 -0.001812 
-0.003221 -0.007525 -0.002108 -0.007909 
-0.004062 -0.012201 0.000437 -0.012852 
-0.008476 0.004969 -0.009318 0.003117 
-0.000200 0.002776 -0.000247 0.002773 
0.001934 -0.002651 0.001995 -0.002606 
0.008214 -0.002928 0.008581 -0.001553 
0.006195 -0.002665 0.006426 -0.002047 
-0.004342 -0.000028 -0.004338 -0.000204 
0.000947 -0.011063 0.003811 -0.010429 
-0.007265 0.000064 -0.007226 -0.000759 
0.003758 -0.005414 0.004247 -0.005040 
-0.003512 -0.008969 -0.001666 -0.009487 
-0.001646 -0.002222 -0.001609 -0.002249 
-0.003232 0.000048 -0.003232 -0.000025 
0.011898 -0.007948 0.014150 -0.002124 
-0.000272 -0.002904 -0.000218 -0.002908 
0.002548 0.005634 0.002077 0.005824 
-0.007975 -0.004971 -0.006894 -0.006386 
-0.006672 -0.001614 -0.006475 -0.002280 
-0.004527 0.010522 -0.007275 0.008847 
-0.005358 0.005722 -0.006065 0.004967 
-0.004964 -0.003466 -0.004676 -0.003846 
-0.011663 0.003558 -0.012190 -0.000285 
-0.004240 -0.003366 -0.004020 -0.003626 
-0.015186 -0.006814 -0.008752 -0.014158 
0.000319 0.009600 -0.001578 0.009475 
0.004573 -0.003706 0.004836 -0.003355 
-0.009335 0.002968 -0.009745 0.000994 
0.008170 0.010828 0.003369 0.013139 
0.007108 0.004946 0.006223 0.006022 
0.007717 0.001709 0.007419 0.002726 
-0.005266 -0.006566 -0.004210 -0.007289 
-0.007612 -0.005269 -0.006519 -0.006573 
0.001152 0.008917 -0.000406 0.008982 
0.005412 -0.001068 0.005470 -0.000712 
-0.003843 0.006755 -0.004685 0.006201 
0.001132 0.010902 -0.001689 0.010829 
0.005769 0.003135 0.005455 0.003655 
-0.008983 -0.009581 -0.004903 -0.012184 
-0.006071 0.002591 -0.006286 0.002012 
0.012774 0.001600 0.011414 0.005954 
0.008965 -0.004797 0.009801 -0.002704 
0.003252 -0.003752 0.003446 -0.003575 
0.003840 -0.009430 0.005829 -0.008349 
-0.000222 -0.007169 0.000570 -0.007150 
-0.002718 0.007715 -0.003796 0.007246 
0.009919 -0.003298 0.010414 -0.000900 
-0.008862 -0.011000 -0.003487 -0.013688 
-0.008547 -0.011922 -0.002331 -0.014483 
0.000921 -0.004277 0.001096 -0.004235 
0.011090 -0.008496 0.013589 -0.003244 
0.006618 -0.016001 0.014902 -0.008818 
-0.008036 -0.011964 -0.002084 -0.014261 
-0.001827 -0.005433 -0.001439 -0.005548 
0.006587 -0.003082 0.006894 -0.002315 
0.006357 -0.001943 0.006512 -0.001331 
-0.004053 0.005049 -0.004491 0.004664 
0.010228 -0.002198 0.010458 0.000246 
0.002224 -0.005191 0.002574 -0.005026 
-0.006843 0.002188 -0.007043 0.001417 
0.003468 -0.006662 0.004248 -0.006193 
-0.007957 0.009185 -0.010426 0.006243 
0.003146 0.000078 0.003143 0.000145 
-0.005375 0.002765 -0.005575 0.002335 
0.001757 0.000078 0.001756 0.000089 
0.000633 0.007120 -0.000152 0.007147 
0.003163 -0.003867 0.003366 -0.003692 
0.006182 -0.002567 0.006401 -0.001961 
-0.005199 -0.002075 -0.005047 -0.002421 
-0.003552 -0.011827 0.000444 -0.012341 
-0.003756 -0.009546 -0.001520 -0.010145 
0.000575 0.002528 0.000538 0.002536 
-0.002547 -0.010001 -0.000211 -0.010318 
0.004963 -0.009972 0.007414 -0.008312 
0.002953 -0.011138 0.005968 -0.009856 
-0.008597 -0.009792 -0.004537 -0.012215 
-0.010940 -0.001661 -0.010131 -0.004449 
-0.005294 0.007991 -0.006758 0.006797 
0.002618 0.001998 0.002570 0.002058 
-0.010453 -0.008230 -0.006650 -0.011523 
-0.010066 0.004442 -0.010870 0.001703 
-0.004524 0.005877 -0.005186 0.005303 
0.008650 0.007963 0.005941 0.010146 
0.006925 -0.001566 0.007054 -0.000808 
0.010155 -0.002358 0.010425 0.000056 
-0.011971 0.001154 -0.011751 -0.002562 
0.000808 0.002493 0.000771 0.002505 
-0.000411 0.008422 -0.001687 0.008261 
0.006946 0.000804 0.006823 0.001528 
-0.001046 0.002028 -0.001069 0.002016 
0.001048 -0.005867 0.001493 -0.005770 
-0.003757 0.005755 -0.004321 0.005345 
0.011208 -0.007798 0.013362 -0.002809 
0.004494 -0.003154 0.004689 -0.002856 
-0.007286 0.002538 -0.007550 0.001587 
-0.004699 0.005769 -0.005351 0.005170 
0.005760 -0.006874 0.006857 -0.005781 
-0.007983 -0.002408 -0.007535 -0.003569 
0.002126 0.002184 0.002082 0.002226 
-0.004201 -0.000734 -0.004169 -0.000898 
0.011390 -0.006586 0.013005 -0.001996 
0.005408 -0.009682 0.007749 -0.007934 
-0.012313 0.005595 -0.013517 0.000452 
0.003068 0.006415 0.002355 0.006710 
-0.005823 -0.003081 -0.005511 -0.003609 
0.007066 0.005593 0.005988 0.006734 
-0.002477 -0.008056 -0.001223 -0.008339 
-0.004097 0.004701 -0.004475 0.004343 
0.004363 -0.007989 0.005709 -0.007090 
0.002930 -0.004460 0.003197 -0.004272 
0.005126 -0.005037 0.005652 -0.004439 
0.003898 0.001913 0.003818 0.002069 
0.001436 -0.004706 0.001678 -0.004625 
-0.002548 -0.001315 -0.002524 -0.001359 
-0.011170 0.000635 -0.010937 -0.002356 
0.009297 0.011011 0.003635 0.013945 
0.008734 -0.001100 0.008796 0.000363 
-0.000943 -0.008058 0.000202 -0.008110 
0.006524 -0.009522 0.008948 -0.007292 
-0.010327 -0.004037 -0.008914 -0.006594 
0.004436 0.012504 -0.000495 0.013258 
0.009604 -0.002116 0.009834 -0.000089 
0.000928 0.001845 0.000911 0.001854 
0.010492 0.002178 0.009642 0.004674 
-0.002990 -0.009216 -0.001083 -0.009628 
-0.003285 -0.002478 -0.003192 -0.002596 
-0.002794 -0.005568 -0.002321 -0.005782 
0.005343 0.003631 0.004996 0.004094 
-0.001553 -0.004655 -0.001311 -0.004730 
0.011568 -0.003113 0.011967 0.000544 
0.004643 -0.000206 0.004647 0.000009 
-0.003907 0.006547 -0.004693 0.006009 
0.005119 -0.001686 0.005214 -0.001363 
-0.002872 0.005115 -0.003242 0.004888 
0.003945 0.009268 0.001847 0.009902 
-0.000322 0.000254 -0.000322 0.000254 
0.001644 0.008627 0.000198 0.008780 
-0.007771 0.005731 -0.008756 0.004070 
-0.003900 0.006487 -0.004667 0.005959 
0.006182 0.012334 0.000767 0.013775 
0.000889 0.008251 -0.000337 0.008292 
0.000158 0.007356 -0.000697 0.007325 
0.007990 -0.009715 0.010772 -0.006494 
-0.012525 -0.008244 -0.007261 -0.013120 
-0.009202 0.001366 -0.009296 -0.000359 
-0.006530 -0.010197 -0.003049 -0.011718 
-0.008164 -0.005177 -0.006967 -0.006701 
-0.004975 -0.001099 -0.004906 -0.001375 
0.001225 0.009565 -0.000698 0.009618 
0.005660 -0.001829 0.005782 -0.001394 
0.000948 0.009346 -0.000831 0.009357 
-0.003576 0.006096 -0.004209 0.005678 
0.008124 -0.004540 0.008824 -0.002958 
0.002559 -0.006699 0.003282 -0.006376 
-0.007816 -0.009441 -0.004417 -0.011433 
-0.005666 0.000514 -0.005688 0.000119 
0.005501 -0.009571 0.007791 -0.007820 
-0.011535 -0.002092 -0.010427 -0.005358 
-0.005165 0.001911 -0.005278 0.001570 
-0.001099 -0.006910 -0.000367 -0.006988 
0.002626 -0.013419 0.007664 -0.011324 
-0.007165 -0.011865 -0.001802 -0.013743 
-0.003261 0.001451 -0.003299 0.001361 
0.010063 -0.008906 0.012684 -0.004436 
-0.003532 -0.006543 -0.002731 -0.006916 
0.005590 0.003664 0.005213 0.004183 
-0.001617 -0.003539 -0.001501 -0.003590 
0.004477 -0.008694 0.006157 -0.007597 
-0.008674 0.002022 -0.008891 0.000521 
0.004644 0.004809 0.004161 0.005232 
-0.000853 0.000015 -0.000853 0.000014 
0.010444 -0.002607 0.010764 0.000046 
-0.002558 -0.002085 -0.002509 -0.002144 
0.005755 0.008626 0.003627 0.009714 
0.000767 0.008342 -0.000495 0.008362 
-0.003878 0.004212 -0.004165 0.003929 
0.006770 0.007255 0.005095 0.008515 
0.003128 -0.004612 0.003429 -0.004393 
-0.001700 0.003064 -0.001780 0.003018 
-0.003092 0.005174 -0.003487 0.004917 
0.000920 0.001631 0.000908 0.001638 
-0.007982 0.001001 -0.008044 -0.000115 
0.004466 -0.006216 0.005210 -0.005606 
-0.010560 0.009173 -0.013385 0.004064 
0.001002 0.011774 -0.002523 0.011544 
0.012567 -0.004258 0.013251 0.000684 
-0.000029 -0.008208 0.001156 -0.008126 
0.002842 0.000404 0.002834 0.000455 
-0.001858 -0.001770 -0.001833 -0.001796 
-0.008125 -0.005142 -0.006950 -0.006645 
0.000055 0.012514 -0.004080 0.011830 
0.006218 0.001775 0.006034 0.002326 
0.004154 0.009543 0.001840 0.010244 
0.001246 -0.000538 0.001248 -0.000533 
-0.006684 0.005923 -0.007596 0.004697 
-0.002472 -0.002905 -0.002380 -0.002981 
0.001420 -0.004381 0.001618 -0.004311 
0.003822 -0.006548 0.004599 -0.006027 
-0.003948 0.001328 -0.003995 0.001180 
0.008361 -0.001752 0.008532 -0.000425 
0.003755 -0.000578 0.003771 -0.000461 
-0.006426 0.003439 -0.006776 0.002685 
0.006091 0.001522 0.005940 0.002032 
0.005196 -0.007976 0.006641 -0.006820 
0.003952 -0.005045 0.004382 -0.004677 
-0.008218 -0.012077 -0.002024 -0.014467 
-0.011385 -0.000705 -0.010749 -0.003819 
-0.000710 0.008460 -0.002007 0.008249 
-0.002958 -0.002309 -0.002887 -0.002397 
-0.001715 -0.006029 -0.001200 -0.006152 
0.006302 -0.001872 0.006448 -0.001280 
-0.001587 0.007300 -0.002449 0.007058 
0.010051 0.004537 0.008538 0.006979 
0.009830 0.004382 0.008448 0.006668 
0.008372 0.005254 0.007093 0.006883 
0.009584 -0.002351 0.009863 -0.000308 
-0.011301 -0.000621 -0.010707 -0.003670 
0.004031 0.008483 0.002361 0.009090 
0.000311 -0.000190 0.000311 -0.000190 
-0.003486 0.005557 -0.003985 0.005212 
-0.012808 -0.003135 -0.010780 -0.007593 
-0.009960 0.006081 -0.011291 0.002950 
-0.007050 0.004435 -0.007630 0.003339 
-0.000225 0.006934 -0.000940 0.006874 
0.007360 -0.001870 0.007535 -0.000946 
-0.004702 -0.001894 -0.004591 -0.002150 
-0.002150 0.003526 -0.002278 0.003445 
-0.002112 0.002791 -0.002185 0.002735 
-0.005809 -0.000203 -0.005779 -0.000624 
0.006863 0.003959 0.006268 0.004846 
-0.007184 -0.008790 -0.004507 -0.010419 
-0.005198 -0.003748 -0.004848 -0.004192 
0.002492 0.001852 0.002453 0.001903 
-0.001347 0.004069 -0.001507 0.004013 
0.006762 0.000195 0.006710 0.000858 
-0.007474 -0.005827 -0.006217 -0.007153 
-0.002919 0.005436 -0.003353 0.005179 
0.002186 -0.004024 0.002365 -0.003921 
0.005903 -0.006381 0.006857 -0.005343 
0.004033 0.003630 0.003795 0.003878 
0.008606 -0.001784 0.008782 -0.000337 
-0.008700 -0.011090 -0.003327 -0.013697 
-0.012640 0.000427 -0.012045 -0.003858 
-0.001365 0.013921 -0.006928 0.012151 
0.008747 0.011421 0.002983 0.014073 
0.008706 0.004830 0.007488 0.006561 
0.002758 0.001493 0.002726 0.001551 
0.003437 0.001028 0.003408 0.001123 
-0.002468 -0.000673 -0.002458 -0.000708 
0.002293 -0.011838 0.005821 -0.010560 
-0.007982 -0.009661 -0.004333 -0.011759 
-0.011977 0.000581 -0.011586 -0.003088 
-0.005753 0.007166 -0.006952 0.006010 
-0.005298 0.002125 -0.005434 0.001749 
0.007827 0.004280 0.006985 0.005550 
0.002573 -0.007036 0.003401 -0.006676 
-0.000347 0.009126 -0.001968 0.008918 
0.012012 -0.007489 0.014041 -0.001792 
0.006983 -0.008558 0.008962 -0.006456 
-0.002840 -0.006994 -0.001964 -0.007289 
-0.001529 -0.010010 0.000695 -0.010102 
-0.007034 0.002373 -0.007265 0.001526 
-0.012031 -0.001096 -0.011106 -0.004754 
-0.000847 0.011928 -0.004414 0.011113 
0.004906 -0.002661 0.005072 -0.002327 
-0.004817 0.007119 -0.005882 0.006268 
-0.001695 0.002770 -0.001758 0.002731 
0.000084 -0.005144 0.000376 -0.005130 
-0.008879 0.000888 -0.008901 -0.000637 
0.000908 0.007515 -0.000022 0.007570 
0.002845 -0.003373 0.002984 -0.003251 
-0.001419 -0.009778 0.000648 -0.009859 
0.000973 0.012740 -0.003464 0.012298 
-0.000530 -0.008482 0.000788 -0.008462 
-0.010034 0.003740 -0.010644 0.001180 
-0.004394 -0.002698 -0.004233 -0.002945 
0.005048 -0.008840 0.006875 -0.007507 
-0.001353 -0.001741 -0.001334 -0.001755 
0.005325 0.000283 0.005298 0.000608 
-0.002028 0.006061 -0.002551 0.005860 
-0.000397 -0.002792 -0.000349 -0.002799 
0.008020 0.011094 0.003030 0.013350 
-0.000931 0.006968 -0.001664 0.006830 
-0.006622 0.002279 -0.006825 0.001570 
0.004968 0.000594 0.004929 0.000861 
-0.005196 0.001639 -0.005290 0.001305 
0.004238 -0.009422 0.006270 -0.008212 
-0.002517 -0.007585 -0.001455 -0.007858 
-0.001316 0.013109 -0.006002 0.011728 
-0.000527 0.007965 -0.001609 0.007819 
-0.006281 -0.003757 -0.005808 -0.004453 
-0.001534 0.009825 -0.003572 0.009281 
0.006245 -0.009547 0.008638 -0.007452 
-0.009493 -0.006879 -0.007080 -0.009345 
-0.007670 0.005192 -0.008492 0.003698 
-0.000118 -0.000327 -0.000117 -0.000327 
-0.005155 0.007485 -0.006396 0.006457 
0.003966 -0.006145 0.004645 -0.005650 
-0.002715 0.001495 -0.002745 0.001439 
0.000195 -0.012605 0.004405 -0.011812 
-0.010447 -0.006464 -0.007843 -0.009457 
0.000247 0.002612 0.000208 0.002615 
-0.001287 -0.010707 0.001401 -0.010693 
-0.000231 -0.007756 0.000772 -0.007721 
-0.005521 -0.003292 -0.005208 -0.003769 
-0.008094 -0.011055 -0.003105 -0.013344 
-0.000749 -0.004124 -0.000593 -0.004149 
0.002166 -0.004256 0.002372 -0.004144 
-0.007491 0.002939 -0.007826 0.001872 
-0.005380 -0.003646 -0.005027 -0.004119 
0.005105 -0.004427 0.005514 -0.003906 
0.003261 -0.006850 0.004081 -0.006395 
-0.000651 0.008434 -0.001935 0.008235 
0.006539 -0.010064 0.009293 -0.007594 
-0.011853 0.001430 -0.011733 -0.002211 
0.003234 0.010117 0.000711 0.010597 
-0.004791 0.004864 -0.005253 0.004361 
-0.009234 0.003580 -0.009779 0.001569 
0.009121 0.010595 0.004009 0.013393 
0.004167 0.001940 0.004075 0.002128 
0.000764 0.011876 -0.002830 0.011559 
0.003229 -0.006528 0.003950 -0.006118 
-0.011310 0.008618 -0.013887 0.003056 
-0.002945 0.003119 -0.003066 0.003000 
0.004311 -0.008525 0.005890 -0.007522 
-0.008517 -0.005634 -0.007052 -0.007386 
-0.004182 -0.002380 -0.004058 -0.002585 
-0.012761 -0.000954 -0.011650 -0.005294 
-0.008153 -0.000902 -0.007938 -0.002067 
0.001859 -0.004221 0.002050 -0.004132 
-0.000288 -0.001712 -0.000277 -0.001714 
0.005495 0.003015 0.005221 0.003467 
0.001477 0.009320 -0.000323 0.009431 
-0.006754 0.009445 -0.009171 0.007122 
0.004056 0.008079 0.002583 0.008663 
0.001629 -0.002969 0.001701 -0.002928 
-0.007294 0.013097 -0.012543 0.008212 
0.006923 0.012238 0.001263 0.014004 
0.003787 0.007990 0.002398 0.008511 
0.002162 0.002129 0.002119 0.002171 
0.006565 0.003894 0.006027 0.004683 
-0.004859 -0.004251 -0.004460 -0.004668 
0.008671 -0.001567 0.008811 -0.000105 
-0.004489 -0.001832 -0.004390 -0.002056 
0.004316 0.003020 0.004129 0.003272 
0.007221 0.012562 0.001021 0.014454 
0.005056 0.008495 0.003174 0.009362 
0.002618 0.005972 0.002063 0.006186 
-0.007184 -0.000646 -0.007067 -0.001444 
0.007983 0.011599 0.002476 0.013861 
-0.000097 0.004366 -0.000276 0.004358 
-0.012319 0.007434 -0.014319 0.001409 
-0.008739 0.001698 -0.008900 0.000192 
-0.006624 0.000541 -0.006645 -0.000089 
0.004469 0.002937 0.004280 0.003206 
-0.014581 -0.000996 -0.012631 -0.007352 
-0.011076 0.003731 -0.011682 0.000367 
-0.012640 -0.001165 -0.011495 -0.005385 
-0.005306 0.008084 -0.006812 0.006862 
0.005080 0.004794 0.004551 0.005299 
0.000631 0.002817 0.000581 0.002828 
-0.004607 -0.003919 -0.004285 -0.004268 
0.007050 -0.001724 0.007199 -0.000917 
-0.007116 -0.008795 -0.004460 -0.010396 
-0.007898 -0.000082 -0.007816 -0.001137 
0.005961 0.005290 0.005186 0.006052 
0.006889 0.002835 0.006503 0.003634 
-0.008378 -0.010472 -0.003813 -0.012857 
-0.005818 0.002363 -0.005997 0.001862 
0.007174 0.003747 0.006577 0.004716 
0.003960 0.008165 0.002461 0.008735 
0.015055 0.006574 0.008991 0.013748 
0.012181 -0.006397 0.013718 -0.001056 
0.007809 -0.008979 0.010141 -0.006227 
-0.005977 -0.008061 -0.004107 -0.009156 
-0.006302 -0.003547 -0.005864 -0.004232 
-0.011047 0.001640 -0.011087 -0.001344 
-0.009766 0.002886 -0.010162 0.000657 
0.001600 0.006760 0.000891 0.006889 
0.001627 -0.002403 0.001670 -0.002373 
0.008944 -0.001023 0.008986 0.000542 
0.004517 0.003477 0.004264 0.003784 
0.006935 0.005498 0.005916 0.006582 
0.002008 -0.000187 0.002010 -0.000169 
-0.002945 0.011879 -0.006551 0.010337 
0.001718 0.004026 0.001551 0.004093 
-0.007867 0.012239 -0.012445 0.007538 
0.000968 0.010564 -0.001590 0.010488 
-0.008538 0.002336 -0.008809 0.000872 
-0.005838 0.002325 -0.006014 0.001822 
0.004918 -0.003871 0.005226 -0.003444 
-0.010081 0.001651 -0.010196 -0.000632 
-0.005371 0.002401 -0.005534 0.001995 
0.007420 -0.001320 0.007525 -0.000407 
-0.006549 0.002224 -0.006743 0.001541 
0.005356 -0.004214 0.005749 -0.003660 
-0.007524 0.001502 -0.007653 0.000541 
0.004322 0.000319 0.004306 0.000493 
-0.001068 -0.008593 0.000324 -0.008653 
-0.011193 0.003562 -0.011746 0.000136 
-0.004406 -0.002660 -0.004248 -0.002906 
0.001999 -0.005098 0.002323 -0.004958 
0.000647 0.001620 0.000636 0.001625 
-0.011261 -0.001277 -0.010487 -0.004297 
-0.005345 0.005160 -0.005918 0.004491 
-0.006683 -0.004387 -0.006019 -0.005261 
-0.007842 0.013749 -0.013782 0.007783 
0.002560 0.004938 0.002227 0.005097 
-0.009125 0.001126 -0.009178 -0.000541 
0.002882 0.007083 0.001972 0.007388 
0.000430 -0.003138 0.000497 -0.003128 
0.000345 0.004944 0.000084 0.004956 
0.001337 -0.005612 0.001735 -0.005502 
0.002266 0.005469 0.001848 0.005624 
-0.004300 0.002213 -0.004405 0.001995 
-0.003525 -0.000669 -0.003505 -0.000766 
0.009709 -0.000986 0.009707 0.001007 
0.003322 -0.000815 0.003341 -0.000732 
-0.002762 -0.001792 -0.002719 -0.001856 
0.000289 -0.005886 0.000727 -0.005848 
-0.007574 -0.004567 -0.006704 -0.005770 
-0.003151 0.000406 -0.003159 0.000338 
0.004311 -0.001428 0.004370 -0.001236 
0.004119 0.002448 0.003994 0.002648 
-0.006167 -0.009826 -0.003108 -0.011177 
-0.002653 -0.008261 -0.001288 -0.008580 
-0.006590 -0.002206 -0.006326 -0.002877 
0.008301 0.010768 0.003490 0.013141 
0.013650 0.006590 0.008897 0.012271 
0.010718 -0.003740 0.011333 -0.000667 
0.012038 -0.005249 0.013122 -0.000532 
-0.001506 -0.010279 0.000897 -0.010350 
0.001828 -0.002571 0.001883 -0.002531 
0.006226 -0.002426 0.006429 -0.001818 
-0.001406 0.006357 -0.001978 0.006203 
0.006098 0.002398 0.005851 0.002950 
-0.003543 0.003893 -0.003769 0.003676 
0.004313 -0.010107 0.006762 -0.008662 
0.005308 -0.008638 0.007071 -0.007266 
0.002659 -0.005580 0.003108 -0.005343 
-0.008821 -0.004671 -0.007627 -0.006439 
-0.004878 0.007907 -0.006253 0.006872 
-0.004509 0.008491 -0.006095 0.007434 
0.009773 -0.002451 0.010071 -0.000278 
-0.013156 -0.007389 -0.008141 -0.012705 
-0.005454 0.001299 -0.005530 0.000928 
0.004719 -0.007996 0.006111 -0.006990 
0.003743 -0.005062 0.004160 -0.004725 
-0.003518 -0.009692 -0.001232 -0.010237 
-0.003693 0.006628 -0.004482 0.006121 
0.011308 -0.000267 0.010956 0.002813 
0.004491 0.000589 0.004461 0.000787 
-0.000789 -0.000383 -0.000789 -0.000384 
0.009849 -0.001092 0.009859 0.000995 
0.002676 -0.006732 0.003416 -0.006388 
-0.007689 0.014478 -0.014345 0.007934 
0.003694 0.010750 0.000606 0.011350 
0.006580 0.001601 0.006391 0.002240 
-0.014523 -0.006043 -0.009454 -0.012572 
-0.006740 0.014346 -0.013156 0.008841 
0.010215 0.006516 0.007690 0.009363 
0.008013 -0.004649 0.008730 -0.003101 
0.011769 -0.003480 0.012264 0.000444 
0.012900 0.000624 0.011861 0.005110 
-0.000618 -0.009786 0.001403 -0.009704 
-0.006399 0.009444 -0.008757 0.007311 
0.007279 0.002137 0.006960 0.003018 
-0.008718 -0.004502 -0.007607 -0.006197 
-0.002230 0.005085 -0.002562 0.004927 
-0.009579 0.004196 -0.010293 0.001850 
0.001917 0.005923 0.001417 0.006062 
-0.001349 -0.007460 -0.000419 -0.007569 
-0.001026 0.004365 -0.001214 0.004317 
-0.004122 -0.007855 -0.002742 -0.008437 
-0.006988 0.001375 -0.007096 0.000606 
0.011656 0.000775 0.010935 0.004111 
-0.006843 -0.011410 -0.002118 -0.013135 
-0.004798 -0.008912 -0.002736 -0.009745 
-0.012307 -0.007870 -0.007552 -0.012505 
-0.011065 0.008315 -0.013468 0.003193 
-0.006163 0.002105 -0.006329 0.001535 
0.003427 0.003552 0.003236 0.003726 
0.004146 0.002371 0.004024 0.002571 
-0.002741 0.005440 -0.003165 0.005204 
-0.012128 0.002761 -0.012365 -0.001349 
-0.007245 -0.002152 -0.006927 -0.003023 
0.001939 0.005380 0.001556 0.005503 
0.004388 -0.009204 0.006318 -0.008003 
-0.000153 -0.011427 0.003017 -0.011022 
-0.006216 -0.002864 -0.005897 -0.003475 
0.006313 0.003189 0.005934 0.003848 
0.005329 -0.009678 0.007657 -0.007965 
-0.012869 -0.001145 -0.011648 -0.005590 
-0.009762 0.001118 -0.009783 -0.000917 
-0.005104 0.002794 -0.005294 0.002416 
0.005562 0.002297 0.005367 0.002723 
-0.000461 0.005052 -0.000740 0.005018 
-0.003251 -0.008413 -0.001738 -0.008850 
0.002208 -0.004357 0.002429 -0.004238 
-0.003246 0.003369 -0.003401 0.003213 
-0.000109 0.011970 -0.003731 0.011374 
0.004184 0.001076 0.004137 0.001243 
0.001544 0.010979 -0.001376 0.011001 
0.006678 0.003220 0.006252 0.003984 
-0.004063 -0.008787 -0.002223 -0.009423 
-0.003264 0.006569 -0.004000 0.006148 
0.005046 -0.004750 0.005508 -0.004205 
-0.009470 0.006261 -0.010821 0.003433 
-0.009022 0.003708 -0.009587 0.001800 
-0.002466 0.002275 -0.002520 0.002215 
-0.003983 0.000693 -0.004005 0.000553 
0.007929 -0.002470 0.008207 -0.001272 
0.008126 -0.001338 0.008234 -0.000144 
-0.001909 -0.007789 -0.000818 -0.007978 
-0.001566 0.002778 -0.001626 0.002743 
-0.006535 0.002961 -0.006821 0.002221 
0.004162 0.001160 0.004112 0.001326 
-0.001169 -0.000213 -0.001168 -0.000217 
0.010695 -0.001860 0.010820 0.000879 
0.003816 0.002380 0.003709 0.002544 
0.007528 0.004280 0.006743 0.005433 
0.003252 0.004441 0.002956 0.004643 
-0.007278 -0.002002 -0.006979 -0.002876 
-0.002455 0.002846 -0.002540 0.002770 
-0.007239 0.008230 -0.009101 0.006109 
0.011568 0.007687 0.007492 0.011696 
0.010550 -0.002748 0.010902 0.000006 
0.008316 -0.002220 0.008563 -0.000873 
-0.002713 -0.006666 -0.001955 -0.006926 
-0.001369 0.006253 -0.001914 0.006109 
0.012152 0.001962 0.010886 0.005746 
-0.001367 -0.004246 -0.001184 -0.004301 
0.007146 0.002219 0.006828 0.003061 
-0.002613 -0.010448 0.000045 -0.010770 
0.002886 -0.002119 0.002943 -0.002038 
0.003180 0.001386 0.003143 0.001468 
0.000694 -0.004648 0.000914 -0.004610 
-0.005672 -0.002591 -0.005436 -0.003055 
-0.006492 0.001870 -0.006644 0.001225 
-0.002250 -0.008524 -0.000801 -0.008779 
-0.004189 0.001885 -0.004270 0.001694 
0.002443 -0.003689 0.002596 -0.003583 
0.003362 -0.007804 0.004528 -0.007191 
-0.003332 0.000474 -0.003343 0.000393 
0.006030 -0.005319 0.006708 -0.004433 
0.001536 -0.002558 0.001584 -0.002528 
-0.000494 0.004868 -0.000744 0.004836 
-0.004493 -0.003228 -0.004271 -0.003516 
0.011780 -0.001185 0.011601 0.002363 
-0.009068 -0.006177 -0.007186 -0.008291 
0.001664 0.009256 -0.000114 0.009403 
0.002379 -0.004902 0.002687 -0.004741 
-0.005215 0.008102 -0.006717 0.006908 
-0.007537 0.003510 -0.007973 0.002356 
-0.006582 -0.000428 -0.006513 -0.001040 
0.005347 0.006197 0.004402 0.006899 
-0.001131 0.006414 -0.001710 0.006285 
0.008167 -0.000451 0.008147 0.000723 
-0.009516 0.000407 -0.009415 -0.001445 
0.002114 0.005419 0.001715 0.005558 
-0.004775 0.001587 -0.004854 0.001325 
0.011220 0.003817 0.009578 0.006979 
0.009598 -0.004726 0.010460 -0.002247 
0.004365 -0.001743 0.004443 -0.001534 
0.004788 0.008232 0.003103 0.009003 
0.001835 0.007939 0.000688 0.008119 
0.003148 0.012033 -0.000951 0.012402 
0.011538 -0.009272 0.014489 -0.003029 
0.003255 -0.004198 0.003503 -0.003993 
-0.004969 0.001694 -0.005060 0.001397 
-0.002454 -0.004522 -0.002193 -0.004655 
0.009397 -0.003982 0.010047 -0.001797 
0.006480 -0.001377 0.006581 -0.000760 
-0.001554 0.004548 -0.001778 0.004465 
0.005424 -0.001358 0.005503 -0.000990 
-0.005421 -0.007900 -0.003768 -0.008809 
-0.014384 -0.006833 -0.008759 -0.013300 
-0.009110 0.002052 -0.009333 0.000319 
-0.002216 -0.005562 -0.001781 -0.005716 
0.002823 0.001630 0.002785 0.001694 
0.007405 0.005526 0.006273 0.006785 
-0.001320 -0.009788 0.000746 -0.009849 
-0.005902 0.008634 -0.007750 0.007022 
0.008460 -0.000854 0.008490 0.000465 
-0.003990 -0.006128 -0.003261 -0.006545 
0.000870 0.005972 0.000401 0.006022 
0.001802 -0.010705 0.004426 -0.009912 
-0.006548 -0.003117 -0.006155 -0.003835 
-0.002414 0.005826 -0.002903 0.005599 
0.002425 0.007704 0.001325 0.007967 
-0.003650 0.005212 -0.004089 0.004875 
-0.008303 -0.004942 -0.007151 -0.006498 
-0.004937 -0.003187 -0.004687 -0.003544 
-0.002676 -0.000188 -0.002673 -0.000229 
0.003231 -0.004513 0.003522 -0.004290 
0.005370 0.002233 0.005194 0.002617 
0.009478 0.006984 0.007011 0.009458 
0.008096 -0.005323 0.008998 -0.003593 
0.008370 -0.000398 0.008335 0.000865 
0.004833 0.007391 0.003533 0.008093 
-0.001474 -0.000911 -0.001468 -0.000920 
0.008502 0.000542 0.008315 0.001856 
-0.008023 0.000497 -0.008015 -0.000619 
0.007777 0.011629 0.002351 0.013791 
0.003796 0.005451 0.003263 0.005786 
-0.001964 -0.000003 -0.001964 -0.000020 
0.005501 0.001647 0.005371 0.002032 
0.014677 0.006916 0.008684 0.013705 
0.011894 -0.008973 0.014685 -0.002511 
0.008448 -0.005707 0.009502 -0.003694 
-0.002395 -0.009298 -0.000519 -0.009587 
-0.007170 0.001570 -0.007303 0.000731 
0.006994 0.001228 0.006820 0.001977 
0.004053 -0.007077 0.005019 -0.006427 
0.005535 0.002941 0.005267 0.003397 
-0.007455 0.000040 -0.007406 -0.000849 
0.005084 0.006057 0.004226 0.006684 
-0.001846 -0.006450 -0.001214 -0.006598 
0.008222 0.000443 0.008070 0.001631 
0.004351 -0.006278 0.005102 -0.005684 
-0.009268 -0.010902 -0.003743 -0.013811 
-0.012786 0.000213 -0.012078 -0.004201 
-0.004230 0.005259 -0.004724 0.004820 
0.001950 -0.002288 0.001994 -0.002249 
0.003418 -0.001435 0.003459 -0.001334 
-0.004424 0.006557 -0.005263 0.005905 
0.005685 -0.008641 0.007504 -0.007118 
-0.004370 -0.002544 -0.004224 -0.002780 
0.004128 -0.009049 0.005944 -0.007974 
0.000864 -0.005168 0.001168 -0.005108 
0.000704 0.005215 0.000393 0.005247 
-0.007056 -0.001222 -0.006879 -0.001991 
-0.001315 0.006676 -0.001971 0.006512 
-0.008427 -0.001057 -0.008163 -0.002346 
0.002643 -0.002184 0.002698 -0.002117 
0.005757 0.003086 0.005450 0.003600 
0.010063 -0.003876 0.010709 -0.001267 
0.002911 -0.004356 0.003162 -0.004177 
-0.003379 0.006885 -0.004220 0.006404 
0.003659 0.000212 0.003651 0.000318 
-0.002758 0.001088 -0.002778 0.001036 
0.005754 -0.002339 0.005928 -0.001854 
0.002573 0.004560 0.002300 0.004704 
-0.008260 0.005358 -0.009189 0.003534 
-0.008935 0.000543 -0.008896 -0.000996 
-0.005151 -0.007829 -0.003591 -0.008656 
-0.001362 -0.008258 -0.000108 -0.008369 
-0.001046 -0.011718 0.002434 -0.011510 
-0.007269 0.009238 -0.009654 0.006707 
0.011590 -0.000073 0.011131 0.003229 
-0.001824 -0.005021 -0.001513 -0.005124 
0.006955 0.004709 0.006164 0.005706 
0.006497 0.001140 0.006362 0.001742 
-0.004191 -0.013081 0.001309 -0.013674 
-0.009401 -0.000393 -0.009157 -0.002164 
0.002936 -0.004152 0.003162 -0.003982 
-0.002662 -0.010029 -0.000292 -0.010372 
-0.000504 0.009262 -0.002198 0.009011 
0.012068 -0.007478 0.014092 -0.001723 
0.008210 -0.009856 0.011115 -0.006404 
-0.004569 -0.002802 -0.004387 -0.003079 
0.005528 0.005241 0.004834 0.005888 
0.005906 0.002593 0.005651 0.003110 
-0.007104 -0.012109 -0.001500 -0.013959 
-0.009492 -0.005329 -0.007843 -0.007548 
-0.001683 0.004989 -0.001977 0.004880 
-0.002789 -0.009418 -0.000791 -0.009790 
-0.006255 0.006871 -0.007416 0.005599 
0.012284 0.002436 0.010787 0.006361 
0.007422 -0.009595 0.010037 -0.006811 
-0.013916 -0.007233 -0.008370 -0.013263 
-0.012077 0.008579 -0.014656 0.002156 
-0.009776 0.001769 -0.009929 -0.000328 
-0.005768 -0.003622 -0.005379 -0.004178 
-0.007307 0.001333 -0.007413 0.000459 
0.004785 0.000453 0.004757 0.000690 
0.000438 -0.004336 0.000614 -0.004315 
-0.002641 0.003383 -0.002773 0.003276 
-0.009548 0.004919 -0.010463 0.002426 
-0.007847 0.009483 -0.010467 0.006475 
0.004219 0.009831 0.001698 0.010563 
0.003099 0.006327 0.002408 0.006621 
-0.000778 -0.003751 -0.000659 -0.003774 
-0.000061 -0.000034 -0.000061 -0.000034 
-0.007815 0.006965 -0.009224 0.004949 
0.003491 0.005707 0.002927 0.006016 
-0.002809 -0.007641 -0.001697 -0.007962 
-0.000179 0.004677 -0.000399 0.004663 
-0.002118 -0.005321 -0.001738 -0.005457 
0.004822 0.001458 0.004736 0.001719 
-0.009673 0.002134 -0.009905 0.000063 
0.002600 0.009632 0.000496 0.009965 
0.004840 0.001543 0.004747 0.001809 
0.001410 -0.002496 0.001454 -0.002471 
0.004803 0.003715 0.004494 0.004084 
0.012478 -0.006275 0.013952 -0.000653 
0.008398 -0.004514 0.009114 -0.002798 
-0.002034 -0.002225 -0.001991 -0.002265 
0.005848 0.009046 0.003436 0.010209 
0.006602 0.004178 0.005999 0.005006 
0.011933 0.000564 0.011206 0.004141 
