-0.017772 -0.001670 -0.008614 -0.015635 
0.022430 -0.009988 0.003616 0.024286 
-0.032952 -0.017106 0.000822 0.037118 
-0.012395 -0.003497 -0.009140 -0.009074 
-0.012580 0.005854 -0.013714 -0.002111 
-0.009499 0.006985 -0.011533 0.002450 
0.013649 0.005803 0.007068 0.013039 
0.020870 -0.011305 0.008051 0.022328 
-0.016211 -0.010710 0.003219 -0.019161 
-0.006187 -0.026000 0.024841 0.009859 
0.014917 -0.017876 0.016539 0.016387 
0.010424 -0.020518 0.020001 0.011385 
0.007694 0.000487 0.007480 0.001868 
-0.001811 0.021380 -0.021388 0.001710 
0.016045 -0.013044 0.016784 0.012078 
-0.009637 0.000464 -0.009380 -0.002259 
0.016020 -0.006875 0.015101 0.008710 
0.030556 -0.002126 -0.028827 0.010351 
0.016301 -0.014723 0.016228 0.014804 
0.015417 -0.001247 0.012311 0.009364 
-0.007469 0.009242 -0.010650 0.005272 
-0.006869 -0.008343 -0.003522 -0.010216 
0.006398 -0.009164 0.009351 -0.006122 
-0.000987 -0.035566 -0.022875 0.027251 
-0.002959 0.017217 -0.015589 0.007883 
0.016471 0.011892 -0.006304 0.019313 
-0.011561 0.006873 -0.013448 -0.000220 
0.007003 0.034199 0.012938 -0.032423 
0.012622 0.003164 0.009406 0.008992 
-0.011958 -0.014897 0.008110 -0.017295 
0.006411 0.015300 -0.007125 0.014980 
0.002206 -0.021517 0.021613 -0.000850 
-0.024732 0.003859 0.004695 -0.024587 
-0.008710 0.005571 -0.010037 0.002482 
-0.015350 -0.012120 0.005145 -0.018869 
0.009132 0.002495 0.008117 0.004872 
-0.002350 -0.005259 -0.001806 -0.005470 
-0.013927 0.013406 -0.017985 -0.007086 
0.006926 0.019821 -0.017788 0.011155 
0.001159 0.023867 -0.023708 -0.002981 
-0.009441 -0.025337 0.025781 0.008149 
-0.017375 0.034607 0.036580 0.012704 
-0.005158 0.009536 -0.008181 0.007115 
0.017901 -0.006982 0.013979 0.013183 
0.003539 -0.006417 0.004540 -0.005753 
0.016632 -0.009751 0.015853 0.010972 
-0.007357 -0.016424 0.009687 -0.015167 
-0.000705 -0.010100 0.002440 -0.009826 
-0.005642 0.003544 -0.006069 0.002749 
0.013474 0.010358 0.000560 0.016986 
-0.002290 -0.018861 0.015801 -0.010550 
0.017086 0.026521 -0.019665 -0.024670 
0.008051 -0.002400 0.008379 -0.000621 
-0.014977 -0.009626 -0.000555 -0.017795 
0.010877 0.021548 -0.023338 0.006163 
0.009041 -0.003914 0.009790 -0.001102 
0.028502 -0.026902 -0.027448 -0.027976 
-0.030194 -0.014608 0.024624 0.022776 
0.006186 -0.011852 0.011442 -0.006915 
0.002190 -0.022383 0.022431 0.001618 
-0.017153 -0.009291 0.001720 -0.019432 
0.003102 -0.002182 0.003195 -0.002044 
0.012614 -0.013513 0.018023 0.004109 
0.010037 0.006417 0.006413 0.010040 
0.001831 0.010811 -0.002174 0.010748 
0.022458 0.000946 -0.000336 0.022475 
-0.030226 0.002881 0.027725 -0.012379 
0.014075 0.006484 0.006112 0.014240 
0.014386 -0.015545 0.018095 0.011008 
0.004471 0.004570 0.003867 0.005091 
0.012073 0.034628 0.021660 -0.029593 
0.007515 -0.027818 0.009637 0.027155 
0.014446 -0.007879 0.015578 0.005299 
0.003338 0.003435 0.003089 0.003660 
0.026313 0.010019 -0.026392 0.009807 
0.002883 -0.012853 0.008986 -0.009631 
-0.002129 0.014871 -0.011103 0.010119 
0.003311 0.017901 -0.013429 0.012291 
0.000188 0.014049 -0.007814 0.011677 
0.018509 -0.007063 0.013303 0.014681 
-0.006689 -0.006588 -0.004695 -0.008130 
0.006494 0.005078 0.005308 0.006307 
0.016724 0.009482 -0.001426 0.019172 
0.008869 -0.011711 0.014185 -0.003823 
-0.006439 0.008728 -0.009097 0.005906 
0.007979 -0.006890 0.009818 -0.003839 
0.031648 -0.015508 -0.034557 -0.006922 
-0.030391 -0.015363 0.021975 0.026013 
-0.019326 -0.013467 0.015761 -0.017505 
-0.011456 0.000209 -0.010628 -0.004281 
-0.000294 0.019213 -0.017486 0.007966 
0.011663 0.009261 0.003280 0.014527 
0.012554 0.007047 0.005950 0.013110 
-0.017581 -0.011372 0.007037 -0.019720 
-0.009156 -0.001916 -0.008325 -0.004267 
0.006500 -0.001058 0.006583 -0.000190 
0.009777 -0.001394 0.009756 0.001539 
0.003921 -0.003131 0.004150 -0.002821 
0.015341 0.002612 0.009569 0.012273 
0.011581 -0.011169 0.016085 0.000380 
-0.011793 -0.013086 0.003751 -0.017211 
-0.015762 0.007915 -0.015603 -0.008224 
-0.001923 -0.000291 -0.001920 -0.000314 
0.003006 -0.013372 0.009784 -0.009597 
0.013052 0.008869 0.003337 0.015424 
-0.000122 -0.015793 0.010815 -0.011509 
0.016659 0.018809 -0.023454 0.009012 
0.003327 0.013054 -0.004044 0.012850 
-0.018402 0.001271 -0.010418 -0.015222 
-0.012823 -0.006298 -0.006732 -0.012601 
-0.023027 0.007727 -0.002235 -0.024186 
0.015181 0.001615 0.010437 0.011142 
-0.018632 -0.008046 0.001932 -0.020203 
-0.025960 -0.007410 0.021707 -0.016052 
0.001805 0.026636 -0.022910 -0.013707 
0.032489 -0.007898 -0.033414 -0.001184 
0.012917 0.005280 0.007738 0.011613 
0.010994 0.025675 -0.025637 -0.011082 
0.013984 -0.006020 0.014537 0.004523 
-0.001096 -0.019858 0.018180 -0.008063 
-0.010801 -0.002482 -0.009140 -0.006268 
-0.009929 0.011506 -0.015020 0.002319 
-0.007084 0.009222 -0.010191 0.005602 
-0.005176 0.022304 -0.022133 -0.005863 
0.033473 -0.003773 -0.032925 -0.007115 
0.013694 0.000773 0.011074 0.008092 
-0.011670 -0.007768 -0.005239 -0.013003 
-0.008377 -0.017886 0.013517 -0.014400 
-0.004806 0.010175 -0.008290 0.007610 
0.014883 0.008166 0.003182 0.016675 
-0.003351 -0.019270 0.016422 -0.010624 
0.015427 0.008463 0.002160 0.017463 
0.010270 -0.018490 0.020187 0.006311 
0.003174 -0.008871 0.005434 -0.007696 
-0.006400 0.007483 -0.008306 0.005288 
-0.026468 -0.018069 0.026536 0.017969 
-0.032378 0.003675 0.032584 -0.000338 
0.013849 0.035898 0.032654 -0.020352 
0.028480 -0.011841 -0.024939 0.018149 
0.030566 -0.003577 -0.028754 0.010970 
-0.002607 -0.016279 0.010258 -0.012906 
-0.007829 0.006531 -0.009477 0.003759 
-0.005282 -0.017021 0.011061 -0.013974 
-0.009885 -0.009723 -0.002840 -0.013572 
-0.004931 0.018144 -0.018326 0.004202 
-0.010715 0.008018 -0.013322 0.001273 
-0.005806 0.021522 -0.021798 -0.004667 
0.020437 0.001338 0.004546 0.019970 
-0.007422 -0.002895 -0.006725 -0.004271 
-0.004642 -0.002718 -0.004384 -0.003118 
-0.005194 0.009938 -0.008540 0.007267 
-0.004216 0.006611 -0.005376 0.005707 
-0.003227 0.017277 -0.015885 0.007523 
0.006012 -0.008117 0.008212 -0.005882 
-0.007818 0.023157 -0.020446 -0.013391 
-0.018048 0.004751 -0.012912 -0.013475 
-0.020753 -0.001975 -0.003076 -0.020619 
0.010833 0.006274 0.006724 0.010559 
-0.033227 -0.007827 0.027175 0.020660 
-0.013179 0.002308 -0.012457 -0.004882 
0.001805 0.011533 -0.003014 0.011278 
0.011201 -0.042363 -0.006914 -0.043270 
-0.026562 -0.013152 0.029640 0.000066 
-0.034044 0.008661 0.032630 0.013009 
-0.011822 0.022700 -0.015694 -0.020217 
0.007313 0.013542 -0.003486 0.014990 
0.032232 -0.011181 -0.034006 -0.002746 
-0.001970 -0.010408 0.001643 -0.010465 
0.006924 0.004495 0.005845 0.005829 
0.008200 -0.006480 0.009870 -0.003437 
-0.005883 -0.030113 0.013576 0.027515 
-0.005289 0.010435 -0.009070 0.007388 
0.008040 -0.034039 -0.025756 0.023662 
-0.007151 -0.013940 0.004270 -0.015074 
-0.029344 0.003068 0.024576 -0.016324 
0.003193 0.002188 0.003090 0.002332 
-0.019675 0.029854 0.034861 -0.007943 
-0.000821 0.029793 -0.011606 -0.027452 
0.000929 0.018296 -0.015159 0.010286 
-0.019281 0.017365 -0.006341 -0.025161 
0.027384 0.030724 0.039717 -0.010789 
0.005862 -0.036362 -0.033808 0.014613 
-0.004014 -0.012329 0.002562 -0.012711 
0.005925 -0.038415 -0.038807 -0.002195 
-0.016677 0.002843 -0.012879 -0.010970 
0.006449 0.003702 0.005735 0.004734 
0.008179 -0.007144 0.010173 -0.003802 
0.018609 -0.025299 -0.015226 0.027469 
-0.009937 -0.035748 -0.026441 0.026029 
0.004624 -0.003340 0.004933 -0.002864 
-0.004741 0.017352 -0.017100 0.005582 
0.015066 -0.000609 0.011965 0.009176 
-0.004489 -0.003429 -0.004134 -0.003849 
-0.003755 0.003502 -0.004025 0.003188 
0.000338 -0.002020 0.000364 -0.002016 
-0.037181 -0.009339 -0.000909 0.038325 
-0.005201 0.007507 -0.006925 0.005954 
0.002666 0.006394 0.001703 0.006715 
0.004219 0.031052 -0.008548 -0.030149 
0.026514 0.006300 -0.021872 0.016258 
-0.014767 -0.001543 -0.010580 -0.010416 
0.012032 0.004377 0.008452 0.009618 
-0.007567 -0.029154 0.017595 0.024446 
-0.001547 0.002532 -0.001614 0.002490 
-0.002291 -0.014374 0.006841 -0.012848 
-0.010164 0.006602 -0.012022 0.001539 
0.000156 -0.010158 0.003299 -0.009609 
-0.005436 0.013591 -0.012588 0.007471 
0.006938 0.011513 -0.000131 0.013441 
-0.005907 0.008593 -0.008386 0.006197 
0.003563 0.021665 -0.021213 0.005664 
-0.001915 -0.011589 0.002994 -0.011358 
-0.010449 0.019581 -0.020226 -0.009140 
-0.002472 -0.008210 -0.000581 -0.008554 
-0.017903 -0.019965 0.026670 -0.002801 
-0.014436 0.000110 -0.011672 -0.008494 
0.021677 0.011262 -0.016318 0.018178 
0.001896 -0.012606 0.007672 -0.010181 
-0.022945 -0.009118 0.015331 -0.019354 
0.008999 0.039048 0.040049 -0.001326 
0.016634 -0.003589 0.013315 0.010597 
-0.005030 0.004739 -0.005665 0.003957 
-0.025110 0.018400 0.021389 -0.022617 
-0.013452 0.012122 -0.017460 -0.004801 
-0.015049 -0.003314 -0.009061 -0.012464 
-0.010260 0.005969 -0.011815 0.001144 
-0.008098 -0.006675 -0.005440 -0.008974 
-0.004619 0.003076 -0.004887 0.002628 
-0.009430 0.007444 -0.011705 0.002707 
0.016846 -0.007840 0.015131 0.010784 
-0.009955 -0.011889 0.000582 -0.015496 
-0.002467 -0.005477 -0.001849 -0.005715 
0.018292 0.007704 -0.000623 0.019838 
0.007237 -0.002457 0.007558 -0.001133 
-0.014793 -0.006364 -0.005856 -0.015002 
-0.017415 0.007933 -0.014741 -0.012203 
-0.007077 -0.007071 -0.004620 -0.008873 
-0.034259 0.022738 0.005443 0.040757 
0.008484 0.012369 -0.001291 0.014944 
-0.017819 -0.010732 0.006014 -0.019913 
-0.016607 -0.008980 0.000262 -0.018877 
0.020133 0.026511 -0.013129 -0.030591 
0.012047 0.009774 0.002378 0.015330 
0.002061 0.012037 -0.003446 0.011716 
0.012447 0.014622 -0.007854 0.017523 
0.014049 -0.002602 0.012923 0.006093 
-0.012631 0.006183 -0.013907 -0.002088 
0.008692 0.003915 0.007286 0.006148 
-0.004475 -0.018114 0.013661 -0.012709 
-0.010741 -0.003876 -0.008396 -0.007740 
0.028057 0.009568 -0.029400 0.003790 
0.015468 -0.012177 0.017112 0.009733 
0.002146 -0.016631 0.013996 -0.009237 
-0.034243 0.009609 0.032034 0.015452 
-0.003932 0.017545 -0.016811 0.006378 
0.025490 0.012985 -0.028194 0.004845 
0.016896 0.005487 0.005123 0.017010 
0.035222 0.011323 -0.008052 -0.036110 
0.007212 -0.006016 0.008554 -0.003879 
0.006820 0.001905 0.006449 0.002924 
-0.008105 -0.038740 -0.039232 0.005232 
-0.010937 0.000733 -0.010471 -0.003241 
-0.007916 -0.019829 0.018114 -0.011303 
-0.017688 -0.002822 -0.007505 -0.016264 
-0.004633 -0.013367 0.003881 -0.013605 
0.008244 0.000732 0.007912 0.002428 
-0.006193 0.017086 -0.017759 0.003860 
0.023244 0.012206 -0.022353 0.013770 
0.011438 -0.013815 0.017839 0.001854 
0.006771 -0.018636 0.019824 -0.000418 
-0.026908 -0.014316 0.029956 0.005625 
-0.032332 0.033158 -0.040002 0.023338 
0.031197 -0.000986 -0.030610 0.006101 
0.000377 -0.002006 0.000403 -0.002002 
-0.004340 0.004246 -0.004789 0.003731 
0.003767 0.009273 0.000797 0.009977 
0.002941 0.005936 0.002121 0.006276 
0.011087 -0.012394 0.016629 0.000065 
-0.013568 -0.011545 0.001847 -0.017719 
-0.006286 0.010958 -0.010687 0.006736 
-0.000309 0.025948 -0.022792 -0.012407 
0.028380 -0.026767 -0.028492 -0.026647 
-0.012328 -0.021283 0.023847 -0.006026 
-0.007702 -0.034660 -0.016752 0.031305 
-0.000076 -0.008599 0.001853 -0.008398 
0.017702 -0.022074 0.000557 0.028289 
-0.010653 -0.005533 -0.007279 -0.009545 
0.029035 -0.001200 -0.023936 0.016478 
-0.011664 -0.009184 -0.003391 -0.014453 
0.016988 0.003777 0.007202 0.015843 
0.003708 0.020108 -0.018176 0.009366 
0.006902 -0.005194 0.007897 -0.003499 
0.004608 -0.012063 0.009906 -0.008284 
0.002091 -0.001860 0.002135 -0.001810 
0.013076 -0.026119 0.002067 0.029136 
-0.017009 0.011900 -0.015796 -0.013468 
0.021425 0.015263 -0.024143 0.010446 
0.002459 -0.008243 0.004244 -0.007482 
-0.018957 0.023869 0.010971 -0.028438 
0.006013 0.034629 0.015624 -0.031483 
0.003826 0.010815 -0.000711 0.011450 
-0.013481 0.008967 -0.015822 -0.003438 
0.023528 0.002017 -0.005118 0.023053 
-0.005140 -0.027587 0.022324 0.017004 
-0.025474 -0.015533 0.029601 0.003743 
-0.016507 0.004584 -0.013885 -0.010035 
-0.010992 0.008147 -0.013652 0.000902 
0.004981 0.034958 0.017739 -0.030532 
0.013231 0.005712 0.007270 0.012443 
0.008310 -0.022319 0.020685 0.011804 
-0.010386 -0.007936 -0.005046 -0.012057 
0.003822 0.011810 -0.001951 0.012259 
0.015261 0.013751 -0.008971 0.018480 
0.015331 -0.022244 0.008198 0.025742 
-0.004677 -0.001855 -0.004520 -0.002210 
0.023559 0.000569 -0.003524 0.023301 
0.007861 -0.002871 0.008292 -0.001136 
0.000217 -0.017472 0.014164 -0.010232 
-0.017682 -0.008795 0.001624 -0.019682 
-0.001351 0.008358 -0.003134 0.007865 
0.028477 -0.013062 -0.026331 0.016978 
-0.000143 0.007496 -0.001422 0.007361 
-0.004132 -0.000091 -0.004121 -0.000306 
0.006772 0.006850 0.004586 0.008471 
0.005198 0.006595 0.003668 0.007553 
0.034214 -0.021758 -0.010269 -0.039224 
-0.009116 -0.009354 -0.003247 -0.012651 
-0.013923 0.007498 -0.015240 -0.004217 
-0.025566 0.002761 0.008621 -0.024226 
-0.006698 0.005883 -0.007916 0.004100 
-0.002443 -0.009266 0.000218 -0.009580 
0.023261 -0.018321 -0.012629 0.026781 
0.015675 -0.015894 0.016632 0.014891 
0.011957 -0.004363 0.012594 0.001839 
-0.000843 -0.001592 -0.000827 -0.001600 
0.008625 0.010243 0.002028 0.013237 
0.012176 0.012499 -0.002745 0.017232 
-0.001114 -0.011005 0.002981 -0.010651 
-0.001870 -0.002692 -0.001781 -0.002752 
0.003966 0.012851 -0.003370 0.013020 
-0.014294 0.018612 -0.016901 -0.016282 
0.009505 0.006562 0.006125 0.009792 
-0.008606 -0.026801 0.024154 0.014455 
-0.015114 0.018823 -0.015266 -0.018700 
0.014698 0.020311 -0.024116 0.006853 
0.032733 -0.014595 -0.033500 -0.012736 
-0.023115 -0.017383 0.028872 0.001700 
-0.026389 0.015166 0.020478 -0.022518 
0.013864 0.026338 -0.023671 -0.018044 
0.028678 -0.027970 -0.022036 -0.033454 
-0.020932 -0.018488 0.027910 -0.000983 
-0.018575 0.009771 -0.013669 -0.015926 
0.024454 -0.012999 -0.007755 0.026586 
0.000737 -0.002953 0.000821 -0.002931 
0.000818 -0.010941 0.004698 -0.009915 
-0.025063 0.018086 0.020440 -0.023183 
-0.026542 0.016041 0.022759 -0.021066 
0.032578 0.021282 0.018407 -0.034285 
0.006594 -0.006839 0.008207 -0.004785 
0.013248 0.026103 -0.024524 -0.015983 
0.018011 0.007092 0.000985 0.019332 
0.004016 -0.036139 -0.030763 0.019385 
0.005406 0.000928 0.005298 0.001421 
0.018833 -0.032458 -0.037275 -0.004335 
0.015383 -0.033754 -0.036974 0.002992 
-0.016025 -0.015082 0.013561 -0.017332 
0.000169 0.004244 -0.000065 0.004247 
0.006079 0.007113 0.003983 0.008467 
0.000793 0.020438 -0.019341 0.006655 
0.011428 -0.003888 0.011988 0.001411 
-0.004219 -0.008537 -0.001723 -0.009365 
-0.018160 -0.008930 0.002772 -0.020046 
-0.006232 0.016798 -0.017425 0.004168 
0.015324 -0.002537 0.013051 0.008422 
0.015165 0.007225 0.004384 0.016216 
-0.004459 -0.008293 -0.002078 -0.009184 
0.004324 0.015902 -0.008813 0.013925 
0.013013 -0.011256 0.016892 0.003272 
-0.018378 -0.004918 -0.003846 -0.018631 
-0.008821 -0.000275 -0.008508 -0.002347 
0.017725 -0.008635 0.014635 0.013212 
-0.007262 0.004021 -0.007942 0.002415 
0.025651 0.006837 -0.019818 0.017663 
0.031388 -0.003323 -0.030914 0.006372 
0.006286 0.002467 0.005882 0.003316 
0.031987 0.007598 -0.030357 -0.012624 
0.017502 -0.002977 0.012439 0.012668 
0.023603 0.011610 -0.022136 0.014208 
0.011072 0.005197 0.007642 0.009549 
0.002827 0.009642 -0.000234 0.010045 
0.008089 -0.001478 0.008221 0.000213 
0.004154 -0.004666 0.004679 -0.004139 
0.008621 0.000146 0.008366 0.002084 
-0.005955 0.007893 -0.008014 0.005791 
0.000782 -0.020104 0.019249 -0.005854 
-0.010558 -0.000759 -0.009691 -0.004259 
-0.006042 -0.004530 -0.005166 -0.005509 
0.014794 0.007087 0.004878 0.015662 
-0.009381 0.013967 -0.016715 0.001922 
0.001794 0.006329 0.000944 0.006510 
0.000620 -0.000659 0.000622 -0.000658 
-0.001033 -0.021862 0.021626 -0.003368 
0.009812 0.032677 0.004195 -0.033860 
0.027496 -0.015310 -0.025546 0.018380 
0.031600 -0.003152 -0.031351 0.005056 
-0.014901 -0.031627 -0.005314 0.034556 
-0.011037 0.011932 -0.016252 0.000280 
0.020403 0.012250 -0.015336 0.018198 
0.006931 0.009442 0.002488 0.011446 
0.001283 0.010974 -0.002804 0.010687 
0.018905 0.004032 0.004200 0.018869 
0.002874 -0.023819 0.022863 0.007273 
-0.004528 -0.008269 -0.002145 -0.009180 
0.023259 0.015041 -0.027010 0.006139 
0.004266 0.005698 0.003336 0.006288 
0.029829 0.008858 -0.030944 -0.003268 
0.018042 -0.017394 0.010196 0.022893 
0.006952 -0.011630 0.012074 -0.006149 
-0.006583 -0.002270 -0.006176 -0.003217 
-0.006959 0.005751 -0.008162 0.003858 
-0.001978 0.004581 -0.002320 0.004417 
0.000576 0.019848 -0.018327 0.007644 
0.018776 -0.013970 0.011975 0.020107 
0.007324 -0.021554 0.021461 0.007591 
0.006103 -0.001882 0.006290 -0.001109 
0.015219 -0.006943 0.015226 0.006926 
-0.022219 -0.010541 0.016216 -0.018489 
0.015924 0.007720 0.002864 0.017464 
-0.013594 -0.026143 0.024279 0.016696 
-0.003663 -0.001047 -0.003613 -0.001208 
0.027945 -0.014206 -0.025706 0.017943 
-0.006956 -0.006261 -0.005053 -0.007878 
0.005493 0.008016 0.002985 0.009247 
0.014819 0.009925 0.000156 0.017835 
0.016291 -0.008603 0.015696 0.009646 
0.040074 0.006933 0.019937 -0.035448 
-0.010824 -0.007556 -0.005491 -0.012005 
-0.002039 -0.008127 -0.000262 -0.008375 
0.010586 0.012014 -0.000978 0.015983 
0.035941 -0.005391 -0.026719 -0.024635 
0.015872 -0.029760 -0.024750 0.022913 
0.016878 -0.001629 0.012028 0.011953 
-0.013325 0.010391 -0.016526 -0.003523 
-0.002283 -0.007477 -0.000855 -0.007771 
0.012094 0.000510 0.010682 0.005696 
-0.001320 -0.011149 0.002964 -0.010828 
-0.010348 0.002005 -0.010425 -0.001555 
0.018227 -0.006033 0.013286 0.013861 
-0.023663 -0.000559 0.003877 -0.023350 
-0.015844 0.005690 -0.014600 -0.008381 
-0.004381 0.003003 -0.004623 0.002614 
0.015135 0.005678 0.006496 0.014802 
0.015008 -0.024569 0.001752 0.028737 
-0.008275 -0.002800 -0.007404 -0.004636 
-0.003570 -0.013669 0.004901 -0.013250 
-0.016785 0.002879 -0.012846 -0.011181 
-0.003391 0.005628 -0.004102 0.005133 
0.010544 -0.009983 0.014426 -0.001651 
0.007051 -0.012077 0.012624 -0.006018 
-0.001727 -0.026234 0.023377 0.012029 
-0.001284 0.015207 -0.010904 0.010678 
0.002659 -0.022297 0.022367 0.001983 
-0.000633 -0.009935 0.002358 -0.009671 
-0.005558 -0.006964 -0.003723 -0.008095 
0.001513 -0.006977 0.002577 -0.006658 
0.033277 -0.007460 -0.033482 -0.006479 
-0.021942 -0.016483 0.026916 -0.005354 
0.002407 0.023171 -0.023293 0.000377 
0.004284 -0.003346 0.004568 -0.002946 
0.000707 0.024236 -0.023781 -0.004726 
0.024562 -0.028203 -0.035969 -0.010246 
-0.021474 -0.020589 0.028176 0.009548 
-0.005583 -0.018851 0.015314 -0.012329 
-0.004535 -0.013358 0.003907 -0.013554 
-0.019253 -0.009365 0.005966 -0.020562 
-0.006129 0.018664 -0.019590 0.001461 
0.026413 -0.002586 -0.012339 0.023497 
0.004102 -0.032226 -0.006752 0.031777 
-0.015013 -0.016491 0.015699 -0.015839 
0.001435 -0.006992 0.002501 -0.006685 
0.002137 0.002028 0.002083 0.002084 
0.003439 -0.018738 0.018307 -0.005273 
-0.017996 -0.017815 0.023303 -0.009911 
-0.003686 0.012715 -0.009658 0.009054 
0.016393 -0.026584 -0.011910 0.028872 
-0.011386 -0.037614 -0.037684 0.011152 
-0.007112 -0.000204 -0.006995 -0.001297 
0.000418 -0.008031 0.001987 -0.007792 
-0.017249 -0.001327 -0.009475 -0.014475 
0.004537 -0.003647 0.004890 -0.003158 
0.002421 0.017865 -0.013642 0.011786 
-0.008671 0.008744 -0.011665 0.003947 
-0.000260 0.014603 -0.009063 0.011452 
-0.004328 -0.010165 -0.000327 -0.011043 
0.018406 0.034445 0.033434 -0.020184 
0.025116 -0.013629 -0.011832 0.026012 
0.030388 0.004940 -0.030677 0.002600 
0.030821 -0.005226 -0.029636 0.009948 
0.023461 -0.005323 0.000617 0.024050 
0.021530 0.015784 -0.025242 0.008691 
0.019995 0.007544 -0.003938 0.021005 
0.018681 0.006336 0.001082 0.019697 
0.004725 -0.015784 0.014831 -0.007175 
0.007574 -0.005825 0.008885 -0.003514 
-0.000459 -0.008900 0.001693 -0.008750 
0.029927 -0.001715 -0.026946 0.013133 
-0.015421 -0.034396 -0.026459 0.026848 
-0.009791 0.000277 -0.009454 -0.002564 
0.007781 -0.009053 0.010873 -0.004927 
0.009012 -0.019229 0.020600 0.005156 
-0.023857 -0.000752 0.004774 -0.023387 
-0.011389 0.004648 -0.012267 -0.000920 
-0.027520 0.011661 0.020543 -0.021710 
0.028187 -0.003025 -0.019891 0.020200 
-0.000837 -0.010871 0.003079 -0.010459 
0.012421 -0.019322 0.018794 0.013207 
-0.038825 -0.002896 0.000271 0.038932 
-0.015262 0.031064 0.028647 -0.019423 
0.000188 0.012734 -0.005889 0.011292 
-0.003789 0.000792 -0.003821 0.000618 
0.011564 -0.002398 0.011521 0.002596 
-0.031738 -0.018295 0.003269 0.036487 
-0.021611 -0.014344 0.022762 -0.012437 
-0.000379 -0.001296 -0.000371 -0.001298 
-0.011134 -0.002298 -0.009393 -0.006404 
-0.006515 0.018367 -0.019442 0.001353 
-0.005586 -0.008891 -0.002334 -0.010237 
-0.007649 0.006058 -0.009065 0.003610 
0.016871 -0.021720 0.004657 0.027106 
-0.005116 -0.006700 -0.003553 -0.007644 
0.008356 0.003394 0.007264 0.005345 
-0.008501 -0.011819 0.000349 -0.014554 
-0.013651 0.002487 -0.012737 -0.005506 
0.006054 0.002801 0.005619 0.003595 
-0.019743 -0.009547 0.007498 -0.020608 
-0.011194 -0.009676 -0.002782 -0.014532 
-0.028596 0.016495 0.031175 -0.010859 
-0.006462 -0.007696 -0.003819 -0.009295 
0.018267 -0.001277 0.010582 0.014944 
0.010755 0.006211 0.006763 0.010417 
0.016076 0.006996 0.003847 0.017105 
0.016865 -0.019677 0.009640 0.024055 
-0.000198 -0.012191 0.005172 -0.011042 
0.000818 0.011346 -0.003616 0.010786 
-0.014226 0.009482 -0.016307 -0.005136 
0.006701 0.004482 0.005685 0.005716 
-0.015213 -0.006820 -0.004929 -0.015927 
-0.006772 0.012978 -0.013274 0.006171 
0.021077 -0.008056 0.008377 0.020951 
-0.019397 -0.018457 0.026289 -0.005076 
-0.013045 -0.006963 -0.005927 -0.013547 
0.006217 -0.019448 0.020416 0.000250 
-0.005258 0.009378 -0.008177 0.006981 
0.015065 -0.005010 0.014302 0.006891 
-0.010898 -0.018648 0.016870 -0.013487 
-0.014141 0.014285 -0.018152 -0.008633 
0.004925 0.021418 -0.020853 0.006938 
0.013031 -0.010357 0.016392 0.002898 
0.022675 0.008769 -0.013807 0.020010 
0.001028 0.010856 -0.002898 0.010513 
-0.005317 -0.004966 -0.004448 -0.005757 
-0.005954 -0.016504 0.009824 -0.014537 
0.000352 -0.012687 0.006305 -0.011015 
-0.008712 0.007802 -0.011129 0.003595 
0.016839 -0.004376 0.013631 0.010811 
0.016271 0.017537 -0.020138 0.012914 
0.009171 -0.031339 -0.012740 0.030066 
-0.001748 -0.003786 -0.001545 -0.003873 
-0.008787 -0.003992 -0.007313 -0.006299 
-0.009188 -0.005529 -0.006724 -0.008353 
-0.000660 -0.013918 0.007232 -0.011909 
-0.017265 -0.005925 -0.004024 -0.017804 
-0.017414 0.024196 0.005847 -0.029232 
-0.008428 0.021110 -0.021044 -0.008593 
-0.007784 -0.002789 -0.007036 -0.004343 
0.005474 -0.009851 0.008795 -0.007048 
-0.009429 0.012636 -0.015538 0.002672 
0.013119 -0.005819 0.014031 0.003016 
-0.004465 0.014815 -0.013219 0.008043 
0.009909 -0.007641 0.012314 -0.002222 
-0.013018 -0.003382 -0.009304 -0.009713 
0.030017 0.013662 -0.027060 -0.018852 
0.008162 -0.035773 -0.034144 0.013433 
-0.009865 -0.008878 -0.003920 -0.012679 
0.015471 0.011473 -0.003841 0.018874 
0.014271 0.009802 0.000920 0.017289 
-0.017110 -0.008851 0.000777 -0.019248 
-0.002051 0.025763 -0.022042 -0.013495 
-0.007122 0.002193 -0.007389 0.000959 
-0.007138 0.000025 -0.007056 -0.001083 
0.015255 0.000956 0.010905 0.010710 
-0.030803 -0.009674 0.030356 0.010995 
0.032565 0.011641 -0.022673 -0.026114 
0.010527 0.004148 0.008151 0.007848 
-0.006921 0.028074 -0.009794 -0.027205 
-0.001104 0.018407 -0.016425 0.008383 
-0.003607 -0.013990 0.005431 -0.013388 
-0.009568 0.039262 0.035150 0.019937 
0.022480 0.014807 -0.025329 0.009112 
0.032126 0.002812 -0.032005 -0.003961 
-0.021129 -0.034406 -0.038774 0.011257 
-0.004753 -0.003483 -0.004358 -0.003966 
-0.009303 -0.034519 -0.017145 0.031371 
-0.035229 -0.003310 0.025222 0.024817 
-0.005922 -0.008194 -0.003118 -0.009618 
-0.008772 -0.021015 0.021132 -0.008486 
-0.018143 -0.007234 -0.000504 -0.019526 
-0.021926 -0.017702 0.028162 -0.001019 
-0.010405 -0.005222 -0.007425 -0.008967 
0.000996 -0.002852 0.001075 -0.002823 
0.013199 0.005195 0.007786 0.011856 
-0.016459 -0.021982 0.027349 0.002483 
-0.023348 -0.017349 0.028989 0.002397 
-0.027110 -0.005974 0.023367 -0.014986 
-0.016322 -0.007150 -0.003327 -0.017506 
-0.002855 -0.002824 -0.002712 -0.002962 
-0.028394 -0.011096 0.030410 0.002143 
0.008221 0.019448 -0.017322 0.012073 
-0.007233 0.038087 0.038680 0.002599 
0.030459 0.014296 -0.024477 -0.023087 
0.020418 0.014752 -0.021108 0.013747 
0.022398 -0.004291 0.003883 0.022472 
0.010500 -0.013306 0.016944 -0.000424 
-0.014838 -0.005921 -0.006388 -0.014643 
0.008183 0.006510 0.005596 0.008834 
-0.016921 0.019932 -0.008945 -0.024568 
-0.014856 -0.009912 -0.000142 -0.017859 
0.006733 -0.009177 0.009750 -0.005872 
0.004187 0.017810 -0.013020 0.012854 
-0.012648 -0.025100 0.026143 0.010322 
-0.004586 0.035342 0.027188 -0.023041 
0.006189 -0.010004 0.009749 -0.006583 
0.010329 -0.002942 0.010710 0.000804 
-0.010977 0.025511 -0.010268 -0.025805 
0.018864 -0.008389 0.013094 0.015961 
0.000023 -0.024150 0.023609 0.005082 
0.004244 0.009890 0.000554 0.010748 
0.015961 -0.029906 -0.025678 0.022130 
0.018143 -0.003438 0.012124 0.013928 
0.028502 -0.010434 -0.023639 0.019037 
-0.001572 -0.014794 0.008032 -0.012522 
0.002421 0.010572 -0.001451 0.010748 
0.003578 0.001366 0.003514 0.001525 
-0.016802 -0.011915 0.006915 -0.019403 
0.020460 0.013955 -0.019428 0.015360 
0.016917 -0.011042 0.015852 0.012523 
0.001418 -0.037696 -0.035722 0.012122 
-0.002052 0.003480 -0.002223 0.003373 
-0.004584 0.020454 -0.020960 0.000167 
0.003851 0.009246 0.000882 0.009977 
-0.013159 -0.000379 -0.011166 -0.006973 
0.014273 0.010572 -0.000544 0.017754 
0.006973 -0.015409 0.016292 -0.004542 
-0.020592 -0.033083 -0.031496 0.022946 
0.003060 0.016018 -0.009526 0.013237 
0.019672 0.000791 0.006682 0.018520 
0.027538 -0.014321 -0.024181 0.019460 
-0.008292 -0.010887 -0.001075 -0.013643 
0.012705 0.008539 0.003980 0.014782 
0.019675 0.028675 -0.001669 -0.034736 
-0.007346 -0.015971 0.008630 -0.015316 
-0.007707 -0.005623 -0.005867 -0.007523 
0.018515 0.009877 -0.005488 0.020254 
0.018122 -0.005992 0.013384 0.013608 
0.029441 -0.017165 -0.033829 0.004119 
-0.025100 -0.015028 0.029252 0.000371 
-0.022683 0.010658 -0.002277 -0.024959 
0.005499 0.003961 0.004891 0.004692 
0.014194 -0.018533 0.017117 0.015872 
-0.021782 -0.003024 0.000981 -0.021969 
-0.010609 0.018852 -0.020157 -0.007853 
-0.014694 0.009628 -0.016423 -0.006234 
0.013409 0.011469 -0.001551 0.017577 
-0.013939 -0.005612 -0.007180 -0.013199 
0.002551 0.019423 -0.016913 0.009885 
-0.001096 -0.007766 0.000374 -0.007834 
-0.000820 -0.002114 -0.000786 -0.002126 
-0.005311 0.004723 -0.005974 0.003851 
0.005825 -0.010652 0.009881 -0.007055 
-0.016380 -0.006296 -0.004562 -0.016945 
0.033834 0.015927 0.000002 -0.037395 
0.018037 -0.022672 -0.002744 0.028841 
0.015106 -0.008406 0.015887 0.006817 
0.027765 -0.003235 -0.018017 0.021371 
-0.011887 -0.028431 0.018309 0.024787 
-0.018406 -0.010872 0.007509 -0.020015 
0.008986 -0.011289 0.013935 -0.003743 
0.010018 -0.016486 0.019170 0.002160 
-0.011351 -0.033628 -0.013213 0.032941 
-0.025663 0.015438 0.017593 -0.024236 
-0.031645 0.006770 0.031984 -0.004927 
-0.021453 0.004264 -0.006575 -0.020861 
-0.012679 -0.021676 0.024736 -0.004332 
-0.020755 0.013503 -0.006710 -0.023834 
0.002640 0.009601 -0.000344 0.009952 
-0.017466 0.031759 0.035552 -0.007054 
-0.014953 -0.003622 -0.008813 -0.012611 
0.008507 -0.005182 0.009666 -0.002406 
0.000320 0.015508 -0.010163 0.011718 
0.004628 0.005790 0.003596 0.006482 
-0.014744 -0.008008 -0.003549 -0.016399 
0.018431 0.007127 0.000173 0.019760 
-0.007756 -0.016902 0.010903 -0.015066 
-0.000906 -0.011412 0.003613 -0.010862 
-0.014974 0.005221 -0.014396 -0.006653 
-0.011424 -0.007820 -0.005199 -0.012830 
-0.008679 -0.007378 -0.005157 -0.010157 
-0.028757 0.003483 0.022184 -0.018627 
-0.028443 0.018518 0.033267 -0.006722 
-0.024974 -0.011029 0.024600 -0.011840 
-0.001718 -0.014481 0.007393 -0.012570 
-0.016907 -0.014727 0.014128 -0.017410 
0.015524 0.025668 -0.024159 -0.017783 
-0.008910 -0.030294 0.011751 0.029309 
-0.006807 0.008072 -0.009112 0.005334 
0.019140 -0.007679 0.012528 0.016382 
-0.009580 -0.001396 -0.008796 -0.004045 
0.017173 0.020223 -0.026325 0.003292 
0.019822 0.018639 -0.026997 0.003392 
0.005823 0.009003 0.002369 0.010457 
0.001538 0.010690 -0.002288 0.010555 
0.016231 0.021006 -0.026470 0.002006 
0.046220 0.009759 0.034800 0.031945 
-0.011270 -0.017520 0.014264 -0.015182 
-0.018014 0.015924 -0.012124 -0.020763 
-0.000353 0.001968 -0.000377 0.001964 
0.004112 -0.018667 0.018577 -0.004501 
-0.016989 -0.012936 0.009729 -0.019008 
0.009631 -0.018417 0.020232 0.004752 
0.013564 0.004058 0.008766 0.011119 
0.017301 -0.001786 0.011848 0.012734 
0.011410 -0.001341 0.011021 0.003244 
-0.014100 -0.023101 0.026872 0.003213 
0.017430 0.011371 -0.006752 0.019685 
0.004452 -0.009378 0.007245 -0.007435 
0.001712 0.022605 -0.022603 0.001728 
0.030944 -0.027586 -0.007827 -0.040709 
-0.004860 -0.019601 0.017026 -0.010860 
0.009274 -0.027258 0.007981 0.027664 
-0.032982 -0.005224 0.030459 0.013686 
-0.017864 -0.000004 -0.010022 -0.014788 
-0.005201 0.002955 -0.005492 0.002370 
0.000181 -0.009328 0.002626 -0.008952 
0.002215 0.015419 -0.008778 0.012868 
0.002825 -0.005672 0.003497 -0.005284 
-0.008171 0.006175 -0.009701 0.003286 
0.002383 0.004089 0.002098 0.004242 
-0.028950 0.027668 0.021804 0.033588 
0.025791 0.002236 -0.013820 0.021890 
-0.001741 0.007315 -0.002972 0.006907 
-0.014835 0.008154 -0.015764 -0.006167 
0.007729 0.006582 0.005310 0.008653 
-0.015974 0.008540 -0.015795 -0.008867 
-0.028317 -0.009205 0.029567 -0.003522 
-0.020665 0.011540 -0.008527 -0.022079 
0.007334 -0.005535 0.008504 -0.003481 
-0.009189 0.011322 -0.014166 0.003457 
0.003281 -0.001955 0.003365 -0.001807 
0.008560 0.013032 -0.002507 0.015388 
-0.020959 -0.001421 -0.003240 -0.020756 
0.001241 0.003277 0.001118 0.003321 
-0.002570 -0.035976 -0.024886 0.026106 
-0.001820 -0.018520 0.015245 -0.010672 
-0.009501 -0.019009 0.016859 -0.012937 
-0.004405 0.007971 -0.006262 0.006613 
0.009211 -0.008369 0.012013 -0.003251 
0.006784 -0.011027 0.011317 -0.006288 
-0.014325 0.009056 -0.016120 -0.005231 
-0.008999 -0.000245 -0.008665 -0.002443 
0.013935 0.008902 0.002748 0.016306 
0.002901 0.005940 0.002084 0.006274 
0.006534 0.004252 0.005637 0.005385 
-0.009585 -0.006431 -0.006256 -0.009701 
0.017889 -0.013735 0.014032 0.017657 
-0.033786 0.008585 0.033065 0.011041 
-0.013817 -0.010564 0.000107 -0.017392 
0.006824 -0.010818 0.011174 -0.006224 
0.006226 -0.022807 0.021744 0.009278 
-0.017981 -0.001436 -0.008600 -0.015856 
-0.004362 0.008785 -0.006720 0.007145 
0.002506 0.009231 -0.000138 0.009564 
0.013754 -0.009359 0.016127 0.004085 
-0.021863 -0.030382 -0.018448 0.032570 
0.005704 0.024220 -0.024783 -0.002226 
0.026177 -0.001954 -0.011653 0.023522 
0.002703 -0.003669 0.002930 -0.003490 
-0.031746 0.005743 0.031942 -0.004526 
0.026940 0.034613 0.038406 0.021186 
0.004429 -0.033566 -0.015989 0.029844 
-0.011890 0.003860 -0.012334 -0.002036 
0.013471 -0.004348 0.013524 0.004183 
0.001106 -0.002597 0.001169 -0.002569 
0.031924 -0.009219 -0.033188 0.001638 
0.017031 -0.033284 -0.037370 -0.001176 
0.001234 -0.030967 0.005158 0.030560 
-0.006055 -0.000638 -0.005944 -0.001318 
0.006560 0.001648 0.006267 0.002546 
0.006796 -0.015430 0.016169 -0.004780 
0.022744 0.000136 -0.000357 0.022742 
-0.022395 -0.019087 0.028781 0.006122 
0.018852 0.031502 0.015534 -0.033264 
0.014773 0.006308 0.005941 0.014924 
-0.002211 0.007071 -0.003360 0.006603 
0.012436 -0.001606 0.011771 0.004323 
-0.006529 -0.009658 -0.002078 -0.011472 
0.003207 0.014823 -0.007133 0.013384 
-0.009080 0.001305 -0.009113 -0.001046 
0.015627 -0.009980 0.016429 0.008596 
0.005324 0.000016 0.005303 0.000477 
-0.007786 -0.004781 -0.006328 -0.006591 
-0.011793 -0.003027 -0.009279 -0.007882 
-0.005947 0.022674 -0.021901 -0.008355 
0.031720 -0.005870 -0.031918 0.004671 
-0.008596 -0.030201 0.012417 0.028841 
0.007385 -0.011057 0.012020 -0.005685 
0.001219 0.008573 -0.000760 0.008626 
0.014855 0.015407 -0.012647 0.017265 
0.031336 0.019555 0.000514 -0.036933 
-0.002865 0.010241 -0.006164 0.008666 
-0.008643 -0.009507 -0.002973 -0.012500 
-0.002287 0.011026 -0.006283 0.009345 
0.022405 -0.015033 -0.001679 0.026928 
0.000139 -0.026622 0.021975 0.015029 
-0.026343 -0.002341 0.016105 -0.020977 
-0.001941 0.001418 -0.001965 0.001383 
-0.005892 -0.008158 -0.003129 -0.009565 
0.016712 -0.029831 -0.027639 0.020132 
0.028254 0.000953 -0.022225 0.017471 
-0.009547 0.007455 -0.011835 0.002581 
-0.002521 0.004107 -0.002805 0.003918 
0.013929 0.014505 -0.009116 0.017925 
0.020201 -0.024907 -0.020214 0.024897 
-0.023471 -0.002967 0.006194 -0.022832 
0.023438 0.025964 -0.004809 -0.034646 
0.022191 0.003637 -0.003062 0.022278 
0.001378 -0.003683 0.001550 -0.003614 
0.010619 -0.001347 0.010437 0.002376 
-0.025479 0.001164 0.009251 -0.023769 
-0.009006 0.008490 -0.011868 0.003514 
-0.005457 -0.005931 -0.004180 -0.006890 
0.003505 0.005991 0.002589 0.006441 
-0.004232 -0.005494 -0.003382 -0.006054 
-0.009832 -0.001881 -0.008808 -0.004757 
0.026197 -0.009305 -0.012070 0.025043 
-0.005546 0.009277 -0.008437 0.006755 
0.014318 -0.013448 0.017897 0.008096 
-0.016872 -0.001926 -0.009250 -0.014241 
-0.001185 0.005870 -0.001820 0.005705 
0.016459 0.001273 0.010134 0.013032 
-0.003509 -0.010054 0.000113 -0.010648 
0.013311 -0.002443 0.012578 0.004995 
-0.006134 0.024636 -0.020326 -0.015211 
0.008345 -0.015998 0.017962 -0.001717 
-0.027777 0.006043 0.017958 -0.022035 
0.016599 0.030870 0.004138 -0.034804 
0.021188 -0.020720 -0.009835 0.027956 
0.009542 -0.005386 0.010839 -0.001606 
-0.001993 0.004749 -0.002371 0.004572 
-0.015111 -0.011993 0.004533 -0.018752 
-0.023711 0.005069 0.000360 -0.024244 
-0.004522 -0.005762 -0.003521 -0.006423 
-0.017140 -0.018774 0.023997 -0.008389 
-0.006145 -0.005766 -0.004760 -0.006954 
0.013919 0.007188 0.005288 0.014746 
0.005626 -0.013096 0.012193 -0.007381 
-0.018610 0.021566 0.001406 -0.028450 
-0.007689 0.019916 -0.020964 -0.004033 
-0.009733 0.026625 -0.009341 -0.026765 
0.022609 0.014152 -0.024476 0.010601 
0.019248 0.008846 -0.004850 0.020621 
0.015376 0.021724 -0.026608 0.000601 
0.017228 0.022182 -0.027638 -0.004998 
0.005393 0.017483 -0.012111 0.013713 
-0.008897 0.004608 -0.009873 0.001707 
-0.001855 0.012562 -0.007575 0.010191 
-0.025125 0.004081 0.006242 -0.024677 
0.005391 0.014388 -0.005453 0.014365 
-0.007376 -0.007906 -0.004146 -0.009987 
0.008941 0.028422 -0.019961 -0.022121 
-0.003480 0.001892 -0.003567 0.001723 
0.009819 -0.004003 0.010593 -0.000463 
-0.008890 -0.021165 0.021498 -0.008052 
-0.001143 0.021955 -0.021965 0.000925 
-0.008018 -0.006076 -0.005789 -0.008228 
0.018992 0.025093 -0.021766 -0.022729 
-0.000847 0.004556 -0.001144 0.004491 
-0.006600 -0.017440 0.012021 -0.014255 
-0.004022 -0.034010 -0.010907 0.032464 
-0.040130 -0.004687 -0.015405 0.037351 
-0.014918 0.033625 0.036313 -0.005878 
-0.007643 0.007191 -0.009588 0.004265 
-0.004537 -0.008564 -0.001928 -0.009498 
-0.009172 0.007450 -0.011433 0.002987 
0.005017 0.022907 -0.023318 0.002489 
0.035776 -0.006117 -0.027433 -0.023765 
-0.018364 -0.021955 0.027832 0.006681 
-0.009990 0.028900 0.001463 -0.030543 
0.002741 0.015188 -0.008055 0.013164 
-0.009273 -0.000347 -0.008864 -0.002746 
-0.019009 -0.018955 0.026519 -0.004169 
-0.011695 -0.006532 -0.006576 -0.011670 
-0.002403 0.011681 -0.007097 0.009584 
-0.019115 0.000516 -0.008840 -0.016956 
-0.010073 0.002429 -0.010319 -0.000946 
-0.008832 0.005364 -0.010085 0.002251 
0.003089 0.011404 -0.001905 0.011660 
-0.032202 0.004423 0.032464 -0.001629 
-0.004447 0.012344 -0.010043 0.008443 
0.001176 0.014039 -0.007035 0.012206 
0.004457 -0.002527 0.004645 -0.002162 
-0.027299 -0.002057 0.019528 -0.019187 
-0.014079 -0.000996 -0.010981 -0.008867 
0.008292 -0.011873 0.013745 -0.004560 
-0.006662 -0.023070 0.023915 -0.002163 
-0.014553 0.032253 0.031656 -0.015810 
-0.008728 0.003835 -0.009445 0.001295 
-0.032725 -0.019919 -0.011999 0.036383 
-0.030525 -0.000950 0.029506 -0.007879 
0.000536 -0.010356 0.003848 -0.009629 
0.006324 0.007013 0.004203 0.008457 
-0.005290 0.000617 -0.005323 0.000157 
0.019244 0.009134 -0.005452 0.020593 
-0.008421 -0.009057 -0.003438 -0.011879 
0.017993 -0.033318 -0.037361 -0.006160 
0.016702 -0.021101 0.006902 0.026011 
0.017431 -0.003596 0.012847 0.012318 
0.018113 -0.016274 0.011486 0.021471 
-0.018225 -0.014316 0.015558 -0.017177 
0.010498 -0.002325 0.010654 0.001450 
-0.000989 0.009623 -0.003663 0.008954 
0.004092 0.002622 0.003892 0.002910 
-0.006779 0.021282 -0.021575 -0.005781 
0.022684 -0.010098 0.002625 0.024691 
-0.006868 0.010629 -0.011058 0.006154 
0.008929 0.001429 0.008299 0.003592 
0.003942 -0.010607 0.007688 -0.008303 
0.000468 -0.015741 0.011157 -0.011113 
-0.032487 0.007577 0.033345 0.000974 
0.010497 0.010108 0.002256 0.014397 
-0.003091 -0.023473 0.023675 0.000258 
-0.008398 0.000677 -0.008347 -0.001146 
0.015528 0.000625 0.011069 0.010909 
-0.034316 -0.014741 0.001680 0.037310 
-0.023319 0.017494 0.010864 -0.027051 
-0.021173 -0.009560 0.011181 -0.020363 
0.004323 -0.007242 0.005782 -0.006139 
0.000848 -0.013739 0.008226 -0.011037 
0.001974 0.015038 -0.008215 0.012750 
0.006596 -0.005556 0.007678 -0.003927 
-0.001696 -0.015854 0.009902 -0.012496 
-0.021388 0.017663 0.002485 -0.027627 
0.000378 0.005434 -0.000115 0.005446 
0.016525 0.007567 0.002394 0.018017 
0.012854 -0.033103 -0.031344 0.016691 
-0.035155 -0.007212 0.019526 0.030110 
-0.014824 0.000991 -0.012198 -0.008483 
0.009882 -0.008560 0.012835 -0.002489 
0.002496 0.004833 0.002050 0.005038 
-0.000817 0.004699 -0.001141 0.004631 
0.005139 -0.009343 0.008012 -0.007035 
0.032532 -0.011217 -0.034054 -0.004946 
-0.019221 -0.014882 0.018942 -0.015235 
-0.012522 0.023828 -0.011561 -0.024309 
0.013779 0.012021 -0.003061 0.018028 
-0.014372 -0.009025 -0.002202 -0.016828 
0.015279 0.008907 0.001544 0.017618 
-0.005172 -0.033605 -0.008004 0.033045 
-0.024142 -0.012462 0.024918 -0.010827 
-0.002784 0.001381 -0.002823 0.001298 
0.015230 -0.021562 0.010219 0.024340 
0.006855 -0.014521 0.015128 -0.005384 
0.010169 -0.041199 -0.021798 -0.036408 
-0.026945 0.000888 0.015596 -0.021991 
0.000775 0.041380 0.036276 0.019925 
0.032869 -0.000817 -0.032574 -0.004470 
0.012690 -0.001444 0.011837 0.004798 
0.002670 0.010084 -0.000768 0.010404 
0.002909 0.005786 0.002146 0.006110 
0.005880 0.016347 -0.009473 0.014562 
0.012771 -0.001185 0.011763 0.005113 
-0.011849 0.015969 -0.019134 -0.005411 
0.007102 0.009652 0.002330 0.011755 
-0.009805 -0.003792 -0.007995 -0.006826 
-0.000202 0.000667 -0.000203 0.000666 
-0.006706 -0.005965 -0.005051 -0.007419 
0.007468 -0.028276 0.007806 0.028185 
-0.026036 0.022908 0.034063 -0.006508 
0.016813 0.011485 -0.005923 0.019481 
0.011527 -0.005793 0.012889 0.000552 
0.007778 -0.007805 0.010078 -0.004455 
-0.002955 -0.029008 0.017545 0.023288 
-0.018504 -0.005119 -0.003337 -0.018907 
-0.013422 -0.012865 0.004590 -0.018016 
-0.020432 -0.012701 0.016463 -0.017543 
-0.008243 0.037303 0.038178 -0.001373 
0.015645 0.020383 -0.025140 0.005313 
-0.007098 0.008487 -0.009707 0.005307 
-0.027647 0.003980 0.017344 -0.021895 
0.005894 0.004592 0.005029 0.005526 
-0.001632 -0.011705 0.003359 -0.011331 
-0.013534 0.001838 -0.012387 -0.005756 
0.002393 0.014823 -0.007574 0.012965 
0.013410 0.012667 -0.004129 0.017978 
0.016353 -0.013084 0.016477 0.012929 
-0.003069 -0.004577 -0.002632 -0.004842 
-0.017050 -0.020259 0.026261 -0.003389 
0.011493 0.027271 -0.022517 -0.019205 
0.023879 -0.010636 -0.002554 0.026015 
-0.000572 0.001166 -0.000578 0.001163 
0.001907 -0.008199 0.003624 -0.007598 
-0.045606 -0.007214 -0.042753 -0.017438 
0.014921 0.019534 -0.022854 0.009051 
0.010167 -0.004781 0.011219 -0.000606 
0.005484 -0.003836 0.005956 -0.003052 
-0.004170 -0.009461 -0.000915 -0.010299 
-0.004469 -0.001437 -0.004362 -0.001735 
-0.010605 -0.017294 0.013182 -0.015420 
-0.005390 0.012090 -0.010804 0.007649 
0.023848 0.002165 -0.006426 0.023068 
-0.007631 -0.031642 0.004584 0.032225 
-0.024560 0.007363 0.003743 -0.025366 
-0.003864 0.006642 -0.004993 0.005841 
-0.032648 0.005582 0.033094 0.001352 
-0.006107 0.030676 0.001374 -0.031248 
0.032627 -0.020626 -0.025565 -0.028921 
-0.015311 -0.003399 -0.008867 -0.012936 
-0.013903 0.018290 -0.017692 -0.014657 
-0.011907 -0.007347 -0.005703 -0.012776 
-0.007596 -0.008056 -0.004122 -0.010277 
-0.015850 -0.000272 -0.011214 -0.011204 
0.010230 -0.015326 0.018398 0.001015 
-0.019433 0.034963 0.031017 0.025258 
-0.015114 -0.003530 -0.008832 -0.012764 
0.022934 -0.005235 0.002455 0.023395 
0.009015 -0.003225 0.009555 -0.000607 
-0.003420 -0.004199 -0.003031 -0.004489 
-0.007320 0.008714 -0.010114 0.005219 
0.004610 0.031241 -0.007543 -0.030665 
0.044878 0.006461 0.044893 0.006360 
-0.015777 -0.016960 0.018000 -0.014579 
-0.022280 0.022552 0.020622 -0.024078 
-0.000748 0.040344 0.038773 0.011174 
0.026934 0.009189 -0.026846 0.009446 
0.021636 -0.026416 -0.030535 0.015281 
-0.004934 -0.007448 -0.002989 -0.008419 
-0.004859 -0.002857 -0.004559 -0.003314 
-0.007536 -0.007944 -0.004191 -0.010116 
0.010597 -0.013662 0.017290 0.000039 
-0.014850 0.004571 -0.014064 -0.006604 
0.004429 -0.008487 0.006602 -0.006932 
0.003380 -0.004423 0.003783 -0.004084 
0.008053 0.008450 0.003948 0.010984 
-0.015219 -0.025712 0.024279 0.017414 
-0.002753 -0.001211 -0.002718 -0.001286 
-0.007115 -0.013205 0.002881 -0.014721 
-0.004942 0.036539 0.033601 -0.015182 
-0.002172 0.006582 -0.003111 0.006193 
-0.015403 0.022818 -0.006336 -0.026791 
-0.003113 0.025787 -0.021281 -0.014894 
0.026641 0.024174 -0.000780 -0.035965 
0.005582 -0.003505 0.005997 -0.002735 
-0.017782 -0.009027 0.002267 -0.019813 
0.007566 0.029967 -0.014005 -0.027553 
-0.005100 -0.029177 0.017550 0.023860 
-0.003853 0.017229 -0.016271 0.006851 
0.015887 0.012101 -0.005877 0.019087 
0.018480 0.016818 -0.021980 0.011885 
-0.020089 -0.037290 -0.040766 -0.011499 
-0.008341 0.031722 0.012847 -0.030179 
0.016114 0.006070 0.005165 0.016426 
0.014892 0.001976 0.010233 0.010998 
0.000860 0.006761 -0.000105 0.006815 
0.013762 0.017572 -0.016881 0.014602 
0.006375 0.008987 0.002684 0.010686 
-0.016839 -0.019185 0.024385 -0.007550 
-0.024763 -0.000178 0.007552 -0.023584 
-0.007545 0.012579 -0.013659 0.005347 
0.014429 0.028860 -0.013287 -0.029403 
0.006708 0.005666 0.005200 0.007075 
-0.023166 0.000905 0.000749 -0.023172 
0.027184 0.001794 -0.018820 0.019697 
-0.020427 -0.018189 0.027126 -0.003503 
-0.019845 -0.003589 -0.002999 -0.019943 
-0.000000 0.034007 0.012984 -0.031431 
-0.003936 -0.020383 0.018738 -0.008935 
-0.016010 0.016169 -0.015990 -0.016190 
0.007128 0.010093 0.001827 0.012220 
0.012506 -0.012253 0.017281 0.002812 
-0.020862 0.005570 -0.008553 -0.019826 
0.008689 0.015004 -0.006649 0.016013 
-0.007335 0.004862 -0.008271 0.003007 
-0.001603 -0.012040 0.003802 -0.011535 
-0.023380 0.006181 -0.001027 -0.024161 
0.008807 -0.011432 0.013876 -0.003962 
-0.012655 0.003662 -0.012769 -0.003242 
0.001809 -0.009421 0.004352 -0.008550 
-0.002958 0.015978 -0.013583 0.008919 
0.004727 0.008958 0.001735 0.009980 
-0.006090 -0.003031 -0.005602 -0.003859 
-0.010744 0.040236 0.027562 0.031221 
0.013057 0.008361 0.004087 0.014957 
-0.003477 -0.011799 0.002150 -0.012111 
-0.016907 0.024358 0.004467 -0.029312 
-0.005167 0.016582 -0.016332 0.005909 
0.013126 0.013776 -0.006434 0.017907 
0.004312 -0.023678 0.022359 0.008904 
0.007697 -0.025522 0.016712 0.020768 
-0.020432 -0.029327 -0.005449 0.035325 
-0.009747 0.003838 -0.010468 0.000417 
0.008960 0.001944 0.008172 0.004157 
-0.014445 -0.009113 -0.001989 -0.016963 
0.010748 -0.018953 0.020107 0.008393 
-0.006011 -0.018935 0.015543 -0.012373 
-0.011619 0.012507 -0.017032 -0.001163 
-0.002891 0.003089 -0.003055 0.002927 
-0.024467 -0.005625 0.013777 -0.020988 
0.005985 0.034160 0.012202 -0.032463 
0.018864 0.020070 -0.027543 0.000204 
0.005123 0.004834 0.004335 0.005552 
0.000574 -0.018037 0.015441 -0.009340 
-0.012711 0.001429 -0.011841 -0.004837 
0.001014 0.015406 -0.009497 0.012173 
0.012253 0.009119 0.003308 0.014911 
0.006417 -0.019938 0.020876 0.001692 
-0.014018 0.007155 -0.015104 -0.004422 
-0.028383 0.006121 0.020679 -0.020383 
0.013421 0.009542 0.002040 0.016341 
0.000731 -0.009148 0.003035 -0.008661 
0.026185 -0.004134 -0.010801 0.024209 
0.007924 0.008887 0.003462 0.011392 
0.022065 -0.010059 0.004864 0.023756 
-0.019797 -0.002914 -0.004001 -0.019606 
0.008270 0.005886 0.006041 0.008157 
-0.011070 -0.013044 0.003240 -0.016799 
-0.007813 -0.020705 0.020067 -0.009332 
0.003078 0.012972 -0.004067 0.012696 
0.000436 -0.031483 0.003109 0.031332 
-0.035813 -0.007235 0.015382 0.033141 
-0.018730 0.001095 -0.009866 -0.015958 
-0.000766 0.000259 -0.000767 0.000257 
0.005608 -0.020420 0.021128 0.001423 
-0.014440 -0.016655 0.015350 -0.015821 
0.009133 0.023181 -0.024885 0.001233 
-0.000676 -0.016654 0.012051 -0.011514 
-0.001124 0.002109 -0.001161 0.002089 
-0.031410 0.012571 0.033821 -0.000856 
0.015632 0.011235 -0.003533 0.018924 
-0.000912 -0.021540 0.021159 -0.004136 
-0.015587 -0.007747 -0.003183 -0.017112 
-0.027008 -0.018596 0.024070 0.022269 
-0.003246 0.008767 -0.005444 0.007600 
0.011452 -0.031981 -0.022598 0.025363 
-0.012484 -0.025908 0.025141 0.013964 
0.011944 -0.007445 0.014058 0.000672 
0.000105 0.002708 0.000044 0.002710 
0.015930 -0.008248 0.015696 0.008686 
0.007216 0.030714 -0.010257 -0.029837 
0.012788 -0.030750 -0.019917 0.026691 
-0.005703 -0.015420 0.007469 -0.014646 
0.019478 0.021347 -0.028063 -0.006895 
0.003368 0.007864 0.001540 0.008415 
0.010862 0.001333 0.009666 0.005131 
0.001852 -0.006310 0.002667 -0.006011 
0.019543 0.006220 -0.000460 0.020504 
0.005488 -0.026199 0.018169 0.019656 
-0.010206 -0.022100 0.023891 -0.004669 
0.000153 0.010195 -0.003039 0.009733 
0.019341 -0.014808 0.009740 0.022327 
0.016891 -0.007068 0.014816 0.010759 
0.033638 -0.008930 -0.033253 -0.010270 
-0.008529 -0.013664 0.003744 -0.015666 
0.012409 -0.001373 0.011657 0.004468 
-0.001686 -0.018521 0.015298 -0.010575 
-0.025331 -0.004050 0.014448 -0.021197 
-0.008003 0.001948 -0.008232 0.000259 
0.021335 -0.015811 0.001436 0.026516 
0.018802 -0.020215 0.001762 0.027551 
-0.010083 -0.027619 0.022098 0.019395 
-0.025340 0.008168 0.007436 -0.025565 
-0.004701 0.017651 -0.017498 0.005243 
-0.003825 0.005019 -0.004406 0.004518 
-0.021840 0.008092 -0.006175 -0.022457 
-0.020545 0.004374 -0.008804 -0.019072 
0.013688 0.008336 0.003795 0.015570 
-0.008642 -0.028061 0.021193 0.020321 
-0.009890 -0.003420 -0.008219 -0.006478 
0.016860 -0.000029 0.010914 0.012851 
0.009250 -0.011363 0.014260 -0.003364 
0.003833 0.003411 0.003546 0.003708 
0.016962 0.020213 -0.026123 0.003727 
0.001280 0.010944 -0.002774 0.010664 
-0.001638 -0.000342 -0.001635 -0.000356 
-0.004180 -0.006548 -0.002908 -0.007204 
0.008159 -0.028613 0.004714 0.029378 
0.000845 0.019284 -0.017155 0.008849 
0.006703 -0.034228 -0.024241 0.025077 
-0.008855 0.001714 -0.009004 -0.000517 
-0.015245 0.018374 -0.015517 -0.018144 
-0.010029 0.016566 -0.019228 -0.002306 
-0.010955 0.007194 -0.013085 0.000737 
0.004451 0.033869 0.009865 -0.032705 
0.018694 0.015629 -0.019671 0.014380 
0.001824 -0.002385 0.001889 -0.002334 
-0.001115 0.010937 -0.004987 0.009798 
0.013290 -0.012977 0.017848 0.005146 
0.007691 -0.009001 0.010734 -0.004994 
0.013388 -0.003382 0.013040 0.004541 
-0.009187 -0.008627 -0.004102 -0.011916 
-0.004959 0.023776 -0.022005 -0.010279 
0.016135 0.015437 -0.014656 0.016847 
0.015868 -0.021454 0.008627 0.025252 
0.003777 -0.005580 0.004513 -0.005004 
0.006483 -0.007533 0.008429 -0.005265 
0.000964 0.012682 -0.005167 0.011621 
0.017233 -0.023640 -0.003011 0.029099 
-0.008875 -0.026074 0.025162 0.011203 
-0.005845 0.011698 -0.010903 0.007221 
0.002115 -0.002179 0.002175 -0.002119 
-0.030868 0.019592 0.033997 0.013449 
0.033280 0.015680 -0.005029 -0.036443 
0.005975 0.005839 0.004604 0.006971 
-0.001330 0.015077 -0.010729 0.010676 
0.027250 -0.002623 -0.015974 0.022233 
0.007924 -0.001483 0.008061 0.000109 
0.000720 0.014082 -0.007446 0.011974 
0.020194 -0.023734 -0.015762 0.026882 
-0.004661 -0.006093 -0.003496 -0.006828 
-0.000633 0.025243 -0.023235 -0.009887 
0.007103 0.017872 -0.013132 0.014050 
0.017580 -0.016959 0.012037 0.021255 
0.012734 -0.013887 0.018228 0.004770 
-0.001175 -0.026416 0.022934 0.013162 
-0.017287 0.019228 -0.009270 -0.024138 
0.002769 -0.024439 0.022746 0.009355 
-0.025158 0.021458 0.028901 -0.016065 
-0.003028 0.005541 -0.003679 0.005132 
0.000337 -0.027554 0.019948 0.019011 
-0.011666 -0.012008 0.001427 -0.016681 
-0.019844 0.007515 -0.011219 -0.018011 
-0.000601 0.009248 -0.002979 0.008775 
-0.009364 -0.009844 -0.002651 -0.013325 
-0.021254 -0.004226 0.001304 -0.021631 
0.002007 0.028120 -0.019921 -0.019948 
0.021450 -0.005553 0.007058 0.021003 
0.010570 -0.007954 0.013148 -0.001458 
0.004858 -0.014907 0.013723 -0.007581 
-0.013649 0.006287 -0.014529 -0.003839 
-0.028951 0.018242 0.033947 -0.004310 
0.004024 0.026172 -0.024191 -0.010769 
-0.018867 0.003647 -0.011376 -0.015487 
-0.006640 -0.008920 -0.002882 -0.010740 
-0.008794 0.007736 -0.011181 0.003488 
0.017677 -0.022789 -0.001718 0.028790 
-0.030762 -0.003170 0.030713 -0.003614 
0.001851 0.011573 -0.003024 0.011323 
-0.026935 0.008111 0.014807 -0.023918 
-0.016107 0.014820 -0.016458 -0.014429 
-0.004977 -0.000674 -0.004910 -0.001055 
-0.009314 -0.031685 0.003137 0.032876 
-0.013214 -0.019912 0.021900 -0.009566 
-0.019597 0.003858 -0.010377 -0.017066 
-0.002907 0.011323 -0.007249 0.009172 
-0.023173 -0.010924 0.019663 -0.016422 
-0.017263 -0.014579 0.014389 -0.017422 
-0.016413 -0.029829 0.003502 0.033866 
0.011793 -0.019607 0.019261 0.012350 
0.016353 -0.021987 0.005660 0.026811 
-0.007587 -0.008431 -0.003780 -0.010694 
0.001512 0.009038 -0.000831 0.009126 
0.012554 -0.005993 0.013763 0.002022 
-0.013531 0.013299 -0.017991 -0.006022 
0.017485 -0.016077 0.013225 0.019731 
-0.011244 0.020710 -0.019134 -0.013757 
-0.003109 0.003092 -0.003285 0.002905 
0.012640 -0.011494 0.016883 0.002618 
-0.008695 -0.007324 -0.005208 -0.010105 
0.007044 0.006728 0.004827 0.008460 
0.001110 -0.014595 0.009766 -0.010902 
-0.018337 -0.005252 -0.003420 -0.018765 
-0.005643 0.019973 -0.020751 -0.000429 
-0.016531 0.021717 -0.005825 -0.026664 
0.006714 0.006442 0.004796 0.007973 
-0.012229 -0.001311 -0.010361 -0.006625 
0.017452 0.017798 -0.022466 0.010798 
0.008561 0.018511 -0.015156 0.013648 
-0.006353 0.002304 -0.006612 0.001398 
-0.004084 -0.002169 -0.003934 -0.002431 
0.014974 -0.001516 0.012497 0.008387 
-0.007129 -0.021213 0.020906 -0.007985 
0.014489 0.007908 0.003903 0.016039 
-0.000978 -0.008675 0.001050 -0.008666 
0.029182 -0.006218 -0.024081 0.017617 
0.006565 -0.003563 0.007074 -0.002398 
0.014105 0.026576 -0.022876 -0.019542 
-0.007353 0.007391 -0.009360 0.004590 
-0.020302 0.024519 0.019162 -0.025419 
0.013751 0.023968 -0.026833 -0.006601 
0.008764 -0.004383 0.009656 -0.001662 
-0.009432 -0.019217 0.017334 -0.012561 
-0.019854 0.019152 -0.000366 -0.027583 
-0.007100 0.016806 -0.018028 0.002801 
0.013078 0.008133 0.004401 0.014758 
0.004230 0.005887 0.003235 0.006487 
-0.001021 0.007402 -0.002263 0.007122 
0.005162 -0.012433 0.010928 -0.007861 
-0.002102 -0.005410 -0.001535 -0.005598 
0.009353 -0.029790 -0.004395 0.030913 
-0.008258 0.030209 0.003805 -0.031086 
-0.006625 -0.002011 -0.006260 -0.002956 
-0.028032 -0.000583 0.021098 -0.018466 
0.006852 0.018292 -0.014111 0.013506 
-0.004278 0.036707 0.033684 -0.015200 
0.004630 -0.003817 0.005021 -0.003286 
-0.003336 -0.004661 -0.002852 -0.004972 
-0.003193 0.015675 -0.013310 0.008874 
-0.016457 -0.001525 -0.009921 -0.013219 
0.035431 0.010739 -0.008457 -0.036043 
0.013693 -0.021606 0.013968 0.021429 
-0.002474 -0.009447 0.000344 -0.009759 
-0.022336 -0.012460 0.020603 -0.015154 
0.008109 0.026884 -0.024007 -0.014565 
0.012732 -0.001691 0.011966 0.004668 
0.002489 0.001093 0.002463 0.001149 
-0.010685 -0.014070 0.005290 -0.016856 
-0.009635 0.006739 -0.011550 0.002197 
-0.031433 0.007530 0.031771 -0.005941 
-0.012916 -0.009656 -0.002159 -0.015981 
0.007840 -0.007628 0.010049 -0.004321 
-0.000610 -0.004398 -0.000344 -0.004427 
-0.007318 0.004657 -0.008187 0.002867 
-0.003042 0.013341 -0.009779 0.009571 
-0.027633 -0.001602 0.020387 -0.018722 
-0.004750 0.004948 -0.005409 0.004217 
0.012272 -0.008277 0.014760 0.001125 
0.006586 -0.004369 0.007295 -0.003040 
-0.014493 0.027314 0.008170 -0.029822 
0.032231 -0.017035 -0.033097 -0.015285 
0.008799 0.012174 -0.000954 0.014991 
0.013421 0.002884 0.009687 0.009727 
-0.030459 0.002178 0.028536 -0.010872 
-0.001997 0.021978 -0.022068 -0.000173 
0.000934 0.012334 -0.004724 0.011432 
0.001189 -0.008435 0.003015 -0.007967 
-0.000036 0.024297 -0.023633 -0.005640 
0.012631 0.004907 0.008085 0.010874 
-0.011274 0.010555 -0.015439 0.000367 
-0.002790 -0.002708 -0.002662 -0.002833 
-0.009068 -0.013447 0.003387 -0.015861 
-0.015677 -0.026349 0.022128 0.021222 
-0.009513 -0.000050 -0.009138 -0.002645 
0.003566 0.004337 0.003133 0.004660 
-0.001309 -0.004413 -0.001021 -0.004488 
0.015692 -0.011286 0.016794 0.009570 
0.014810 -0.007571 0.015491 0.006057 
-0.005323 0.007462 -0.007043 0.005866 
-0.008086 -0.027991 0.021486 0.019679 
-0.015768 -0.008752 -0.001270 -0.017989 
0.009683 -0.018791 0.020372 0.005645 
-0.011983 -0.008942 -0.003651 -0.014500 
0.002862 -0.003600 0.003088 -0.003408 
-0.004294 0.012145 -0.009650 0.008532 
0.020861 -0.026490 -0.028353 0.018248 
-0.009537 -0.005871 -0.006650 -0.009011 
-0.002273 0.018418 -0.017123 0.007155 
-0.015466 -0.006861 -0.004653 -0.016267 
-0.019251 -0.001953 -0.006194 -0.018331 
-0.004002 0.027568 -0.016334 -0.022565 
-0.010392 0.007654 -0.012804 0.001620 
-0.016736 -0.012569 0.008378 -0.019181 
-0.023799 0.016443 0.010761 -0.026851 
-0.004318 -0.009395 -0.001075 -0.010284 
-0.040322 -0.001480 -0.011862 0.038566 
0.012224 0.007451 0.005538 0.013201 
0.003080 0.007514 0.001513 0.007979 
-0.024317 0.016902 0.014232 -0.025971 
0.024020 0.011286 -0.022620 0.013881 
0.017732 0.008711 -0.001546 0.019696 
0.017542 -0.004580 0.013280 0.012343 
-0.015078 -0.015729 0.013806 -0.016857 
-0.011358 -0.006778 -0.006321 -0.011619 
0.009314 0.007838 0.004947 0.011123 
0.003165 0.000548 0.003146 0.000647 
-0.012135 0.015329 -0.018860 -0.005151 
0.003580 0.019558 -0.017012 0.010292 
0.028963 0.004554 -0.027445 0.010312 
-0.022362 -0.018927 0.028807 0.005333 
-0.007525 0.017352 -0.018869 0.001297 
0.033527 -0.006845 -0.033283 -0.007948 
0.007062 -0.007647 0.009164 -0.004937 
0.006579 -0.011588 0.011617 -0.006528 
0.006516 -0.024482 0.020164 0.015337 
-0.009949 -0.011130 -0.000725 -0.014911 
0.001686 0.012917 -0.004936 0.012055 
0.028895 -0.015887 -0.031278 0.010442 
-0.034586 -0.017640 -0.013847 0.036272 
-0.029516 -0.011198 0.030460 0.008294 
0.003689 -0.009760 0.006674 -0.008021 
0.018911 -0.029898 -0.033530 0.011283 
-0.000425 -0.032058 0.000460 0.032058 
-0.019336 -0.012353 0.013075 -0.018856 
-0.002951 -0.008472 -0.000800 -0.008936 
0.013352 -0.003470 0.013064 0.004434 
0.014317 -0.017303 0.017723 0.013794 
-0.003521 0.018776 -0.018409 0.005103 
0.020342 -0.004596 0.009338 0.018647 
0.003182 -0.023468 0.022776 0.006489 
-0.007813 0.001291 -0.007916 -0.000220 
-0.002472 -0.026774 0.022980 0.013960 
-0.014670 0.016918 -0.017475 -0.014002 
0.001741 -0.005441 0.002274 -0.005241 
-0.007210 -0.006035 -0.005338 -0.007739 
-0.003092 -0.003183 -0.002895 -0.003363 
0.007035 0.015083 -0.006632 0.015265 
0.003923 -0.006324 0.004932 -0.005573 
0.011248 -0.011105 0.015804 -0.000248 
-0.009364 0.001605 -0.009447 -0.001005 
-0.012372 -0.027593 0.021035 0.021725 
-0.011748 -0.014645 0.007326 -0.017286 
0.014369 0.001634 0.010560 0.009880 
-0.013107 -0.026869 0.022751 0.019394 
0.005771 -0.027861 0.012732 0.025445 
-0.004264 -0.028995 0.018049 0.023090 
-0.025599 -0.018447 0.027310 0.015805 
-0.025712 0.009149 0.009689 -0.025514 
-0.004578 0.019251 -0.019592 0.002781 
0.016064 0.001137 0.010470 0.012237 
-0.033973 -0.009166 0.021737 0.027671 
-0.006991 0.010088 -0.010744 0.005933 
-0.009315 0.018210 -0.020123 -0.003666 
0.019029 0.008619 -0.003899 0.020523 
0.011772 -0.004716 0.012605 0.001396 
0.019401 -0.020994 -0.002882 0.028440 
-0.033551 0.015873 0.030089 0.021732 
-0.000387 0.008497 -0.002240 0.008206 
-0.007359 0.008010 -0.009716 0.004890 
0.016370 0.020910 -0.026470 0.002133 
0.001560 0.000712 0.001554 0.000726 
-0.003636 -0.016085 0.009427 -0.013530 
-0.009106 0.030321 0.006674 -0.030948 
0.020918 -0.033262 -0.033164 -0.021074 
0.013320 0.002189 0.010152 0.008897 
-0.013969 0.002896 -0.013041 -0.005784 
-0.003889 0.026850 -0.018473 -0.019869 
0.007537 -0.009452 0.010879 -0.005271 
-0.008955 0.002986 -0.009428 0.000467 
0.014519 0.003003 0.009498 0.011384 
-0.008643 0.011957 -0.014180 0.004075 
0.024423 -0.022039 -0.027710 0.017731 
-0.001851 -0.028782 0.017783 0.022706 
-0.023364 0.026239 0.034335 -0.007448 
-0.000260 0.001014 -0.000263 0.001013 
-0.026729 0.004785 0.013134 -0.023767 
0.014647 0.009192 0.001670 0.017212 
-0.006923 -0.013169 0.002844 -0.014604 
-0.004492 0.006841 -0.005789 0.005786 
0.008491 -0.016147 0.018199 -0.001272 
0.003435 -0.011678 0.008197 -0.008999 
0.013302 -0.008386 0.015433 0.003016 
0.009856 0.001036 0.009109 0.003904 
-0.000985 -0.014944 0.008695 -0.012194 
0.001184 -0.003382 0.001315 -0.003333 
-0.033589 0.013362 0.032193 0.016443 
0.030693 0.018371 -0.009323 -0.034535 
0.017634 0.000670 0.009691 0.014748 
-0.000583 -0.025962 0.023187 0.011692 
0.006670 -0.026794 0.014862 0.023270 
-0.027937 0.005140 0.018569 -0.021496 
0.023775 0.025312 -0.007283 -0.033954 
0.017713 -0.000275 0.010401 0.014340 
-0.000125 0.007389 -0.001351 0.007266 
0.028374 -0.004976 -0.020481 0.020257 
-0.000570 -0.009785 0.002285 -0.009531 
-0.001069 -0.007042 0.000031 -0.007123 
-0.015872 -0.019070 0.023002 -0.009299 
0.030543 0.008367 -0.031099 -0.005978 
-0.013609 -0.012514 0.003981 -0.018054 
0.027969 -0.014095 -0.025647 0.017977 
0.004883 0.004091 0.004340 0.004663 
-0.000337 0.007974 -0.001873 0.007758 
0.006226 0.003139 0.005693 0.004026 
-0.005966 0.019434 -0.020328 0.000210 
0.014926 0.013560 -0.008023 0.018502 
-0.009893 -0.008517 -0.004346 -0.012309 
0.009587 0.027455 -0.022667 -0.018218 
-0.010282 0.012777 -0.016359 0.001169 
-0.013889 0.016034 -0.018432 -0.010501 
0.021592 0.020975 -0.027751 -0.011664 
0.005241 0.017582 -0.012352 0.013565 
0.012655 0.020678 -0.022979 0.007727 
0.013233 -0.034049 -0.035259 0.009553 
-0.034421 -0.010132 0.016967 0.031616 
-0.022477 0.005700 -0.004067 -0.022829 
-0.022139 -0.016927 0.027681 -0.003225 
-0.016597 -0.006609 -0.003843 -0.017446 
-0.013361 0.003065 -0.012884 -0.004683 
0.004239 0.034546 0.014741 -0.031529 
0.008566 -0.017818 0.019720 0.001413 
0.005590 0.029343 -0.016960 -0.024589 
-0.005016 0.003654 -0.005410 0.003040 
0.008181 -0.011176 0.012997 -0.004786 
0.007007 -0.017439 0.018681 -0.002055 
-0.024118 -0.016588 0.029181 0.002301 
-0.007167 0.005324 -0.008239 0.003438 
0.006944 -0.023666 0.020723 0.013373 
-0.023813 0.004097 0.001028 -0.024141 
-0.009613 0.007375 -0.011861 0.002477 
-0.005095 -0.015930 0.008672 -0.014301 
-0.007364 -0.034866 -0.018018 0.030745 
-0.023874 -0.015692 0.028506 -0.001896 
-0.000752 0.009450 -0.003286 0.008892 
0.013894 -0.022746 0.010936 0.024307 
-0.021007 -0.007262 0.005961 -0.021413 
0.028618 0.000642 -0.023370 0.016531 
-0.003585 -0.012622 0.003236 -0.012716 
0.007873 -0.009271 0.011131 -0.004902 
-0.007275 0.008506 -0.009925 0.005174 
0.009756 -0.000319 0.009437 0.002495 
-0.002695 0.007992 -0.004354 0.007223 
0.016113 -0.003484 0.013442 0.009544 
-0.010911 -0.004343 -0.008180 -0.008427 
0.016613 0.019058 -0.023878 0.008309 
0.006195 0.017251 -0.011551 0.014233 
-0.012466 0.016113 -0.019097 -0.007094 
0.003038 0.010329 -0.000733 0.010742 
0.005231 0.001565 0.005067 0.002035 
-0.006194 0.008310 -0.008542 0.005870 
-0.005650 0.010080 -0.009186 0.007011 
0.009011 0.002163 0.008142 0.004427 
-0.018985 0.013381 -0.011871 -0.019964 
0.000156 -0.021044 0.020580 -0.004394 
-0.019613 0.022544 0.008896 -0.028526 
0.011226 0.027568 -0.021790 -0.020278 
0.023894 -0.022760 -0.027678 0.017968 
0.013280 -0.010811 0.016739 0.003615 
0.002982 -0.004534 0.003378 -0.004247 
-0.000271 -0.003188 -0.000171 -0.003195 
-0.027983 -0.009403 0.029166 -0.004556 
0.006459 0.023855 -0.024702 -0.000762 
0.013159 0.002425 0.009978 0.008915 
0.001999 0.013888 -0.006210 0.012582 
0.002585 -0.003382 0.002768 -0.003234 
-0.013332 0.008627 -0.015576 -0.003095 
-0.005180 -0.007868 -0.002884 -0.008967 
0.003780 -0.006942 0.005029 -0.006098 
0.003461 -0.014712 0.012105 -0.009049 
-0.009568 0.006761 -0.011492 0.002280 
0.016796 -0.003530 0.013206 0.010962 
0.006035 -0.008235 0.008310 -0.005931 
-0.007296 0.007111 -0.009149 0.004482 
0.019900 -0.000187 0.007199 0.018554 
0.005149 -0.019802 0.020447 -0.000764 
0.015689 -0.012264 0.016997 0.010377 
-0.026816 -0.021046 0.016247 0.029967 
-0.026623 0.007842 0.013213 -0.024407 
-0.012317 0.017559 -0.019346 -0.009260 
-0.003240 -0.003405 -0.003003 -0.003616 
-0.007557 -0.013244 0.002908 -0.014969 
0.008663 0.000146 0.008403 0.002111 
-0.000498 0.019634 -0.018333 0.007046 
0.026545 0.003799 -0.018633 0.019284 
0.025867 0.008299 -0.022777 0.014806 
0.026490 0.007145 -0.022974 0.014997 
0.024565 -0.017946 -0.017820 0.024656 
-0.026493 0.010733 0.014715 -0.024507 
0.002423 0.008818 0.000115 0.009144 
-0.000057 -0.006034 0.000613 -0.006003 
-0.002321 0.012002 -0.007375 0.009749 
-0.029823 0.000854 0.026857 -0.012995 
-0.017212 0.018280 -0.011153 -0.022494 
-0.012982 0.011308 -0.016910 -0.003234 
0.003811 0.016460 -0.010152 0.013505 
0.007640 -0.003415 0.008191 -0.001715 
-0.011598 -0.001300 -0.010083 -0.005877 
-0.007641 0.010870 -0.012139 0.005403 
-0.001010 0.005030 -0.001410 0.004933 
-0.025817 -0.000046 0.011630 -0.023049 
0.016502 0.007942 0.001785 0.018226 
-0.019387 -0.016334 0.022511 -0.011659 
-0.003183 -0.003683 -0.002908 -0.003903 
0.001995 0.003762 0.001784 0.003866 
-0.000836 0.012634 -0.006682 0.010755 
0.025189 -0.003808 -0.006596 0.024606 
-0.014151 -0.012967 0.005609 -0.018356 
-0.007189 0.002238 -0.007467 0.000965 
0.005320 -0.008466 0.007620 -0.006474 
0.010773 -0.010642 0.015096 -0.001190 
0.009691 0.006884 0.005922 0.010307 
0.033528 -0.007939 -0.033359 -0.008621 
-0.025163 -0.020559 0.023343 0.022604 
-0.028644 0.014776 0.029103 -0.013848 
0.010942 0.032130 0.001699 -0.033900 
0.019293 0.011337 -0.010540 0.019740 
0.018002 0.006822 0.001466 0.019195 
0.008610 0.006358 0.005908 0.008924 
0.011592 -0.002645 0.011635 0.002451 
-0.004599 0.008956 -0.007110 0.007128 
0.003035 -0.028452 0.014560 0.024633 
-0.022766 -0.018969 0.028812 0.006926 
-0.022831 0.008585 -0.002743 -0.024237 
-0.010758 0.008107 -0.013414 0.001229 
-0.013805 0.012694 -0.017735 -0.006095 
0.016385 0.008483 0.000977 0.018425 
-0.001296 -0.033848 -0.010832 0.032093 
0.000800 0.022021 -0.021867 0.002717 
0.023390 -0.020012 -0.017800 0.025115 
0.002499 -0.022474 0.022494 0.002305 
-0.003730 -0.013856 0.005136 -0.013398 
-0.014907 -0.018024 0.019431 -0.013020 
-0.010056 0.005460 -0.011388 0.001113 
-0.029946 0.004007 0.026719 -0.014104 
0.010451 0.033146 0.008374 -0.033731 
0.017544 0.007664 0.000748 0.019130 
-0.008233 0.014997 -0.016849 0.002970 
0.001960 0.005599 0.001348 0.005777 
-0.002023 -0.014186 0.006689 -0.012672 
-0.029598 0.007026 0.025975 -0.015833 
-0.006461 0.009792 -0.009895 0.006302 
0.006950 -0.005750 0.008152 -0.003863 
-0.019549 -0.023707 0.024931 0.017961 
0.021404 0.034598 0.039793 -0.008465 
0.000215 -0.015374 0.010326 -0.011393 
-0.025245 0.015221 0.015196 -0.025260 
-0.010650 -0.012465 0.001869 -0.016288 
0.009274 -0.014136 0.016791 -0.001972 
-0.008177 0.000953 -0.008198 -0.000749 
0.008679 -0.008127 0.011284 -0.003748 
0.002165 0.017538 -0.013056 0.011909 
-0.010080 -0.001345 -0.009163 -0.004410 
0.030284 0.018698 -0.010147 -0.034114 
-0.010540 0.010929 -0.015108 0.001504 
-0.014498 0.012935 -0.017702 -0.008011 
0.007816 -0.015873 0.017476 -0.002763 
-0.015385 0.000700 -0.011983 -0.009674 
0.004814 -0.026385 0.018542 0.019379 
-0.016967 -0.008048 -0.000946 -0.018756 
0.006416 0.032217 -0.001358 -0.032821 
-0.003611 0.009533 -0.006406 0.007929 
-0.023552 -0.012389 0.023434 -0.012611 
0.008667 0.020355 -0.019644 0.010176 
0.012851 -0.010962 0.016661 0.002781 
-0.021836 -0.001349 -0.001023 -0.021853 
-0.005413 0.014729 -0.014018 0.007054 
-0.000165 -0.012510 0.005610 -0.011182 
-0.008027 0.018191 -0.019856 -0.001045 
-0.005202 -0.024658 0.024872 0.004054 
-0.008842 0.001208 -0.008873 -0.000958 
-0.009548 -0.033316 -0.008544 0.033588 
-0.016002 0.000556 -0.011732 -0.010897 
0.004785 -0.002151 0.004949 -0.001742 
-0.001729 -0.019584 0.017458 -0.009042 
-0.007795 -0.018669 0.015266 -0.013276 
-0.003846 0.000091 -0.003846 -0.000083 
-0.030188 -0.011596 0.029525 0.013193 
-0.002606 -0.010564 0.001302 -0.010803 
0.014137 0.004479 0.008276 0.012306 
-0.018838 0.007656 -0.012999 -0.015637 
-0.007186 -0.008141 -0.003855 -0.010151 
0.009260 -0.004471 0.010201 -0.001300 
-0.004057 -0.035437 -0.021055 0.028791 
0.005596 0.022499 -0.022841 0.003975 
0.012785 -0.019549 0.018231 0.014603 
-0.022044 0.015824 0.001528 -0.027093 
0.015785 0.024889 -0.025607 -0.014591 
-0.011910 0.006424 -0.013503 -0.000876 
-0.029855 0.018368 0.034988 0.002129 
0.023746 0.015958 -0.028576 0.001402 
0.005122 0.001898 0.004928 0.002357 
0.010938 0.028375 -0.019220 -0.023566 
-0.005745 -0.027087 0.023421 0.014771 
-0.019303 0.032411 0.037163 0.006477 
-0.004502 0.001270 -0.004577 0.000966 
0.002185 -0.012353 0.007650 -0.009942 
-0.015216 -0.000587 -0.011173 -0.010346 
-0.008341 -0.005998 -0.006010 -0.008333 
-0.032004 0.006698 0.032589 -0.002661 
-0.012516 -0.010388 -0.001134 -0.016226 
0.006187 -0.009532 0.009376 -0.006421 
-0.008451 -0.001364 -0.007937 -0.003206 
0.008573 -0.005355 0.009804 -0.002463 
0.007770 0.026887 -0.023990 -0.014414 
-0.006412 0.018093 -0.019091 0.002001 
0.009732 0.007193 0.005662 0.010696 
-0.000298 -0.016822 0.012607 -0.011141 
-0.011667 0.037662 0.037204 0.013054 
0.020768 0.019931 -0.028441 -0.004434 
0.014072 0.011316 -0.001851 0.017962 
-0.001492 0.002784 -0.001577 0.002737 
0.020849 0.002711 0.001911 0.020937 
-0.012324 0.001211 -0.011543 -0.004485 
0.017310 -0.008886 0.015099 0.012272 
-0.006157 0.004097 -0.006753 0.003016 
0.010699 0.003563 0.008552 0.007351 
0.023740 0.026415 -0.000709 -0.035509 
0.016161 0.018644 -0.022478 0.010174 
-0.001229 -0.000851 -0.001223 -0.000859 
-0.026440 0.008191 0.012528 -0.024683 
0.029977 0.015699 -0.022604 -0.025182 
0.004980 0.015558 -0.007910 0.014293 
-0.023358 0.020983 0.020453 -0.023823 
-0.017122 0.003184 -0.012828 -0.011778 
-0.020129 0.009800 -0.010587 -0.019727 
0.012540 -0.007916 0.014741 0.001610 
-0.033228 0.004309 0.033081 0.005318 
-0.023219 0.013780 0.003258 -0.026803 
-0.034231 0.008526 0.032262 0.014271 
-0.000553 0.001541 -0.000565 0.001537 
0.004101 0.011335 -0.001165 0.011997 
0.005219 -0.000023 0.005203 0.000411 
-0.008370 -0.002829 -0.007465 -0.004726 
0.021831 -0.006702 0.006208 0.021977 
-0.022056 -0.020572 0.027916 0.011418 
-0.013485 0.007439 -0.015027 -0.003368 
0.006937 0.009511 0.002417 0.011521 
0.028466 0.002763 -0.024443 0.014848 
-0.024178 -0.018368 0.028775 0.009692 
-0.007748 0.012849 -0.014144 0.005008 
0.015933 0.009131 0.000369 0.018360 
0.011054 0.016736 -0.012065 0.016023 
0.037296 0.004938 -0.009545 -0.036390 
0.018556 -0.019341 0.004852 0.026360 
0.004679 -0.026838 0.017581 0.020811 
-0.015583 -0.008252 -0.002353 -0.017475 
-0.016691 -0.011867 0.006611 -0.019383 
-0.024605 0.007213 0.003900 -0.025342 
-0.027850 0.014342 0.025513 -0.018176 
-0.005620 0.008586 -0.008047 0.006368 
0.004453 -0.004819 0.005047 -0.004193 
0.018777 -0.003210 0.011245 0.015376 
0.008740 0.009525 0.002971 0.012581 
0.018431 0.006498 0.001270 0.019501 
0.000592 -0.006819 0.001559 -0.006665 
0.000474 0.028287 -0.018506 -0.021398 
0.005383 0.001224 0.005246 0.001719 
-0.011657 0.033260 0.029476 -0.019321 
0.004058 0.021168 -0.020314 0.007206 
-0.021295 0.002996 -0.006307 -0.020559 
-0.015803 0.016061 -0.016369 -0.015484 
0.008656 -0.018652 0.020315 0.003186 
-0.023657 0.002490 0.001265 -0.023754 
-0.014543 0.014037 -0.017924 -0.009343 
0.014508 -0.014797 0.018017 0.010238 
-0.015239 0.011590 -0.017072 -0.008666 
0.004958 -0.014961 0.013892 -0.007444 
-0.005442 -0.007066 -0.003582 -0.008168 
0.010328 -0.004991 0.011457 -0.000553 
-0.008497 -0.029954 0.013717 0.027951 
-0.026304 0.017300 0.024178 -0.020164 
-0.011407 -0.009085 -0.003587 -0.014135 
0.003471 -0.002666 0.003621 -0.002458 
0.004357 -0.003056 0.004605 -0.002668 
-0.026274 0.008232 0.011769 -0.024891 
-0.007208 0.007962 -0.009514 0.004984 
-0.023020 -0.014561 0.025934 -0.008330 
-0.011472 0.036818 0.038222 0.005125 
-0.003490 0.009398 -0.006167 0.007903 
-0.008782 0.002819 -0.009212 0.000468 
0.000441 0.001336 0.000433 0.001338 
-0.004029 -0.006578 -0.002773 -0.007198 
0.009001 0.019634 -0.018120 0.011753 
-0.006408 -0.012298 0.001484 -0.013788 
0.009558 0.008822 0.003950 0.012393 
-0.007053 0.007306 -0.008969 0.004761 
-0.005704 0.000073 -0.005683 -0.000494 
0.019564 0.003339 0.003909 0.019459 
0.004613 -0.001521 0.004710 -0.001185 
-0.001498 -0.003030 -0.001392 -0.003080 
0.003167 -0.020433 0.020550 -0.002286 
-0.017976 -0.002311 -0.007709 -0.016403 
-0.011938 0.013757 -0.017989 -0.002857 
0.011549 -0.006571 0.013284 0.000295 
-0.007378 0.010700 -0.011697 0.005665 
-0.018708 -0.020147 0.027492 -0.000267 
-0.004302 -0.013372 0.004038 -0.013454 
-0.029732 0.003764 0.025958 -0.014979 
0.032095 0.018359 -0.000586 -0.036970 
0.033709 0.005828 -0.028136 -0.019458 
0.019789 -0.014269 0.008980 0.022684 
0.020755 -0.020266 -0.006522 0.028266 
0.001322 -0.018641 0.016964 -0.007841 
0.005850 -0.003521 0.006291 -0.002655 
0.007588 -0.003486 0.008153 -0.001803 
-0.004901 0.021307 -0.021717 -0.002525 
0.014546 -0.003560 0.013516 0.006449 
-0.007924 0.010038 -0.011765 0.005014 
0.005976 -0.024981 0.019977 0.016145 
0.006154 -0.017268 0.017960 -0.003672 
0.008354 -0.020407 0.021044 0.006586 
-0.024490 -0.006813 0.015881 -0.019849 
-0.005946 0.015874 -0.016011 0.005565 
-0.003188 0.025452 -0.021677 -0.013715 
0.018326 -0.019029 0.006347 0.025645 
-0.035885 -0.007386 0.014549 0.033625 
-0.009289 -0.002731 -0.008139 -0.005244 
0.006023 -0.016856 0.017349 -0.004405 
0.012098 -0.016276 0.019218 0.006475 
-0.010624 -0.014264 0.005701 -0.016847 
-0.008713 0.022576 -0.020153 -0.013397 
0.023541 -0.001383 -0.001639 0.023525 
0.011564 -0.002696 0.011633 0.002379 
-0.003762 0.009777 -0.006770 0.007995 
0.020305 -0.005783 0.009868 0.018665 
-0.002645 -0.029518 0.015428 0.025304 
-0.008548 0.037850 0.038569 0.004259 
0.012732 0.017806 -0.016347 0.014558 
0.019867 -0.013340 0.009593 0.021923 
-0.040314 -0.002034 -0.012546 0.038366 
0.007945 0.031400 -0.005935 -0.031841 
0.016281 -0.007662 0.015347 0.009395 
0.014295 -0.014835 0.018150 0.009746 
0.025934 -0.014292 -0.016827 0.024365 
0.037988 -0.006031 -0.013177 -0.036137 
-0.012843 -0.015205 0.009696 -0.017381 
-0.010649 0.012095 -0.016090 0.000894 
0.012013 -0.011939 0.016862 0.001591 
-0.019894 -0.001330 -0.005691 -0.019109 
-0.001054 0.009801 -0.003875 0.009064 
-0.011856 0.006783 -0.013642 -0.000688 
0.015259 0.013270 -0.007770 0.018670 
-0.009229 -0.017540 0.013008 -0.014955 
-0.001460 0.008897 -0.003602 0.008265 
-0.008836 -0.012111 0.000844 -0.014968 
-0.019805 0.012348 -0.010446 -0.020871 
0.034746 -0.009395 -0.030638 -0.018890 
-0.023536 -0.023957 0.015274 0.029910 
-0.020188 -0.018077 0.026718 -0.004525 
-0.038793 -0.007748 -0.010395 0.038169 
-0.014006 0.033023 0.033308 -0.013313 
0.000820 -0.004072 0.001034 -0.004023 
0.007131 0.008458 0.003549 0.010479 
0.004712 -0.001915 0.004848 -0.001537 
-0.000650 0.013180 -0.007246 0.011029 
-0.030032 0.016674 0.034318 -0.001491 
-0.009239 0.001872 -0.009402 -0.000674 
0.010259 0.011416 0.000189 0.015347 
0.005689 -0.025237 0.019858 0.016581 
-0.005532 -0.022966 0.023500 -0.002409 
-0.004921 0.000131 -0.004918 -0.000234 
0.017024 0.008647 -0.000250 0.019092 
0.005342 -0.028825 0.009574 0.027708 
-0.032432 0.006168 0.033013 0.000009 
-0.019247 0.002301 -0.009996 -0.016608 
-0.012467 0.010968 -0.016484 -0.002001 
0.011058 -0.000801 0.010581 0.003311 
0.000445 0.013120 -0.006209 0.011567 
-0.008282 -0.016508 0.010078 -0.015477 
0.003893 -0.005260 0.004546 -0.004707 
-0.009681 0.005525 -0.011039 0.001545 
0.008742 0.026600 -0.024478 -0.013596 
0.010767 -0.000824 0.010379 0.002983 
0.002182 0.024851 -0.024214 -0.006001 
0.024993 0.001175 -0.009488 0.023152 
-0.007912 -0.011906 0.000541 -0.014285 
-0.001561 0.032037 0.001616 -0.032035 
0.013672 -0.007030 0.014906 0.003761 
-0.019712 0.019330 -0.000488 -0.027604 
-0.012055 0.012086 -0.016979 -0.001765 
-0.002053 0.003929 -0.002285 0.003799 
-0.009975 0.008965 -0.013188 0.002436 
0.019458 -0.007818 0.012001 0.017197 
0.026117 -0.005446 -0.010343 0.024592 
0.005036 -0.006108 0.006106 -0.005038 
-0.005970 0.003254 -0.006368 0.002381 
-0.005530 0.007522 -0.007315 0.005801 
0.013264 -0.000740 0.011762 0.006176 
-0.009034 0.005511 -0.010360 0.002160 
0.026285 -0.003703 -0.011355 0.023993 
0.007614 0.004390 0.006377 0.006049 
0.016604 0.009049 -0.000391 0.018906 
0.009328 0.003601 0.007813 0.006239 
-0.012203 -0.000224 -0.010862 -0.005565 
-0.003568 0.000241 -0.003575 0.000102 
-0.013717 0.029257 0.015117 -0.028558 
0.033994 0.009202 -0.021555 -0.027851 
0.017981 -0.003901 0.012544 0.013461 
0.026952 -0.014382 -0.021709 0.021494 
0.001502 -0.003441 0.001648 -0.003373 
0.002675 0.022764 -0.022842 0.001894 
0.031340 -0.004092 -0.030848 0.006880 
-0.014279 -0.002281 -0.010103 -0.010345 
0.011994 0.008527 0.004224 0.014097 
0.006701 -0.020774 0.021406 0.004272 
0.007640 -0.002253 0.007931 -0.000739 
0.012962 0.000379 0.011103 0.006700 
0.000369 -0.017593 0.014486 -0.009990 
-0.009895 -0.013323 0.003340 -0.016256 
-0.020030 0.002562 -0.008823 -0.018164 
-0.002909 -0.012890 0.004050 -0.012578 
-0.006822 -0.002527 -0.006326 -0.003593 
0.006861 -0.008279 0.009301 -0.005394 
0.001951 -0.015148 0.011381 -0.010185 
-0.007671 0.005248 -0.008775 0.003065 
0.012396 -0.011883 0.017012 0.002339 
0.003183 -0.013810 0.010554 -0.009458 
0.012520 0.006566 0.006493 0.012558 
-0.009308 -0.006203 -0.006322 -0.009228 
0.024042 -0.016365 -0.011748 0.026605 
-0.009258 -0.006876 -0.005787 -0.009975 
0.009395 0.013643 -0.003862 0.016109 
-0.003105 -0.010266 0.000619 -0.010707 
-0.004176 0.020518 -0.020929 0.000638 
-0.018695 0.008109 -0.013304 -0.015435 
-0.012709 0.002626 -0.012356 -0.003969 
0.009939 0.013137 -0.002971 0.016203 
-0.003334 0.022582 -0.022506 -0.003813 
0.015497 -0.010312 0.016584 0.008454 
-0.017722 -0.000243 -0.009969 -0.014654 
0.000600 0.005537 0.000073 0.005569 
-0.014708 0.008666 -0.015989 -0.005980 
0.027142 0.000420 -0.017404 0.020832 
0.018032 -0.017359 0.010276 0.022823 
0.003352 -0.005634 0.004061 -0.005147 
0.011977 0.013689 -0.005235 0.017419 
0.003948 0.016984 -0.011240 0.013330 
0.020950 0.025052 -0.017888 -0.027323 
0.019901 -0.029844 -0.035203 0.006885 
0.008489 -0.000680 0.008431 0.001203 
-0.011402 0.001097 -0.010926 -0.003440 
-0.005834 -0.012258 0.001609 -0.013479 
0.021931 -0.016732 -0.002819 0.027441 
0.006368 0.002957 0.005852 0.003879 
0.000951 0.010969 -0.003084 0.010569 
0.022193 -0.009770 0.004556 0.023817 
-0.013007 -0.014749 0.008709 -0.017632 
-0.028317 -0.008175 0.028847 -0.006045 
-0.024281 0.004523 0.002681 -0.024552 
0.005094 -0.010178 0.008624 -0.007428 
-0.000414 0.003956 -0.000605 0.003931 
0.027100 0.007534 -0.025288 0.012316 
-0.012231 -0.022322 0.025344 -0.002355 
-0.006267 0.019520 -0.020496 -0.000492 
0.016627 -0.006781 0.014842 0.010107 
-0.007085 -0.006042 -0.005256 -0.007686 
0.012701 0.017723 -0.016099 0.014704 
0.000289 -0.024939 0.023502 0.008347 
-0.014186 0.001457 -0.012383 -0.007074 
-0.004377 0.013811 -0.011770 0.008449 
0.015608 0.015596 -0.014241 0.016853 
-0.009461 0.013694 -0.016525 0.001989 
-0.016554 -0.006441 -0.004149 -0.017271 
-0.011479 -0.005391 -0.007577 -0.010170 
-0.004967 0.009743 -0.008120 0.007325 
-0.000630 -0.011459 0.003908 -0.010791 
0.008000 0.005262 0.006233 0.007269 
0.016833 0.008904 -0.000449 0.019037 
0.013097 -0.017834 0.018765 0.011723 
0.025834 -0.002138 -0.010084 0.023880 
0.011643 0.009001 0.003655 0.014256 
-0.019034 0.006545 -0.012407 -0.015849 
0.025215 -0.014162 -0.013167 0.025748 
-0.011462 -0.002568 -0.009408 -0.007033 
0.020156 0.023025 -0.025744 -0.016544 
0.005593 -0.002552 0.005849 -0.001890 
-0.004036 0.003426 -0.004315 0.003068 
0.004099 0.002930 0.003860 0.003239 
0.038602 0.008459 0.010717 -0.038037 
0.010426 -0.032525 -0.022849 0.025387 
0.005677 -0.005947 0.006775 -0.004657 
-0.015055 -0.024696 0.026198 0.012256 
-0.003817 -0.002900 -0.003604 -0.003161 
0.018086 0.001658 0.008251 0.016179 
0.003137 -0.010532 0.006725 -0.008692 
0.008081 0.001301 0.007648 0.002916 
-0.022719 -0.001557 0.001865 -0.022696 
0.026442 0.009093 -0.025515 0.011440 
0.001891 -0.016902 0.014267 -0.009258 
0.012885 -0.004396 0.013232 0.003202 
0.012913 -0.015597 0.018853 0.007388 
-0.024588 -0.017690 0.029066 0.008525 
-0.020740 0.009468 -0.009108 -0.020901 
-0.003718 -0.000393 -0.003698 -0.000551 
0.002037 -0.002913 0.002148 -0.002833 
0.008045 -0.015166 0.016882 -0.003118 
-0.005964 0.019445 -0.020338 0.000191 
0.010083 -0.019249 0.020380 0.007542 
-0.009935 -0.004642 -0.007605 -0.007900 
0.006311 -0.025117 0.019392 0.017166 
-0.001090 -0.008028 0.000531 -0.008084 
-0.001126 0.007033 -0.002198 0.006775 
-0.019197 0.000340 -0.008563 -0.017184 
0.004890 0.012281 -0.002039 0.013060 
-0.017728 -0.009944 0.004092 -0.019910 
0.005438 -0.003381 0.005818 -0.002675 
0.015333 0.008122 0.002831 0.017118 
0.018816 -0.016173 0.009662 0.022853 
0.005629 -0.010047 0.009134 -0.007014 
-0.003443 0.009510 -0.006200 0.007991 
0.003192 -0.000258 0.003198 -0.000158 
-0.009171 0.008890 -0.012305 0.003424 
0.008019 -0.009111 0.011184 -0.004715 
0.003380 0.007085 0.001994 0.007593 
-0.011933 0.017379 -0.019509 -0.007991 
-0.022264 0.004310 -0.004300 -0.022266 
-0.014373 -0.010492 0.000485 -0.017789 
-0.001797 -0.017209 0.012539 -0.011922 
-0.019112 -0.026716 0.014759 0.029345 
-0.007350 0.016227 -0.017539 0.003119 
0.027700 -0.015672 -0.026933 0.016955 
0.003604 -0.013825 0.010999 -0.009118 
0.016162 0.008852 0.000594 0.018418 
0.023917 0.001005 -0.005269 0.023351 
-0.021284 -0.029671 -0.011140 0.034775 
-0.012963 -0.013040 0.004558 -0.017813 
0.006138 -0.010243 0.009887 -0.006696 
-0.019851 -0.035236 -0.039396 0.009146 
0.005481 0.022909 -0.023412 0.002594 
0.023651 -0.019837 -0.018495 0.024714 
0.007410 -0.027008 0.012868 0.024875 
-0.005260 0.001125 -0.005338 0.000656 
0.006941 0.011493 -0.000099 0.013425 
0.028980 0.003659 -0.026797 0.011623 
-0.021638 -0.023951 0.020625 0.024829 
-0.019440 -0.001347 -0.006524 -0.018362 
0.001383 0.002249 0.001335 0.002278 
-0.015619 -0.029762 0.005796 0.033108 
-0.006230 0.014598 -0.014633 0.006148 
0.027157 -0.002284 -0.015713 0.022267 
0.006612 -0.034525 -0.025774 0.023904 
-0.042197 -0.004797 -0.033561 0.026024 
-0.014162 0.033328 0.034548 -0.010850 
-0.019412 0.004364 -0.010945 -0.016615 
-0.018264 -0.008227 0.001569 -0.019970 
-0.003935 -0.005905 -0.002984 -0.006439 
0.011211 -0.001018 0.010765 0.003289 
-0.004010 -0.008488 -0.001608 -0.009249 
-0.001882 0.002863 -0.001983 0.002794 
-0.022161 0.015651 0.001711 -0.027076 
-0.010267 0.022833 -0.018030 -0.017369 
0.016265 0.016771 -0.018264 0.014568 
0.007666 0.003974 0.006570 0.005603 
-0.006493 -0.006947 -0.004352 -0.008455 
0.005543 -0.008451 0.007870 -0.006341 
-0.015384 0.011368 -0.016953 -0.008859 
0.006064 0.000874 0.005924 0.001562 
-0.011258 -0.020392 0.021292 -0.009445 
0.016170 0.010342 -0.002371 0.019048 
-0.001393 -0.016743 0.011807 -0.011952 
0.002634 0.003168 0.002466 0.003301 
-0.025924 0.011305 0.012602 -0.025320 
0.002579 0.008548 0.000441 0.008917 
0.012760 -0.002873 0.012491 0.003881 
0.000528 -0.003330 0.000643 -0.003310 
0.010351 0.013564 -0.004016 0.016583 
0.024540 -0.022523 -0.029321 0.015804 
0.011509 -0.012159 0.016726 0.000729 
-0.010899 -0.005750 -0.007174 -0.010019 
0.022397 0.020095 -0.028204 -0.010488 
0.015017 0.003894 0.008524 0.012962 
0.032098 -0.017235 -0.033253 -0.014884 
