-0.015481 -0.003441 -0.008697 -0.013262 
0.021636 -0.008578 0.006574 0.022326 
-0.033989 -0.017524 -0.009467 0.037050 
-0.009458 -0.007025 -0.005712 -0.010304 
-0.015486 0.005656 -0.014595 -0.007667 
-0.005127 0.003482 -0.005501 0.002855 
0.014483 0.005591 0.006933 0.013891 
0.019803 -0.011721 0.010639 0.020404 
-0.014758 -0.011634 0.003370 -0.018488 
-0.007949 -0.024853 0.025528 0.005401 
0.017802 -0.020870 0.003467 0.027211 
0.008681 -0.018736 0.020347 0.003518 
0.009927 -0.000003 0.009478 0.002954 
0.000609 0.019679 -0.018037 0.007892 
0.017283 -0.011232 0.015399 0.013701 
-0.009522 0.001949 -0.009682 -0.000853 
0.016484 -0.007565 0.015181 0.009924 
0.031842 -0.003804 -0.031891 0.003373 
0.013419 -0.013771 0.018153 0.006339 
0.016390 -0.001154 0.011933 0.011295 
-0.006644 0.008688 -0.009319 0.005726 
-0.009385 -0.004447 -0.007432 -0.007255 
0.008389 -0.006511 0.010100 -0.003280 
-0.000375 -0.030980 0.006420 0.030310 
0.000052 0.019026 -0.017024 0.008496 
0.017390 0.010967 -0.005852 0.019709 
-0.009987 0.010534 -0.014317 0.002393 
0.007050 0.034602 0.016409 -0.031269 
0.014602 0.003545 0.008972 0.012054 
-0.011120 -0.011927 0.001065 -0.016272 
0.004424 0.015431 -0.007856 0.013999 
0.005667 -0.022184 0.021955 0.006498 
-0.024846 0.004018 0.005307 -0.024603 
-0.007354 0.003606 -0.007936 0.002027 
-0.013682 -0.010223 -0.000583 -0.017069 
0.009977 0.001790 0.008930 0.004795 
-0.004275 -0.004908 -0.003603 -0.005421 
-0.011197 0.012612 -0.016859 -0.000471 
0.006802 0.019249 -0.016474 0.012057 
-0.002077 0.024267 -0.023005 -0.007998 
-0.008259 -0.024505 0.025546 0.004011 
-0.019974 0.033674 0.033861 0.019656 
-0.004982 0.011384 -0.009626 0.007857 
0.017491 -0.006541 0.014137 0.012200 
0.002831 -0.006210 0.003687 -0.005744 
0.019588 -0.006438 0.011369 0.017201 
-0.007519 -0.017527 0.012441 -0.014455 
-0.001070 -0.011148 0.003193 -0.010735 
-0.006589 0.001993 -0.006808 0.001017 
0.013382 0.010052 0.001122 0.016700 
-0.001468 -0.017993 0.014347 -0.010958 
0.016139 0.025489 -0.023886 -0.018428 
0.008711 -0.000497 0.008590 0.001533 
-0.015466 -0.010034 0.000875 -0.018415 
0.012265 0.017762 -0.015857 0.014645 
0.012241 -0.002794 0.012136 0.003218 
0.027230 -0.026727 -0.032551 -0.019905 
-0.029628 -0.013878 0.027357 0.017945 
0.007524 -0.014651 0.015899 -0.004300 
0.002770 -0.022269 0.022333 0.002195 
-0.017511 -0.007269 -0.001410 -0.018908 
0.003752 -0.004739 0.004259 -0.004289 
0.014307 -0.010490 0.016766 0.005798 
0.009439 0.007352 0.005418 0.010667 
0.003404 0.011296 -0.001580 0.011691 
0.019779 0.003677 0.002912 0.019906 
-0.031623 -0.001324 0.031640 -0.000832 
0.016264 0.008912 0.000265 0.018544 
0.014912 -0.017698 0.016573 0.016153 
0.002990 0.004221 0.002633 0.004452 
0.013650 0.033033 0.013453 -0.033113 
0.008240 -0.027860 0.007591 0.028044 
0.012586 -0.010246 0.016103 0.002021 
0.001208 0.003357 0.001076 0.003402 
0.026036 0.010031 -0.025853 0.010492 
0.006721 -0.012402 0.012617 -0.006309 
-0.002371 0.017158 -0.015092 0.008501 
0.003325 0.017854 -0.013374 0.012286 
-0.002111 0.012254 -0.007475 0.009937 
0.017988 -0.008369 0.014214 0.013841 
-0.008194 -0.007349 -0.004965 -0.009823 
0.006827 0.004753 0.005672 0.006085 
0.017936 0.010767 -0.006431 0.019906 
0.007475 -0.010577 0.011713 -0.005528 
-0.008895 0.009085 -0.012147 0.003757 
0.007544 -0.006432 0.009114 -0.003901 
0.030125 -0.013825 -0.032478 0.006621 
-0.031762 -0.017501 0.006277 0.035717 
-0.019864 -0.013009 0.015990 -0.017553 
-0.011223 0.002222 -0.011199 -0.002342 
-0.000764 0.018831 -0.017048 0.008036 
0.011748 0.009474 0.002900 0.014811 
0.011539 0.005467 0.007503 0.010332 
-0.014765 -0.011456 0.002987 -0.018447 
-0.006863 0.001955 -0.007084 0.000863 
0.004008 -0.004972 0.004598 -0.004433 
0.009768 0.001966 0.008729 0.004805 
0.003418 -0.003886 0.003726 -0.003592 
0.015333 0.002578 0.009564 0.012258 
0.012325 -0.012946 0.017616 0.003029 
-0.013272 -0.011667 0.001911 -0.017567 
-0.017244 0.007239 -0.014593 -0.011697 
0.000230 0.000389 0.000230 0.000389 
0.003283 -0.016403 0.014561 -0.008235 
0.012057 0.009078 0.003390 0.014707 
-0.004101 -0.014206 0.005618 -0.013677 
0.015060 0.018607 -0.021085 0.011333 
0.004554 0.012931 -0.003233 0.013323 
-0.016886 0.001434 -0.011850 -0.012115 
-0.010964 -0.007252 -0.005792 -0.011800 
-0.023187 0.004772 -0.001289 -0.023638 
0.013198 0.002766 0.009733 0.009334 
-0.019607 -0.008869 0.005838 -0.020712 
-0.029324 -0.011526 0.030292 0.008669 
0.002831 0.026090 -0.023810 -0.011037 
0.030532 -0.008308 -0.029879 0.010415 
0.013062 0.004948 0.008003 0.011447 
0.012950 0.027009 -0.022227 -0.020078 
0.012347 -0.004177 0.012787 0.002526 
-0.000893 -0.019127 0.016871 -0.009055 
-0.012011 0.000432 -0.011036 -0.004760 
-0.006794 0.012280 -0.012567 0.006246 
-0.006155 0.011406 -0.010978 0.006891 
-0.006105 0.020684 -0.021346 -0.003076 
0.031482 -0.003659 -0.031208 0.005530 
0.011971 0.001117 0.010334 0.006146 
-0.010021 -0.002909 -0.008513 -0.006035 
-0.010938 -0.019177 0.018298 -0.012352 
-0.004910 0.008042 -0.006892 0.006425 
0.013587 0.009201 0.002443 0.016226 
-0.001634 -0.019272 0.016902 -0.009402 
0.014681 0.008649 0.002506 0.016854 
0.008067 -0.017426 0.019202 -0.000114 
0.002188 -0.010217 0.005425 -0.008930 
-0.006459 0.006778 -0.008028 0.004818 
-0.027397 -0.017587 0.025297 0.020492 
-0.031753 0.008274 0.032672 -0.003049 
0.013210 0.034567 0.023690 -0.028429 
0.028526 -0.013470 -0.027225 0.015937 
0.031927 -0.004112 -0.032059 0.002909 
-0.001839 -0.014985 0.008239 -0.012652 
-0.010200 0.004840 -0.011275 0.000587 
-0.006537 -0.016921 0.010846 -0.014540 
-0.008811 -0.013157 0.002822 -0.015581 
-0.006429 0.017428 -0.018343 0.002936 
-0.010855 0.008197 -0.013560 0.001075 
-0.004664 0.022004 -0.022087 -0.004254 
0.020396 0.005455 -0.001225 0.021077 
-0.006637 -0.003281 -0.005994 -0.004345 
-0.002692 -0.004581 -0.002286 -0.004796 
-0.005156 0.009117 -0.007877 0.006903 
-0.006682 0.005301 -0.007690 0.003691 
-0.002858 0.018899 -0.018262 0.005645 
0.004910 -0.006842 0.006271 -0.005621 
-0.007973 0.022152 -0.020935 -0.010770 
-0.019193 0.005103 -0.011550 -0.016156 
-0.022550 -0.004167 0.005121 -0.022352 
0.010339 0.008117 0.004816 0.012231 
-0.032661 -0.008561 0.027627 0.019411 
-0.014749 0.005906 -0.014673 -0.006092 
0.002259 0.010447 -0.001465 0.010587 
0.011811 -0.038885 -0.032365 -0.024577 
-0.028583 -0.013048 0.029870 0.009747 
-0.033080 0.010617 0.033654 0.008626 
-0.012549 0.021601 -0.016105 -0.019098 
0.005911 0.010287 0.001062 0.011817 
0.030044 -0.013213 -0.031791 0.008154 
-0.002038 -0.008555 0.000030 -0.008795 
0.002574 0.003006 0.002426 0.003126 
0.007732 -0.007468 0.009843 -0.004320 
-0.004530 -0.028069 0.020817 0.019365 
-0.003068 0.007593 -0.004554 0.006806 
0.009624 -0.034134 -0.029691 0.019396 
-0.006573 -0.014635 0.005764 -0.014972 
-0.026475 0.002854 0.012703 -0.023403 
0.004385 0.003919 0.003946 0.004362 
-0.017116 0.031633 0.034869 -0.008817 
-0.000080 0.029320 -0.014091 -0.025713 
0.002970 0.019020 -0.016010 0.010690 
-0.021790 0.018434 0.006405 -0.027814 
0.030606 0.030135 0.042440 0.006610 
0.006466 -0.035405 -0.030538 0.019047 
-0.003671 -0.012772 0.003441 -0.012836 
0.004937 -0.038204 -0.038503 0.001199 
-0.015686 0.000430 -0.011714 -0.010441 
0.006459 0.002795 0.005961 0.003740 
0.005486 -0.006314 0.006705 -0.005001 
0.018077 -0.026293 -0.017600 0.026615 
-0.010910 -0.031281 0.003636 0.032929 
0.005135 -0.003772 0.005563 -0.003105 
-0.006791 0.017714 -0.018876 0.001903 
0.018412 -0.001121 0.010227 0.015351 
-0.004617 -0.000884 -0.004546 -0.001195 
-0.003912 0.003301 -0.004164 0.002976 
0.003281 -0.000775 0.003306 -0.000660 
-0.037666 -0.011361 -0.012719 0.037229 
-0.003232 0.007403 -0.004639 0.006612 
0.004979 0.004832 0.004213 0.005512 
0.003716 0.029102 -0.017233 -0.023743 
0.030482 0.003945 -0.030534 0.003513 
-0.014591 -0.001535 -0.010581 -0.010163 
0.015329 0.005533 0.006490 0.014949 
-0.009689 -0.031623 0.002738 0.032960 
-0.001659 0.000319 -0.001662 0.000305 
-0.004623 -0.015934 0.008842 -0.014038 
-0.009358 0.007568 -0.011703 0.002810 
-0.000893 -0.011961 0.004302 -0.011196 
-0.004567 0.015842 -0.014801 0.007263 
0.005538 0.010357 0.000796 0.011718 
-0.007964 0.009647 -0.011520 0.004877 
0.001763 0.022409 -0.022368 0.002224 
-0.001605 -0.014314 0.007217 -0.012465 
-0.010308 0.020162 -0.020137 -0.010357 
-0.005553 -0.007161 -0.003592 -0.008320 
-0.015660 -0.019583 0.023831 -0.007800 
-0.018888 -0.003156 -0.005294 -0.018404 
0.021446 0.011878 -0.017224 0.017446 
0.003329 -0.011622 0.008039 -0.009030 
-0.020795 -0.007737 0.006467 -0.021224 
0.010411 0.039071 0.040396 0.001745 
0.016531 -0.004311 0.013699 0.010207 
-0.005252 0.003644 -0.005667 0.002959 
-0.027880 0.021549 0.035235 0.000344 
-0.010279 0.010571 -0.014615 0.001947 
-0.017913 -0.002837 -0.007139 -0.016672 
-0.010332 0.007006 -0.012397 0.001467 
-0.006674 -0.007020 -0.004407 -0.008626 
-0.004366 0.003109 -0.004622 0.002713 
-0.009203 0.008274 -0.011952 0.003211 
0.016009 -0.005648 0.014517 0.008800 
-0.009495 -0.013242 0.003118 -0.015994 
-0.001997 -0.005153 -0.001506 -0.005317 
0.016205 0.010564 -0.002986 0.019112 
0.005270 -0.002761 0.005538 -0.002174 
-0.019720 -0.006693 0.001807 -0.020746 
-0.017860 0.006066 -0.013619 -0.013050 
-0.005930 -0.009243 -0.002186 -0.010762 
-0.035467 0.020293 0.004459 0.040618 
0.004058 0.013498 -0.004399 0.013391 
-0.014876 -0.011818 0.003923 -0.018589 
-0.017483 -0.010335 0.004601 -0.019781 
0.018706 0.028890 -0.002817 -0.034302 
0.011196 0.010414 0.001591 0.015208 
0.000350 0.013608 -0.007031 0.011656 
0.014045 0.015163 -0.011039 0.017473 
0.014999 -0.001821 0.012642 0.008275 
-0.012245 0.009903 -0.015697 -0.001273 
0.010800 0.008245 0.004690 0.012753 
-0.004398 -0.016591 0.010315 -0.013719 
-0.015070 -0.002190 -0.009984 -0.011499 
0.026989 0.012767 -0.029838 -0.001047 
0.015908 -0.012490 0.016813 0.011243 
0.000637 -0.015432 0.010787 -0.011054 
-0.032963 0.009232 0.033676 0.006139 
-0.002047 0.018350 -0.016906 0.007424 
0.022308 0.013235 -0.022221 0.013380 
0.018754 0.008514 -0.003218 0.020344 
0.038550 0.008041 0.009783 -0.038145 
0.005166 -0.009702 0.008330 -0.007171 
0.005749 0.003655 0.005172 0.004434 
-0.008758 -0.038995 -0.039944 0.001312 
-0.011945 0.000056 -0.010842 -0.005012 
-0.006775 -0.022662 0.023406 -0.003413 
-0.018085 -0.005969 -0.002643 -0.018860 
-0.002888 -0.012805 0.003964 -0.012514 
0.004853 -0.000364 0.004866 -0.000010 
-0.006881 0.015761 -0.016655 0.004285 
0.021577 0.014152 -0.022414 0.012784 
0.013633 -0.014718 0.018390 0.008019 
0.008481 -0.017829 0.019696 0.001363 
-0.031158 -0.017158 0.011433 0.033683 
-0.027947 0.033292 -0.009140 0.042495 
0.029572 -0.000783 -0.026195 0.013745 
-0.002626 -0.004251 -0.002293 -0.004440 
-0.001153 -0.000255 -0.001152 -0.000260 
0.005982 0.012158 -0.001435 0.013474 
0.005296 0.005061 0.004395 0.005861 
0.008761 -0.010882 0.013371 -0.004050 
-0.012822 -0.011913 0.002055 -0.017381 
-0.008843 0.011147 -0.013679 0.003918 
-0.000952 0.024758 -0.023266 -0.008519 
0.030636 -0.027609 -0.009310 -0.040176 
-0.012045 -0.023045 0.025997 0.000573 
-0.008466 -0.031393 0.005230 0.032091 
-0.002115 -0.009826 0.000983 -0.010003 
0.020303 -0.020720 -0.006202 0.028338 
-0.012137 -0.003039 -0.009360 -0.008302 
0.029594 -0.001053 -0.026174 0.013851 
-0.008734 -0.005922 -0.006245 -0.008506 
0.017681 0.004621 0.005234 0.017509 
0.004304 0.016356 -0.009831 0.013762 
0.009239 -0.005123 0.010422 -0.001724 
0.005256 -0.008450 0.007543 -0.006491 
-0.000012 -0.001515 -0.000001 -0.001515 
0.012462 -0.027249 -0.001252 0.029937 
-0.016037 0.009145 -0.015953 -0.009292 
0.021180 0.015357 -0.023948 0.010533 
0.005084 -0.008011 0.007075 -0.006321 
-0.018784 0.024689 0.013812 -0.027778 
0.005919 0.033043 0.004635 -0.033248 
0.000349 0.005259 -0.000100 0.005270 
-0.013371 0.010743 -0.016717 -0.003840 
0.024075 0.000266 -0.005224 0.023503 
-0.004358 -0.030161 0.012869 0.027623 
-0.024312 -0.016060 0.029106 0.001367 
-0.011761 0.003973 -0.012280 -0.001818 
-0.010907 0.006662 -0.012766 0.000603 
0.005529 0.035952 0.025194 -0.026236 
0.010107 0.004777 0.007586 0.008211 
0.004531 -0.020979 0.021430 0.001185 
-0.009974 -0.011116 -0.000702 -0.014918 
0.005660 0.012744 -0.002477 0.013723 
0.014483 0.013184 -0.006615 0.018434 
0.014249 -0.022500 0.010396 0.024519 
-0.005741 -0.001671 -0.005524 -0.002289 
0.022512 0.001408 -0.001186 0.022525 
0.006104 -0.000815 0.006157 -0.000101 
0.000668 -0.018271 0.015967 -0.008905 
-0.017010 -0.011111 0.005502 -0.019558 
-0.002897 0.007932 -0.004549 0.007114 
0.029038 -0.013390 -0.028979 0.013519 
-0.000817 0.006224 -0.001562 0.006080 
-0.004265 0.002856 -0.004482 0.002502 
0.009797 0.007944 0.004928 0.011611 
0.005489 0.007014 0.003637 0.008130 
0.033418 -0.021222 -0.017930 -0.035294 
-0.012655 -0.010677 -0.000477 -0.016551 
-0.014183 0.006408 -0.014779 -0.004877 
-0.026185 0.006251 0.010934 -0.024600 
-0.004663 0.006355 -0.005783 0.005356 
-0.002615 -0.008789 -0.000286 -0.009165 
0.019995 -0.017650 0.002972 0.026504 
0.015512 -0.017072 0.016084 0.016534 
0.009548 -0.003057 0.010026 -0.000015 
-0.001220 -0.004507 -0.000916 -0.004578 
0.009599 0.010876 0.001123 0.014462 
0.013570 0.011968 -0.002819 0.017873 
-0.002504 -0.012117 0.003251 -0.011938 
0.002199 -0.002944 0.002319 -0.002851 
0.004075 0.014494 -0.006159 0.013739 
-0.016306 0.019547 -0.011264 -0.022827 
0.009800 0.006010 0.006635 0.009388 
-0.008899 -0.025890 0.025242 0.010597 
-0.015907 0.018180 -0.014280 -0.019484 
0.015229 0.018994 -0.022147 0.010109 
0.036995 -0.015597 -0.006634 -0.039597 
-0.025058 -0.015658 0.029413 0.002820 
-0.024873 0.016080 0.015394 -0.025303 
0.013943 0.026567 -0.022797 -0.019506 
0.028539 -0.030286 -0.008856 -0.040661 
-0.021217 -0.018139 0.027887 -0.001221 
-0.018084 0.010760 -0.014328 -0.015412 
0.023316 -0.016182 -0.008217 0.027165 
0.003160 -0.001786 0.003230 -0.001657 
0.001377 -0.012924 0.007599 -0.010545 
-0.026568 0.018237 0.027352 -0.017039 
-0.026006 0.014263 0.017393 -0.024026 
0.030427 0.023197 0.015962 -0.034773 
0.006848 -0.003032 0.007266 -0.001814 
0.014388 0.027322 -0.019915 -0.023599 
0.017099 0.009977 -0.003151 0.019545 
0.004127 -0.037954 -0.037844 0.005039 
0.004258 -0.000374 0.004272 -0.000135 
0.017822 -0.033172 -0.037333 -0.004918 
0.014658 -0.030152 -0.023083 0.024315 
-0.015075 -0.014499 0.010705 -0.017969 
-0.000213 0.005731 -0.000790 0.005680 
0.005575 0.007104 0.003642 0.008263 
0.000618 0.021588 -0.021292 0.003619 
0.012583 -0.004153 0.012931 0.002890 
-0.000833 -0.011730 0.004070 -0.011033 
-0.017263 -0.008533 0.000501 -0.019251 
-0.003346 0.017657 -0.016603 0.006877 
0.018675 -0.001559 0.010217 0.015710 
0.014570 0.007762 0.004006 0.016015 
-0.004881 -0.008966 -0.001816 -0.010046 
0.003202 0.017311 -0.012229 0.012663 
0.010497 -0.011521 0.015528 -0.001347 
-0.017503 -0.004643 -0.005446 -0.017270 
-0.010045 -0.000379 -0.009450 -0.003425 
0.017389 -0.009589 0.015112 0.012882 
-0.006484 0.001821 -0.006674 0.000904 
0.024512 0.008187 -0.018551 0.017993 
0.031854 -0.007500 -0.032601 0.002847 
0.002151 0.004852 0.001724 0.005020 
0.029795 0.007800 -0.030790 -0.000762 
0.018492 -0.001709 0.010561 0.015275 
0.023018 0.015635 -0.027427 0.004694 
0.012662 0.006492 0.006519 0.012648 
0.000621 0.007472 -0.000670 0.007467 
0.009020 0.000204 0.008690 0.002427 
0.005463 -0.004178 0.006009 -0.003344 
0.009622 0.000122 0.009202 0.002815 
-0.005066 0.008760 -0.007526 0.006765 
-0.000757 -0.019288 0.017237 -0.008688 
-0.008014 0.002154 -0.008287 0.000425 
-0.005754 -0.004078 -0.005067 -0.004905 
0.014076 0.007263 0.005054 0.015011 
-0.010448 0.011282 -0.015302 0.001510 
0.003012 0.004779 0.002530 0.005050 
0.000690 -0.001913 0.000715 -0.001904 
-0.000889 -0.023793 0.023605 0.003113 
0.008876 0.031235 -0.005923 -0.031927 
0.026371 -0.017501 -0.025115 0.019260 
0.032083 -0.005888 -0.032563 0.001913 
-0.015637 -0.031718 -0.008307 0.034374 
-0.009224 0.014677 -0.017268 0.001521 
0.019799 0.011059 -0.011201 0.019720 
0.006144 0.010281 0.001178 0.011919 
0.000131 0.010508 -0.003368 0.009954 
0.016727 0.003050 0.008203 0.014893 
0.006118 -0.023920 0.021051 0.012902 
-0.006375 -0.006683 -0.004429 -0.008105 
0.023605 0.016430 -0.028760 -0.000120 
0.005205 0.004353 0.004540 0.005043 
0.031704 0.010977 -0.026808 -0.020173 
0.015500 -0.020149 0.012260 0.022269 
0.009103 -0.008233 0.011819 -0.003310 
-0.005663 -0.000625 -0.005572 -0.001185 
-0.006272 0.005718 -0.007373 0.004204 
-0.006326 0.005709 -0.007431 0.004170 
0.001263 0.020622 -0.019596 0.006546 
0.018181 -0.016015 0.011445 0.021355 
0.006127 -0.020625 0.021310 0.002963 
0.007538 -0.001385 0.007665 -0.000012 
0.017716 -0.005973 0.013715 0.012706 
-0.025319 -0.007727 0.020325 -0.016961 
0.014787 0.005482 0.006899 0.014181 
-0.017897 -0.023750 0.026145 0.014170 
-0.002441 -0.000694 -0.002427 -0.000742 
0.027073 -0.013682 -0.021427 0.021472 
-0.005928 -0.002670 -0.005533 -0.003414 
0.005958 0.006493 0.004258 0.007716 
0.014754 0.012341 -0.004962 0.018584 
0.020028 -0.008690 0.010807 0.018969 
0.039463 0.009710 0.022813 -0.033633 
-0.012578 -0.007689 -0.005129 -0.013821 
-0.002602 -0.008887 -0.000202 -0.009258 
0.009504 0.011899 -0.000572 0.015218 
0.034603 -0.005104 -0.031257 -0.015698 
0.013242 -0.032152 -0.028457 0.019982 
0.018437 -0.003361 0.011690 0.014648 
-0.012131 0.010233 -0.015829 -0.001142 
0.000260 -0.010159 0.003413 -0.009573 
0.008005 0.001227 0.007598 0.002802 
-0.001797 -0.013529 0.005806 -0.012351 
-0.011597 -0.000154 -0.010562 -0.004793 
0.018561 -0.006379 0.012943 0.014754 
-0.025166 0.000987 0.008306 -0.023776 
-0.017929 0.005660 -0.013383 -0.013206 
-0.006282 0.000862 -0.006340 0.000082 
0.016820 0.008233 0.000743 0.018712 
0.013619 -0.021844 0.013478 0.021931 
-0.008600 -0.002832 -0.007625 -0.004883 
-0.005142 -0.016656 0.010311 -0.014056 
-0.016396 0.001438 -0.012114 -0.011143 
-0.006806 0.004481 -0.007571 0.003012 
0.014366 -0.010362 0.016713 0.005870 
0.005140 -0.012642 0.011160 -0.007854 
-0.001669 -0.027089 0.021969 0.015937 
-0.001571 0.013587 -0.008697 0.010557 
0.001262 -0.020061 0.019380 -0.005331 
-0.001196 -0.009211 0.001255 -0.009203 
-0.004617 -0.006393 -0.003321 -0.007152 
0.000382 -0.003795 0.000551 -0.003774 
0.035148 -0.008515 -0.029150 -0.021406 
-0.023277 -0.018484 0.028871 0.007068 
0.001632 0.024476 -0.023998 -0.005083 
0.003578 -0.004445 0.004004 -0.004066 
0.003292 0.021258 -0.020520 0.006456 
0.022765 -0.030265 -0.035794 -0.012368 
-0.021793 -0.017797 0.028126 -0.000785 
-0.005466 -0.021049 0.020245 -0.007942 
-0.005057 -0.015086 0.006968 -0.014304 
-0.020410 -0.012580 0.016258 -0.017622 
-0.006410 0.015217 -0.015590 0.005439 
0.026762 -0.004067 -0.013600 0.023404 
0.007704 -0.026557 0.013578 0.024089 
-0.016554 -0.014653 0.013436 -0.017556 
0.000862 -0.007003 0.001917 -0.006790 
0.002996 -0.000781 0.003017 -0.000693 
0.003767 -0.017830 0.017157 -0.006141 
-0.016732 -0.018849 0.023695 -0.008590 
-0.005220 0.013357 -0.012095 0.007706 
0.018835 -0.025626 -0.017840 0.026329 
-0.009071 -0.035647 -0.025345 0.026657 
-0.007183 0.000202 -0.007125 -0.000933 
0.000860 -0.010718 0.004530 -0.009752 
-0.015537 -0.001121 -0.010667 -0.011352 
0.004531 -0.003504 0.004861 -0.003031 
0.001457 0.017331 -0.012999 0.011555 
-0.009058 0.007571 -0.011382 0.003133 
0.003716 0.015768 -0.008793 0.013606 
-0.004506 -0.010430 -0.000133 -0.011361 
0.020210 0.032906 0.029834 -0.024519 
0.023734 -0.013101 -0.004842 0.026673 
0.028795 0.005685 -0.028008 0.008776 
0.034074 -0.008447 -0.032383 -0.013554 
0.020475 -0.002512 0.007791 0.019101 
0.022748 0.019083 -0.028685 -0.007671 
0.016967 0.011119 -0.005448 0.019541 
0.020475 0.006127 -0.002587 0.021215 
0.006218 -0.014221 0.014175 -0.006322 
0.007703 -0.007511 0.009834 -0.004364 
-0.000451 -0.010038 0.002630 -0.009698 
0.028766 -0.000625 -0.023362 0.016796 
-0.014308 -0.034547 -0.025635 0.027222 
-0.009910 -0.000200 -0.009404 -0.003133 
0.009112 -0.010898 0.013745 -0.003588 
0.008541 -0.019245 0.020606 0.004327 
-0.021931 -0.002541 0.000882 -0.022060 
-0.010641 0.004634 -0.011606 -0.000030 
-0.026570 0.009352 0.014118 -0.024374 
0.027509 -0.003774 -0.016987 0.021964 
-0.001570 -0.008596 0.000468 -0.008726 
0.013189 -0.015938 0.018774 0.008691 
-0.038529 -0.001678 0.004072 0.038350 
-0.014977 0.033010 0.035076 -0.009148 
-0.000153 0.011865 -0.005107 0.010711 
-0.003464 -0.000184 -0.003455 -0.000312 
0.014587 -0.001870 0.012643 0.007512 
-0.037036 -0.015806 -0.024867 0.031671 
-0.019564 -0.014343 0.018499 -0.015693 
-0.001082 -0.001872 -0.001055 -0.001887 
-0.006973 -0.002182 -0.006524 -0.003290 
-0.006718 0.018138 -0.019297 0.001319 
-0.005262 -0.006373 -0.003821 -0.007328 
-0.006542 0.002272 -0.006805 0.001288 
0.018112 -0.019408 0.006018 0.025855 
-0.003099 -0.008332 -0.001007 -0.008833 
0.012902 0.005690 0.007315 0.012055 
-0.007022 -0.010163 -0.001680 -0.012238 
-0.012196 0.000040 -0.010966 -0.005339 
0.005593 0.003929 0.004974 0.004688 
-0.021112 -0.007676 0.007199 -0.021280 
-0.013170 -0.010309 -0.000810 -0.016705 
-0.028241 0.017782 0.032013 -0.009430 
-0.006512 -0.009932 -0.001747 -0.011747 
0.018343 0.001003 0.008496 0.016288 
0.011170 0.007805 0.005197 0.012596 
0.013556 0.009443 0.002060 0.016392 
0.016641 -0.018595 0.011990 0.021884 
0.000429 -0.015100 0.010057 -0.011271 
-0.001293 0.012388 -0.006825 0.010419 
-0.016202 0.007927 -0.015442 -0.009322 
0.011117 0.002376 0.009337 0.006485 
-0.017866 -0.007066 -0.001185 -0.019176 
-0.008030 0.012526 -0.014117 0.004702 
0.020328 -0.006945 0.010001 0.019011 
-0.022188 -0.017065 0.027898 -0.002294 
-0.011539 -0.001828 -0.009798 -0.006362 
0.008188 -0.020398 0.021042 0.006352 
-0.003118 0.003971 -0.003419 0.003716 
0.012711 -0.004273 0.013065 0.003024 
-0.009367 -0.016139 0.009632 -0.015982 
-0.012723 0.014583 -0.018513 -0.005640 
0.005651 0.017532 -0.012274 0.013736 
0.015099 -0.011168 0.016949 0.008089 
0.020828 0.010779 -0.013131 0.019432 
-0.002737 0.011185 -0.006939 0.009189 
-0.007170 -0.001540 -0.006820 -0.002697 
-0.002225 -0.020175 0.018560 -0.008215 
-0.000265 -0.010523 0.003260 -0.010009 
-0.010421 0.007735 -0.012882 0.001577 
0.015876 -0.003945 0.013706 0.008930 
0.016889 0.019220 -0.024567 0.007150 
0.009053 -0.031437 -0.013409 0.029840 
-0.003070 -0.003166 -0.002875 -0.003344 
-0.008607 -0.007512 -0.004999 -0.010272 
-0.011097 -0.003429 -0.008781 -0.007603 
0.001196 -0.016843 0.013692 -0.009882 
-0.016460 -0.005240 -0.005877 -0.016243 
-0.015843 0.021756 -0.007693 -0.025790 
-0.006615 0.019568 -0.020614 -0.001326 
-0.008903 -0.000610 -0.008491 -0.002745 
0.005138 -0.010190 0.008697 -0.007389 
-0.007268 0.013235 -0.014083 0.005448 
0.012570 -0.005953 0.013750 0.002095 
-0.005654 0.011973 -0.010990 0.007386 
0.008081 -0.005689 0.009400 -0.003051 
-0.014532 -0.002404 -0.009945 -0.010866 
0.028682 0.014597 -0.028137 -0.015622 
0.008143 -0.034944 -0.030889 0.018255 
-0.008894 -0.009651 -0.002814 -0.012819 
0.017728 0.012383 -0.009863 0.019244 
0.016753 0.010890 -0.004565 0.019453 
-0.014856 -0.007308 -0.004459 -0.015944 
-0.003197 0.022758 -0.022572 -0.004322 
-0.004883 0.001196 -0.004961 0.000814 
-0.005798 0.004546 -0.006472 0.003522 
0.015548 0.000777 0.010919 0.011096 
-0.031116 -0.007534 0.031093 0.007629 
0.030848 0.009216 -0.030470 -0.010400 
0.010412 0.006892 0.006071 0.010911 
-0.006897 0.025032 -0.018705 -0.018009 
-0.002057 0.018966 -0.017945 0.006473 
-0.004350 -0.016394 0.009900 -0.013773 
-0.010341 0.039407 0.032759 0.024221 
0.026292 0.015524 -0.029569 -0.007612 
0.029508 0.004004 -0.028566 0.008408 
-0.018983 -0.034034 -0.032979 0.020761 
-0.003242 -0.003782 -0.002945 -0.004018 
-0.007739 -0.035462 -0.022976 0.028098 
-0.033394 -0.001259 0.031698 0.010582 
-0.004399 -0.004154 -0.003906 -0.004620 
-0.010220 -0.021279 0.022487 -0.007178 
-0.019443 -0.005902 -0.000192 -0.020318 
-0.023799 -0.013624 0.026077 -0.008484 
-0.008860 -0.004027 -0.007335 -0.006397 
0.002539 -0.003135 0.002692 -0.003004 
0.012866 0.006337 0.006649 0.012708 
-0.016952 -0.020338 0.026303 -0.003034 
-0.022531 -0.017353 0.028438 -0.000115 
-0.027275 -0.006127 0.024218 -0.013964 
-0.016329 -0.008046 -0.001751 -0.018119 
-0.002728 -0.004012 -0.002431 -0.004199 
-0.029773 -0.011130 0.030214 0.009870 
0.008799 0.019668 -0.018173 0.011576 
-0.006436 0.039413 0.037617 0.013409 
0.034001 0.014994 -0.002245 -0.037092 
0.022298 0.013783 -0.023256 0.012098 
0.025827 -0.006009 -0.009288 0.024837 
0.007370 -0.012903 0.013831 -0.005434 
-0.013180 -0.007013 -0.005786 -0.013763 
0.011929 0.006914 0.006149 0.012341 
-0.016017 0.021777 -0.007088 -0.026087 
-0.011676 -0.011708 0.000906 -0.016511 
0.005315 -0.011818 0.010448 -0.007666 
0.002621 0.018250 -0.014446 0.011456 
-0.013924 -0.025108 0.025829 0.012537 
-0.003952 0.035536 0.027816 -0.022466 
0.004707 -0.011145 0.009079 -0.007996 
0.006642 -0.001699 0.006817 -0.000727 
-0.010018 0.022952 -0.018068 -0.017341 
0.020964 -0.009830 0.008253 0.021633 
0.001856 -0.019461 0.018657 -0.005837 
0.002827 0.011844 -0.002665 0.011882 
0.016596 -0.032538 -0.036130 0.005365 
0.020273 -0.003366 0.008747 0.018596 
0.028365 -0.009696 -0.022653 0.019632 
-0.004852 -0.015775 0.008448 -0.014179 
0.006490 0.007680 0.003836 0.009294 
0.002844 0.001175 0.002808 0.001257 
-0.015243 -0.012410 0.005768 -0.018791 
0.019825 0.015500 -0.021647 0.012833 
0.016179 -0.008586 0.015697 0.009439 
0.002354 -0.036071 -0.029031 0.021538 
-0.003732 0.004336 -0.004148 0.003940 
-0.004440 0.019860 -0.020285 0.001631 
0.006300 0.011347 -0.000129 0.012978 
-0.013721 -0.001789 -0.010430 -0.009093 
0.011949 0.010342 0.001439 0.015738 
0.008224 -0.014589 0.016423 -0.003278 
-0.022884 -0.029744 -0.018761 0.032502 
0.003391 0.012872 -0.003755 0.012770 
0.021606 0.000619 0.002348 0.021487 
0.027498 -0.012242 -0.021380 0.021186 
-0.006865 -0.006340 -0.004942 -0.007931 
0.014490 0.008629 0.002705 0.016646 
0.018714 0.028318 -0.006440 -0.033326 
-0.006274 -0.016131 0.009019 -0.014772 
-0.005720 -0.006784 -0.003930 -0.007956 
0.017293 0.009179 -0.001820 0.019493 
0.021418 -0.006401 0.007203 0.021162 
0.029158 -0.012294 -0.028233 0.014290 
-0.023946 -0.015611 0.028539 -0.001625 
-0.022129 0.012552 -0.002566 -0.025311 
0.004075 0.005200 0.003345 0.005697 
0.015153 -0.019339 0.014376 0.019924 
-0.021809 -0.004009 0.002645 -0.022016 
-0.012228 0.019553 -0.018772 -0.013396 
-0.013626 0.009687 -0.016241 -0.003966 
0.012439 0.011927 -0.001801 0.017139 
-0.013774 -0.005832 -0.006958 -0.013241 
0.001478 0.023513 -0.023503 -0.001631 
-0.003302 -0.006459 -0.002221 -0.006906 
-0.000916 -0.003217 -0.000805 -0.003246 
-0.003999 0.002094 -0.004122 0.001840 
0.004653 -0.011885 0.009779 -0.008201 
-0.017691 -0.007705 -0.000342 -0.019293 
0.032254 0.014911 -0.014019 -0.032652 
0.016835 -0.022422 0.002399 0.027935 
0.014305 -0.008227 0.015698 0.005089 
0.027438 -0.002699 -0.016975 0.021725 
-0.010624 -0.028708 0.017818 0.024891 
-0.019505 -0.010231 0.008589 -0.020281 
0.005015 -0.010656 0.008967 -0.007635 
0.006784 -0.015297 0.016014 -0.004854 
-0.010497 -0.035138 -0.023464 0.028184 
-0.027052 0.013638 0.021267 -0.021576 
-0.033136 0.009069 0.033584 0.007234 
-0.018724 0.002716 -0.010941 -0.015436 
-0.015046 -0.023067 0.027104 0.004882 
-0.020198 0.015447 -0.006045 -0.024698 
0.000002 0.009456 -0.002560 0.009103 
-0.016867 0.029915 0.028715 -0.018837 
-0.019609 -0.004981 -0.001338 -0.020188 
0.008451 -0.000957 0.008454 0.000927 
0.000157 0.016055 -0.011305 0.011401 
0.003261 0.005396 0.002580 0.005752 
-0.014916 -0.009838 -0.000147 -0.017867 
0.021322 0.007565 -0.007557 0.021325 
-0.004742 -0.015540 0.007985 -0.014150 
-0.003230 -0.009489 -0.000198 -0.010022 
-0.013389 0.005169 -0.013856 -0.003738 
-0.012140 -0.004843 -0.008087 -0.010268 
-0.008001 -0.010584 -0.001419 -0.013192 
-0.031526 0.002405 0.031259 -0.004748 
-0.024056 0.017462 0.014569 -0.025910 
-0.021677 -0.011057 0.016001 -0.018333 
-0.005470 -0.017208 0.011528 -0.013897 
-0.016191 -0.014780 0.013154 -0.017537 
0.014985 0.025087 -0.025496 -0.014278 
-0.012076 -0.030501 0.007060 0.032036 
-0.009872 0.009454 -0.013422 0.002589 
0.021111 -0.006134 0.007966 0.020490 
-0.005763 -0.002981 -0.005331 -0.003698 
0.015851 0.019411 -0.023720 0.008089 
0.016499 0.018353 -0.022386 0.010389 
0.005655 0.009588 0.001693 0.011002 
0.001766 0.007587 0.000331 0.007782 
0.015606 0.021361 -0.026415 0.001444 
0.044818 0.010648 0.041265 0.020475 
-0.008661 -0.014700 0.006021 -0.015964 
-0.019280 0.017831 -0.005250 -0.025731 
-0.001100 0.000924 -0.001106 0.000917 
0.005032 -0.018398 0.018739 -0.003558 
-0.018821 -0.013552 0.015003 -0.017686 
0.012068 -0.019094 0.019160 0.011963 
0.015349 0.005089 0.007010 0.014573 
0.015700 -0.002692 0.013069 0.009107 
0.012797 0.000398 0.011021 0.006516 
-0.015371 -0.023139 0.027167 0.005801 
0.018323 0.009106 -0.003558 0.020149 
0.004932 -0.009586 0.007968 -0.007261 
0.002008 0.022039 -0.021851 0.003505 
0.031866 -0.024317 -0.016884 -0.036354 
-0.004774 -0.018809 0.015281 -0.011960 
0.009932 -0.025437 0.012646 0.024203 
-0.033185 -0.007626 0.027285 0.020370 
-0.016105 0.000744 -0.011782 -0.011005 
-0.004716 0.005458 -0.005524 0.004639 
0.000880 -0.008943 0.003046 -0.008454 
0.004632 0.018046 -0.013541 0.012796 
0.005697 -0.004273 0.006290 -0.003339 
-0.005476 0.006260 -0.006672 0.004966 
0.003475 0.005210 0.002825 0.005589 
-0.030571 0.028774 0.002519 0.041907 
0.024201 0.002904 -0.008846 0.022713 
-0.000072 0.005671 -0.000631 0.005637 
-0.015701 0.007771 -0.015523 -0.008121 
0.005627 0.004759 0.004760 0.005626 
-0.016096 0.009174 -0.015937 -0.009447 
-0.027112 -0.005004 0.022324 -0.016179 
-0.017560 0.011958 -0.014999 -0.015045 
0.005896 -0.006639 0.007314 -0.005034 
-0.009038 0.012020 -0.014635 0.003461 
0.002966 0.001238 0.002925 0.001331 
0.008882 0.013610 -0.003739 0.015816 
-0.022190 -0.001528 0.000350 -0.022239 
0.002862 0.003707 0.002606 0.003891 
-0.005735 -0.034547 -0.015433 0.031435 
-0.002169 -0.020528 0.019255 -0.007440 
-0.006490 -0.017247 0.011615 -0.014306 
-0.004742 0.009066 -0.007361 0.007106 
0.010526 -0.009915 0.014367 -0.001644 
0.008165 -0.011011 0.012848 -0.004781 
-0.016646 0.010729 -0.015993 -0.011680 
-0.012669 -0.000091 -0.011121 -0.006070 
0.015564 0.011186 -0.003421 0.018859 
0.003450 0.004422 0.003008 0.004734 
0.004427 0.003911 0.003983 0.004362 
-0.012113 -0.005169 -0.007816 -0.010600 
0.014967 -0.012992 0.017485 0.009331 
-0.031635 0.006618 0.031990 -0.004605 
-0.011906 -0.005823 -0.007230 -0.011108 
0.009298 -0.006932 0.011298 -0.002621 
0.006156 -0.023580 0.021308 0.011828 
-0.021375 -0.003108 0.000108 -0.021599 
-0.004892 0.007388 -0.006514 0.006008 
0.001656 0.010515 -0.002025 0.010450 
0.012436 -0.009893 0.015807 0.001630 
-0.019378 -0.028638 0.002358 0.034497 
0.004848 0.022581 -0.022851 0.003355 
0.025865 -0.003584 -0.009769 0.024216 
0.002912 -0.006912 0.004056 -0.006309 
-0.029332 0.006298 0.024900 -0.016735 
0.027214 0.033559 0.040824 0.014150 
0.002133 -0.034372 -0.018265 0.029196 
-0.013284 0.002797 -0.012716 -0.004755 
0.014716 -0.006262 0.014838 0.005968 
0.004046 -0.002732 0.004235 -0.002429 
0.032241 -0.009929 -0.033691 -0.001729 
0.016104 -0.031154 -0.031395 0.015629 
0.000717 -0.028887 0.015229 0.024557 
-0.005341 -0.001154 -0.005213 -0.001638 
0.007731 0.000503 0.007508 0.001910 
0.005880 -0.013930 0.013480 -0.006848 
0.023699 -0.000183 -0.003418 0.023452 
-0.019641 -0.017169 0.024633 -0.008587 
0.019050 0.030077 0.006462 -0.035011 
0.015446 0.005451 0.006505 0.015033 
-0.002194 0.008591 -0.004183 0.007818 
0.010433 -0.000573 0.010041 0.002888 
-0.010028 -0.010481 -0.001705 -0.014405 
0.004279 0.013804 -0.004821 0.013624 
-0.005439 0.003638 -0.005868 0.002894 
0.014895 -0.009060 0.016151 0.006565 
0.005955 -0.001256 0.006059 -0.000573 
-0.010586 -0.005165 -0.007508 -0.009076 
-0.013074 -0.001604 -0.010451 -0.008018 
-0.005387 0.021632 -0.021857 -0.004384 
0.031254 -0.003777 -0.030713 0.006909 
-0.006514 -0.031807 0.003551 0.032272 
0.009089 -0.009695 0.012787 -0.003620 
0.000085 0.008037 -0.001499 0.007897 
0.012389 0.015435 -0.009928 0.017122 
0.032137 0.016975 -0.006281 -0.035798 
-0.002580 0.010666 -0.006258 0.009015 
-0.007569 -0.009700 -0.002423 -0.012062 
-0.002486 0.009146 -0.004880 0.008124 
0.020236 -0.015474 0.005873 0.024788 
0.001004 -0.027885 0.018332 0.021036 
-0.024665 -0.003023 0.010711 -0.022422 
-0.002607 -0.000987 -0.002583 -0.001049 
-0.005389 -0.008468 -0.002558 -0.009706 
0.017753 -0.030170 -0.031949 0.014306 
0.027899 0.002669 -0.022543 0.016653 
-0.009155 0.007312 -0.011344 0.002930 
-0.001723 0.005166 -0.002185 0.004988 
0.012737 0.014519 -0.007951 0.017601 
0.018794 -0.026103 -0.019632 0.025479 
-0.023841 0.000928 0.003255 -0.023636 
0.022234 0.023619 -0.020111 -0.025450 
0.020226 0.003916 0.001592 0.020540 
0.003416 -0.005009 0.003958 -0.004593 
0.013006 -0.002280 0.012351 0.004668 
-0.025527 -0.000578 0.011153 -0.022969 
-0.008395 0.006715 -0.010204 0.003383 
-0.005452 -0.005861 -0.004202 -0.006813 
0.000415 0.006144 -0.000301 0.006151 
-0.005406 -0.004912 -0.004533 -0.005728 
-0.008497 0.000098 -0.008311 -0.001771 
0.027389 -0.009986 -0.018488 0.022540 
-0.007137 0.009770 -0.010671 0.005702 
0.013628 -0.014736 0.018396 0.008029 
-0.021477 -0.004955 0.003217 -0.021806 
-0.001618 0.007332 -0.002855 0.006944 
0.020816 0.001486 0.003394 0.020591 
0.000595 -0.009853 0.003470 -0.009241 
0.010512 -0.005347 0.011782 -0.000516 
-0.004036 0.023875 -0.022345 -0.009329 
0.009279 -0.015243 0.017825 -0.000838 
-0.027231 0.005785 0.015664 -0.023014 
0.015675 0.029540 -0.006593 -0.032785 
0.019574 -0.019536 0.000240 0.027655 
0.010534 -0.001163 0.010308 0.002464 
-0.003379 0.005880 -0.004172 0.005346 
-0.015506 -0.010774 0.002451 -0.018721 
-0.024116 0.004834 0.002146 -0.024502 
-0.002745 -0.004593 -0.002331 -0.004816 
-0.016455 -0.018556 0.022753 -0.009868 
-0.006264 -0.007078 -0.004114 -0.008510 
0.015971 0.010019 -0.001507 0.018793 
0.003949 -0.014123 0.011778 -0.008738 
-0.018903 0.024514 0.013611 -0.027803 
-0.007756 0.018646 -0.020138 -0.001505 
-0.008798 0.028463 -0.003531 -0.029582 
0.021526 0.015222 -0.024349 0.010110 
0.018446 0.007503 -0.000639 0.019903 
0.017444 0.023258 -0.027011 -0.010756 
0.016411 0.020663 -0.026240 0.002785 
0.004637 0.016507 -0.010075 0.013874 
-0.006525 0.007184 -0.008302 0.005027 
-0.003154 0.013835 -0.010585 0.009451 
-0.028930 0.004234 0.023021 -0.018024 
0.004636 0.011216 -0.000726 0.012114 
-0.009859 -0.006856 -0.005975 -0.010417 
0.006962 0.028323 -0.020361 -0.020884 
-0.004848 0.002830 -0.005099 0.002349 
0.012356 -0.001869 0.011826 0.004037 
-0.009778 -0.021084 0.021850 -0.007922 
-0.003350 0.023144 -0.022654 -0.005803 
-0.006996 -0.010801 -0.000858 -0.012840 
0.017492 0.023660 -0.026510 -0.012768 
-0.003345 0.003162 -0.003543 0.002938 
-0.005755 -0.018405 0.014331 -0.012902 
-0.005450 -0.034219 -0.012984 0.032126 
-0.040471 -0.001334 -0.013933 0.038021 
-0.016352 0.034156 0.037530 0.005051 
-0.006804 0.005837 -0.008023 0.004000 
-0.005091 -0.008667 -0.002204 -0.009807 
-0.011390 0.008986 -0.014505 0.000322 
0.002054 0.024457 -0.024085 -0.004720 
0.036376 -0.005494 -0.023983 -0.027896 
-0.016712 -0.019815 0.025352 -0.005403 
-0.009193 0.030174 0.006477 -0.030871 
0.002441 0.018122 -0.014231 0.011482 
-0.006825 -0.003720 -0.006022 -0.004914 
-0.014423 -0.018914 0.021025 -0.011122 
-0.012113 -0.006453 -0.006621 -0.012022 
-0.001946 0.010675 -0.005593 0.009298 
-0.017986 0.000888 -0.010539 -0.014601 
-0.012870 0.003684 -0.012898 -0.003584 
-0.008275 0.007144 -0.010286 0.003702 
0.000068 0.009217 -0.002310 0.008923 
-0.033332 0.006396 0.033243 0.006841 
-0.006449 0.009764 -0.009871 0.006285 
0.002237 0.011816 -0.003052 0.011632 
0.004499 -0.002336 0.004669 -0.001974 
-0.026527 -0.001340 0.015949 -0.021239 
-0.011772 -0.001401 -0.010109 -0.006192 
0.005910 -0.012336 0.011661 -0.007150 
-0.006306 -0.023475 0.024302 -0.000500 
-0.015798 0.028226 0.017690 -0.027080 
-0.005793 0.001659 -0.005942 0.001004 
-0.032275 -0.016694 0.006651 0.035723 
-0.030172 -0.000611 0.028576 -0.009701 
-0.001580 -0.011907 0.003672 -0.011436 
0.004575 0.008547 0.001956 0.009495 
-0.005335 -0.002186 -0.005085 -0.002718 
0.018906 0.007759 -0.002040 0.020334 
-0.006529 -0.007739 -0.003815 -0.009379 
0.017915 -0.032314 -0.036942 0.000660 
0.017854 -0.024415 -0.008841 0.028926 
0.017349 -0.003768 0.012952 0.012143 
0.019205 -0.014684 0.010089 0.021970 
-0.015875 -0.016168 0.016236 -0.015805 
0.009396 -0.003323 0.009960 -0.000351 
0.001244 0.009702 -0.001616 0.009647 
0.002493 0.003493 0.002292 0.003628 
-0.003945 0.021485 -0.021783 -0.001632 
0.024325 -0.011999 -0.006131 0.026421 
-0.006160 0.009559 -0.009375 0.006436 
0.011598 -0.000263 0.010729 0.004414 
0.005249 -0.012252 0.010841 -0.007755 
-0.000547 -0.013607 0.006871 -0.011758 
-0.033329 0.007599 0.033365 0.007440 
0.010129 0.012132 -0.001117 0.015765 
-0.002691 -0.022237 0.022141 -0.003390 
-0.007751 -0.001946 -0.007224 -0.003417 
0.016002 0.001489 0.010175 0.012440 
-0.035404 -0.015322 -0.009988 0.037262 
-0.022199 0.018659 0.008854 -0.027614 
-0.019782 -0.011170 0.011418 -0.019640 
0.002370 -0.007845 0.003925 -0.007194 
0.000420 -0.013076 0.006919 -0.011103 
0.003750 0.012925 -0.003633 0.012959 
0.003494 -0.005251 0.004107 -0.004786 
-0.000261 -0.015207 0.009711 -0.011705 
-0.022059 0.018527 0.007866 -0.027712 
-0.000422 0.007000 -0.001469 0.006857 
0.017097 0.006032 0.004013 0.017680 
0.014072 -0.033638 -0.035443 0.008564 
-0.035283 -0.007552 0.017524 0.031541 
-0.014391 0.000116 -0.011651 -0.008448 
0.009644 -0.006826 0.011608 -0.002204 
0.003816 0.003406 0.003531 0.003701 
-0.003453 0.004502 -0.003880 0.004139 
0.007288 -0.012423 0.013245 -0.005659 
0.030451 -0.010960 -0.031159 0.008746 
-0.020112 -0.011222 0.012340 -0.019446 
-0.013549 0.025984 -0.000768 -0.029295 
0.014127 0.010932 -0.001192 0.017823 
-0.013054 -0.010200 -0.001086 -0.016530 
0.018941 0.009801 -0.006344 0.020361 
-0.004218 -0.031153 0.007599 0.030505 
-0.023913 -0.012310 0.024256 -0.011621 
-0.003480 0.003030 -0.003670 0.002796 
0.017764 -0.021889 0.000612 0.028184 
0.008183 -0.015769 0.017630 -0.002193 
0.010334 -0.041111 -0.021204 -0.036706 
-0.028503 0.001826 0.021794 -0.018461 
0.000209 0.040603 0.038272 0.013559 
0.032866 0.000109 -0.032360 -0.005747 
0.011888 -0.000356 0.010936 0.004676 
0.001012 0.007288 -0.000207 0.007355 
0.002781 0.006499 0.001756 0.006848 
0.005954 0.015413 -0.007469 0.014739 
0.009292 0.000760 0.008763 0.003181 
-0.010447 0.017687 -0.019866 -0.005228 
0.009163 0.010511 0.001675 0.013843 
-0.011678 -0.003851 -0.008721 -0.008668 
0.001142 -0.001461 0.001157 -0.001449 
-0.007728 -0.007289 -0.004796 -0.009480 
0.006978 -0.027855 0.010287 0.026809 
-0.024573 0.025077 0.034688 -0.005427 
0.017686 0.011941 -0.008704 0.019484 
0.010219 -0.005749 0.011677 -0.001061 
0.009810 -0.005819 0.011301 -0.001549 
-0.003815 -0.030242 0.012331 0.027876 
-0.019966 -0.007385 0.003682 -0.020967 
-0.015133 -0.013535 0.008345 -0.018509 
-0.017474 -0.016114 0.018730 -0.014635 
-0.009183 0.036387 0.037137 -0.005401 
0.014448 0.021835 -0.026147 0.001365 
-0.008560 0.005589 -0.009886 0.002606 
-0.029128 0.002219 0.024120 -0.016481 
0.003952 0.004033 0.003539 0.004400 
-0.001358 -0.009087 0.001015 -0.009132 
-0.012530 0.004016 -0.012838 -0.002884 
0.000995 0.012511 -0.004932 0.011540 
0.012064 0.011314 -0.000361 0.016536 
0.017175 -0.013276 0.015315 0.015384 
-0.002899 -0.003916 -0.002606 -0.004116 
-0.015539 -0.016868 0.017520 -0.014800 
0.011965 0.028135 -0.019126 -0.023853 
0.026044 -0.012413 -0.014788 0.024773 
-0.001267 0.001602 -0.001288 0.001585 
0.002500 -0.006891 0.003597 -0.006387 
-0.045029 -0.008424 -0.043184 -0.015289 
0.015458 0.019720 -0.023867 0.007630 
0.009264 -0.003170 0.009785 -0.000348 
0.003405 -0.003554 0.003660 -0.003291 
-0.004638 -0.007675 -0.002623 -0.008575 
-0.003936 -0.000757 -0.003894 -0.000950 
-0.010548 -0.017014 0.012503 -0.015634 
-0.008541 0.011384 -0.013572 0.004283 
0.022242 0.001047 0.000059 0.022266 
-0.007631 -0.031701 0.003770 0.032388 
-0.024768 0.007660 0.004931 -0.025452 
-0.000237 0.007550 -0.001549 0.007393 
-0.034127 0.004151 0.032133 0.012222 
-0.005612 0.032173 0.009757 -0.031167 
0.033454 -0.020786 -0.019199 -0.034389 
-0.016708 -0.002110 -0.009159 -0.014132 
-0.013453 0.018314 -0.018130 -0.013700 
-0.014097 -0.005218 -0.007508 -0.013023 
-0.009217 -0.009708 -0.002786 -0.013093 
-0.018608 -0.004857 -0.003457 -0.018918 
0.008639 -0.014355 0.016519 -0.002798 
-0.020267 0.032421 0.036155 0.012437 
-0.014882 -0.003875 -0.008562 -0.012774 
0.022045 -0.002296 0.003692 0.021855 
0.009145 -0.000980 0.009090 0.001400 
-0.002911 -0.007099 -0.001588 -0.007507 
-0.008792 0.006277 -0.010434 0.002798 
0.003984 0.032943 0.003853 -0.032959 
0.043473 0.007910 0.043904 -0.004988 
-0.015586 -0.018633 0.021801 -0.010716 
-0.023913 0.023886 0.030839 -0.013832 
-0.000750 0.041672 0.033552 0.024726 
0.025937 0.011313 -0.027243 0.007649 
0.020021 -0.029052 -0.033812 0.010079 
-0.004854 -0.005640 -0.003831 -0.006379 
-0.003813 -0.003353 -0.003536 -0.003644 
-0.006891 -0.006881 -0.004627 -0.008568 
0.007394 -0.014666 0.015803 -0.004478 
-0.012655 0.003903 -0.012867 -0.003135 
0.004194 -0.005834 0.005062 -0.005100 
0.005057 -0.004276 0.005585 -0.003559 
0.009519 0.008538 0.004240 0.012064 
-0.015157 -0.026616 0.021561 0.021756 
-0.003513 -0.001371 -0.003450 -0.001523 
-0.005241 -0.013039 0.003118 -0.013703 
-0.006691 0.037095 0.037120 -0.006554 
-0.001613 0.008049 -0.003231 0.007547 
-0.016131 0.022826 -0.003611 -0.027716 
-0.002471 0.024310 -0.022848 -0.008664 
0.027584 0.022798 -0.003311 -0.035633 
0.005168 -0.002560 0.005402 -0.002020 
-0.017943 -0.010371 0.005548 -0.019968 
0.007621 0.030725 -0.009664 -0.030145 
-0.008160 -0.030848 0.008707 0.030698 
-0.002175 0.019318 -0.018576 0.005731 
0.014804 0.009689 0.000546 0.017684 
0.016437 0.022008 -0.027324 -0.002812 
-0.021589 -0.036103 -0.041404 -0.007433 
-0.007688 0.034093 0.025732 -0.023649 
0.018049 0.005402 0.003577 0.018497 
0.016788 0.001099 0.010007 0.013523 
0.002228 0.007329 0.000880 0.007610 
0.013258 0.016757 -0.014272 0.015902 
0.004090 0.007762 0.002160 0.008504 
-0.015100 -0.019495 0.023041 -0.008785 
-0.023312 0.001846 0.000652 -0.023375 
-0.004719 0.013300 -0.011496 0.008186 
0.011187 0.028679 -0.017536 -0.025301 
0.004131 0.007143 0.002560 0.007844 
-0.022982 0.003401 -0.001436 -0.023187 
0.025537 0.001553 -0.012223 0.022475 
-0.021609 -0.017974 0.028099 -0.000674 
-0.017271 -0.000081 -0.010465 -0.013739 
0.002288 0.033998 0.011798 -0.031968 
-0.004699 -0.024551 0.024689 0.003909 
-0.017884 0.018001 -0.009509 -0.023525 
0.005400 0.010480 0.000582 0.011775 
0.013324 -0.014354 0.018369 0.006793 
-0.020764 0.002905 -0.007408 -0.019614 
0.007494 0.012927 -0.002374 0.014752 
-0.003932 0.003767 -0.004258 0.003395 
-0.000968 -0.013007 0.005645 -0.011758 
-0.023753 0.006020 0.000567 -0.024497 
0.011495 -0.011511 0.016262 0.000419 
-0.013845 0.005209 -0.014081 -0.004534 
0.002595 -0.010015 0.005686 -0.008643 
-0.002234 0.016713 -0.014235 0.009037 
0.005478 0.009354 0.001826 0.010685 
-0.006706 -0.002634 -0.006204 -0.003664 
-0.013066 0.037253 0.036260 0.015613 
0.015431 0.006077 0.005714 0.015570 
-0.003074 -0.011381 0.001908 -0.011634 
-0.016817 0.021805 -0.004341 -0.027192 
-0.004256 0.018397 -0.018298 0.004662 
0.012014 0.013670 -0.005295 0.017412 
0.003670 -0.024546 0.022157 0.011182 
0.005577 -0.026147 0.017998 0.019770 
-0.021196 -0.029551 -0.010527 0.034809 
-0.008473 0.002759 -0.008888 0.000634 
0.004270 0.004123 0.003801 0.004560 
-0.014127 -0.007697 -0.004413 -0.015471 
0.009009 -0.017645 0.019701 0.002085 
-0.004348 -0.015492 0.008005 -0.013958 
-0.011889 0.011900 -0.016765 -0.001382 
-0.003478 0.004593 -0.003927 0.004216 
-0.022228 -0.002393 0.001561 -0.022302 
0.002383 0.032736 0.002985 -0.032687 
0.020697 0.022820 -0.025349 -0.017508 
0.005240 0.002523 0.004950 0.003052 
0.000841 -0.017211 0.014115 -0.009885 
-0.014671 0.002067 -0.012757 -0.007534 
-0.002495 0.012319 -0.007947 0.009737 
0.014089 0.007919 0.004113 0.015630 
0.007146 -0.019650 0.020761 0.002490 
-0.014291 0.009688 -0.016395 -0.005411 
-0.027618 0.009039 0.018803 -0.022157 
0.011866 0.007306 0.005722 0.012706 
0.001172 -0.009505 0.003766 -0.008806 
0.026679 -0.004536 -0.013153 0.023650 
0.008510 0.010566 0.001534 0.013480 
0.021841 -0.008357 0.005976 0.022609 
-0.018817 -0.004607 -0.003454 -0.019062 
0.009151 0.006378 0.006116 0.009327 
-0.011239 -0.011561 0.000424 -0.016118 
-0.008064 -0.020035 0.018715 -0.010777 
0.005005 0.014921 -0.006649 0.014264 
-0.002769 -0.030685 0.009669 0.029254 
-0.033112 -0.007197 0.028060 0.018995 
-0.017514 0.002485 -0.012080 -0.012923 
-0.000645 0.002006 -0.000672 0.001997 
0.008121 -0.022770 0.020421 0.012938 
-0.015959 -0.017742 0.020267 -0.012599 
0.007254 0.023400 -0.024488 0.000734 
-0.000193 -0.017661 0.014327 -0.010329 
-0.001093 0.002100 -0.001129 0.002081 
-0.031274 0.013202 0.033946 -0.000188 
0.013000 0.009062 0.003017 0.015557 
-0.003209 -0.021632 0.021184 -0.005428 
-0.018572 -0.007648 0.001155 -0.020052 
-0.027364 -0.014629 0.029614 0.009263 
-0.001581 0.008102 -0.003228 0.007598 
0.010092 -0.034460 -0.031986 0.016317 
-0.010662 -0.026053 0.025073 0.012798 
0.014668 -0.005727 0.014573 0.005964 
-0.001525 0.002296 -0.001578 0.002260 
0.015374 -0.010979 0.016802 0.008636 
0.005538 0.027301 -0.022834 -0.015958 
0.010300 -0.029718 -0.007082 0.030645 
-0.007245 -0.013092 0.002700 -0.014717 
0.018780 0.019414 -0.026873 0.002728 
0.000718 0.009267 -0.001735 0.009132 
0.010510 -0.002162 0.010609 0.001608 
0.001982 -0.004116 0.002242 -0.003980 
0.016072 0.005905 0.005374 0.016257 
0.005787 -0.023324 0.021699 0.010328 
-0.010649 -0.021826 0.023725 -0.005187 
0.000213 0.012020 -0.004964 0.010949 
0.021576 -0.016195 -0.000491 0.026973 
0.015808 -0.005690 0.014576 0.008356 
0.030392 -0.009590 -0.030138 0.010362 
-0.007712 -0.012222 0.001125 -0.014408 
0.013755 -0.001395 0.012229 0.006451 
-0.003109 -0.021789 0.021449 -0.004937 
-0.025369 -0.004417 0.015295 -0.020716 
-0.008444 0.003840 -0.009153 0.001504 
0.020199 -0.016723 0.003985 0.025919 
0.016715 -0.022584 0.002314 0.028001 
-0.008888 -0.027096 0.023421 0.016268 
-0.022605 0.005699 -0.003493 -0.023049 
-0.005538 0.017450 -0.017804 0.004266 
-0.002539 0.004462 -0.002891 0.004242 
-0.021048 0.005595 -0.007985 -0.020262 
-0.019512 0.005739 -0.011278 -0.016926 
0.011291 0.010008 0.002211 0.014926 
-0.011704 -0.028345 0.018510 0.024449 
-0.008194 -0.003426 -0.007134 -0.005290 
0.015981 -0.001402 0.012248 0.010361 
0.011752 -0.009761 0.015274 0.000351 
0.003376 0.004018 0.003024 0.004289 
0.013735 0.019723 -0.022073 0.009510 
0.003465 0.009532 0.000335 0.010136 
-0.001414 -0.001935 -0.001380 -0.001960 
-0.002382 -0.007644 -0.000842 -0.007962 
0.008279 -0.027256 0.009959 0.026688 
0.002274 0.017894 -0.013808 0.011606 
0.008022 -0.035294 -0.032276 0.016381 
-0.008015 0.000966 -0.008047 -0.000645 
-0.016608 0.020922 -0.007420 -0.025661 
-0.008979 0.015820 -0.018176 0.000716 
-0.010865 0.007549 -0.013197 0.000928 
0.004366 0.033311 0.006372 -0.032986 
0.017911 0.012483 -0.010469 0.019158 
0.000195 -0.000197 0.000196 -0.000197 
-0.000175 0.010913 -0.004063 0.010130 
0.013217 -0.010731 0.016660 0.003504 
0.005691 -0.008260 0.007931 -0.006140 
0.015310 -0.005554 0.014551 0.007314 
-0.007862 -0.006614 -0.005349 -0.008773 
-0.004164 0.023179 -0.022438 -0.007150 
0.015997 0.016661 -0.017679 0.014864 
0.014447 -0.021285 0.012670 0.022388 
0.006892 -0.004151 0.007575 -0.002710 
0.008233 -0.005232 0.009391 -0.002641 
0.004329 0.009701 0.000780 0.010595 
0.016613 -0.023354 0.000090 0.028660 
-0.013332 -0.026931 0.022191 0.020263 
-0.007691 0.011678 -0.012941 0.005297 
0.002971 -0.002748 0.003105 -0.002595 
-0.033152 0.017122 0.029633 0.022675 
0.030950 0.014414 -0.022001 -0.026108 
0.002871 0.009286 0.000097 0.009719 
-0.002214 0.014078 -0.010013 0.010141 
0.027200 -0.003203 -0.015764 0.022396 
0.007409 -0.001363 0.007534 -0.000059 
-0.001558 0.015301 -0.011321 0.010411 
0.019213 -0.024599 -0.015251 0.027233 
-0.003266 -0.005815 -0.002444 -0.006206 
0.000301 0.023477 -0.023343 -0.002523 
0.006529 0.016110 -0.008967 0.014892 
0.018127 -0.015582 0.012038 0.020651 
0.012872 -0.015258 0.018734 0.006895 
0.001374 -0.025164 0.022883 0.010558 
-0.017451 0.018020 -0.010722 -0.022678 
0.002563 -0.023096 0.022791 0.004537 
-0.026306 0.022430 0.034005 -0.006225 
-0.001512 0.007396 -0.002776 0.007020 
-0.001365 -0.025294 0.023848 0.008541 
-0.014079 -0.013001 0.005692 -0.018299 
-0.019382 0.005427 -0.011380 -0.016602 
-0.000387 0.010401 -0.003759 0.009705 
-0.009584 -0.007573 -0.005251 -0.011028 
-0.021782 -0.004771 0.003780 -0.021976 
0.000385 0.028187 -0.018530 -0.021243 
0.022020 -0.007037 0.005507 0.022452 
0.009229 -0.007983 0.011804 -0.003093 
0.005215 -0.013683 0.012493 -0.007639 
-0.012316 0.008039 -0.014654 -0.001254 
-0.031460 0.019285 0.032627 0.017238 
0.005580 0.025865 -0.024719 -0.009439 
-0.019230 0.002953 -0.010366 -0.016463 
-0.004804 -0.009099 -0.001649 -0.010156 
-0.006400 0.004697 -0.007183 0.003380 
0.018668 -0.021299 -0.001107 0.028301 
-0.029112 -0.001793 0.026005 -0.013210 
-0.001874 0.012291 -0.007280 0.010079 
-0.027142 0.007827 0.015870 -0.023369 
-0.014693 0.015775 -0.017733 -0.012259 
-0.005619 -0.003191 -0.005166 -0.003883 
-0.007577 -0.031734 0.003588 0.032428 
-0.015482 -0.022425 0.027105 0.002807 
-0.020575 0.002255 -0.007400 -0.019330 
-0.003142 0.013889 -0.010647 0.009456 
-0.018685 -0.007762 0.001595 -0.020170 
-0.016841 -0.013746 0.011616 -0.018376 
-0.012993 -0.027950 0.018950 0.024308 
0.009632 -0.019989 0.020533 0.008411 
0.017187 -0.019544 0.008732 0.024517 
-0.011386 -0.009843 -0.002443 -0.014851 
0.000187 0.009605 -0.002504 0.009275 
0.014248 -0.001744 0.012525 0.007011 
-0.012597 0.013386 -0.017935 -0.004027 
0.016706 -0.015428 0.015163 0.016948 
-0.011901 0.017301 -0.019465 -0.007879 
-0.004439 0.004021 -0.004854 0.003509 
0.011985 -0.010065 0.015629 0.000828 
-0.009983 -0.006873 -0.005992 -0.010535 
0.005666 0.009042 0.002229 0.010435 
0.000327 -0.012242 0.005730 -0.010824 
-0.018447 -0.004621 -0.004073 -0.018575 
-0.004877 0.020483 -0.021050 -0.000487 
-0.018901 0.019849 -0.002076 -0.027330 
0.005623 0.007472 0.003441 0.008695 
-0.013649 -0.001189 -0.010800 -0.008430 
0.015761 0.018000 -0.020598 0.012172 
0.007739 0.015779 -0.008296 0.015493 
-0.004370 0.003015 -0.004614 0.002626 
-0.003926 -0.001071 -0.003867 -0.001269 
0.016964 -0.000874 0.011416 0.012578 
-0.009794 -0.023301 0.025274 -0.000221 
0.016373 0.006784 0.003769 0.017318 
0.000601 -0.009820 0.003448 -0.009214 
0.026237 -0.005946 -0.011136 0.024489 
0.005626 -0.004122 0.006177 -0.003240 
0.011336 0.027329 -0.022211 -0.019546 
-0.007682 0.008696 -0.010527 0.004881 
-0.021769 0.026393 0.031074 -0.014313 
0.013757 0.025314 -0.025581 -0.013254 
0.009833 -0.002977 0.010269 0.000307 
-0.010567 -0.017197 0.012987 -0.015451 
-0.018321 0.016436 -0.010559 -0.022233 
-0.007010 0.018749 -0.020014 -0.000326 
0.013369 0.007902 0.004545 0.014850 
0.002544 0.003996 0.002264 0.004161 
0.001168 0.007138 0.000012 0.007233 
0.004469 -0.011545 0.009214 -0.008267 
0.001404 -0.006137 0.002138 -0.005921 
0.009126 -0.030398 -0.007560 0.030825 
-0.006631 0.028509 -0.008217 -0.028093 
-0.004627 -0.001753 -0.004482 -0.002096 
-0.027506 -0.002426 0.020861 -0.018091 
0.008918 0.018824 -0.016170 0.013131 
-0.005987 0.037139 0.036785 -0.007874 
0.005317 -0.000910 0.005377 -0.000433 
-0.003598 -0.006806 -0.002308 -0.007345 
-0.002633 0.014813 -0.011503 0.009697 
-0.015531 -0.003266 -0.008840 -0.013181 
0.034405 0.009953 -0.017023 -0.031511 
0.016488 -0.020012 0.009850 0.023986 
-0.004194 -0.011305 0.001094 -0.012008 
-0.020368 -0.011629 0.013925 -0.018873 
0.007349 0.022129 -0.022739 0.005164 
0.012186 -0.001436 0.011549 0.004146 
0.001936 0.002827 0.001833 0.002895 
-0.010749 -0.016205 0.010567 -0.016324 
-0.010407 0.004392 -0.011295 0.000089 
-0.033003 0.006792 0.033371 0.004654 
-0.014643 -0.010275 0.000408 -0.017883 
0.007616 -0.008995 0.010654 -0.005041 
-0.000183 -0.006507 0.000662 -0.006476 
-0.006047 0.005499 -0.007039 0.004153 
-0.001329 0.009507 -0.003928 0.008759 
-0.026718 -0.003122 0.018641 -0.019394 
-0.005990 0.008021 -0.008137 0.005832 
0.012254 -0.005672 0.013396 0.001695 
0.007417 -0.005677 0.008654 -0.003513 
-0.014524 0.024825 -0.002135 -0.028682 
0.031193 -0.017204 -0.034536 -0.008728 
0.008630 0.011685 -0.000163 0.014525 
0.013934 0.002588 0.009876 0.010164 
-0.029344 0.001643 0.025094 -0.015299 
-0.002885 0.020035 -0.019947 0.003439 
0.000899 0.011289 -0.003497 0.010771 
0.002555 -0.009231 0.005018 -0.008158 
0.001584 0.024753 -0.024015 -0.006202 
0.011409 0.003899 0.008611 0.008439 
-0.010839 0.007392 -0.013087 0.000924 
-0.003666 -0.001531 -0.003587 -0.001707 
-0.007170 -0.013321 0.003130 -0.014801 
-0.014336 -0.024694 0.026248 0.011242 
-0.006211 0.001775 -0.006387 0.000967 
0.003202 0.004151 0.002841 0.004406 
-0.001153 -0.004348 -0.000881 -0.004411 
0.014431 -0.010286 0.016681 0.005980 
0.016681 -0.009139 0.015604 0.010875 
-0.002598 0.008367 -0.004478 0.007530 
-0.007133 -0.028058 0.021151 0.019768 
-0.016444 -0.009859 0.001858 -0.019082 
0.006428 -0.017315 0.018207 -0.003101 
-0.009934 -0.012058 0.000933 -0.015596 
-0.000950 -0.006895 0.000082 -0.006959 
-0.007324 0.010065 -0.011118 0.005597 
0.022322 -0.023663 -0.024680 0.021192 
-0.009075 -0.004933 -0.007007 -0.007589 
-0.003340 0.016902 -0.015399 0.007726 
-0.014813 -0.007200 -0.004649 -0.015800 
-0.017247 0.000232 -0.010730 -0.013505 
-0.003399 0.027516 -0.017008 -0.021895 
-0.009386 0.008816 -0.012491 0.003128 
-0.016574 -0.013809 0.011306 -0.018373 
-0.023039 0.017872 0.010758 -0.027101 
-0.004894 -0.007980 -0.002598 -0.008993 
-0.038526 -0.001474 0.004377 0.038305 
0.011784 0.006421 0.006660 0.011650 
0.004121 0.006759 0.002753 0.007422 
-0.024413 0.020371 0.023579 -0.021330 
0.024931 0.011835 -0.025810 0.009768 
0.020218 0.006735 -0.003060 0.021090 
0.020324 -0.006120 0.009821 0.018817 
-0.012069 -0.014785 0.008007 -0.017325 
-0.012056 -0.006867 -0.006190 -0.012418 
0.006947 0.011384 0.000030 0.013336 
0.003593 0.002511 0.003438 0.002719 
-0.012952 0.015128 -0.018680 -0.006906 
0.004538 0.018116 -0.013713 0.012678 
0.028931 0.003363 -0.026557 0.011961 
-0.020762 -0.018384 0.027686 -0.001592 
-0.008899 0.017095 -0.019250 -0.000939 
0.031868 -0.004594 -0.032023 0.003349 
0.006094 -0.006556 0.007506 -0.004876 
0.008665 -0.011248 0.013582 -0.004140 
0.007464 -0.025216 0.017579 0.019558 
-0.010254 -0.013957 0.004895 -0.016612 
0.003635 0.014662 -0.006666 0.013555 
0.030605 -0.017935 -0.034842 -0.006659 
-0.033380 -0.017500 -0.004833 0.037378 
-0.032106 -0.012337 0.022577 0.025947 
0.006061 -0.010075 0.009670 -0.006688 
0.022305 -0.029378 -0.036658 -0.004095 
-0.000800 -0.033044 -0.006116 0.032483 
-0.021233 -0.014851 0.023085 -0.011768 
-0.004369 -0.007871 -0.002298 -0.008704 
0.014926 -0.004406 0.013973 0.006853 
0.013007 -0.017887 0.018754 0.011722 
-0.002930 0.019862 -0.019724 0.003746 
0.020828 -0.005494 0.008491 0.019796 
0.000763 -0.022822 0.022790 0.001422 
-0.007274 0.000486 -0.007257 -0.000701 
-0.001145 -0.028017 0.019524 0.020126 
-0.015442 0.015555 -0.016976 -0.013864 
-0.000317 -0.005748 0.000268 -0.005751 
-0.005385 -0.008318 -0.002675 -0.009541 
-0.003670 -0.005138 -0.003016 -0.005548 
0.009159 0.015458 -0.007906 0.016135 
0.002985 -0.005337 0.003576 -0.004960 
0.009436 -0.010274 0.013579 -0.003193 
-0.008063 0.001071 -0.008113 -0.000577 
-0.011790 -0.027348 0.021928 0.020151 
-0.012701 -0.012788 0.003839 -0.017610 
0.011998 0.002841 0.009439 0.007932 
-0.015442 -0.029743 0.005824 0.033003 
0.008056 -0.026714 0.012392 0.024999 
-0.001767 -0.029948 0.012759 0.027152 
-0.027822 -0.016261 0.027073 0.017479 
-0.026667 0.009214 0.014477 -0.024217 
-0.005094 0.019205 -0.019769 0.001990 
0.015461 0.002799 0.009310 0.012657 
-0.033326 -0.013175 0.013823 0.033062 
-0.009037 0.010984 -0.013739 0.003680 
-0.012403 0.018617 -0.019045 -0.011736 
0.015322 0.006863 0.004720 0.016111 
0.012174 -0.003142 0.012235 0.002896 
0.019614 -0.021794 -0.006650 0.028557 
-0.034309 0.019626 0.016793 0.035781 
-0.000326 0.007120 -0.001427 0.006983 
-0.004650 0.007464 -0.006275 0.006162 
0.017032 0.018185 -0.022761 0.010134 
0.001768 -0.002762 0.001858 -0.002702 
-0.000615 -0.015303 0.009624 -0.011914 
-0.008111 0.029174 -0.001734 -0.030231 
0.020906 -0.034792 -0.025754 -0.031373 
0.013493 0.001294 0.010714 0.008303 
-0.014875 0.003670 -0.013602 -0.007052 
-0.000674 0.025287 -0.023108 -0.010290 
0.009623 -0.011769 0.014967 -0.002666 
-0.009083 0.004623 -0.010074 0.001544 
0.014728 0.004580 0.007923 0.013233 
-0.007275 0.010155 -0.011136 0.005661 
0.022825 -0.023599 -0.026401 0.019517 
0.000350 -0.028558 0.016751 0.023132 
-0.024648 0.025074 0.034803 -0.005002 
-0.002787 0.002666 -0.002905 0.002536 
-0.027256 0.001411 0.016796 -0.021513 
0.014236 0.009684 0.001101 0.017182 
-0.008477 -0.013612 0.003686 -0.015606 
-0.003676 0.005905 -0.004509 0.005296 
0.008223 -0.017497 0.019331 0.000294 
0.005627 -0.011183 0.010162 -0.007312 
0.012437 -0.008377 0.014925 0.001454 
0.010339 -0.000634 0.009989 0.002743 
0.000172 -0.012075 0.005378 -0.010812 
0.001963 -0.002861 0.002067 -0.002786 
-0.033605 0.013341 0.031879 0.017060 
0.031399 0.021231 0.010829 -0.036323 
0.017022 -0.002816 0.012631 0.011753 
-0.001628 -0.027635 0.020785 0.018284 
0.006119 -0.023847 0.021117 0.012656 
-0.026442 0.002636 0.012654 -0.023367 
0.023663 0.025599 -0.005532 -0.034418 
0.017400 -0.001585 0.011587 0.013078 
0.000106 0.008622 -0.001846 0.008422 
0.028155 -0.005009 -0.019746 0.020686 
0.001325 -0.010424 0.004714 -0.009391 
-0.003057 -0.006079 -0.002165 -0.006450 
-0.015896 -0.020046 0.024891 -0.005911 
0.031646 0.005345 -0.031541 -0.005933 
-0.015064 -0.013765 0.008823 -0.018400 
0.027064 -0.014458 -0.022581 0.020774 
0.004190 0.002747 0.003966 0.003061 
-0.000667 0.007602 -0.002007 0.007362 
0.004818 0.002739 0.004538 0.003181 
-0.005571 0.016168 -0.016112 0.005731 
0.015681 0.013307 -0.008583 0.018689 
-0.011231 -0.009807 -0.002536 -0.014693 
0.007910 0.025727 -0.025251 -0.009317 
-0.011117 0.011818 -0.016225 0.000134 
-0.009925 0.015899 -0.018703 -0.001217 
0.023740 0.022384 -0.020771 -0.025163 
0.003500 0.017623 -0.012818 0.012590 
0.010454 0.022653 -0.024840 0.002328 
0.010594 -0.032661 -0.024372 0.024187 
-0.035080 -0.009597 0.013734 0.033676 
-0.026292 0.008198 0.012077 -0.024751 
-0.022250 -0.019002 0.028723 0.005580 
-0.017755 -0.004687 -0.005041 -0.017658 
-0.013886 0.004347 -0.013687 -0.004937 
0.005907 0.035857 0.024683 -0.026671 
0.009249 -0.016068 0.018540 0.000112 
0.005491 0.028174 -0.020714 -0.019871 
-0.002521 0.004921 -0.002971 0.004663 
0.010304 -0.009198 0.013670 -0.001975 
0.006435 -0.019697 0.020681 0.001290 
-0.022591 -0.016541 0.027846 -0.002919 
-0.008274 0.007657 -0.010563 0.003938 
0.008760 -0.023944 0.018227 0.017828 
-0.027427 0.005072 0.016504 -0.022486 
-0.006504 0.005498 -0.007556 0.003927 
-0.003076 -0.015917 0.009360 -0.013237 
-0.006004 -0.035839 -0.024601 0.026744 
-0.023931 -0.015080 0.028066 -0.003516 
0.002396 0.007059 0.001163 0.007363 
0.014450 -0.023479 0.007034 0.026657 
-0.018194 -0.005038 -0.003885 -0.018474 
0.029412 -0.000771 -0.025650 0.014414 
-0.003277 -0.010975 0.001283 -0.011381 
0.006847 -0.009263 0.009955 -0.005795 
-0.004251 0.010259 -0.007739 0.007963 
0.007691 -0.000311 0.007621 0.001085 
-0.002256 0.008381 -0.004115 0.007641 
0.017404 -0.003062 0.012514 0.012476 
-0.011038 -0.004853 -0.007864 -0.009140 
0.017635 0.020896 -0.027336 -0.000602 
0.004857 0.017774 -0.012891 0.013166 
-0.013158 0.017433 -0.018741 -0.011218 
0.004671 0.011641 -0.001266 0.012479 
0.005144 0.001901 0.004947 0.002367 
-0.006919 0.008939 -0.009809 0.005618 
-0.006164 0.010996 -0.010597 0.006827 
0.010469 0.001034 0.009527 0.004462 
-0.020940 0.011709 -0.007427 -0.022813 
0.000343 -0.022075 0.022038 -0.001322 
-0.020921 0.020292 0.007640 -0.028126 
0.012168 0.024265 -0.026460 -0.006060 
0.024793 -0.020020 -0.024262 0.020660 
0.012117 -0.012997 0.017574 0.002625 
0.001087 -0.002922 0.001174 -0.002888 
-0.000269 -0.003354 -0.000152 -0.003361 
-0.026504 -0.006663 0.022496 -0.015518 
0.009035 0.025809 -0.025327 -0.010309 
0.016411 0.001066 0.010292 0.012827 
0.003978 0.012084 -0.002259 0.012520 
0.000991 0.000351 0.000990 0.000354 
-0.014443 0.010746 -0.016882 -0.006251 
-0.004380 -0.005364 -0.003546 -0.005948 
0.002524 -0.005531 0.003133 -0.005210 
0.003809 -0.014363 0.011970 -0.008804 
-0.009347 0.006556 -0.011162 0.002400 
0.017421 -0.003921 0.012981 0.012262 
0.008608 -0.007203 0.010688 -0.003427 
-0.007832 0.008179 -0.010369 0.004552 
0.020390 0.002327 0.003372 0.020243 
0.004375 -0.020206 0.020652 -0.000955 
0.012755 -0.015796 0.018906 0.007400 
-0.027216 -0.023456 0.001454 0.035900 
-0.026671 0.007360 0.013471 -0.024167 
-0.012010 0.017977 -0.019446 -0.009448 
-0.004834 -0.003569 -0.004410 -0.004081 
-0.006579 -0.011322 -0.000004 -0.013094 
0.007833 0.000944 0.007512 0.002413 
-0.002101 0.019121 -0.018222 0.006162 
0.025664 0.004564 -0.016588 0.020107 
0.024367 0.006239 -0.014631 0.020459 
0.025818 0.006315 -0.019729 0.017810 
0.023393 -0.018264 -0.013405 0.026479 
-0.028348 0.010655 0.023408 -0.019215 
0.001775 0.011750 -0.003322 0.011409 
0.000078 -0.006276 0.000834 -0.006221 
-0.001664 0.011396 -0.006038 0.009806 
-0.030329 0.001509 0.028397 -0.010758 
-0.018452 0.017824 -0.008060 -0.024356 
-0.011953 0.011443 -0.016499 -0.001264 
0.004056 0.018515 -0.014688 0.011980 
0.009077 -0.005475 0.010393 -0.002085 
-0.011607 0.000856 -0.010965 -0.003904 
-0.004919 0.009712 -0.008051 0.007327 
-0.003148 0.004878 -0.003634 0.004527 
-0.026998 0.002632 0.015082 -0.022547 
0.016736 0.006962 0.003041 0.017869 
-0.017737 -0.015604 0.017948 -0.015361 
-0.003308 -0.002698 -0.003152 -0.002879 
-0.000155 0.005464 -0.000654 0.005426 
-0.001976 0.013912 -0.009546 0.010311 
0.025587 -0.002370 -0.009115 0.024025 
-0.016989 -0.012036 0.007637 -0.019370 
-0.006253 0.002529 -0.006544 0.001634 
0.005808 -0.008859 0.008458 -0.006379 
0.013428 -0.010687 0.016704 0.003937 
0.012319 0.007643 0.005252 0.013512 
0.035728 -0.008949 -0.026312 -0.025774 
-0.026741 -0.020694 0.017561 0.028895 
-0.028978 0.018233 0.034040 -0.003659 
0.007242 0.033550 0.008827 -0.033168 
0.020557 0.010485 -0.011758 0.019856 
0.015952 0.007619 0.002929 0.017434 
0.009112 0.004802 0.007098 0.007464 
0.007275 -0.005147 0.008302 -0.003239 
-0.004606 0.010277 -0.008161 0.007761 
0.002477 -0.028218 0.015815 0.023500 
-0.023735 -0.015715 0.028394 -0.002012 
-0.020621 0.009563 -0.009267 -0.020756 
-0.009446 0.012237 -0.015208 0.002772 
-0.013391 0.012398 -0.017564 -0.004952 
0.017649 0.003233 0.007019 0.016513 
0.000242 -0.034869 -0.019568 0.028862 
0.002419 0.022553 -0.022571 0.002245 
0.025612 -0.020671 -0.028927 0.015699 
0.004636 -0.021993 0.022085 0.004175 
-0.005082 -0.012952 0.003036 -0.013578 
-0.014238 -0.019643 0.022417 -0.009276 
-0.009598 0.006605 -0.011449 0.002158 
-0.031378 0.002369 0.030964 -0.005606 
0.010120 0.036680 0.032645 -0.019549 
0.018829 0.005501 0.002076 0.019506 
-0.007936 0.012195 -0.013695 0.004912 
0.002395 0.004715 0.001982 0.004903 
0.000968 -0.014990 0.010313 -0.010922 
-0.030545 0.005977 0.029100 -0.011042 
-0.004530 0.006632 -0.005746 0.005612 
0.005518 -0.004412 0.006127 -0.003519 
-0.020229 -0.024929 0.019714 0.025338 
0.022212 0.034340 0.040407 -0.006314 
0.000641 -0.016543 0.012756 -0.010553 
-0.025760 0.014975 0.017470 -0.024137 
-0.008613 -0.014896 0.006449 -0.015953 
0.005477 -0.017424 0.017729 -0.004391 
-0.006983 0.002270 -0.007261 0.001089 
0.006723 -0.009154 0.009733 -0.005854 
0.002144 0.020117 -0.018462 0.008273 
-0.009038 -0.001430 -0.008378 -0.003679 
0.032093 0.018357 0.000040 -0.036973 
-0.010285 0.013054 -0.016593 0.000932 
-0.014745 0.010304 -0.016686 -0.006720 
0.006483 -0.016507 0.017261 -0.004072 
-0.014714 0.000429 -0.011845 -0.008740 
0.008697 -0.024443 0.017391 0.019252 
-0.016506 -0.008965 0.000173 -0.018783 
0.009291 0.031653 -0.002911 -0.032860 
-0.005661 0.009204 -0.008529 0.006634 
-0.022231 -0.012816 0.021202 -0.014455 
0.007802 0.025366 -0.025418 -0.007629 
0.012272 -0.013282 0.017796 0.003207 
-0.022839 -0.002176 0.003180 -0.022721 
-0.006295 0.014563 -0.014671 0.006040 
-0.001384 -0.011535 0.003374 -0.011117 
-0.008128 0.019122 -0.020527 -0.003221 
-0.004046 -0.021974 0.021798 -0.004904 
-0.008688 -0.000065 -0.008441 -0.002057 
-0.012020 -0.032655 -0.007616 0.033954 
-0.016070 -0.003997 -0.007731 -0.014645 
0.006198 -0.000345 0.006195 0.000389 
-0.001670 -0.020136 0.018602 -0.007887 
-0.005582 -0.019329 0.016490 -0.011527 
-0.005241 0.000992 -0.005308 0.000532 
-0.026876 -0.012711 0.029728 0.000358 
-0.002586 -0.013412 0.005091 -0.012675 
0.013198 0.004732 0.008186 0.011382 
-0.016271 0.006117 -0.014659 -0.009342 
-0.007403 -0.010715 -0.001096 -0.012977 
0.008509 -0.004682 0.009491 -0.002059 
-0.004497 -0.034154 -0.012404 0.032138 
0.007971 0.024041 -0.025252 -0.001953 
0.015027 -0.018175 0.015979 0.017344 
-0.020774 0.015285 -0.004220 -0.025444 
0.014905 0.028460 -0.014188 -0.028824 
-0.011605 0.006487 -0.013288 -0.000434 
-0.030903 0.019573 0.033705 0.014214 
0.022136 0.015296 -0.025576 0.008356 
0.002782 0.002358 0.002683 0.002469 
0.010099 0.025954 -0.025224 -0.011805 
-0.005854 -0.027847 0.021649 0.018468 
-0.018969 0.032253 0.037172 0.004288 
-0.005921 -0.001276 -0.005741 -0.001933 
0.001176 -0.014692 0.010007 -0.010821 
-0.014876 -0.004815 -0.007601 -0.013663 
-0.006740 -0.008743 -0.003081 -0.010601 
-0.031757 0.005913 0.032053 -0.004006 
-0.015017 -0.010232 0.000734 -0.018157 
0.004537 -0.011387 0.009128 -0.008180 
-0.008963 0.000336 -0.008773 -0.001864 
0.007610 -0.002716 0.007998 -0.001148 
0.006394 0.027638 -0.022220 -0.017636 
-0.005606 0.022364 -0.021987 -0.006938 
0.011725 0.008805 0.003870 0.014143 
-0.000206 -0.014412 0.008410 -0.011705 
-0.012981 0.037650 0.035221 0.018588 
0.022531 0.020519 -0.027489 -0.013153 
0.012650 0.009639 0.002277 0.015740 
-0.001754 0.003139 -0.001877 0.003067 
0.022673 0.003342 -0.004260 0.022519 
-0.009633 0.001013 -0.009524 -0.001764 
0.017370 -0.009766 0.015162 0.012930 
-0.007525 0.000847 -0.007557 -0.000483 
0.006469 0.004918 0.005347 0.006119 
0.027227 0.023049 -0.003759 -0.035475 
0.018175 0.019983 -0.026945 0.001897 
-0.001923 -0.002331 -0.001857 -0.002384 
-0.028555 0.005565 0.021536 -0.019560 
0.029290 0.015257 -0.025576 -0.020894 
0.004716 0.015666 -0.008253 0.014126 
-0.020380 0.023910 0.017545 -0.026062 
-0.018032 0.002896 -0.011859 -0.013889 
-0.020013 0.009111 -0.010822 -0.019141 
0.012540 -0.008751 0.015202 0.001650 
-0.033886 0.004762 0.032575 0.010480 
-0.022660 0.015211 0.003353 -0.027085 
-0.035601 0.008344 0.027239 0.024396 
-0.001603 0.004384 -0.001892 0.004267 
0.005325 0.012426 -0.002098 0.013355 
0.002829 0.001931 0.002758 0.002032 
-0.006140 -0.005124 -0.005023 -0.006223 
0.023135 -0.008102 0.001572 0.024462 
-0.023188 -0.016465 0.028413 -0.001216 
-0.013495 0.006967 -0.014784 -0.003479 
0.008274 0.010096 0.002128 0.012879 
0.027709 0.002090 -0.021303 0.017843 
-0.024459 -0.018872 0.027902 0.013263 
-0.007952 0.013937 -0.015498 0.004161 
0.016276 0.009673 -0.001234 0.018893 
0.011906 0.016897 -0.013268 0.015850 
0.036915 0.006374 -0.008758 -0.036423 
0.014685 -0.020833 0.012983 0.021934 
0.007610 -0.024946 0.017941 0.018930 
-0.014967 -0.008053 -0.003225 -0.016687 
-0.015697 -0.009333 -0.000203 -0.018261 
-0.024522 0.008729 0.004299 -0.025672 
-0.026537 0.011852 0.016426 -0.023977 
-0.006736 0.009312 -0.009861 0.005902 
0.004174 -0.005834 0.005039 -0.005105 
0.019471 -0.003698 0.010416 0.016861 
0.007846 0.004322 0.006557 0.006104 
0.015700 0.006370 0.005081 0.016164 
-0.001275 -0.008409 0.000607 -0.008483 
0.000998 0.028769 -0.017051 -0.023193 
0.007470 -0.000683 0.007476 0.000610 
-0.010451 0.036473 0.037935 -0.000642 
0.006160 0.022579 -0.023118 0.003649 
-0.020883 0.003118 -0.007264 -0.019826 
-0.015197 0.015591 -0.017251 -0.013283 
0.007769 -0.019260 0.020576 0.002811 
-0.025955 0.004187 0.009992 -0.024318 
-0.013823 0.013734 -0.018076 -0.007277 
0.018030 -0.013016 0.013964 0.017307 
-0.013960 0.009579 -0.016280 -0.004647 
0.002860 -0.014519 0.011275 -0.009584 
-0.008166 -0.006682 -0.005456 -0.009032 
0.010232 -0.004978 0.011361 -0.000632 
-0.005354 -0.032095 0.001908 0.032482 
-0.025245 0.016499 0.018032 -0.024175 
-0.007565 -0.011375 -0.000196 -0.013660 
0.003395 -0.000977 0.003430 -0.000847 
0.005803 -0.002072 0.006004 -0.001384 
-0.027093 0.004702 0.015003 -0.023044 
-0.006214 0.007033 -0.007866 0.005119 
-0.019041 -0.014667 0.018183 -0.015719 
-0.009456 0.033961 0.028524 -0.020715 
-0.002584 0.009298 -0.005099 0.008193 
-0.008599 0.002769 -0.009017 0.000552 
0.001898 0.003484 0.001727 0.003572 
-0.003858 -0.004144 -0.003432 -0.004503 
0.008433 0.017754 -0.013280 0.014490 
-0.004818 -0.016887 0.010880 -0.013784 
0.006293 0.008946 0.002663 0.010609 
-0.006483 0.008403 -0.008946 0.005710 
-0.005275 -0.001349 -0.005131 -0.001823 
0.023701 0.003491 -0.007903 0.022615 
0.002098 -0.002216 0.002160 -0.002156 
-0.004948 -0.002869 -0.004636 -0.003350 
0.001723 -0.017717 0.015608 -0.008560 
-0.016635 -0.002763 -0.008579 -0.014517 
-0.009403 0.015236 -0.017894 0.000616 
0.013159 -0.006043 0.014153 0.003057 
-0.007388 0.009257 -0.010577 0.005330 
-0.017382 -0.019713 0.025885 -0.004555 
-0.004818 -0.012436 0.002337 -0.013131 
-0.030969 0.005467 0.030203 -0.008759 
0.029229 0.017847 -0.018362 -0.028908 
0.035272 0.007579 -0.017537 -0.031527 
0.022308 -0.012540 0.001885 0.025521 
0.021120 -0.020833 -0.010191 0.027860 
0.001818 -0.016530 0.013603 -0.009565 
0.005229 -0.004029 0.005720 -0.003296 
0.005494 -0.002910 0.005799 -0.002240 
-0.004474 0.020450 -0.020932 0.000230 
0.012064 -0.004272 0.012630 0.002066 
-0.008395 0.007471 -0.010595 0.003746 
0.006371 -0.027020 0.014405 0.023731 
0.006176 -0.018812 0.019775 -0.001005 
0.008582 -0.019337 0.020646 0.004620 
-0.025492 -0.005896 0.017967 -0.019021 
-0.008036 0.016787 -0.018576 0.001146 
-0.003540 0.024801 -0.022027 -0.011934 
0.017349 -0.017961 0.011094 0.022372 
-0.037100 -0.010486 -0.004738 0.038261 
-0.009150 -0.002082 -0.008263 -0.004448 
0.005981 -0.016040 0.016278 -0.005300 
0.009974 -0.016785 0.019347 0.002625 
-0.011125 -0.015394 0.008788 -0.016838 
-0.006902 0.023698 -0.020623 -0.013562 
0.024084 -0.000945 -0.004132 0.023746 
0.008929 -0.002440 0.009257 -0.000036 
-0.006527 0.008145 -0.008837 0.005553 
0.019271 -0.005237 0.011483 0.016338 
-0.003747 -0.029368 0.016208 0.024775 
-0.006908 0.037701 0.038317 -0.000921 
0.012286 0.016971 -0.013817 0.015750 
0.020013 -0.015074 0.007174 0.024006 
-0.040827 -0.000788 -0.016752 0.037240 
0.006392 0.031670 -0.004450 -0.032001 
0.016022 -0.005016 0.014212 0.008937 
0.015950 -0.012531 0.016783 0.011391 
0.023256 -0.013831 -0.003747 0.026798 
0.037054 -0.009988 -0.016945 -0.034432 
-0.015734 -0.014053 0.010549 -0.018269 
-0.010083 0.010305 -0.014236 0.002277 
0.013649 -0.009467 0.016135 0.003950 
-0.020373 -0.003325 -0.002097 -0.020535 
-0.002570 0.008378 -0.004454 0.007546 
-0.012521 0.004332 -0.012971 -0.002703 
0.012609 0.013922 -0.006379 0.017667 
-0.009509 -0.015400 0.007903 -0.016283 
-0.001370 0.006135 -0.002102 0.005924 
-0.011388 -0.012146 0.001618 -0.016571 
-0.023749 0.013966 0.006183 -0.026848 
0.034683 -0.008607 -0.030778 -0.018157 
-0.022533 -0.022752 0.022434 0.022850 
-0.020162 -0.018903 0.027609 -0.001244 
-0.039554 -0.008442 -0.019972 0.035169 
-0.015312 0.031965 0.032484 -0.014178 
-0.001496 -0.005299 -0.000997 -0.005415 
0.010181 0.009302 0.003372 0.013372 
0.007341 0.000918 0.007085 0.002132 
0.001962 0.010065 -0.001331 0.010168 
-0.027743 0.013776 0.024490 -0.018965 
-0.008944 -0.000389 -0.008581 -0.002555 
0.012756 0.014657 -0.008314 0.017562 
0.006461 -0.025236 0.018850 0.017979 
-0.004776 -0.023912 0.024346 0.001373 
-0.002342 0.002338 -0.002419 0.002258 
0.018925 0.010206 -0.007216 0.020255 
0.005240 -0.029386 0.006851 0.029052 
-0.028847 0.004615 0.022684 -0.018409 
-0.016029 -0.001666 -0.010014 -0.012626 
-0.012205 0.011590 -0.016730 -0.001841 
0.011475 0.000718 0.010261 0.005188 
-0.001536 0.009756 -0.004344 0.008869 
-0.008441 -0.017044 0.011511 -0.015141 
0.001059 -0.003918 0.001255 -0.003860 
-0.010281 0.008504 -0.013202 0.001927 
0.006376 0.027134 -0.023284 -0.015323 
0.008927 -0.000628 0.008812 0.001562 
0.004161 0.023667 -0.024022 -0.000645 
0.026402 -0.000377 -0.013890 0.022456 
-0.008664 -0.013862 0.004221 -0.015792 
-0.004069 0.027582 -0.015980 -0.022846 
0.012815 -0.006462 0.014157 0.002356 
-0.020898 0.017436 0.000177 -0.027216 
-0.012747 0.011713 -0.017043 -0.003036 
-0.004609 0.002305 -0.004781 0.001922 
-0.008222 0.008690 -0.011136 0.004370 
0.017542 -0.005523 0.013672 0.012301 
0.026609 -0.006877 -0.013025 0.024201 
0.004601 -0.007523 0.006248 -0.006222 
-0.004000 0.003260 -0.004253 0.002923 
-0.006263 0.005729 -0.007367 0.004216 
0.010619 -0.000525 0.010165 0.003115 
-0.007288 0.007149 -0.009165 0.004496 
0.024961 -0.003247 -0.006075 0.024427 
0.010202 0.006360 0.006487 0.010122 
0.017400 0.007160 0.001771 0.018732 
0.007332 0.003935 0.006337 0.005392 
-0.013047 -0.000939 -0.010820 -0.007352 
-0.004348 0.000929 -0.004396 0.000664 
-0.014386 0.029588 0.019431 -0.026549 
0.033337 0.007443 -0.027032 -0.020882 
0.018975 -0.005393 0.011998 0.015658 
0.026241 -0.012885 -0.016377 0.024215 
0.001992 -0.003404 0.002152 -0.003305 
0.001284 0.021478 -0.021042 0.004490 
0.029210 -0.001727 -0.024575 0.015883 
-0.016098 -0.002628 -0.009112 -0.013528 
0.010444 0.009283 0.003391 0.013556 
0.006446 -0.022674 0.021610 0.009418 
0.008452 -0.004214 0.009276 -0.001774 
0.012216 0.000938 0.010527 0.006270 
-0.001409 -0.014840 0.008257 -0.012411 
-0.008548 -0.013770 0.004015 -0.015702 
-0.017307 0.002982 -0.012538 -0.012297 
-0.000314 -0.013321 0.006633 -0.011556 
-0.007442 -0.004228 -0.006313 -0.005780 
0.006053 -0.009517 0.009219 -0.006499 
-0.000484 -0.015875 0.010749 -0.011692 
-0.007136 0.004686 -0.007998 0.002987 
0.010949 -0.010768 0.015335 -0.000821 
0.005834 -0.016111 0.016251 -0.005432 
0.013753 0.010379 0.000234 0.017228 
-0.008872 -0.005234 -0.006732 -0.007797 
0.023550 -0.015103 -0.007200 0.027034 
-0.008284 -0.004875 -0.006590 -0.006998 
0.008574 0.012946 -0.002393 0.015342 
-0.005255 -0.006700 -0.003647 -0.007694 
-0.006825 0.019029 -0.020208 -0.000554 
-0.014805 0.007114 -0.015255 -0.006090 
-0.010956 0.002910 -0.011233 -0.001521 
0.006562 0.014104 -0.004700 0.014829 
-0.006081 0.020781 -0.021402 -0.003284 
0.013979 -0.010144 0.016563 0.004896 
-0.017577 0.002559 -0.012074 -0.013027 
-0.000605 0.006365 -0.001397 0.006240 
-0.012841 0.010140 -0.016171 -0.002492 
0.029791 0.000312 -0.027348 0.011819 
0.017194 -0.016139 0.013671 0.019215 
0.005149 -0.005294 0.005958 -0.004362 
0.010855 0.015098 -0.007878 0.016844 
0.004573 0.016146 -0.009309 0.013963 
0.018876 0.022825 -0.026926 -0.012340 
0.017421 -0.030936 -0.033564 0.011576 
0.007107 -0.002304 0.007395 -0.001059 
-0.010593 0.002967 -0.010947 -0.001078 
-0.003593 -0.011782 0.002078 -0.012141 
0.020553 -0.014505 0.006073 0.024412 
0.005626 0.000563 0.005544 0.001112 
-0.000615 0.012763 -0.006668 0.010900 
0.021041 -0.008948 0.008245 0.021326 
-0.014581 -0.015366 0.012264 -0.017272 
-0.026503 -0.011033 0.028025 -0.006226 
-0.024433 0.004399 0.003513 -0.024576 
0.004079 -0.009724 0.007097 -0.007799 
0.002975 0.005703 0.002229 0.006034 
0.024184 0.006259 -0.014044 0.020659 
-0.013884 -0.020225 0.023240 -0.007857 
-0.008113 0.020606 -0.021097 -0.006734 
0.016231 -0.008298 0.015570 0.009481 
-0.005118 -0.007167 -0.003285 -0.008171 
0.011617 0.016990 -0.013258 0.015743 
-0.002821 -0.026455 0.023417 0.012629 
-0.014763 0.002085 -0.012775 -0.007688 
-0.007376 0.018093 -0.019537 0.000244 
0.011890 0.014250 -0.006561 0.017360 
-0.008379 0.013163 -0.015091 0.003966 
-0.015679 -0.008219 -0.002234 -0.017561 
-0.014186 -0.006569 -0.005904 -0.014475 
-0.003897 0.009684 -0.006859 0.007869 
-0.000132 -0.009640 0.002586 -0.009288 
0.009650 0.002257 0.008546 0.005019 
0.015381 0.009232 0.000769 0.017923 
0.009799 -0.016388 0.019023 0.001653 
0.024740 -0.004070 -0.004855 0.024598 
0.010841 0.008024 0.004946 0.012547 
-0.017917 0.006511 -0.013734 -0.013221 
0.024967 -0.011007 -0.008013 0.026082 
-0.011424 -0.003530 -0.008843 -0.008048 
0.016475 0.019880 -0.025210 0.005573 
0.004003 -0.002301 0.004145 -0.002034 
-0.004198 0.003807 -0.004552 0.003375 
0.003897 0.003706 0.003553 0.004037 
0.036287 0.009639 -0.004790 -0.037238 
0.015023 -0.030186 -0.024378 0.023294 
0.006068 -0.005255 0.006982 -0.003961 
-0.014803 -0.025668 0.024459 0.016725 
-0.002432 -0.001740 -0.002383 -0.001806 
0.018321 -0.001707 0.010765 0.014923 
0.002438 -0.011819 0.007306 -0.009605 
0.007860 0.002619 0.007139 0.004204 
-0.021452 -0.000333 -0.003059 -0.021236 
0.027893 0.008380 -0.028240 0.007127 
0.000007 -0.017259 0.013672 -0.010534 
0.009657 -0.005866 0.011165 -0.001735 
0.012358 -0.016117 0.019086 0.006943 
-0.025288 -0.019370 0.025831 0.018639 
-0.022835 0.009174 -0.002330 -0.024498 
-0.004261 -0.001515 -0.004158 -0.001779 
0.003411 -0.004677 0.003873 -0.004302 
0.008489 -0.012802 0.014839 -0.003969 
-0.004148 0.020731 -0.021142 0.000041 
0.009003 -0.020292 0.020786 0.007793 
-0.010488 -0.004105 -0.008146 -0.007778 
0.004300 -0.023045 0.022397 0.006924 
-0.000587 -0.004552 -0.000291 -0.004581 
-0.002375 0.007507 -0.003752 0.006923 
-0.017440 -0.001449 -0.009122 -0.014935 
0.002201 0.014388 -0.006955 0.012786 
-0.018006 -0.011375 0.007983 -0.019745 
0.005057 -0.003050 0.005354 -0.002493 
0.014007 0.007933 0.004146 0.015554 
0.017884 -0.012350 0.014428 0.016254 
0.004531 -0.010641 0.008400 -0.007949 
-0.003025 0.009759 -0.005944 0.008310 
0.007651 -0.000747 0.007660 0.000645 
-0.011190 0.009635 -0.014753 0.000619 
0.007067 -0.010778 0.011426 -0.005961 
0.002492 0.008755 0.000210 0.009101 
-0.014141 0.015838 -0.018198 -0.010938 
-0.023647 0.004825 0.000360 -0.024131 
-0.015488 -0.012061 0.005294 -0.018903 
-0.000527 -0.017406 0.013641 -0.010824 
-0.017078 -0.025880 0.021699 0.022150 
-0.010332 0.015380 -0.018477 -0.001369 
0.026810 -0.015880 -0.023883 0.020013 
0.004068 -0.014689 0.012683 -0.008454 
0.016168 0.005976 0.005179 0.016440 
0.023727 0.002613 -0.006757 0.022894 
-0.018278 -0.029136 0.002485 0.034305 
-0.011922 -0.010853 -0.000562 -0.016112 
0.005636 -0.010838 0.009846 -0.007230 
-0.018804 -0.035078 -0.037463 0.013440 
0.003638 0.023663 -0.023927 -0.000843 
0.024409 -0.019078 -0.020203 0.023486 
0.007146 -0.025428 0.017559 0.019732 
-0.003631 0.003071 -0.003835 0.002812 
0.008090 0.009142 0.003223 0.011775 
0.028717 0.007262 -0.029018 0.005945 
-0.023084 -0.024841 0.012018 0.031710 
-0.022398 -0.001531 0.000982 -0.022429 
0.002191 0.002152 0.002128 0.002215 
-0.017868 -0.029798 -0.000763 0.034736 
-0.005320 0.012277 -0.010947 0.007694 
0.026390 -0.002121 -0.012681 0.023241 
0.005658 -0.033399 -0.017617 0.028934 
-0.041249 -0.003200 -0.023929 0.033752 
-0.013338 0.032871 0.031687 -0.015946 
-0.020824 0.004072 -0.007923 -0.019683 
-0.019407 -0.006759 0.001233 -0.020514 
-0.003866 -0.005206 -0.003164 -0.005660 
0.010345 -0.003130 0.010785 0.000697 
-0.004203 -0.009366 -0.001009 -0.010216 
-0.001836 0.000908 -0.001848 0.000884 
-0.020700 0.018608 0.002056 -0.027758 
-0.011980 0.022247 -0.016061 -0.019506 
0.015006 0.018357 -0.020442 0.012013 
0.008913 0.001894 0.008148 0.004079 
-0.005415 -0.006701 -0.003762 -0.007751 
0.003869 -0.008764 0.006152 -0.007344 
-0.014971 0.013824 -0.017598 -0.010273 
0.008531 0.000927 0.008107 0.002814 
-0.010484 -0.018793 0.017014 -0.013176 
0.013530 0.012663 -0.004317 0.018022 
-0.000518 -0.019631 0.017979 -0.007899 
0.004101 0.003733 0.003731 0.004102 
-0.023872 0.011679 0.003738 -0.026312 
0.002030 0.008722 -0.000155 0.008953 
0.010756 -0.005009 0.011865 -0.000046 
0.002295 -0.004538 0.002648 -0.004342 
0.011745 0.012937 -0.003465 0.017126 
0.021931 -0.021555 -0.016168 0.026157 
0.012138 -0.011790 0.016823 0.001817 
-0.010660 -0.004534 -0.007955 -0.008421 
0.021122 0.017061 -0.026608 0.005405 
0.015526 0.007482 0.003600 0.016854 
0.032259 -0.016072 -0.033452 -0.013414 
