-0.013432 0.002085 -0.012213 -0.005969 
0.026898 -0.013292 -0.024144 0.017811 
-0.038010 -0.016528 -0.040498 0.008825 
-0.015110 -0.002547 -0.009033 -0.012377 
-0.013430 0.013478 -0.017486 -0.007502 
-0.007569 0.004116 -0.008341 0.002161 
0.015676 0.007252 0.002665 0.017066 
0.026051 -0.020217 -0.032182 0.007193 
-0.020732 -0.007554 0.008232 -0.020473 
-0.008971 -0.034304 -0.024007 0.026095 
0.019873 -0.022433 -0.015453 0.025679 
0.010627 -0.027314 -0.001719 0.029258 
0.008449 0.002759 0.007455 0.004840 
-0.003113 0.025577 -0.019080 -0.017316 
0.021520 -0.016653 -0.005657 0.026617 
-0.007988 0.001749 -0.008177 -0.000039 
0.016028 -0.006411 0.014238 0.009761 
0.036935 -0.005009 -0.009987 -0.035910 
0.011470 -0.018630 0.018565 0.011574 
0.023195 -0.000316 -0.004334 0.022788 
-0.009386 0.013041 -0.015993 0.001550 
-0.010054 -0.011971 0.001659 -0.015544 
0.010700 -0.009007 0.013964 -0.000775 
-0.003255 -0.048381 0.047737 -0.008514 
-0.001349 0.022027 -0.021970 -0.002082 
0.018952 0.020731 -0.026938 -0.007958 
-0.013974 0.012601 -0.017085 -0.007884 
0.009362 0.043364 0.000600 0.044359 
0.017940 0.002475 0.006269 0.016990 
-0.016769 -0.014593 0.015521 -0.015913 
0.007079 0.019291 -0.017713 0.010418 
-0.000495 -0.029893 0.006351 0.029215 
-0.029265 0.012159 0.030875 -0.007145 
-0.010780 0.006678 -0.012677 0.000316 
-0.017027 -0.012779 0.011414 -0.017971 
0.014226 0.008324 0.002407 0.016305 
0.000823 -0.003767 0.001006 -0.003722 
-0.012866 0.015734 -0.018072 -0.009299 
0.009270 0.022026 -0.023804 0.002106 
-0.001537 0.025978 -0.019584 -0.017136 
-0.013513 -0.033046 -0.022128 0.028017 
-0.018250 0.039382 -0.015131 0.040682 
-0.009953 0.011571 -0.015197 0.001419 
0.018271 -0.013150 0.011294 0.019473 
0.000826 -0.009397 0.003506 -0.008758 
0.018085 -0.007516 0.012637 0.014961 
-0.010095 -0.019416 0.019482 -0.009967 
0.000183 -0.011562 0.005094 -0.010381 
-0.007804 0.003428 -0.008394 0.001481 
0.016714 0.009473 -0.003072 0.018965 
-0.005107 -0.026440 0.021808 0.015798 
0.016212 0.033275 0.029396 -0.022493 
0.004178 0.000925 0.004115 0.001175 
-0.018934 -0.013867 0.018021 -0.015035 
0.017799 0.021105 -0.026823 -0.006537 
0.007814 -0.006391 0.009483 -0.003460 
0.031579 -0.035569 0.045094 0.015131 
-0.038399 -0.007533 -0.019609 0.033863 
0.008050 -0.016983 0.018782 0.000662 
0.005285 -0.025625 0.016521 0.020289 
-0.020696 -0.009756 0.012805 -0.018961 
0.007041 -0.004817 0.007983 -0.003008 
0.015996 -0.017741 0.012043 0.020630 
0.009908 0.006061 0.006341 0.009731 
0.003944 0.013374 -0.004829 0.013081 
0.028240 0.003620 -0.026802 0.009605 
-0.044270 0.004750 -0.044092 -0.006187 
0.014986 0.013568 -0.009888 0.017633 
0.022088 -0.019076 -0.014563 0.025292 
0.002406 0.003343 0.002216 0.003472 
0.015833 0.039990 0.023106 0.036276 
0.004392 -0.028336 0.007913 0.027561 
0.015282 -0.007843 0.015094 0.008200 
0.004129 0.004088 0.003650 0.004521 
0.032451 0.016443 0.004202 -0.036136 
0.010105 -0.012213 0.015830 -0.000822 
0.000253 0.018356 -0.016330 0.008388 
0.004641 0.024830 -0.023763 -0.008569 
-0.002409 0.014156 -0.010766 0.009502 
0.023147 -0.009055 -0.002262 0.024752 
-0.006592 -0.006194 -0.004705 -0.007725 
0.009503 0.007046 0.005377 0.010538 
0.022044 0.010006 -0.017123 0.017114 
0.012191 -0.016207 0.018444 0.008431 
-0.007390 0.010245 -0.011533 0.005154 
0.008587 -0.007150 0.010729 -0.003121 
0.039838 -0.018545 0.041146 -0.015427 
-0.041058 -0.013433 -0.042503 -0.007727 
-0.023479 -0.014480 0.027491 -0.002278 
-0.012288 0.002980 -0.012121 -0.003600 
-0.002040 0.023783 -0.022064 -0.009110 
0.014028 0.006058 0.005868 0.014108 
0.014484 0.009244 0.000521 0.017174 
-0.020336 -0.012489 0.018020 -0.015646 
-0.006710 -0.002598 -0.006172 -0.003700 
0.007165 -0.006376 0.008741 -0.003947 
0.012138 0.001290 0.010098 0.006858 
0.005451 -0.003685 0.005920 -0.002873 
0.017711 0.003152 0.005808 0.017026 
0.017772 -0.015859 0.009945 0.021644 
-0.010256 -0.011835 0.001466 -0.015592 
-0.018792 0.012370 -0.010504 -0.019896 
-0.000887 -0.002363 -0.000837 -0.002381 
0.002304 -0.017292 0.015812 -0.007368 
0.025033 0.014234 -0.028633 -0.003069 
0.000238 -0.016463 0.012972 -0.010140 
0.023733 0.020906 -0.020266 -0.024281 
0.004165 0.018346 -0.015220 0.011058 
-0.021109 0.000076 -0.002247 -0.020989 
-0.016109 -0.008372 -0.000108 -0.018154 
-0.033112 0.009150 0.030537 0.015736 
0.019417 0.003169 0.002630 0.019498 
-0.020730 -0.008644 0.010489 -0.019861 
-0.035619 -0.010813 -0.005427 0.036827 
0.004126 0.035324 0.028038 -0.021880 
0.034458 -0.012671 -0.021485 -0.029770 
0.015569 0.005771 0.005030 0.015824 
0.013254 0.030829 0.005395 -0.033121 
0.009540 -0.005219 0.010807 -0.001205 
0.000259 -0.026962 0.018128 0.019961 
-0.011014 0.003771 -0.011563 -0.001354 
-0.008530 0.010805 -0.013236 0.003783 
-0.007923 0.011470 -0.013205 0.004468 
-0.010015 0.028679 0.007037 -0.029551 
0.036083 -0.004331 -0.016834 -0.032208 
0.017849 0.003089 0.005675 0.017202 
-0.014220 -0.008618 -0.001912 -0.016517 
-0.011103 -0.019739 0.020914 -0.008689 
-0.002779 0.013084 -0.009582 0.009333 
0.017170 0.012846 -0.011860 0.017865 
-0.003717 -0.027020 0.020091 0.018446 
0.022439 0.012507 -0.023025 0.011392 
0.014775 -0.021108 0.008698 0.024253 
0.002738 -0.008311 0.004725 -0.007365 
-0.005124 0.006550 -0.006470 0.005224 
-0.034630 -0.021561 -0.039574 0.009901 
-0.038815 0.008060 -0.010163 0.038318 
0.016399 0.043340 -0.019217 0.042166 
0.031229 -0.012558 -0.032936 -0.006944 
0.036284 -0.004847 -0.015313 -0.033249 
-0.002652 -0.019207 0.017288 -0.008778 
-0.008562 0.011001 -0.013438 0.003709 
-0.006722 -0.017577 0.013516 -0.013095 
-0.011890 -0.012580 0.003941 -0.016855 
-0.005965 0.023222 -0.020134 -0.013018 
-0.013192 0.010402 -0.016227 -0.004350 
-0.013925 0.027410 0.013140 -0.027794 
0.026290 0.003843 -0.020803 0.016527 
-0.012495 -0.006074 -0.006447 -0.012307 
-0.004303 -0.003790 -0.003869 -0.004233 
-0.007525 0.012101 -0.013407 0.004827 
-0.005989 0.008450 -0.008543 0.005856 
-0.001001 0.019694 -0.019157 0.004673 
0.007209 -0.009567 0.010774 -0.005236 
-0.009335 0.030984 0.018272 -0.026707 
-0.021102 0.006710 -0.005770 -0.021378 
-0.024590 -0.001470 0.011541 -0.021763 
0.014777 0.005219 0.006425 0.014293 
-0.038795 -0.007036 -0.021846 0.032822 
-0.015137 0.008008 -0.015195 -0.007897 
0.003295 0.015948 -0.010109 0.012767 
0.010413 -0.053041 -0.020686 0.049939 
-0.035406 -0.011841 -0.007457 0.036581 
-0.039119 0.012626 -0.021165 0.035238 
-0.010932 0.027067 0.001428 -0.029156 
0.009749 0.015006 -0.008241 0.015884 
0.043834 -0.013785 0.042898 0.016467 
-0.001204 -0.009136 0.001365 -0.009113 
0.005495 0.000896 0.005375 0.001452 
0.012794 -0.004729 0.013186 0.003490 
-0.009494 -0.033660 -0.020096 0.028623 
-0.004223 0.015092 -0.013835 0.007362 
0.006912 -0.040547 -0.021214 -0.035239 
-0.008440 -0.017135 0.012935 -0.014054 
-0.034713 0.003330 0.025080 0.024229 
0.004129 0.000981 0.004063 0.001224 
-0.022861 0.038831 -0.036305 0.026691 
-0.001715 0.032025 0.009465 -0.030642 
0.005557 0.021942 -0.022439 0.002966 
-0.023014 0.021344 0.025094 -0.018854 
0.032331 0.036140 -0.032409 0.036071 
0.000832 -0.033085 -0.015611 0.029182 
-0.004952 -0.012851 0.003500 -0.013321 
0.006586 -0.049273 0.045420 0.020206 
-0.016988 0.008967 -0.014318 -0.012805 
0.009746 0.003282 0.008040 0.006412 
0.007868 -0.005173 0.009024 -0.002689 
0.021901 -0.029016 -0.034865 -0.010295 
-0.012628 -0.043415 0.007525 -0.044584 
0.007226 -0.001978 0.007466 -0.000616 
-0.006244 0.022563 -0.020495 -0.011316 
0.020169 -0.001098 0.005609 0.019404 
-0.006524 0.001138 -0.006620 0.000187 
-0.006191 0.002972 -0.006576 0.001979 
0.001953 -0.002773 0.002056 -0.002697 
-0.047498 -0.012877 0.018617 -0.045556 
-0.002095 0.004029 -0.002364 0.003877 
0.004389 0.005811 0.003312 0.006485 
0.008325 0.038063 0.038860 0.002820 
0.035652 0.002381 -0.015233 -0.032322 
-0.024425 -0.001923 0.011420 -0.021676 
0.014815 0.002330 0.009360 0.011717 
-0.012796 -0.035043 -0.033119 0.017172 
-0.001589 0.005957 -0.002321 0.005712 
0.001015 -0.018116 0.016489 -0.007571 
-0.011761 0.007034 -0.013661 -0.001090 
-0.000905 -0.010113 0.002514 -0.009837 
-0.002300 0.016271 -0.014086 0.008462 
0.005243 0.016107 -0.009985 0.013683 
-0.007343 0.010366 -0.011585 0.005214 
0.001756 0.025846 -0.021784 -0.014020 
-0.010879 -0.021973 0.024487 -0.001237 
-0.012512 0.023928 -0.006896 -0.026107 
-0.005554 -0.010511 -0.000245 -0.011885 
-0.022776 -0.022721 0.015963 0.027932 
-0.019298 -0.000167 -0.006352 -0.018223 
0.025185 0.008257 -0.023118 0.012963 
-0.001176 -0.014371 0.008179 -0.011875 
-0.027094 -0.012342 0.029146 0.006075 
0.008467 0.052791 -0.008960 -0.052710 
0.021675 -0.004750 0.003640 0.021889 
-0.008378 0.005009 -0.009515 0.002178 
-0.028365 0.019133 0.033965 0.004120 
-0.016887 0.010488 -0.014602 -0.013489 
-0.019320 -0.001695 -0.004692 -0.018819 
-0.011708 0.008706 -0.014562 -0.000900 
-0.006828 -0.006546 -0.004632 -0.008247 
-0.003679 0.005819 -0.004540 0.005176 
-0.009742 0.008119 -0.012509 0.002084 
0.019702 -0.007393 0.009552 0.018751 
-0.012387 -0.013007 0.005337 -0.017151 
-0.004094 -0.009032 -0.001007 -0.009865 
0.018524 0.009464 -0.006677 0.019701 
0.009731 -0.002628 0.010054 0.000713 
-0.020538 -0.007728 0.008040 -0.020418 
-0.022506 0.009516 -0.000105 -0.024434 
-0.004261 -0.013956 0.005750 -0.013412 
-0.041527 0.022811 -0.038877 -0.027082 
0.014754 0.008244 0.002030 0.016779 
-0.020395 -0.011389 0.015679 -0.017316 
-0.020527 -0.010859 0.014819 -0.017880 
0.025508 0.031439 0.040485 0.000190 
0.010433 0.012283 -0.002428 0.015932 
0.003594 0.015610 -0.009292 0.013048 
0.011542 0.021180 -0.023838 0.003686 
0.014432 -0.004702 0.013708 0.006519 
-0.015116 0.007481 -0.014980 -0.007749 
0.010726 0.008941 0.003233 0.013585 
-0.006189 -0.016965 0.011966 -0.013525 
-0.017209 -0.003491 -0.006105 -0.016464 
0.036795 0.009906 0.012463 -0.036010 
0.016842 -0.011244 0.014649 0.013982 
0.001368 -0.023049 0.022403 0.005590 
-0.039873 0.016017 -0.035860 0.023675 
-0.002557 0.025481 -0.019762 -0.016288 
0.032866 0.010782 -0.015192 -0.031074 
0.021720 0.008269 -0.012581 0.019541 
0.043779 0.011787 0.033169 0.030908 
0.002724 -0.008644 0.004935 -0.007601 
0.009334 0.006740 0.005608 0.010054 
-0.007113 -0.050585 0.042126 0.028894 
-0.008041 0.000406 -0.007944 -0.001307 
-0.009679 -0.024084 0.025042 0.006826 
-0.025562 0.000135 0.013926 -0.021436 
-0.004611 -0.016836 0.011722 -0.012934 
0.007390 0.003589 0.006416 0.005130 
-0.007021 0.024290 -0.017318 -0.018422 
0.030565 0.013975 -0.017944 -0.028417 
0.009918 -0.020217 0.019132 0.011876 
0.008952 -0.021204 0.019334 0.012487 
-0.039047 -0.019427 -0.039393 -0.018716 
-0.036692 0.043830 0.051134 0.025549 
0.032143 -0.003376 -0.031712 -0.006240 
-0.004629 0.003120 -0.004924 0.002630 
0.001311 0.002559 0.001241 0.002594 
0.002060 0.012947 -0.005205 0.012032 
0.004666 0.007636 0.002514 0.008589 
0.017347 -0.017038 0.009468 0.022395 
-0.014608 -0.013347 0.008769 -0.017738 
-0.007301 0.015120 -0.016482 0.003209 
0.001525 0.032632 0.010483 -0.030940 
0.037410 -0.036252 -0.016122 0.049536 
-0.016451 -0.023303 0.025107 0.013539 
-0.015301 -0.036232 -0.039325 0.000666 
0.002228 -0.006853 0.003362 -0.006374 
0.016165 -0.025267 -0.011434 0.027731 
-0.008436 -0.006015 -0.005832 -0.008564 
0.036828 -0.000312 -0.009225 -0.035656 
-0.020507 -0.004080 0.001370 -0.020864 
0.021378 0.005469 -0.006173 0.021186 
0.007216 0.017692 -0.013908 0.013102 
0.008020 -0.008364 0.010828 -0.004127 
0.005521 -0.014347 0.014004 -0.006340 
0.000690 -0.001301 0.000699 -0.001296 
0.015534 -0.031445 -0.034360 0.007036 
-0.020702 0.016767 0.002288 -0.026542 
0.024241 0.014538 -0.028253 -0.000856 
0.005248 -0.010866 0.009669 -0.007218 
-0.022616 0.030533 0.029535 0.023904 
0.009428 0.039082 0.037417 0.014706 
0.003949 0.011045 -0.001286 0.011659 
-0.013439 0.011910 -0.016947 -0.005937 
0.028528 -0.000435 -0.025366 0.013062 
-0.010243 -0.036365 -0.036249 0.010647 
-0.032877 -0.018408 -0.017211 0.033519 
-0.018844 0.006150 -0.011062 -0.016449 
-0.011790 0.010502 -0.015720 -0.001473 
0.005629 0.043280 0.006018 0.043228 
0.013891 0.006651 0.005180 0.014504 
0.004917 -0.026377 0.014840 0.022354 
-0.008951 -0.010232 -0.001493 -0.013512 
0.005288 0.010796 -0.000247 0.012019 
0.020117 0.016589 -0.025488 0.005502 
0.014349 -0.025344 -0.004853 0.028717 
-0.008747 -0.004874 -0.006694 -0.007447 
0.028650 -0.005057 -0.025124 0.014669 
0.002916 0.003150 0.002720 0.003321 
0.004883 -0.021306 0.021292 0.004947 
-0.021914 -0.015648 0.026689 -0.003575 
0.000970 0.009440 -0.001831 0.009311 
0.033853 -0.014559 -0.022177 -0.029430 
-0.003059 0.012816 -0.009509 0.009122 
-0.005786 0.004774 -0.006567 0.003626 
0.011873 0.008043 0.004211 0.013708 
0.002600 0.008048 0.000650 0.008432 
0.042928 -0.025148 0.011399 0.048428 
-0.007924 -0.000956 -0.007551 -0.002585 
-0.015366 0.011445 -0.016141 -0.010323 
-0.030442 0.003066 0.030211 -0.004836 
-0.010681 0.009303 -0.014142 0.000789 
-0.002203 -0.010302 0.001625 -0.010409 
0.027258 -0.023777 -0.032564 -0.015746 
0.018728 -0.018995 0.000523 0.026670 
0.011894 -0.002513 0.011688 0.003342 
0.001123 -0.006405 0.002001 -0.006187 
0.011233 0.012665 -0.003668 0.016527 
0.019038 0.014396 -0.019457 0.013824 
-0.002670 -0.013344 0.005456 -0.012467 
0.001262 -0.010358 0.004817 -0.009257 
0.009130 0.013463 -0.004427 0.015653 
-0.018269 0.023249 0.011624 -0.027187 
0.013433 0.009357 0.001302 0.016319 
-0.014061 -0.027288 0.015083 0.026737 
-0.015849 0.024872 0.008452 -0.028256 
0.021896 0.021253 -0.023422 -0.019558 
0.042344 -0.019567 0.041989 0.020318 
-0.023627 -0.014223 0.027455 -0.002607 
-0.034741 0.018739 0.002964 0.039361 
0.022246 0.032700 0.039059 -0.006213 
0.028878 -0.038008 0.045593 0.014137 
-0.024251 -0.017104 0.027631 0.010825 
-0.024967 0.011544 0.012903 -0.024293 
0.032391 -0.020989 -0.014339 -0.035834 
0.004912 0.003076 0.004543 0.003600 
0.000791 -0.011751 0.005893 -0.010197 
-0.029097 0.021497 0.031162 0.018377 
-0.033723 0.019059 0.010875 0.037178 
0.039765 0.024903 0.002052 0.046874 
0.002846 -0.009942 0.006101 -0.008350 
0.018101 0.031139 0.020479 -0.029629 
0.022516 0.009507 -0.017469 0.017094 
-0.004610 -0.043356 -0.005554 -0.043245 
0.006260 0.006207 0.004484 0.007590 
0.017484 -0.042997 0.043247 -0.016855 
0.019799 -0.040336 0.032948 -0.030552 
-0.016821 -0.020830 0.026609 0.002965 
-0.001718 -0.000269 -0.001716 -0.000287 
0.007139 0.018484 -0.015820 0.011931 
0.000263 0.024718 -0.022457 -0.010330 
0.010496 -0.003453 0.011011 0.000931 
-0.002868 -0.013616 0.005802 -0.012647 
-0.022996 -0.009942 0.019697 -0.015482 
-0.005042 0.019749 -0.020359 -0.000968 
0.015829 -0.003282 0.012807 0.009864 
0.017502 0.008473 -0.002434 0.019293 
-0.008292 -0.012529 0.002378 -0.014835 
0.002242 0.015604 -0.009860 0.012299 
0.013705 -0.014152 0.017502 0.009042 
-0.022326 -0.003288 0.005645 -0.021850 
-0.012183 0.001022 -0.011219 -0.004859 
0.017129 -0.007810 0.013909 0.012686 
-0.007537 0.005246 -0.008687 0.002978 
0.031822 0.006678 -0.027762 -0.016926 
0.040032 -0.010561 0.025890 -0.032309 
0.004200 0.000617 0.004156 0.000866 
0.032591 0.008404 -0.022414 -0.025108 
0.021374 -0.006458 0.004920 0.021779 
0.029572 0.014897 -0.019625 -0.026670 
0.015834 0.005443 0.005209 0.015913 
-0.003102 0.007366 -0.004572 0.006555 
0.009021 -0.003672 0.009712 -0.000721 
0.006739 -0.004872 0.007665 -0.003225 
0.007724 -0.003516 0.008334 -0.001603 
-0.008880 0.013212 -0.015753 0.002291 
0.002953 -0.025849 0.018634 0.018156 
-0.011144 -0.001000 -0.009809 -0.005382 
-0.007750 -0.006140 -0.005409 -0.008277 
0.016797 0.008894 -0.002011 0.018900 
-0.011153 0.017392 -0.018986 -0.008150 
0.002596 0.003238 0.002408 0.003380 
-0.001711 -0.000852 -0.001701 -0.000872 
-0.005723 -0.031713 -0.003228 0.032063 
0.015185 0.036422 0.039451 0.000844 
0.030927 -0.018545 -0.029735 -0.020402 
0.036250 -0.003337 -0.015486 -0.032945 
-0.019871 -0.040375 -0.003181 -0.044887 
-0.005418 0.006776 -0.006915 0.005240 
0.026901 0.011472 -0.029155 -0.002293 
0.009151 0.013086 -0.003635 0.015549 
0.002352 0.013267 -0.005525 0.012289 
0.024225 0.004069 -0.013526 0.020505 
0.002825 -0.030058 0.001380 0.030159 
-0.007272 -0.006850 -0.004671 -0.008831 
0.029601 0.016945 -0.012038 -0.031913 
0.005002 0.004882 0.004155 0.005621 
0.030180 0.012290 -0.024005 -0.022037 
0.015321 -0.023764 -0.001817 0.028217 
0.007618 -0.009392 0.011102 -0.004794 
-0.006788 -0.003268 -0.006062 -0.004473 
-0.007604 0.010840 -0.012289 0.004931 
-0.001679 -0.000670 -0.001672 -0.000688 
-0.000612 0.025430 -0.021214 -0.014037 
0.016398 -0.012445 0.015110 0.013980 
0.007045 -0.031056 -0.013033 0.029056 
0.007662 -0.003630 0.008300 -0.001732 
0.019048 -0.012711 0.009588 0.020796 
-0.025561 -0.004319 0.018776 -0.017874 
0.020153 0.013731 -0.020334 0.013461 
-0.021969 -0.030835 -0.031033 0.021689 
-0.006009 -0.000676 -0.005884 -0.001393 
0.033924 -0.015601 -0.019557 -0.031808 
-0.000401 -0.001945 -0.000376 -0.001950 
0.012249 0.009156 0.002416 0.015101 
0.015289 0.013137 -0.009261 0.017904 
0.020731 -0.009679 0.006400 0.021965 
0.046948 0.010545 0.000333 0.048117 
-0.015630 -0.012146 0.007350 -0.018380 
0.002758 -0.017415 0.016310 -0.006699 
0.010791 0.013658 -0.005628 0.016471 
0.047580 -0.011295 0.010211 0.047824 
0.009959 -0.038096 -0.031345 -0.023832 
0.027929 -0.000166 -0.023387 0.015267 
-0.016646 0.012439 -0.014765 -0.014622 
0.002584 -0.010490 0.006330 -0.008755 
0.013813 0.000044 0.011148 0.008157 
-0.000677 -0.016058 0.011627 -0.011097 
-0.014343 0.000692 -0.011595 -0.008471 
0.026098 -0.010729 -0.017339 0.022262 
-0.027742 0.003658 0.021514 -0.017892 
-0.020877 0.005420 -0.006220 -0.020652 
-0.004467 0.002230 -0.004635 0.001856 
0.018036 0.009727 -0.006191 0.019534 
0.016029 -0.027213 -0.019761 0.024636 
-0.010280 0.001334 -0.010105 -0.002312 
-0.003083 -0.016135 0.010581 -0.012564 
-0.019685 0.005253 -0.009124 -0.018217 
-0.003002 0.008075 -0.004867 0.007108 
0.013294 -0.013003 0.017373 0.006633 
0.004516 -0.012640 0.010811 -0.007954 
-0.001315 -0.032588 -0.010309 0.030942 
0.001537 0.021768 -0.021764 0.001587 
0.005503 -0.025070 0.017601 0.018681 
-0.001663 -0.014928 0.008876 -0.012118 
-0.003985 -0.008639 -0.001272 -0.009428 
0.003178 -0.006336 0.004178 -0.005726 
0.043493 -0.010418 0.044615 0.003118 
-0.028453 -0.015997 0.020800 0.025155 
-0.000933 0.035369 0.029923 -0.018880 
0.006956 -0.000681 0.006975 0.000442 
0.004063 0.025979 -0.022398 -0.013774 
0.027387 -0.037802 0.046622 -0.002323 
-0.026760 -0.016458 0.024808 0.019275 
-0.010440 -0.027059 0.019539 0.021434 
-0.007927 -0.014196 0.005751 -0.015208 
-0.023172 -0.017137 0.028055 0.006596 
-0.005975 0.020872 -0.020978 -0.005592 
0.033351 -0.004600 -0.030247 -0.014784 
0.005239 -0.040881 -0.021915 -0.034906 
-0.016874 -0.012863 0.011331 -0.017939 
0.003420 -0.012351 0.009293 -0.008826 
0.003427 -0.000397 0.003440 -0.000262 
0.005545 -0.025920 0.015329 0.021624 
-0.025543 -0.018700 0.022255 0.022513 
-0.002447 0.023176 -0.022098 -0.007405 
0.019164 -0.030836 -0.035685 -0.006685 
-0.011636 -0.042721 -0.004062 -0.044090 
-0.006937 -0.003066 -0.006236 -0.004318 
0.006081 -0.014140 0.014270 -0.005771 
-0.022844 0.000146 0.003227 -0.022616 
0.007599 -0.004590 0.008523 -0.002486 
0.000965 0.022465 -0.022455 -0.001159 
-0.011874 0.009803 -0.015335 -0.001396 
0.002959 0.016669 -0.011766 0.012173 
-0.005562 -0.014938 0.007368 -0.014135 
0.026427 0.040892 -0.039633 0.028281 
0.025642 -0.017850 -0.026884 0.015918 
0.039084 0.004716 0.019302 -0.034312 
0.034745 -0.012202 -0.020288 -0.030732 
0.027422 -0.006026 -0.020322 0.019373 
0.025812 0.018213 -0.022901 -0.021760 
0.026311 0.008593 -0.026422 0.008245 
0.021472 0.005734 -0.006927 0.021117 
0.002237 -0.020195 0.020215 -0.002044 
0.007125 -0.010466 0.011428 -0.005451 
-0.000671 -0.009684 0.002318 -0.009426 
0.038455 -0.002054 0.004571 -0.038238 
-0.015244 -0.048127 0.049112 0.011685 
-0.010515 0.000403 -0.009967 -0.003374 
0.009890 -0.006589 0.011795 -0.001452 
0.009982 -0.021986 0.017238 0.016908 
-0.030679 0.003987 0.030721 -0.003653 
-0.013452 0.008073 -0.015119 -0.004187 
-0.032978 0.013173 0.028652 0.020980 
0.041607 0.001449 0.035717 -0.021390 
-0.001345 -0.011365 0.003530 -0.010886 
0.014835 -0.025312 -0.006510 0.028608 
-0.047927 0.002231 -0.015014 -0.045570 
-0.016684 0.041068 -0.024097 0.037206 
-0.001164 0.009822 -0.004215 0.008948 
-0.002512 -0.001603 -0.002464 -0.001676 
0.015801 -0.001541 0.011799 0.010623 
-0.040780 -0.019494 -0.028383 -0.035177 
-0.024982 -0.013710 0.028479 0.000999 
-0.001431 0.000085 -0.001432 0.000075 
-0.015252 -0.005734 -0.005384 -0.015379 
-0.010700 0.018346 -0.019189 -0.009104 
-0.008842 -0.008632 -0.003586 -0.011825 
-0.007335 0.007826 -0.009709 0.004558 
0.020694 -0.026269 -0.031278 0.011832 
-0.003784 -0.012959 0.004197 -0.012831 
0.007542 0.003235 0.006646 0.004815 
-0.008336 -0.011246 0.000105 -0.013998 
-0.018876 0.004450 -0.010360 -0.016394 
0.009011 0.002821 0.007808 0.005308 
-0.025337 -0.010811 0.026765 -0.006518 
-0.014659 -0.011977 0.005496 -0.018115 
-0.032359 0.022973 0.005640 0.039282 
-0.008882 -0.011404 0.000383 -0.014450 
0.020207 -0.002116 0.006304 0.019315 
0.014291 0.006795 0.004709 0.015107 
0.018687 0.010443 -0.009276 0.019293 
0.017814 -0.023712 -0.011547 0.027318 
0.001655 -0.017284 0.015382 -0.008054 
-0.002286 0.011051 -0.006588 0.009162 
-0.017878 0.010685 -0.013108 -0.016185 
0.009307 0.000976 0.008645 0.003584 
-0.020664 -0.008615 0.010240 -0.019909 
-0.006004 0.017041 -0.017847 0.002821 
0.028414 -0.010865 -0.027275 0.013472 
-0.026869 -0.020980 0.007495 0.033256 
-0.018730 -0.007980 0.003989 -0.019965 
0.007586 -0.022339 0.019606 0.013123 
-0.007518 0.011105 -0.012437 0.005016 
0.015158 -0.002632 0.012631 0.008784 
-0.010464 -0.023003 0.025130 0.002669 
-0.014220 0.018554 -0.014839 -0.018063 
0.008374 0.024962 -0.024364 -0.009981 
0.018167 -0.015427 0.009366 0.021916 
0.027673 0.008225 -0.028702 0.003101 
-0.000846 0.013825 -0.008848 0.010656 
-0.008751 -0.004441 -0.006929 -0.006948 
-0.007659 -0.021996 0.023126 -0.002768 
0.001156 -0.015845 0.012486 -0.009824 
-0.010185 0.011045 -0.014973 0.001237 
0.018613 -0.009615 0.011864 0.017266 
0.016559 0.022633 -0.025960 -0.010608 
0.007919 -0.032391 -0.022982 0.024160 
-0.002239 -0.001384 -0.002206 -0.001435 
-0.014038 -0.005814 -0.006165 -0.013887 
-0.013597 -0.004512 -0.007784 -0.012026 
-0.002181 -0.014440 0.007664 -0.012431 
-0.021468 -0.007341 0.009955 -0.020388 
-0.020721 0.030168 0.034949 0.010864 
-0.007793 0.027525 -0.004848 -0.028193 
-0.010492 -0.005727 -0.006755 -0.009862 
0.005647 -0.012277 0.011603 -0.006927 
-0.013961 0.016550 -0.016916 -0.013515 
0.013204 -0.006470 0.014223 0.003731 
-0.004550 0.013666 -0.012157 0.007724 
0.006680 -0.010986 0.011405 -0.005937 
-0.019465 -0.003715 -0.001757 -0.019738 
0.037976 0.013578 0.033684 -0.022181 
0.006916 -0.045747 0.036741 -0.028120 
-0.017940 -0.007208 0.000820 -0.019316 
0.019585 0.013256 -0.018019 0.015316 
0.017655 0.014879 -0.017874 0.014615 
-0.020057 -0.009409 0.010319 -0.019605 
-0.006847 0.029338 0.002322 -0.030037 
-0.011194 0.003353 -0.011538 -0.001847 
-0.010509 0.004431 -0.011400 -0.000335 
0.020060 -0.001507 0.006193 0.019139 
-0.042416 -0.011735 -0.041092 -0.015757 
0.029501 0.015739 -0.017185 -0.028683 
0.016332 0.003789 0.006791 0.015329 
-0.008159 0.035668 0.036478 -0.002851 
-0.002904 0.023551 -0.021795 -0.009383 
-0.001958 -0.018964 0.016941 -0.008744 
-0.010050 0.044020 -0.027559 0.035767 
0.028817 0.014764 -0.022903 -0.022888 
0.036398 0.003814 -0.007146 -0.035893 
-0.021897 -0.045496 0.050267 0.004754 
0.002540 -0.006010 0.003355 -0.005596 
-0.010765 -0.040680 -0.027411 -0.031928 
-0.037212 -0.001431 0.003950 0.037029 
-0.004254 -0.008451 -0.001615 -0.009322 
-0.011597 -0.027001 0.018999 0.022418 
-0.026488 -0.010201 0.028179 -0.003408 
-0.027500 -0.018872 0.014416 0.030077 
-0.013402 -0.006577 -0.005545 -0.013861 
0.002505 -0.000958 0.002527 -0.000898 
0.016960 0.004676 0.004902 0.016896 
-0.024091 -0.025109 -0.002841 0.034680 
-0.031384 -0.019141 -0.010376 0.035266 
-0.033031 -0.005937 0.024650 0.022774 
-0.020478 -0.011473 0.016080 -0.017100 
-0.001812 -0.001883 -0.001769 -0.001923 
-0.037368 -0.015470 -0.035433 0.019499 
0.008473 0.019647 -0.019076 0.009691 
-0.005212 0.047181 -0.045020 0.015046 
0.042183 0.013903 0.038261 0.022556 
0.024963 0.018534 -0.024158 -0.019571 
0.029230 -0.005975 -0.027346 0.011931 
0.012608 -0.017321 0.018035 0.011564 
-0.015508 -0.008512 -0.000673 -0.017678 
0.010630 0.004712 0.007563 0.008831 
-0.013484 0.023670 -0.004865 -0.026803 
-0.015834 -0.015159 0.015344 -0.015654 
0.006376 -0.011570 0.011642 -0.006244 
0.001676 0.026334 -0.020862 -0.016157 
-0.018460 -0.030221 -0.015107 0.032029 
-0.009088 0.033225 0.029589 -0.017634 
0.011961 -0.011222 0.016257 0.002166 
0.016421 -0.001943 0.011722 0.011663 
-0.016708 0.030402 0.033646 -0.008450 
0.020920 -0.008829 0.006098 0.021873 
0.004439 -0.022917 0.021359 0.009418 
0.010073 0.013137 -0.004072 0.016046 
0.014684 -0.038542 -0.012819 -0.039202 
0.023345 -0.008803 -0.002961 0.024774 
0.029648 -0.011006 -0.030977 0.006370 
-0.004096 -0.010655 0.000710 -0.011394 
0.000971 0.014204 -0.008032 0.011755 
0.001650 0.004056 0.001391 0.004152 
-0.020749 -0.013031 0.020173 -0.013906 
0.030438 0.014320 -0.017459 -0.028752 
0.017295 -0.014841 0.012285 0.019195 
0.008014 -0.046746 0.045644 -0.012885 
-0.003092 0.010255 -0.006657 0.008391 
-0.010543 0.022277 -0.015858 -0.018866 
0.007523 0.013447 -0.004139 0.014842 
-0.020278 0.001092 -0.005343 -0.019592 
0.015862 0.011539 -0.006271 0.018586 
0.006100 -0.017675 0.018628 -0.001623 
-0.024328 -0.043413 0.048697 -0.010256 
0.006167 0.014260 -0.005861 0.014388 
0.023978 0.006665 -0.016786 0.018373 
0.032460 -0.014421 -0.029398 -0.019935 
-0.014569 -0.005164 -0.006629 -0.013963 
0.015504 0.010690 -0.003760 0.018453 
0.025016 0.036306 0.020503 0.039033 
-0.010854 -0.021741 0.024204 -0.002158 
-0.002982 -0.013346 0.005277 -0.012616 
0.020109 0.015133 -0.023078 0.010039 
0.022045 -0.005817 0.002653 0.022645 
0.036331 -0.020188 0.018840 -0.037048 
-0.029874 -0.014747 0.018757 0.027534 
-0.027825 0.012980 0.027333 -0.013987 
0.007354 0.005606 0.005506 0.007430 
0.023480 -0.021607 -0.027500 0.016184 
-0.027186 -0.003939 0.023942 -0.013466 
-0.019477 0.020335 0.006523 -0.027392 
-0.015580 0.010047 -0.015714 -0.009835 
0.019545 0.010051 -0.010444 0.019338 
-0.016224 -0.013369 0.011416 -0.017653 
0.001355 0.025414 -0.022219 -0.012410 
0.001352 -0.007159 0.002576 -0.006815 
0.001845 -0.003110 0.001977 -0.003028 
-0.002311 0.000857 -0.002328 0.000811 
0.011113 -0.015280 0.018380 0.004378 
-0.025365 -0.006650 0.021336 -0.015244 
0.042292 0.019186 0.014802 0.044018 
0.020426 -0.033757 -0.022652 -0.032306 
0.022672 -0.009791 -0.000750 0.024685 
0.034651 -0.002345 -0.025084 -0.024021 
-0.010714 -0.035135 -0.031037 0.019645 
-0.014937 -0.016675 0.017814 -0.013558 
0.011307 -0.012696 0.016900 0.001847 
0.007505 -0.018512 0.019811 0.002562 
-0.015370 -0.043646 0.019326 -0.042044 
-0.026111 0.016345 0.025847 -0.016759 
-0.038541 0.013727 -0.018109 0.036686 
-0.026771 0.005986 0.017416 -0.021195 
-0.012042 -0.028117 0.013710 0.027342 
-0.021775 0.013988 0.001664 -0.025827 
-0.001047 0.009404 -0.003735 0.008693 
-0.015501 0.038775 0.006624 0.041230 
-0.026757 -0.004562 0.023195 -0.014097 
0.015687 -0.003575 0.013014 0.009461 
-0.001321 0.017758 -0.016017 0.007780 
0.004105 0.004789 0.003444 0.005284 
-0.020193 -0.011422 0.015240 -0.017492 
0.022453 0.007533 -0.013378 0.019542 
-0.010054 -0.017302 0.014250 -0.014049 
0.001196 -0.012060 0.006668 -0.010120 
-0.016575 0.005007 -0.013308 -0.011077 
-0.013711 -0.009209 -0.001334 -0.016463 
-0.007884 -0.010359 -0.001201 -0.012963 
-0.037254 0.007082 0.006181 0.037414 
-0.034763 0.025136 -0.028378 0.032170 
-0.027218 -0.012328 0.029131 0.006647 
-0.001903 -0.016843 0.012552 -0.011392 
-0.020621 -0.019346 0.027429 0.006865 
0.023638 0.030216 0.033124 -0.019352 
-0.016749 -0.041087 -0.008205 -0.043604 
-0.006832 0.006414 -0.008378 0.004199 
0.018239 -0.009393 0.012580 0.016206 
-0.010140 -0.001059 -0.009196 -0.004402 
0.022258 0.023105 -0.015889 -0.027872 
0.021062 0.022148 -0.022453 -0.020736 
0.005308 0.008366 0.002375 0.009620 
0.004135 0.011740 -0.002125 0.012264 
0.021018 0.026666 -0.000403 -0.033951 
0.055220 0.014386 -0.000885 -0.057057 
-0.017807 -0.020242 0.026820 0.002735 
-0.015167 0.013286 -0.016414 -0.011709 
-0.003979 0.002954 -0.004205 0.002623 
0.004066 -0.023897 0.020876 0.012321 
-0.023455 -0.010411 0.021813 -0.013518 
0.015289 -0.021860 0.004970 0.026209 
0.016651 0.004741 0.005218 0.016508 
0.021817 -0.005043 0.003269 0.022152 
0.016409 -0.001167 0.011219 0.012031 
-0.018610 -0.028984 -0.006686 0.033789 
0.025418 0.016700 -0.026888 -0.014213 
0.006392 -0.010270 0.010424 -0.006137 
0.000828 0.029625 -0.008092 -0.028511 
0.034564 -0.029718 0.045075 -0.006790 
-0.005207 -0.020161 0.019215 -0.008022 
0.010720 -0.032477 -0.029318 0.017610 
-0.043685 -0.004163 -0.043360 -0.006753 
-0.018290 0.000115 -0.008369 -0.016263 
-0.004279 0.002809 -0.004505 0.002430 
0.000039 -0.015470 0.010998 -0.010880 
0.004644 0.019273 -0.017274 0.009726 
-0.000896 -0.005704 -0.000265 -0.005768 
-0.006892 0.007432 -0.008969 0.004723 
0.005705 0.004915 0.004693 0.005889 
-0.032973 0.034102 -0.044938 -0.015189 
0.026512 -0.003837 -0.016192 0.021340 
-0.005133 0.010270 -0.008977 0.007157 
-0.018065 0.012747 -0.012028 -0.018551 
0.011035 0.005149 0.007329 0.009725 
-0.021085 0.009121 -0.005477 -0.022311 
-0.031676 -0.008258 0.026200 0.019624 
-0.024045 0.014418 0.012899 -0.024893 
0.009820 -0.012556 0.015901 -0.001117 
-0.007040 0.015049 -0.016200 0.003691 
0.002565 -0.009630 0.005523 -0.008295 
0.014821 0.016079 -0.016142 0.014752 
-0.024452 -0.002562 0.012315 -0.021280 
0.001500 0.002893 0.001397 0.002944 
-0.005649 -0.039906 -0.035420 -0.019233 
-0.005132 -0.020831 0.020519 -0.006265 
-0.006885 -0.022321 0.023297 -0.001698 
-0.003150 0.012374 -0.009036 0.009021 
0.013715 -0.008540 0.015421 0.004818 
0.011463 -0.012642 0.016932 0.002127 
-0.015169 0.014132 -0.016306 -0.012803 
-0.009242 -0.003111 -0.007834 -0.005807 
0.014789 0.009391 -0.000101 0.017518 
0.001344 0.005377 0.000795 0.005485 
0.008071 0.007165 0.004802 0.009665 
-0.008396 -0.003553 -0.007123 -0.005690 
0.022209 -0.018501 -0.013517 0.025550 
-0.036480 0.012214 0.006163 0.037973 
-0.017068 -0.010936 0.006998 -0.019025 
0.013125 -0.015017 0.017892 0.008812 
0.007328 -0.030464 -0.010095 0.029662 
-0.026421 -0.003563 0.020954 -0.016483 
-0.008640 0.006450 -0.010424 0.002755 
0.000336 0.015629 -0.011032 0.011076 
0.014943 -0.011483 0.016405 0.009276 
-0.029515 -0.040342 0.048361 -0.012642 
0.005433 0.025576 -0.023292 -0.011879 
0.030206 -0.004312 -0.029798 0.006566 
0.001010 -0.005090 0.001457 -0.004981 
-0.034528 0.007506 0.025693 0.024257 
0.036389 0.042523 0.010283 -0.055015 
-0.001838 -0.037692 -0.037643 0.002662 
-0.014659 0.012175 -0.016696 -0.009185 
0.024942 -0.002528 -0.009722 0.023108 
0.004873 -0.001172 0.004953 -0.000765 
0.040791 -0.010244 0.032084 -0.027193 
0.018984 -0.045353 0.043040 0.023767 
0.004133 -0.033972 -0.025413 0.022920 
-0.009245 0.005701 -0.010716 0.001773 
0.004686 0.002584 0.004422 0.003014 
0.011044 -0.017465 0.019037 0.008039 
0.027457 0.000189 -0.021834 0.016649 
-0.030411 -0.023373 -0.027203 0.027039 
0.020370 0.035602 0.039070 0.012487 
0.015698 0.005818 0.004831 0.016029 
-0.001265 0.005708 -0.001898 0.005530 
0.015492 -0.002077 0.012238 0.009724 
-0.007432 -0.013714 0.004681 -0.014879 
0.003851 0.016781 -0.011745 0.012589 
-0.011286 0.003211 -0.011552 -0.002058 
0.018308 -0.012801 0.011433 0.019192 
0.006520 -0.001473 0.006665 -0.000501 
-0.012090 -0.006945 -0.005546 -0.012792 
-0.018146 -0.001080 -0.007461 -0.016577 
-0.008823 0.026723 -0.005980 -0.027499 
0.039310 -0.008924 0.016303 -0.036866 
-0.011420 -0.035162 -0.032001 0.018513 
0.011212 -0.012096 0.016449 0.001197 
0.003373 0.012844 -0.004229 0.012589 
0.019467 0.017481 -0.025849 0.004046 
0.035466 0.018242 0.033600 -0.021487 
-0.004862 0.015604 -0.015124 0.006197 
-0.010246 -0.009628 -0.002314 -0.013868 
-0.000467 0.012227 -0.006199 0.010549 
0.024572 -0.017262 -0.021266 0.021202 
0.002704 -0.036274 -0.034958 0.010053 
-0.032694 -0.000383 0.030226 0.012467 
-0.003427 0.007437 -0.004974 0.006506 
-0.005040 -0.009526 -0.001120 -0.010719 
0.016065 -0.039698 0.006068 -0.042394 
0.041099 0.000411 0.031195 -0.026762 
-0.014212 0.010265 -0.016236 -0.006614 
-0.000309 0.004253 -0.000563 0.004227 
0.018233 0.019844 -0.026866 -0.002102 
0.019740 -0.031901 -0.033325 -0.017227 
-0.029330 -0.007020 0.030039 0.002681 
0.024390 0.030072 0.034767 -0.017043 
0.027164 0.005500 -0.025399 0.011092 
0.004992 -0.011031 0.009542 -0.007452 
0.009840 -0.003203 0.010341 0.000394 
-0.029243 0.005754 0.027332 -0.011884 
-0.010931 0.014343 -0.017827 -0.002722 
-0.004373 -0.008275 -0.001837 -0.009178 
0.000608 0.006973 -0.000520 0.006980 
-0.001323 -0.006105 -0.000530 -0.006225 
-0.012923 -0.000000 -0.011017 -0.006756 
0.030957 -0.012678 -0.033048 -0.005182 
-0.009994 0.016034 -0.018645 -0.003053 
0.016022 -0.012542 0.015569 0.013099 
-0.022667 -0.000317 0.003069 -0.022460 
-0.001605 0.006567 -0.002571 0.006252 
0.020346 -0.000107 0.004292 0.019888 
-0.006330 -0.009852 -0.001395 -0.011627 
0.018358 -0.004123 0.011019 0.015252 
-0.007182 0.034972 0.033984 -0.010943 
0.010348 -0.014155 0.017488 0.001282 
-0.030421 0.010387 0.032074 -0.002153 
0.021389 0.037819 0.023816 0.036340 
0.018449 -0.023460 -0.013210 0.026762 
0.016286 -0.008956 0.014963 0.011025 
-0.005351 0.006476 -0.006699 0.005069 
-0.015977 -0.013333 0.010893 -0.017730 
-0.026576 0.004194 0.016430 -0.021306 
-0.006641 -0.006580 -0.004499 -0.008195 
-0.022324 -0.021674 0.021275 0.022705 
-0.009706 -0.007012 -0.005454 -0.010659 
0.017495 0.008766 -0.003020 0.019334 
0.006475 -0.018489 0.019581 0.000589 
-0.020023 0.028519 0.034669 -0.003509 
-0.009145 0.023628 -0.015494 -0.020046 
-0.011995 0.032370 0.031344 -0.014465 
0.030595 0.017424 -0.003920 -0.034990 
0.024944 0.010106 -0.025084 0.009754 
0.018686 0.024480 -0.019116 -0.024145 
0.020580 0.025855 -0.007115 -0.032271 
0.006056 0.020438 -0.019932 0.007554 
-0.007301 0.006492 -0.008951 0.003917 
0.001201 0.016035 -0.011273 0.011467 
-0.029612 0.005894 0.028509 -0.009942 
0.008104 0.017929 -0.014789 0.012977 
-0.009593 -0.016069 0.010804 -0.015281 
0.012120 0.032815 0.017842 -0.030090 
-0.002621 -0.000909 -0.002597 -0.000975 
0.013820 -0.002732 0.012632 0.006236 
-0.009274 -0.030394 0.003545 0.031579 
-0.000163 0.028901 -0.010848 -0.026788 
-0.011085 -0.009260 -0.002695 -0.014190 
0.024276 0.030159 0.034808 -0.016950 
-0.002894 0.006278 -0.003842 0.005747 
-0.009398 -0.021052 0.022394 -0.005480 
-0.005649 -0.042385 -0.016393 -0.039493 
-0.053008 -0.001607 0.052577 -0.006932 
-0.013009 0.043546 -0.032921 0.031331 
-0.011193 0.007432 -0.013435 -0.000114 
-0.002700 -0.009489 0.000428 -0.009857 
-0.007039 0.004966 -0.008031 0.003115 
0.006747 0.032409 0.008598 -0.031968 
0.045999 -0.005367 0.036445 0.028575 
-0.025515 -0.027099 -0.022999 0.029265 
-0.006268 0.025590 -0.015201 -0.021519 
0.008320 0.019497 -0.018664 0.010051 
-0.014132 -0.000118 -0.011110 -0.008735 
-0.019414 -0.022038 0.025068 0.015302 
-0.007668 -0.004408 -0.006292 -0.006217 
-0.000161 0.013070 -0.007109 0.010969 
-0.020104 -0.002780 -0.001554 -0.020236 
-0.015096 0.003798 -0.013257 -0.008158 
-0.007823 0.007475 -0.010059 0.003984 
0.004888 0.012701 -0.003269 0.013210 
-0.041447 0.007123 -0.034027 0.024713 
-0.003863 0.010718 -0.007959 0.008152 
0.004125 0.016258 -0.010524 0.013061 
0.005568 -0.006107 0.006790 -0.004711 
-0.035868 -0.003096 0.012590 0.033728 
-0.017620 0.002002 -0.010706 -0.014136 
0.013052 -0.009327 0.015630 0.003614 
-0.009486 -0.029350 0.009720 0.029273 
-0.011737 0.038755 0.022475 0.033684 
-0.011625 0.004706 -0.012430 -0.001668 
-0.040256 -0.022075 -0.018284 -0.042114 
-0.031045 -0.003842 0.030629 0.006355 
0.001077 -0.015958 0.012628 -0.009817 
0.006617 0.014149 -0.005592 0.014584 
-0.005111 0.002227 -0.005312 0.001693 
0.028786 0.013743 -0.025293 -0.019436 
-0.010249 -0.009184 -0.002954 -0.013441 
0.019586 -0.042489 0.045735 -0.009861 
0.021238 -0.030120 -0.034286 -0.013517 
0.022477 -0.005419 0.001077 0.023096 
0.016242 -0.020620 0.005345 0.025699 
-0.020391 -0.012140 0.017369 -0.016171 
0.011480 0.001630 0.009674 0.006393 
-0.000231 0.013040 -0.007125 0.010924 
0.003710 -0.000493 0.003729 -0.000322 
-0.008706 0.026364 -0.007768 -0.026656 
0.032831 -0.014512 -0.027772 -0.022742 
-0.006901 0.015145 -0.016201 0.003809 
0.009123 0.006658 0.005614 0.009800 
0.005352 -0.014119 0.013546 -0.006670 
0.000407 -0.020547 0.020289 -0.003271 
-0.042673 0.012529 -0.044410 0.002394 
0.012306 0.010598 -0.000145 0.016240 
-0.005824 -0.026975 0.020658 0.018298 
-0.009636 -0.002505 -0.008324 -0.005463 
0.020812 -0.001205 0.004086 0.020442 
-0.041267 -0.013170 -0.042400 -0.008869 
-0.031004 0.025407 0.004271 0.039856 
-0.028191 -0.012475 0.028330 0.012157 
0.006589 -0.007736 0.008793 -0.005095 
0.000349 -0.015997 0.012180 -0.010377 
0.004300 0.017462 -0.013194 0.012219 
0.003170 0.001540 0.003104 0.001669 
0.001095 -0.015662 0.012118 -0.009983 
-0.019612 0.020523 0.007716 -0.027318 
-0.002235 0.009221 -0.004832 0.008165 
0.023000 0.007386 -0.014848 0.019054 
0.014015 -0.044224 0.041606 -0.020523 
-0.042859 -0.009636 -0.042043 -0.012735 
-0.016776 0.002975 -0.012105 -0.011989 
0.012533 -0.013610 0.017670 0.005483 
0.000198 0.006912 -0.000888 0.006857 
0.000783 0.006167 -0.000006 0.006216 
0.004424 -0.012949 0.011099 -0.008004 
0.041087 -0.013307 0.038835 -0.018896 
-0.020197 -0.012090 0.016781 -0.016507 
-0.013907 0.030522 0.028066 -0.018366 
0.016917 0.014635 -0.015896 0.015737 
-0.018947 -0.009319 0.007336 -0.019800 
0.022302 0.007623 -0.013078 0.019608 
-0.009652 -0.038721 -0.038256 -0.011354 
-0.029874 -0.009538 0.028802 0.012404 
-0.004773 0.003881 -0.005219 0.003258 
0.017788 -0.027948 -0.028573 0.016767 
0.007753 -0.021442 0.020134 0.010699 
0.010980 -0.049888 0.029416 0.041762 
-0.037256 0.004986 0.007164 0.036899 
0.007355 0.054344 0.018602 -0.051588 
0.033694 -0.008462 -0.028913 -0.019260 
0.013583 -0.004325 0.013336 0.005036 
0.001286 0.011951 -0.004332 0.011213 
0.006270 0.007275 0.003807 0.008817 
0.006347 0.020585 -0.020297 0.007214 
0.014962 0.001076 0.010311 0.010895 
-0.015991 0.023003 0.001425 -0.027978 
0.007975 0.014328 -0.006048 0.015242 
-0.012849 -0.006292 -0.006111 -0.012936 
-0.002274 0.000390 -0.002281 0.000350 
-0.009268 -0.004094 -0.007385 -0.006936 
0.005367 -0.036788 -0.037174 0.000556 
-0.029051 0.029062 -0.002616 0.041009 
0.017803 0.004682 0.003612 0.018050 
0.011448 -0.002825 0.011517 0.002527 
0.012358 -0.010347 0.015915 0.002545 
-0.008041 -0.035787 -0.032151 0.017654 
-0.022913 -0.005471 0.011116 -0.020770 
-0.018526 -0.013952 0.017367 -0.015371 
-0.028363 -0.015049 0.023672 0.021693 
-0.007460 0.044191 -0.021471 0.039339 
0.025687 0.021331 -0.011365 -0.031396 
-0.012347 0.008664 -0.014941 -0.002067 
-0.031004 0.007258 0.031826 -0.001018 
0.010942 0.008506 0.003794 0.013330 
0.001112 -0.010569 0.004878 -0.009442 
-0.014275 0.003132 -0.012912 -0.006846 
0.004724 0.020787 -0.020380 0.006250 
0.015158 0.016374 -0.017380 0.013993 
0.018617 -0.010264 0.011758 0.017712 
-0.003408 -0.001198 -0.003353 -0.001343 
-0.019015 -0.024527 0.018253 0.025099 
0.015607 0.034714 0.035576 -0.013529 
0.026458 -0.010605 -0.018885 0.021351 
-0.001658 0.004060 -0.001911 0.003947 
0.001277 -0.008979 0.003633 -0.008310 
-0.057659 -0.011407 -0.032135 0.049214 
0.020903 0.032663 0.036704 -0.012514 
0.016671 0.003986 0.006172 0.015991 
0.007057 -0.006538 0.008694 -0.004119 
0.004434 -0.009989 0.007924 -0.007526 
-0.004472 -0.004188 -0.003921 -0.004708 
-0.011862 -0.019314 0.020607 -0.009438 
-0.003102 0.013258 -0.010144 0.009083 
0.032219 0.003189 -0.029697 -0.012898 
-0.010196 -0.038056 -0.039021 -0.005434 
-0.027253 0.013785 0.026233 -0.015640 
-0.000147 0.006270 -0.000956 0.006199 
-0.039776 0.005466 -0.017845 0.035966 
-0.007819 0.041009 0.014475 0.039159 
0.046403 -0.029083 -0.054454 0.005819 
-0.016388 -0.004729 -0.005553 -0.016128 
-0.024336 0.021492 0.029995 -0.012430 
-0.014023 -0.009642 -0.000248 -0.017016 
-0.009486 -0.010462 -0.001122 -0.014078 
-0.017809 -0.002159 -0.006824 -0.016591 
0.011333 -0.019078 0.018475 0.012292 
-0.019035 0.038096 -0.006525 0.042084 
-0.021461 -0.006792 0.008862 -0.020692 
0.027896 -0.006111 -0.022363 0.017760 
0.011908 -0.001185 0.011146 0.004355 
-0.003349 -0.005417 -0.002597 -0.005814 
-0.007077 0.006031 -0.008487 0.003799 
0.003880 0.041221 0.027635 0.030831 
0.055727 0.011487 -0.007324 -0.056425 
-0.022109 -0.022375 0.019339 0.024808 
-0.024711 0.022883 0.033287 -0.005122 
-0.002264 0.049481 -0.047700 -0.013347 
0.033524 0.008341 -0.017690 -0.029674 
0.027046 -0.035895 0.038200 -0.023681 
-0.005454 -0.002852 -0.005056 -0.003508 
-0.005716 -0.004932 -0.004695 -0.005912 
-0.009243 -0.006755 -0.005569 -0.010002 
0.008572 -0.016496 0.018570 0.000868 
-0.016428 0.008123 -0.014622 -0.011047 
0.005217 -0.008392 0.007602 -0.006312 
0.004171 -0.008682 0.006589 -0.007025 
0.012643 0.013787 -0.007465 0.017153 
-0.019883 -0.028316 -0.006509 0.033982 
0.000276 -0.004043 0.000494 -0.004022 
-0.011268 -0.022707 0.025258 0.002155 
-0.003698 0.037920 0.037576 0.006299 
0.002114 0.006330 0.001166 0.006571 
-0.016975 0.025487 0.015602 -0.026350 
-0.000233 0.034812 0.026309 -0.022797 
0.032180 0.028524 0.037042 0.021841 
-0.002204 -0.005170 -0.001655 -0.005371 
-0.023653 -0.008854 0.019600 -0.015929 
0.016512 0.035713 0.039303 -0.001830 
-0.005285 -0.045649 0.024297 -0.039005 
-0.010093 0.014593 -0.017699 -0.001264 
0.016369 0.019767 -0.025554 0.002383 
0.021295 0.019276 -0.027341 -0.008803 
-0.024601 -0.041988 0.040605 -0.026822 
-0.004286 0.031807 0.012057 -0.029744 
0.021722 0.000826 -0.000514 0.021732 
0.019269 0.002419 0.003929 0.019018 
0.000034 0.009586 -0.002825 0.009161 
0.013060 0.018449 -0.019794 0.010915 
0.007111 0.008513 0.003178 0.010627 
-0.020369 -0.021353 0.025377 0.015062 
-0.028584 0.000333 0.025591 -0.012737 
-0.003130 0.016862 -0.015670 0.006970 
0.017571 0.036103 0.039732 0.005787 
0.001139 0.010685 -0.002908 0.010344 
-0.026791 -0.000301 0.019311 -0.018573 
0.036513 0.002017 -0.009137 -0.035409 
-0.022255 -0.021661 0.021480 0.022429 
-0.026465 -0.003807 0.021380 -0.016056 
0.000882 0.046906 -0.038089 0.027390 
-0.005626 -0.021619 0.021972 -0.004036 
-0.016312 0.012832 -0.015154 -0.014181 
0.007509 0.010979 0.000228 0.013299 
0.018883 -0.015172 0.007505 0.023031 
-0.021030 0.008694 -0.005788 -0.022008 
0.015578 0.014203 -0.012457 0.017006 
-0.006610 0.005005 -0.007564 0.003393 
-0.002641 -0.014884 0.008247 -0.012669 
-0.028274 0.011010 0.026906 -0.014026 
0.017518 -0.022401 -0.005249 0.027949 
-0.018208 0.005120 -0.011695 -0.014865 
0.001997 -0.011354 0.006622 -0.009437 
-0.002539 0.018028 -0.017168 0.006058 
0.005042 0.007483 0.002880 0.008551 
-0.008347 -0.002982 -0.007306 -0.005019 
-0.013000 0.050522 -0.010827 -0.051032 
0.014671 0.002998 0.008830 0.012094 
-0.006120 -0.013593 0.004531 -0.014202 
-0.016660 0.029236 0.030079 -0.015086 
-0.009585 0.023910 -0.014004 -0.021620 
0.018383 0.015182 -0.019955 0.013046 
0.003338 -0.031479 -0.008278 0.030554 
0.006917 -0.033390 -0.026547 0.021400 
-0.025180 -0.034281 -0.034786 -0.024477 
-0.003793 0.006403 -0.004892 0.005609 
0.006432 0.004990 0.005199 0.006265 
-0.017256 -0.010168 0.005593 -0.019232 
0.009648 -0.020024 0.019448 0.010761 
-0.009246 -0.021491 0.023041 -0.004057 
-0.011246 0.016100 -0.018707 -0.005978 
-0.002907 0.002112 -0.002994 0.001987 
-0.032400 -0.003903 0.028854 0.015247 
0.011327 0.039873 0.032493 0.025736 
0.023555 0.021107 -0.020058 -0.024454 
0.004663 0.006016 0.003437 0.006791 
-0.001284 -0.023693 0.023106 0.005396 
-0.014697 0.002318 -0.012505 -0.008063 
0.002256 0.020339 -0.019538 0.006085 
0.014209 0.011673 -0.004206 0.017902 
0.007734 -0.028258 0.001386 0.029265 
-0.015669 0.009533 -0.015526 -0.009764 
-0.034693 0.008738 0.024212 0.026339 
0.021928 0.012068 -0.021004 0.013613 
-0.006531 -0.008467 -0.002959 -0.010276 
0.035623 -0.005552 -0.019933 -0.030041 
0.008387 0.012828 -0.002964 0.015037 
0.026962 -0.010166 -0.020737 0.020006 
-0.026110 -0.002851 0.019026 -0.018107 
0.011688 0.005460 0.007130 0.010752 
-0.010573 -0.012751 0.003477 -0.016195 
-0.009605 -0.024605 0.024767 0.009178 
0.004644 0.019508 -0.017788 0.009259 
-0.000739 -0.037858 -0.037864 0.000353 
-0.045886 -0.007478 -0.025217 -0.039058 
-0.020275 0.005189 -0.007737 -0.019446 
-0.000719 -0.001488 -0.000706 -0.001495 
0.008593 -0.026268 0.008417 0.026325 
-0.020650 -0.021219 0.025319 0.015351 
0.014400 0.027721 -0.012352 -0.028693 
-0.001817 -0.020106 0.019172 -0.006324 
0.004005 0.002988 0.003746 0.003307 
-0.037215 0.016664 -0.013712 0.038401 
0.015056 0.007415 0.003093 0.016496 
-0.005927 -0.027415 0.019389 0.020267 
-0.020074 -0.007251 0.005823 -0.020534 
-0.033679 -0.021035 -0.034233 0.020122 
-0.003866 0.012326 -0.009735 0.008491 
0.008924 -0.041117 -0.009948 -0.040882 
-0.018971 -0.028204 -0.002436 0.033903 
0.020718 -0.011315 0.005499 0.022957 
-0.001157 0.005316 -0.001669 0.005178 
0.020346 -0.010973 0.006948 0.022048 
0.011163 0.039245 0.035925 0.019344 
0.012206 -0.026074 -0.000754 0.028779 
-0.015960 -0.014590 0.014094 -0.016400 
0.023569 0.029434 0.028731 -0.024420 
0.003934 0.008280 0.001521 0.009040 
0.014616 0.001178 0.010335 0.010402 
0.000385 -0.007303 0.001659 -0.007123 
0.025449 0.004822 -0.019049 0.017551 
0.006177 -0.032057 -0.017320 0.027673 
-0.009384 -0.029821 0.007044 0.030459 
0.004266 0.012326 -0.002938 0.012709 
0.023286 -0.023035 -0.030322 0.012387 
0.024639 -0.004837 -0.007708 0.023897 
0.036677 -0.013218 -0.002026 -0.038934 
-0.010601 -0.008659 -0.003635 -0.013196 
0.014459 0.000466 0.010861 0.009556 
-0.004057 -0.026233 0.021959 0.014914 
-0.031343 -0.002813 0.030779 0.006554 
-0.010080 0.003030 -0.010497 -0.000767 
0.027268 -0.020305 -0.033987 -0.000863 
0.024011 -0.028018 -0.032719 -0.017059 
-0.014938 -0.034480 -0.033493 0.017035 
-0.027710 0.013061 0.027015 -0.014444 
-0.003870 0.021281 -0.021387 -0.003235 
-0.004494 0.007372 -0.006152 0.006059 
-0.024884 0.007056 0.009027 -0.024239 
-0.024480 0.006982 0.007178 -0.024424 
0.016902 0.007081 0.001244 0.018283 
-0.006526 -0.038542 -0.038634 -0.005953 
-0.006978 -0.007428 -0.004082 -0.009338 
0.018942 -0.000905 0.007975 0.017205 
0.012452 -0.014347 0.017955 0.006205 
0.003827 0.003899 0.003426 0.004256 
0.021539 0.023077 -0.018091 -0.025869 
0.000306 0.012684 -0.006151 0.011097 
-0.003904 -0.001532 -0.003809 -0.001756 
-0.004066 -0.006575 -0.002702 -0.007243 
0.008185 -0.033272 -0.028197 0.019466 
-0.003230 0.026563 -0.016451 -0.021105 
0.008471 -0.041067 -0.011938 -0.040196 
-0.012313 0.007606 -0.014338 -0.001970 
-0.017012 0.024124 0.009919 -0.027803 
-0.012820 0.016474 -0.018056 -0.010476 
-0.011864 0.009654 -0.015237 -0.001337 
0.008027 0.042724 0.010521 0.042179 
0.028156 0.015059 -0.024265 -0.020754 
0.001653 -0.003954 0.001889 -0.003847 
0.003016 0.013085 -0.004822 0.012532 
0.010728 -0.012647 0.016572 0.000640 
0.013130 -0.014211 0.017759 0.007677 
0.019639 -0.004517 0.008934 0.018063 
-0.003641 -0.008831 -0.000863 -0.009513 
-0.003630 0.028027 -0.010536 -0.026224 
0.019861 0.020578 -0.026811 -0.009955 
0.012202 -0.031324 -0.027385 0.019497 
-0.001573 -0.003132 -0.001445 -0.003194 
0.012774 -0.005861 0.013714 0.003073 
0.001657 0.010413 -0.002181 0.010316 
0.018307 -0.029954 -0.034914 0.003666 
-0.014220 -0.032833 -0.022120 0.028124 
-0.008828 0.015108 -0.017488 0.000586 
0.001970 -0.007296 0.003300 -0.006799 
-0.035696 0.027917 -0.044560 0.008244 
0.038897 0.011933 0.035036 -0.020683 
0.011770 0.014744 -0.009023 0.016569 
-0.003859 0.014999 -0.013370 0.007816 
0.032291 -0.001726 -0.031338 -0.007978 
0.006359 -0.003144 0.006790 -0.002052 
-0.000320 0.017846 -0.015633 0.008613 
0.023237 -0.028822 -0.032826 -0.017121 
-0.004999 -0.012320 0.002599 -0.013039 
-0.004441 0.029337 -0.002711 -0.029548 
0.009160 0.020775 -0.021769 0.006452 
0.019318 -0.023072 -0.015417 0.025842 
0.016972 -0.017126 0.010399 0.021753 
-0.000757 -0.032175 -0.007857 0.031210 
-0.020135 0.023165 0.019223 -0.023928 
0.002423 -0.031417 -0.006435 0.030846 
-0.026029 0.024189 0.034261 0.009424 
-0.006615 0.008086 -0.009037 0.005242 
0.000699 -0.028869 0.010463 0.026915 
-0.016701 -0.012426 0.009908 -0.018307 
-0.021078 0.006038 -0.005771 -0.021153 
0.002319 0.009594 -0.000825 0.009836 
-0.012693 -0.010326 -0.000097 -0.016363 
-0.028378 -0.009143 0.029672 0.002915 
0.004949 0.034199 0.020844 -0.027560 
0.028249 -0.010838 -0.026658 0.014311 
0.006780 -0.011968 0.012491 -0.005761 
0.004526 -0.014568 0.013364 -0.007355 
-0.012436 0.010839 -0.016231 -0.002944 
-0.036697 0.022427 -0.031771 0.028986 
0.009537 0.025865 -0.023074 -0.015083 
-0.024949 0.001538 0.010319 -0.022766 
-0.010400 -0.008840 -0.003413 -0.013215 
-0.007832 0.010138 -0.011932 0.004662 
0.019212 -0.027566 -0.031138 0.012624 
-0.041258 -0.009519 -0.041856 0.006389 
0.002107 0.010037 -0.001427 0.010156 
-0.032672 0.012685 0.030170 0.017836 
-0.016231 0.018321 -0.010499 -0.022110 
-0.004027 -0.001997 -0.003886 -0.002261 
-0.013599 -0.036787 -0.039220 0.000001 
-0.020117 -0.021325 0.025674 0.014152 
-0.024803 0.001514 0.009722 -0.022868 
-0.003532 0.015448 -0.013761 0.007859 
-0.026802 -0.013091 0.028950 0.007187 
-0.022183 -0.015640 0.027005 -0.002735 
-0.020695 -0.037003 -0.032475 -0.027256 
0.014764 -0.024069 -0.000981 0.028220 
0.018087 -0.026524 -0.024154 0.021148 
-0.012353 -0.012893 0.005039 -0.017130 
0.004434 0.008781 0.001459 0.009728 
0.013501 -0.006144 0.014181 0.004350 
-0.019428 0.016757 -0.002929 -0.025489 
0.017505 -0.023266 -0.008483 0.027853 
-0.018075 0.024666 0.016524 -0.025731 
-0.004493 0.003263 -0.004801 0.002790 
0.010435 -0.013122 0.016759 0.000450 
-0.010015 -0.011877 0.001465 -0.015466 
0.008994 0.005290 0.006565 0.008110 
0.001377 -0.016154 0.013194 -0.009421 
-0.021940 -0.006256 0.009331 -0.020819 
-0.005071 0.025570 -0.016944 -0.019811 
-0.018004 0.024171 0.014200 -0.026585 
0.011648 0.012665 -0.003949 0.016747 
-0.013741 0.000208 -0.011288 -0.007838 
0.022952 0.024916 -0.003585 -0.033686 
0.012137 0.022299 -0.025352 -0.001366 
-0.003381 -0.001073 -0.003334 -0.001212 
-0.005352 -0.002073 -0.005096 -0.002641 
0.017386 -0.004358 0.012325 0.013014 
-0.009012 -0.028245 0.015631 0.025192 
0.025401 0.015779 -0.027992 -0.010519 
0.000732 -0.008873 0.002997 -0.008383 
0.031693 -0.012148 -0.032555 -0.009601 
0.005609 -0.006622 0.007063 -0.005042 
0.020866 0.031562 0.031621 -0.020777 
-0.008341 0.009737 -0.012166 0.004046 
-0.025885 0.029706 0.017241 0.035430 
0.016497 0.029110 0.001016 -0.033444 
0.003029 -0.000014 0.003028 0.000077 
-0.011996 -0.020247 0.022608 -0.006536 
-0.021913 0.023313 0.026653 -0.017701 
-0.009477 0.019831 -0.019634 -0.009880 
0.014884 0.004870 0.006767 0.014123 
0.002089 0.006358 0.001132 0.006596 
-0.000705 0.006503 -0.001611 0.006339 
0.007393 -0.015359 0.016814 -0.002803 
-0.001288 -0.007764 0.000312 -0.007864 
0.011811 -0.037523 -0.030348 -0.025030 
-0.010045 0.028892 0.008297 -0.029441 
-0.004017 -0.002944 -0.003763 -0.003261 
-0.033898 -0.003134 0.024494 0.023641 
0.005060 0.019982 -0.018827 0.008392 
-0.005181 0.042825 0.001450 0.043113 
0.005235 -0.007014 0.006821 -0.005485 
-0.007536 -0.005229 -0.005818 -0.007090 
-0.003874 0.017228 -0.016748 0.005598 
-0.024260 -0.001521 0.010310 -0.022013 
0.037254 0.013448 0.028441 -0.027566 
0.007661 -0.028757 -0.001069 0.029741 
-0.000642 -0.011694 0.004527 -0.010801 
-0.027511 -0.018862 0.014412 0.030081 
0.010857 0.033600 0.021445 -0.028053 
0.013875 0.002438 0.009532 0.010373 
0.003552 0.001457 0.003477 0.001628 
-0.013962 -0.011807 0.004212 -0.017793 
-0.012877 0.007952 -0.014829 -0.003025 
-0.037931 0.008775 -0.002057 0.038879 
-0.016308 -0.010806 0.005312 -0.018828 
0.008992 -0.010595 0.013528 -0.003181 
-0.002924 -0.004571 -0.002467 -0.004832 
-0.006370 0.007647 -0.008485 0.005202 
-0.003494 0.014414 -0.012170 0.008477 
-0.030356 -0.002604 0.030467 0.000041 
-0.009675 0.008455 -0.012654 0.002230 
0.014274 -0.007645 0.015086 0.005884 
0.007317 -0.006345 0.008900 -0.003820 
-0.021585 0.035254 0.004358 0.041107 
0.037240 -0.021665 0.033059 -0.027629 
0.013349 0.014938 -0.011188 0.016618 
0.016553 0.005365 0.004476 0.016815 
-0.035565 0.002481 0.020001 0.029512 
-0.007894 0.022571 -0.019051 -0.014450 
-0.001087 0.014813 -0.010653 0.010349 
0.000236 -0.011861 0.005514 -0.010503 
0.001913 0.028936 -0.012292 -0.026266 
0.017667 0.003007 0.006051 0.016868 
-0.013685 0.009716 -0.015981 -0.005125 
-0.002495 -0.003435 -0.002287 -0.003578 
-0.010758 -0.012825 0.003736 -0.016318 
-0.017847 -0.031088 -0.019335 0.030185 
-0.002948 -0.000557 -0.002930 -0.000644 
0.004226 0.004097 0.003732 0.004551 
-0.002117 -0.005688 -0.001413 -0.005902 
0.016897 -0.012677 0.014317 0.015532 
0.018521 -0.010070 0.011989 0.017341 
-0.006188 0.011120 -0.010983 0.006429 
-0.007042 -0.031995 -0.005763 0.032250 
-0.014357 -0.015855 0.014907 -0.015340 
0.012448 -0.020555 0.015391 0.018454 
-0.013838 -0.008991 -0.001608 -0.016424 
-0.001908 -0.002863 -0.001795 -0.002935 
-0.006277 0.017073 -0.018040 0.002333 
0.021223 -0.032429 -0.026595 -0.028192 
-0.013739 -0.015136 0.012195 -0.016405 
-0.004575 0.025241 -0.018310 -0.017965 
-0.019490 -0.007575 0.004972 -0.020311 
-0.026346 0.000320 0.017047 -0.020090 
0.000987 0.031940 0.006065 -0.031375 
-0.012290 0.007968 -0.014520 -0.001919 
-0.022261 -0.014798 0.026191 -0.005347 
-0.026788 0.025916 0.029321 0.023012 
-0.004383 -0.013240 0.004401 -0.013235 
-0.045329 -0.002898 -0.038095 -0.024736 
0.017349 0.010892 -0.007445 0.019084 
0.001619 0.016126 -0.011225 0.011690 
-0.033106 0.022436 0.001600 0.039960 
0.027762 0.011419 -0.029317 -0.006453 
0.023091 0.010090 -0.020240 0.015011 
0.017840 -0.009941 0.013240 0.015550 
-0.018463 -0.016056 0.021989 -0.010730 
-0.011842 -0.007926 -0.004377 -0.013561 
0.012105 0.006970 0.005513 0.012834 
-0.001048 0.000256 -0.001049 0.000252 
-0.014436 0.018149 -0.014911 -0.017760 
0.004366 0.024798 -0.023711 -0.008474 
0.035427 0.005405 -0.011646 -0.033891 
-0.022356 -0.017227 0.027953 0.003902 
-0.006524 0.023446 -0.019353 -0.014755 
0.035973 -0.006282 -0.017282 -0.032169 
0.005168 -0.009416 0.008292 -0.006827 
0.009756 -0.012113 0.015482 -0.001491 
0.007931 -0.029586 -0.006404 0.029954 
-0.013733 -0.015277 0.012557 -0.016258 
0.006706 0.011467 -0.000692 0.013266 
0.035379 -0.020647 0.011560 -0.039298 
-0.044764 -0.014853 -0.009684 -0.046159 
-0.040968 -0.008246 -0.039502 0.013637 
0.005025 -0.013134 0.011958 -0.007399 
0.022951 -0.038980 0.037780 -0.024876 
-0.000669 -0.037571 -0.037459 0.002978 
-0.026403 -0.008669 0.026701 -0.007700 
-0.002552 -0.016634 0.011843 -0.011957 
0.013883 -0.003604 0.013075 0.005895 
0.018932 -0.019276 -0.001060 0.026998 
-0.000184 0.028430 -0.012947 -0.025311 
0.023489 -0.001160 -0.004710 0.023042 
0.002964 -0.031488 -0.007728 0.030668 
-0.000887 -0.000703 -0.000884 -0.000707 
-0.002167 -0.035942 -0.031564 0.017329 
-0.012280 0.014104 -0.017880 -0.005482 
0.010193 -0.010938 0.014898 -0.001259 
-0.005322 -0.009633 -0.001162 -0.010944 
-0.001417 -0.006827 -0.000310 -0.006966 
0.011480 0.013000 -0.004583 0.016727 
0.003353 -0.007482 0.004914 -0.006563 
0.015741 -0.014619 0.015399 0.014978 
-0.010569 0.003682 -0.011159 -0.000865 
-0.019718 -0.032940 -0.035402 0.014851 
-0.012163 -0.014423 0.008576 -0.016805 
0.018374 0.004872 0.002303 0.018869 
-0.015951 -0.034546 -0.035392 0.013974 
0.006463 -0.033604 -0.026919 0.021127 
-0.003860 -0.037492 -0.037343 0.005110 
-0.033461 -0.020041 -0.028991 0.026093 
-0.032504 0.014644 0.028989 0.020750 
-0.004210 0.022114 -0.021594 -0.006361 
0.019467 0.001903 0.004139 0.019117 
-0.041248 -0.013101 -0.042470 -0.008328 
-0.005080 0.015047 -0.014536 0.006396 
-0.014068 0.021478 -0.009772 -0.023743 
0.019035 0.003452 0.003058 0.019102 
0.012426 -0.007065 0.014121 0.002220 
0.023633 -0.025366 -0.034669 0.000116 
-0.040216 0.021507 -0.045473 -0.003478 
-0.004699 -0.001540 -0.004560 -0.001913 
-0.009638 0.009230 -0.013136 0.002353 
0.017963 0.030730 0.017145 -0.031193 
0.000732 -0.005557 0.001302 -0.005452 
-0.005158 -0.019333 0.017435 -0.009818 
-0.008539 0.037962 0.034226 0.018510 
0.018225 -0.038038 0.000984 -0.042167 
0.020293 0.002016 0.002077 0.020287 
-0.019888 0.003190 -0.007723 -0.018603 
-0.002169 0.036715 0.036061 -0.007231 
0.003858 -0.006882 0.005179 -0.005953 
-0.008119 0.008882 -0.011290 0.004163 
0.016977 0.005115 0.004261 0.017211 
-0.013031 0.016638 -0.017853 -0.011310 
0.030870 -0.027009 0.004518 -0.040768 
0.000640 -0.037771 -0.037776 -0.000182 
-0.027617 0.033135 -0.022183 0.036994 
-0.004832 -0.008056 -0.002321 -0.009103 
-0.036394 0.005711 0.014278 0.033960 
0.013807 0.008293 0.002812 0.015859 
-0.007978 -0.010952 -0.000337 -0.013545 
-0.005490 0.008598 -0.008060 0.006253 
0.008579 -0.018385 0.019793 0.004460 
0.003216 -0.014768 0.012440 -0.008584 
0.012759 -0.008468 0.015048 0.002839 
0.012946 0.000691 0.010649 0.007393 
-0.002402 -0.019687 0.018294 -0.007661 
0.003898 -0.001665 0.003990 -0.001432 
-0.041304 0.021690 -0.042935 -0.018249 
0.031941 0.013513 -0.011905 -0.032575 
0.022030 0.008026 -0.013031 0.019492 
0.001956 -0.031001 -0.003084 0.030909 
0.008560 -0.028474 -0.001849 0.029675 
-0.032767 0.009095 0.031368 0.013131 
0.033598 0.028634 0.029424 0.032909 
0.016571 0.001668 0.008803 0.014138 
-0.002224 0.009342 -0.004917 0.008249 
0.037255 -0.008794 -0.004503 -0.038013 
0.004122 -0.002438 0.004294 -0.002120 
-0.003761 -0.007113 -0.002170 -0.007748 
-0.018565 -0.020906 0.026887 0.007669 
0.047798 0.014279 -0.029503 0.040226 
-0.018803 -0.012146 0.013603 -0.017777 
0.034301 -0.021485 0.004991 -0.040165 
0.008067 0.004385 0.006556 0.006428 
-0.000218 0.005517 -0.000770 0.005468 
0.006423 0.004826 0.005260 0.006072 
-0.008422 0.022043 -0.019093 -0.013867 
0.022558 0.013542 -0.024968 0.008297 
-0.013545 -0.015060 0.011749 -0.016499 
0.010628 0.030940 0.001724 -0.032670 
-0.014374 0.013380 -0.017036 -0.009768 
-0.015346 0.022457 -0.002863 -0.027048 
0.027801 0.022984 0.009416 -0.034821 
0.005900 0.021248 -0.021421 0.005240 
0.013757 0.025819 -0.021232 -0.020126 
0.014913 -0.042715 0.032294 -0.031687 
-0.041126 -0.006767 -0.038415 0.016168 
-0.025957 0.008375 0.014658 -0.023001 
-0.026697 -0.017916 0.021119 0.024242 
-0.022204 -0.005271 0.008416 -0.021213 
-0.015402 0.004612 -0.013618 -0.008548 
0.007090 0.046835 -0.038726 0.027278 
0.006277 -0.025218 0.016203 0.020318 
0.011393 0.032813 0.016594 -0.030515 
-0.004843 0.002148 -0.005020 0.001692 
0.007547 -0.012946 0.014301 -0.004477 
0.009916 -0.022204 0.016995 0.017393 
-0.028480 -0.018574 0.010908 0.032205 
-0.010030 0.010549 -0.014464 0.001638 
0.005513 -0.027902 0.007921 0.027316 
-0.025930 0.011050 0.016903 -0.022555 
-0.013925 0.008083 -0.015243 -0.005186 
-0.004621 -0.018584 0.015734 -0.010917 
-0.010609 -0.045109 0.024561 -0.039295 
-0.034017 -0.016397 -0.015870 0.034266 
0.001023 0.011047 -0.003416 0.010555 
0.017830 -0.025735 -0.019994 0.024092 
-0.022511 -0.010436 0.019300 -0.015595 
0.035905 0.002128 -0.013743 -0.033239 
0.000389 -0.009599 0.003244 -0.009042 
0.013802 -0.010886 0.016513 0.006026 
-0.007102 0.009576 -0.010658 0.005341 
0.009862 -0.002565 0.010151 0.000891 
-0.001925 0.012287 -0.007672 0.009788 
0.015791 -0.006597 0.014418 0.009221 
-0.015952 -0.004677 -0.006094 -0.015466 
0.020485 0.021377 -0.025203 -0.015539 
0.004600 0.022444 -0.022888 0.001009 
-0.017687 0.016300 -0.009585 -0.022061 
0.000614 0.010541 -0.003211 0.010059 
0.004571 0.002345 0.004350 0.002733 
-0.008207 0.011412 -0.013443 0.004108 
-0.005455 0.013917 -0.013386 0.006653 
0.014708 0.001504 0.010066 0.010829 
-0.024317 0.016049 0.017444 -0.023337 
-0.000449 -0.031043 -0.000579 0.031041 
-0.023799 0.023002 0.031602 -0.009837 
0.018088 0.035408 0.039751 0.000891 
0.027194 -0.027359 -0.021769 -0.031846 
0.020440 -0.006939 0.007671 0.020177 
0.001370 -0.003900 0.001587 -0.003816 
0.002215 -0.002126 0.002280 -0.002056 
-0.036139 -0.010472 -0.008675 0.036612 
0.013807 0.028190 -0.010813 -0.029468 
0.017396 -0.001581 0.010660 0.013838 
0.000633 0.015396 -0.010402 0.011369 
0.003929 -0.003014 0.004160 -0.002687 
-0.016221 0.010752 -0.015349 -0.011964 
-0.003919 -0.008878 -0.001022 -0.009650 
0.004543 -0.007421 0.006234 -0.006070 
0.004208 -0.019027 0.019385 -0.001992 
-0.013782 0.006102 -0.014252 -0.004904 
0.019712 -0.004867 0.008923 0.018238 
0.008370 -0.011262 0.013473 -0.003921 
-0.004924 0.008228 -0.007154 0.006385 
0.023153 -0.000658 -0.003868 0.022837 
0.004861 -0.024768 0.018952 0.016671 
0.016318 -0.016815 0.012503 0.019816 
-0.033591 -0.026904 -0.037920 -0.020352 
-0.034310 0.006953 0.026888 0.022418 
-0.020526 0.016851 0.001719 -0.026501 
-0.006917 -0.004184 -0.005863 -0.005565 
-0.011428 -0.014660 0.008516 -0.016523 
0.007745 0.002659 0.006974 0.004292 
0.000690 0.026323 -0.020362 -0.016696 
0.032633 0.004891 -0.027355 -0.018453 
0.035028 0.009262 -0.004702 -0.035925 
0.029884 0.008716 -0.029410 -0.010201 
0.030233 -0.021430 -0.026735 -0.025660 
-0.030787 0.017907 0.031089 0.017378 
-0.000053 0.005994 -0.000760 0.005945 
0.002217 -0.005873 0.002959 -0.005537 
-0.001257 0.011995 -0.006645 0.010065 
-0.036982 0.003058 0.009515 0.035868 
-0.021321 0.028752 0.035415 0.005204 
-0.015693 0.009932 -0.015617 -0.010051 
0.005226 0.021458 -0.021631 0.004456 
0.007189 -0.003513 0.007765 -0.001931 
-0.011972 0.000495 -0.010884 -0.005012 
-0.008589 0.013064 -0.015371 0.002861 
-0.002512 0.006616 -0.003564 0.006114 
-0.033561 -0.000292 0.028125 0.018313 
0.025274 0.009029 -0.024439 0.011092 
-0.023525 -0.013614 0.026724 -0.004961 
-0.003155 -0.008135 -0.001038 -0.008663 
0.000608 0.005093 0.000165 0.005126 
-0.002544 0.015764 -0.013435 0.008630 
0.033096 -0.003205 -0.030581 -0.013053 
-0.018136 -0.014183 0.017126 -0.015387 
-0.004582 0.004081 -0.005051 0.003483 
0.005866 -0.009651 0.009293 -0.006419 
0.011294 -0.010352 0.015314 0.000479 
0.012432 0.005154 0.007389 0.011248 
0.045225 -0.009526 0.039526 0.023952 
-0.028795 -0.019600 0.004118 0.034588 
-0.035533 0.018685 -0.004488 0.039894 
0.016124 0.040166 0.020549 0.038093 
0.021113 0.009305 -0.012983 0.019072 
0.020799 0.007163 -0.007640 0.020628 
0.010944 0.007739 0.004766 0.012528 
0.013340 -0.003837 0.013018 0.004819 
-0.006595 0.012962 -0.013376 0.005710 
0.002490 -0.037043 -0.036921 0.003902 
-0.031647 -0.020397 -0.019007 0.032501 
-0.026778 0.010214 0.019956 -0.020570 
-0.011590 0.012420 -0.016843 -0.002211 
-0.017871 0.015752 -0.009802 -0.021712 
0.022713 0.004928 -0.009522 0.021202 
0.000250 -0.047607 0.044149 -0.017814 
0.001084 0.025301 -0.022239 -0.012114 
0.027473 -0.017978 -0.032358 0.005567 
0.004656 -0.026663 0.014278 0.022995 
-0.006523 -0.013862 0.005011 -0.014477 
-0.017809 -0.018769 0.025671 -0.003228 
-0.009305 0.007989 -0.011985 0.002605 
-0.037704 0.002963 0.003002 0.037701 
0.008838 0.044944 -0.019220 0.041577 
0.017552 0.011461 -0.009211 0.018830 
-0.011287 0.015654 -0.018544 -0.005345 
0.003851 0.004935 0.003184 0.005389 
-0.001379 -0.017627 0.014398 -0.010262 
-0.039468 0.006667 -0.015490 0.036908 
-0.010053 0.005249 -0.011322 0.000653 
0.007223 -0.005001 0.008249 -0.003023 
-0.026498 -0.030260 -0.040008 0.004138 
0.031111 0.043919 -0.025795 -0.047238 
-0.002975 -0.015149 0.008603 -0.012819 
-0.033195 0.015789 0.023847 0.027974 
-0.013692 -0.017543 0.018338 -0.012608 
0.011740 -0.018415 0.018414 0.011742 
-0.008720 -0.000180 -0.008403 -0.002337 
0.007948 -0.013648 0.015406 -0.003475 
0.002824 0.021578 -0.021545 0.003061 
-0.012722 -0.001146 -0.010342 -0.007497 
0.037701 0.017822 0.041431 -0.004736 
-0.013060 0.016303 -0.017897 -0.010772 
-0.016107 0.013682 -0.015218 -0.014665 
0.016849 -0.021845 -0.000613 0.027581 
-0.017450 -0.001011 -0.008481 -0.015283 
0.006109 -0.029711 -0.002776 0.030205 
-0.024651 -0.010027 0.024271 -0.010915 
0.012721 0.034096 0.027660 -0.023649 
-0.004901 0.007617 -0.006756 0.006032 
-0.028956 -0.021096 -0.005170 0.035451 
0.014100 0.027398 -0.014493 -0.027192 
0.011629 -0.005142 0.012629 0.001473 
-0.026569 0.001446 0.017282 -0.020233 
-0.004987 0.021685 -0.021347 -0.006276 
-0.000095 -0.019308 0.018153 -0.006580 
-0.010128 0.019920 -0.019116 -0.011574 
-0.002041 -0.036002 -0.031881 0.016849 
-0.009466 -0.003031 -0.008001 -0.005898 
-0.012054 -0.039917 -0.031321 -0.027525 
-0.019079 0.001516 -0.008214 -0.017287 
0.010436 -0.000559 0.009964 0.003151 
0.000141 -0.024632 0.022355 0.010345 
-0.012464 -0.024936 0.024116 0.013985 
-0.001793 -0.000573 -0.001786 -0.000593 
-0.041622 -0.011690 -0.042767 -0.006328 
-0.009002 -0.006678 -0.005557 -0.009734 
0.021920 0.010097 -0.016960 0.017170 
-0.025455 0.011475 0.015154 -0.023452 
-0.010384 -0.013092 0.004121 -0.016194 
0.011533 -0.003708 0.011935 0.002077 
-0.007916 -0.045944 0.030220 -0.035501 
0.012973 0.028188 -0.012126 -0.028563 
0.014390 -0.017074 0.016004 0.015572 
-0.027111 0.017784 0.031336 -0.008323 
0.017514 0.027066 -0.009300 -0.030868 
-0.016757 0.007010 -0.014003 -0.011568 
-0.034753 0.023702 -0.020809 0.036558 
0.030034 0.011189 -0.026480 -0.018057 
0.008221 -0.000848 0.008203 0.001007 
0.014092 0.028197 -0.010279 -0.029799 
-0.004393 -0.032679 -0.009925 0.031444 
-0.016289 0.033970 0.034559 0.015000 
-0.010172 0.003289 -0.010669 -0.000681 
0.001747 -0.013572 0.009275 -0.010061 
-0.019733 0.000810 -0.006346 -0.018702 
-0.011584 -0.009961 -0.001400 -0.015214 
-0.037350 0.010476 0.001148 0.038774 
-0.015306 -0.013012 0.008976 -0.017973 
0.008221 -0.013843 0.015837 -0.002900 
-0.007949 -0.000510 -0.007670 -0.002148 
0.008867 -0.011330 0.014024 -0.003210 
0.010824 0.032587 0.014044 -0.031335 
-0.007760 0.020520 -0.020406 -0.008056 
0.016361 0.009117 -0.001739 0.018649 
-0.000097 -0.021558 0.021537 -0.000960 
-0.010984 0.044749 -0.037497 0.026779 
0.026394 0.020288 -0.013170 -0.030575 
0.016802 0.015329 -0.017422 0.014621 
-0.002334 0.002353 -0.002417 0.002267 
0.024168 0.002706 -0.011415 0.021473 
-0.014811 0.005635 -0.014174 -0.007086 
0.019154 -0.010374 0.010525 0.019071 
-0.003441 0.003287 -0.003677 0.003022 
0.007523 0.003589 0.006513 0.005202 
0.033505 0.028193 0.032575 0.029262 
0.019970 0.023277 -0.020961 -0.022389 
-0.003957 -0.004839 -0.003303 -0.005307 
-0.034044 0.012529 0.024207 0.027018 
0.037448 0.010371 0.019673 -0.033509 
0.008049 0.016867 -0.012113 0.014232 
-0.028352 0.023969 0.028478 0.023820 
-0.021124 0.002589 -0.004247 -0.020854 
-0.022341 0.010761 0.000143 -0.024797 
0.017600 -0.016622 0.009369 0.022322 
-0.039387 0.006719 -0.014710 0.037150 
-0.029241 0.021878 0.029955 0.020891 
-0.039991 0.008695 -0.022773 0.034004 
0.001450 -0.003380 0.001599 -0.003312 
0.001473 0.014053 -0.007423 0.012023 
0.005364 0.001552 0.005176 0.002094 
-0.005767 0.000402 -0.005776 -0.000234 
0.028331 -0.010122 -0.026349 0.014519 
-0.030422 -0.018785 -0.001841 0.035707 
-0.017701 0.007848 -0.013244 -0.014126 
0.006527 0.010647 0.000453 0.012480 
0.037520 0.001627 -0.000884 -0.037545 
-0.025749 -0.018227 0.023029 0.021561 
-0.007574 0.017925 -0.019403 -0.001484 
0.020164 0.008619 -0.008881 0.020050 
0.013651 0.022082 -0.025843 -0.002471 
0.043430 0.004554 0.043441 0.004448 
0.013672 -0.026825 -0.009341 0.028622 
0.007221 -0.031932 -0.018783 0.026814 
-0.021215 -0.007525 0.009566 -0.020376 
-0.016302 -0.016409 0.019210 -0.012883 
-0.027367 0.008464 0.021179 -0.019289 
-0.034443 0.013747 0.019767 0.031378 
-0.005600 0.005927 -0.006754 0.004569 
0.008555 -0.006518 0.010366 -0.002869 
0.023375 -0.003185 -0.002985 0.023401 
0.010752 0.009885 0.001818 0.014492 
0.022042 0.004568 -0.006708 0.021488 
-0.002845 -0.008368 -0.000622 -0.008817 
0.005575 0.031424 0.001202 -0.031892 
0.005203 0.001813 0.004996 0.002324 
-0.012181 0.038272 0.024687 0.031681 
0.007069 0.025113 -0.024064 -0.010077 
-0.024644 0.005393 0.007696 -0.024025 
-0.019146 0.017606 -0.002233 -0.025914 
0.010339 -0.029879 -0.014717 0.027984 
-0.024314 0.000049 0.008889 -0.022630 
-0.016730 0.018902 -0.007900 -0.023974 
0.018003 -0.023340 -0.010857 0.027404 
-0.014828 0.015628 -0.016239 -0.014156 
0.003755 -0.021145 0.021311 0.002657 
-0.004263 -0.014021 0.005872 -0.013427 
0.012602 -0.003524 0.012534 0.003758 
-0.007080 -0.037681 -0.038279 0.002161 
-0.026953 0.024024 0.032907 0.014856 
-0.015143 -0.014827 0.013382 -0.016434 
0.005660 0.000788 0.005543 0.001391 
0.007515 -0.004289 0.008334 -0.002325 
-0.031202 0.010323 0.032712 0.003165 
-0.006126 0.009897 -0.009797 0.006284 
-0.024519 -0.015991 0.028298 0.007491 
-0.011789 0.041857 -0.009478 0.042440 
-0.002715 0.011045 -0.007038 0.008935 
-0.005339 0.001339 -0.005446 0.000800 
-0.000556 0.000164 -0.000556 0.000163 
-0.003265 -0.006196 -0.002225 -0.006641 
0.012826 0.024241 -0.025042 -0.011182 
-0.010206 -0.015981 0.010954 -0.015478 
0.014591 0.008691 0.001418 0.016924 
-0.009835 0.013266 -0.016504 0.000572 
-0.008677 -0.002459 -0.007717 -0.004668 
0.022634 0.007642 -0.014163 0.019238 
0.001631 -0.001135 0.001646 -0.001114 
0.001253 -0.003836 0.001457 -0.003764 
0.003283 -0.027650 0.012602 0.024830 
-0.024415 0.002469 0.007531 -0.023356 
-0.019317 0.016502 -0.003842 -0.025114 
0.006394 -0.010013 0.010204 -0.006084 
-0.011749 0.015153 -0.018320 -0.005661 
-0.024598 -0.021084 0.016843 0.027675 
-0.008285 -0.016988 0.012503 -0.014174 
-0.035577 0.008659 0.018674 0.031496 
0.037101 0.021062 0.041558 0.009647 
0.040663 0.010049 0.040454 -0.010858 
0.021232 -0.021766 -0.019042 0.023706 
0.025057 -0.021518 -0.031935 0.008429 
0.000034 -0.015164 0.010443 -0.010995 
0.008062 -0.006958 0.010046 -0.003536 
0.008432 -0.002005 0.008666 0.000121 
-0.004451 0.026042 -0.016475 -0.020653 
0.021082 -0.005548 0.005663 0.021052 
-0.007700 0.013504 -0.015036 0.003946 
0.006893 -0.030803 -0.011127 0.029539 
0.007992 -0.025460 0.012605 0.023520 
0.009572 -0.023961 0.013896 0.021741 
-0.029160 -0.004088 0.029130 -0.004299 
-0.004978 0.021057 -0.021191 -0.004371 
-0.004597 0.030501 0.004357 -0.030536 
0.021378 -0.025934 -0.032084 0.010010 
-0.040949 -0.008690 -0.039961 0.012467 
-0.010349 -0.003215 -0.008371 -0.006881 
0.006860 -0.022293 0.020246 0.011582 
0.013899 -0.020209 0.012980 0.020811 
-0.011557 -0.013910 0.006773 -0.016768 
-0.010914 0.029268 0.012995 -0.028405 
0.024943 0.001922 -0.013448 0.021095 
0.016544 -0.001718 0.011495 0.012022 
-0.007850 0.011893 -0.013534 0.004462 
0.022115 -0.004747 0.002194 0.022512 
-0.004254 -0.037166 -0.036530 0.008058 
-0.003782 0.039925 0.031201 0.025195 
0.022163 0.017419 -0.027906 -0.003985 
0.019754 -0.018298 -0.001887 0.026860 
-0.040312 -0.000259 -0.024297 0.032169 
0.016158 0.035868 0.039311 -0.001506 
0.018658 -0.016991 0.005310 0.024670 
0.013439 -0.023604 0.005237 0.026652 
0.033754 -0.016607 -0.018316 -0.032858 
0.041897 -0.009110 0.038752 -0.018349 
-0.020838 -0.019779 0.027119 0.009485 
-0.008446 0.006805 -0.010391 0.003109 
0.014218 -0.014954 0.017125 0.011511 
-0.021970 0.006016 -0.002933 -0.022589 
0.002857 0.010904 -0.001821 0.011124 
-0.015666 0.007026 -0.014643 -0.008964 
0.017185 0.019272 -0.025684 0.002656 
-0.008279 -0.017743 0.014396 -0.013271 
0.001490 0.010564 -0.002482 0.010376 
-0.012948 -0.011867 0.003267 -0.017257 
-0.029872 0.017279 0.033380 0.008756 
0.048686 -0.016496 -0.025669 0.044537 
-0.026188 -0.021529 0.008015 0.032941 
-0.025320 -0.024953 -0.008046 0.034627 
-0.048992 -0.006699 0.016283 -0.046690 
-0.010043 0.040318 0.014350 0.038994 
-0.000579 -0.008874 0.001726 -0.008724 
0.011587 0.008024 0.004311 0.013419 
0.007858 -0.002402 0.008195 -0.000609 
0.001834 0.016517 -0.011911 0.011589 
-0.034594 0.019374 0.001774 0.039610 
-0.008269 0.001901 -0.008484 -0.000095 
0.013366 0.016428 -0.015109 0.014840 
0.004145 -0.029091 0.004567 0.029027 
-0.008635 -0.030542 0.003142 0.031583 
-0.006998 0.005237 -0.008082 0.003330 
0.021893 0.012474 -0.021707 0.012794 
0.004325 -0.037067 -0.037316 0.000346 
-0.038345 0.014104 -0.017148 0.037083 
-0.024742 0.003029 0.008637 -0.023382 
-0.013611 0.010707 -0.016432 -0.005469 
0.013316 -0.003329 0.012769 0.005035 
-0.002767 0.013209 -0.009741 0.009340 
-0.011801 -0.018806 0.019402 -0.010793 
0.003873 -0.003523 0.004175 -0.003160 
-0.012712 0.006834 -0.014166 -0.002766 
0.014265 0.032131 0.017200 -0.030660 
0.012774 -0.003535 0.012628 0.004026 
0.002903 0.027995 -0.016714 -0.022645 
0.032449 0.003861 -0.028771 -0.015493 
-0.008310 -0.011780 0.001010 -0.014381 
-0.006274 0.042499 0.002489 0.042887 
0.015118 -0.001594 0.012045 0.009274 
-0.023532 0.021506 0.027429 -0.016245 
-0.012806 0.016184 -0.018097 -0.009920 
-0.003421 0.004289 -0.003828 0.003929 
-0.013437 0.010703 -0.016415 -0.005068 
0.021331 -0.007599 0.005034 0.022077 
0.036655 -0.002974 -0.012225 -0.034684 
0.008224 -0.003261 0.008784 -0.001056 
-0.007087 0.006227 -0.008584 0.003913 
-0.005795 0.005995 -0.007005 0.004523 
0.015744 -0.003530 0.012971 0.009595 
-0.014386 0.006639 -0.014627 -0.006089 
0.028210 -0.002023 -0.023679 0.015466 
0.011462 0.005004 0.007509 0.010001 
0.023451 0.008292 -0.017964 0.017205 
0.010540 0.003601 0.008241 0.007493 
-0.012688 0.004164 -0.012869 -0.003564 
-0.007973 -0.000055 -0.007787 -0.001711 
-0.016818 0.035243 0.028423 0.026779 
0.043429 0.009775 0.039788 0.019964 
0.020368 -0.004680 0.007324 0.019574 
0.034742 -0.010982 -0.021926 -0.029101 
0.003670 0.003408 0.003376 0.003700 
0.005255 0.028990 -0.013129 -0.026376 
0.038442 -0.008920 0.007421 -0.038759 
-0.024550 -0.006162 0.017897 -0.017899 
0.011136 0.011977 -0.002151 0.016212 
0.010930 -0.021223 0.016940 0.016821 
0.009021 -0.003480 0.009651 -0.000582 
0.016033 -0.001433 0.011620 0.011139 
-0.001714 -0.021194 0.020983 -0.003438 
-0.006041 -0.017550 0.013355 -0.012889 
-0.023141 0.004664 0.001551 -0.023555 
0.001225 -0.011405 0.005901 -0.009836 
-0.007867 -0.003294 -0.006861 -0.005067 
0.007701 -0.008045 0.010263 -0.004324 
0.000634 -0.018833 0.017584 -0.006773 
-0.006279 0.008795 -0.009121 0.005796 
0.012893 -0.011021 0.016474 0.004038 
0.002651 -0.015543 0.013163 -0.008681 
0.023680 0.012206 -0.025220 0.008582 
-0.011032 -0.008932 -0.003189 -0.013831 
0.028602 -0.019922 -0.033758 -0.008682 
-0.004690 -0.007659 -0.002515 -0.008622 
0.011946 0.013764 -0.006747 0.016930 
-0.004951 -0.010725 0.000321 -0.011809 
-0.005357 0.029310 -0.001095 -0.029775 
-0.019954 0.011318 -0.007941 -0.021522 
-0.012856 0.001338 -0.011658 -0.005582 
0.010950 0.014115 -0.006814 0.016514 
-0.002708 0.026932 -0.015906 -0.021901 
0.023662 -0.016181 -0.014639 0.024646 
-0.016982 0.001934 -0.011296 -0.012827 
0.002977 0.003759 0.002684 0.003973 
-0.016713 0.015011 -0.013423 -0.018013 
0.034211 -0.000437 -0.026142 -0.022071 
0.023609 -0.025444 -0.034710 -0.000136 
0.006951 -0.001930 0.007178 -0.000716 
0.017214 0.013724 -0.014161 0.016857 
0.004085 0.020157 -0.019119 0.007581 
0.027069 0.029747 0.039917 -0.004921 
0.013151 -0.031427 -0.030006 0.016132 
0.014681 -0.001721 0.012175 0.008383 
-0.016161 0.005526 -0.013787 -0.010081 
-0.002028 -0.017311 0.013478 -0.011051 
0.022859 -0.022718 -0.028239 0.015531 
0.007573 0.003619 0.006538 0.005263 
-0.001629 0.016947 -0.014772 0.008463 
0.025800 -0.015111 -0.022345 0.019868 
-0.018953 -0.015671 0.022052 -0.010887 
-0.027877 -0.011158 0.029375 0.006224 
-0.025619 0.012141 0.016790 -0.022843 
0.008665 -0.011840 0.014285 -0.003345 
-0.001326 0.008236 -0.003163 0.007719 
0.035212 0.007548 -0.008203 -0.035065 
-0.022654 -0.029435 -0.025226 0.027263 
-0.005094 0.026377 -0.014583 -0.022561 
0.016562 -0.011996 0.014954 0.013950 
-0.007303 -0.001958 -0.006807 -0.003290 
0.017901 0.019378 -0.026373 0.000640 
-0.003314 -0.031314 -0.000597 0.031484 
-0.020408 0.002590 -0.006141 -0.019634 
-0.006470 0.018699 -0.019760 -0.001026 
0.020572 0.017727 -0.027156 0.000039 
-0.010058 0.016342 -0.018830 -0.003696 
-0.017969 -0.008611 0.003642 -0.019590 
-0.017650 -0.008417 0.002606 -0.019380 
-0.004297 0.012157 -0.009998 0.008142 
-0.001195 -0.015383 0.010017 -0.011735 
0.003834 0.004594 0.003267 0.005013 
0.021349 0.010894 -0.017080 0.016815 
0.008919 -0.025894 0.009117 0.025825 
0.032184 -0.002463 -0.031544 -0.006843 
0.012652 0.009205 0.002113 0.015503 
-0.026293 0.008056 0.016041 -0.022337 
0.035922 -0.015181 -0.004006 -0.038792 
-0.003966 -0.002724 -0.003747 -0.003019 
0.021133 0.026068 -0.003800 -0.033343 
0.003861 -0.002041 0.003981 -0.001795 
-0.003165 0.006124 -0.004081 0.005556 
-0.000901 0.003830 -0.001095 0.003779 
0.046202 0.009438 0.015204 0.044638 
0.007829 -0.040936 -0.015184 -0.038813 
0.008147 -0.004831 0.009201 -0.002249 
-0.015448 -0.032727 -0.024164 0.026940 
0.001823 -0.007388 0.003191 -0.006909 
0.019581 0.000116 0.005824 0.018695 
0.002124 -0.015376 0.012451 -0.009269 
0.006357 0.000390 0.006248 0.001233 
-0.029488 -0.002065 0.029007 -0.005689 
0.039596 0.017066 0.041807 0.010550 
0.001855 -0.020893 0.020964 -0.000695 
0.013803 -0.007060 0.014722 0.004861 
0.018755 -0.017161 0.004631 0.024996 
-0.027363 -0.016812 0.022226 0.023181 
-0.022416 0.014131 0.004731 -0.026073 
-0.002124 -0.000735 -0.002112 -0.000771 
0.002894 -0.001381 0.002939 -0.001283 
0.009933 -0.020657 0.018815 0.013092 
-0.006149 0.026263 -0.013292 -0.023470 
0.012531 -0.022232 0.011856 0.022599 
-0.012727 -0.003543 -0.008755 -0.009894 
0.004918 -0.027842 0.009265 0.026712 
-0.000761 -0.012461 0.005457 -0.011228 
-0.001657 0.005608 -0.002277 0.005387 
-0.024283 0.004533 0.006220 -0.023907 
0.007593 0.016641 -0.011414 0.014293 
-0.022280 -0.016902 0.027869 0.002330 
0.005071 -0.002249 0.005273 -0.001724 
0.018176 0.007841 -0.002511 0.019636 
0.020730 -0.019668 -0.010059 0.026747 
0.007229 -0.011210 0.012222 -0.005342 
-0.003325 0.009160 -0.005982 0.007693 
0.005611 -0.001100 0.005697 -0.000490 
-0.011328 0.015813 -0.018600 -0.005695 
0.009449 -0.013471 0.016417 -0.001107 
0.006001 0.007842 0.003218 0.009335 
-0.011695 0.023398 -0.010772 -0.023837 
-0.027379 0.005938 0.020113 -0.019502 
-0.021151 -0.012994 0.021018 -0.013208 
-0.002439 -0.019730 0.018372 -0.007596 
-0.023701 -0.028231 -0.021870 0.029672 
-0.002984 0.015591 -0.013518 0.008321 
0.034816 -0.020315 0.004476 -0.040060 
0.011197 -0.012759 0.016893 0.001671 
0.017498 0.011483 -0.009155 0.018821 
0.029722 0.000509 -0.029050 0.006309 
-0.023893 -0.037124 -0.018612 -0.040034 
-0.011410 -0.014047 0.006990 -0.016693 
0.007535 -0.013923 0.015342 -0.003905 
-0.026056 -0.047041 0.021232 0.049406 
0.009152 0.030243 -0.004627 -0.031257 
0.024095 -0.020172 -0.026179 0.017382 
0.008832 -0.030551 -0.014428 0.028340 
-0.006729 0.001118 -0.006821 0.000077 
0.008670 0.014433 -0.006445 0.015555 
0.037250 0.003366 -0.000546 -0.037398 
-0.025643 -0.025283 -0.011917 0.033982 
-0.025304 -0.002499 0.015532 -0.020132 
0.007102 0.001891 0.006655 0.003118 
-0.019532 -0.039998 -0.009345 -0.043520 
-0.003996 0.015174 -0.013753 0.007555 
0.030481 -0.006360 -0.030769 0.004773 
0.008594 -0.048093 0.048028 0.008947 
-0.052787 -0.004487 0.052735 -0.005062 
-0.012995 0.041094 -0.006085 0.042669 
-0.027357 0.002592 0.020127 -0.018709 
-0.021651 -0.009733 0.015431 -0.018038 
-0.000415 -0.009679 0.002549 -0.009346 
0.010419 -0.003921 0.011119 0.000537 
-0.005917 -0.012668 0.002872 -0.013684 
-0.001424 0.002694 -0.001506 0.002649 
-0.025279 0.021337 0.032145 -0.007811 
-0.012105 0.027758 0.008662 -0.029017 
0.025903 0.019569 -0.018172 -0.026902 
0.006844 0.003288 0.006101 0.004521 
-0.005970 -0.007381 -0.003550 -0.008805 
0.011291 -0.014034 0.017736 0.003141 
-0.019107 0.010734 -0.010519 -0.019227 
0.010575 0.000504 0.009681 0.004286 
-0.014372 -0.023970 0.025020 0.012454 
0.025074 0.022035 -0.010544 -0.031671 
-0.001838 -0.022783 0.022802 0.001588 
0.001944 0.005836 0.001204 0.006033 
-0.033040 0.012879 0.028681 0.020855 
0.003522 0.003636 0.003203 0.003920 
0.014321 -0.004880 0.013780 0.006245 
0.002084 -0.004309 0.002403 -0.004140 
0.012102 0.018455 -0.018848 0.011480 
0.027503 -0.027857 -0.017263 -0.035134 
0.013292 -0.017069 0.017450 0.012788 
-0.015258 -0.004801 -0.006569 -0.014584 
0.031125 0.020374 0.015349 -0.033886 
0.020955 0.006700 -0.007189 0.020793 
0.042293 -0.023790 0.027832 0.039749 
