-0.011200 0.001266 -0.010852 -0.003044 
0.006405 -0.006494 0.007826 -0.004686 
-0.017007 -0.005374 -0.005239 -0.017050 
-0.012310 -0.000203 -0.010937 -0.005653 
-0.007983 0.003633 -0.008607 0.001685 
-0.006942 0.003649 -0.007499 0.002296 
0.009808 0.002218 0.008678 0.005080 
0.008736 -0.005774 0.010144 -0.002599 
-0.010584 -0.008145 -0.004867 -0.012437 
-0.003941 -0.010261 0.000004 -0.010992 
0.008005 -0.012519 0.014053 -0.004829 
0.004093 -0.011747 0.008970 -0.008618 
0.003289 -0.001427 0.003343 -0.001298 
0.000612 0.010941 -0.003332 0.010439 
0.006447 -0.006842 0.008032 -0.004886 
-0.003700 0.001586 -0.003773 0.001402 
0.007506 -0.004648 0.008387 -0.002757 
0.015038 -0.002877 0.013262 0.007651 
0.009307 -0.009456 0.012827 -0.003391 
0.004204 0.000560 0.004167 0.000789 
-0.002440 0.004249 -0.002743 0.004059 
-0.006551 -0.002804 -0.006042 -0.003777 
0.003795 -0.004764 0.004307 -0.004307 
-0.000514 -0.013218 0.006258 -0.011654 
0.004185 0.007546 0.002386 0.008292 
0.008011 0.001568 0.007532 0.003147 
-0.005103 0.005806 -0.006067 0.004789 
0.006443 0.016269 -0.009196 0.014887 
0.009920 0.001847 0.008887 0.004779 
-0.007239 -0.008297 -0.003766 -0.010347 
0.001079 0.007399 -0.000188 0.007475 
0.000043 -0.013931 0.007783 -0.011554 
-0.015711 0.004403 -0.014031 -0.008328 
-0.004795 0.003946 -0.005223 0.003358 
-0.007766 -0.007336 -0.004811 -0.009539 
0.002828 -0.000192 0.002832 -0.000123 
-0.002547 -0.004873 -0.002089 -0.005086 
-0.004084 0.010407 -0.007650 0.008152 
0.004218 0.010135 0.000310 0.010973 
0.002105 0.012141 -0.003521 0.011809 
-0.005898 -0.009128 -0.002316 -0.010618 
-0.004482 0.017929 -0.017719 0.005250 
0.001303 0.007788 -0.000187 0.007894 
0.012050 -0.007028 0.013922 0.000883 
0.003036 -0.005260 0.003605 -0.004887 
0.009594 -0.007036 0.011654 -0.002395 
-0.006628 -0.007533 -0.004052 -0.009180 
0.001048 -0.007936 0.002564 -0.007583 
-0.003978 0.000276 -0.003987 0.000083 
0.007933 0.002400 0.007263 0.003992 
-0.001627 -0.006694 -0.000648 -0.006859 
0.012968 0.011209 -0.000595 0.017131 
0.008284 -0.007540 0.010495 -0.003916 
-0.006807 -0.005378 -0.005411 -0.006781 
0.006341 0.010762 0.000728 0.012470 
0.007503 -0.005988 0.008866 -0.003682 
0.009571 -0.017466 0.019733 0.002696 
-0.018928 -0.005125 -0.002697 -0.019423 
0.000533 -0.006267 0.001281 -0.006157 
-0.001762 -0.010834 0.002233 -0.010747 
-0.009444 0.000091 -0.009123 -0.002441 
0.003251 -0.001907 0.003330 -0.001765 
0.007546 -0.005582 0.008754 -0.003387 
0.006768 0.001606 0.006460 0.002580 
0.000014 0.007679 -0.001355 0.007558 
0.008263 -0.000940 0.008277 0.000804 
-0.010673 0.002270 -0.010785 -0.001654 
0.008303 -0.002245 0.008594 -0.000338 
0.000307 -0.010163 0.003432 -0.009571 
0.001689 0.002983 0.001582 0.003042 
0.006977 0.012207 -0.001144 0.014014 
0.000662 -0.018372 0.016064 -0.008940 
0.002391 -0.009905 0.005346 -0.008674 
0.001122 0.001564 0.001104 0.001577 
0.010562 0.004002 0.008266 0.007697 
-0.002053 -0.007105 -0.000850 -0.007347 
-0.000141 0.010471 -0.003559 0.009849 
0.003893 0.010374 -0.000156 0.011079 
-0.000621 0.006362 -0.001405 0.006236 
0.007465 -0.003188 0.007949 -0.001640 
-0.004817 -0.003466 -0.004419 -0.003960 
0.005355 0.003360 0.004909 0.003984 
0.009472 0.003862 0.007790 0.006629 
0.002234 -0.005170 0.002721 -0.004931 
-0.003687 0.004337 -0.004096 0.003954 
0.005164 -0.005449 0.006018 -0.004489 
0.011879 -0.010588 0.015899 0.000658 
-0.018295 -0.005467 -0.003279 -0.018811 
-0.013677 -0.006435 -0.006394 -0.013696 
-0.008188 -0.000942 -0.007821 -0.002600 
0.000047 0.010123 -0.003057 0.009651 
0.006462 0.005360 0.005175 0.006611 
0.004731 0.002257 0.004526 0.002644 
-0.012749 -0.003523 -0.009204 -0.009500 
-0.004133 0.005054 -0.004751 0.004478 
0.001208 -0.002891 0.001294 -0.002853 
0.005122 0.002616 0.004834 0.003117 
0.002280 -0.003274 0.002436 -0.003160 
0.006107 0.000596 0.005999 0.001290 
0.004320 -0.007339 0.005819 -0.006217 
-0.012467 -0.003253 -0.009342 -0.008873 
-0.008833 0.005638 -0.010192 0.002435 
-0.003944 -0.000111 -0.003934 -0.000298 
-0.000200 -0.005296 0.000252 -0.005294 
0.001997 0.001327 0.001973 0.001362 
-0.002792 -0.002485 -0.002685 -0.002601 
0.010770 0.009560 0.003069 0.014070 
0.003688 0.003696 0.003369 0.003988 
-0.008634 0.003905 -0.009367 0.001434 
-0.006560 -0.002724 -0.006067 -0.003694 
-0.008518 0.003225 -0.009053 0.000999 
0.005114 0.000087 0.005091 0.000493 
-0.010993 -0.003789 -0.008565 -0.007864 
-0.014175 -0.001732 -0.010534 -0.009642 
0.000278 0.014128 -0.007827 0.011765 
0.016067 -0.007613 0.015447 0.008804 
0.008644 0.000746 0.008250 0.002686 
0.007486 0.012140 -0.000935 0.014232 
0.009309 -0.007846 0.011796 -0.003012 
-0.001581 -0.009898 0.001467 -0.009916 
-0.008421 -0.002257 -0.007680 -0.004125 
-0.003432 0.005103 -0.003994 0.004676 
-0.004699 0.004952 -0.005351 0.004239 
-0.000034 0.010816 -0.003797 0.010128 
0.016260 -0.006126 0.014748 0.009188 
0.003172 -0.003613 0.003418 -0.003381 
-0.005539 0.002327 -0.005761 0.001707 
-0.004078 -0.009972 -0.000382 -0.010767 
-0.005831 0.006093 -0.007002 0.004700 
0.008369 0.002591 0.007544 0.004455 
-0.001004 -0.005323 -0.000526 -0.005391 
0.007261 -0.000750 0.007287 0.000430 
0.001008 -0.009222 0.003358 -0.008648 
-0.000266 -0.004264 -0.000029 -0.004272 
-0.003936 0.004455 -0.004391 0.004008 
-0.016317 -0.007047 -0.003587 -0.017408 
-0.017016 0.003296 -0.013014 -0.011447 
0.011320 0.011246 0.000239 0.015955 
0.011576 -0.009611 0.015046 -0.000076 
0.014543 -0.003445 0.013483 0.006448 
-0.002207 -0.008407 -0.000236 -0.008689 
-0.004439 0.003152 -0.004705 0.002740 
-0.005075 -0.007769 -0.002893 -0.008817 
-0.006845 -0.005234 -0.005501 -0.006633 
-0.003950 0.010767 -0.007829 0.008381 
-0.007427 0.004496 -0.008254 0.002692 
0.001767 0.008497 -0.000207 0.008676 
0.006130 -0.000760 0.006176 -0.000046 
-0.002444 0.003937 -0.002695 0.003769 
-0.001361 -0.003327 -0.001229 -0.003378 
-0.003288 0.004559 -0.003710 0.004222 
-0.001570 0.004328 -0.001846 0.004218 
-0.001469 0.009738 -0.004234 0.008891 
-0.000325 -0.002194 -0.000292 -0.002199 
-0.002701 0.011885 -0.007614 0.009517 
-0.009513 0.005447 -0.010831 0.001691 
-0.010369 -0.000262 -0.009736 -0.003577 
0.003788 0.003098 0.003553 0.003365 
-0.018482 -0.000106 -0.009297 -0.015974 
-0.011717 0.005391 -0.012862 -0.000956 
0.000594 0.005416 0.000104 0.005448 
0.001162 -0.020636 0.020186 -0.004440 
-0.017869 -0.006094 -0.002990 -0.018642 
-0.015736 0.005705 -0.014661 -0.008075 
-0.008191 0.015287 -0.017108 0.002847 
0.001474 0.007699 0.000019 0.007839 
0.012459 -0.008184 0.014841 0.001399 
-0.004893 -0.005631 -0.003876 -0.006375 
0.006169 0.003652 0.005526 0.004567 
0.003557 -0.005148 0.004143 -0.004690 
-0.005046 -0.014249 0.005240 -0.014179 
-0.002944 0.002113 -0.003026 0.001994 
0.000248 -0.018700 0.016459 -0.008880 
-0.005712 -0.011986 0.001207 -0.013223 
-0.009119 0.007142 -0.011203 0.002942 
0.000514 0.006453 -0.000310 0.006466 
-0.006245 0.016490 -0.017021 0.004602 
0.005021 0.019167 -0.015962 0.011739 
0.002957 0.011790 -0.002454 0.011905 
-0.008754 0.011462 -0.013834 0.004076 
0.011553 0.011890 -0.001062 0.016545 
-0.003728 -0.021225 0.020362 -0.007056 
-0.002685 -0.009813 0.000482 -0.010162 
-0.001713 -0.018777 0.015755 -0.010358 
-0.013544 -0.001847 -0.010426 -0.008840 
0.000445 0.000906 0.000443 0.000908 
0.002898 -0.006043 0.003693 -0.005593 
0.005446 -0.015150 0.014578 -0.006831 
-0.007768 -0.015256 0.006974 -0.015635 
-0.001320 -0.005107 -0.000884 -0.005200 
-0.001622 0.008733 -0.003650 0.008098 
0.010451 0.001618 0.009314 0.005009 
-0.004779 -0.004237 -0.004219 -0.004795 
-0.002906 0.002190 -0.002991 0.002071 
-0.000914 -0.001837 -0.000891 -0.001848 
-0.019572 -0.001867 -0.005832 -0.018776 
-0.000965 0.009972 -0.003915 0.009222 
0.003172 0.002315 0.003060 0.002461 
0.004355 0.015607 -0.008130 0.014016 
0.015087 0.002033 0.010182 0.011317 
-0.004633 0.000461 -0.004653 0.000155 
0.009191 -0.001776 0.009334 0.000705 
-0.006933 -0.016839 0.010538 -0.014852 
-0.002786 -0.003027 -0.002626 -0.003166 
-0.002302 -0.004479 -0.001951 -0.004643 
-0.004148 0.004632 -0.004663 0.004114 
-0.001103 -0.008111 0.000560 -0.008166 
-0.002453 0.012332 -0.007875 0.009803 
0.007200 0.006081 0.005318 0.007781 
-0.003318 0.004902 -0.003821 0.004521 
0.004135 0.008769 0.001497 0.009578 
-0.000578 -0.003654 -0.000426 -0.003674 
-0.001047 0.008026 -0.002613 0.007661 
-0.002348 -0.004269 -0.002034 -0.004427 
-0.010231 -0.008809 -0.004069 -0.012873 
-0.008784 -0.000141 -0.008511 -0.002178 
0.013595 0.005398 0.007555 0.012526 
0.005364 -0.006230 0.006521 -0.005006 
-0.010521 -0.001595 -0.009367 -0.005051 
0.007831 0.014399 -0.005127 0.015568 
0.006877 -0.002547 0.007199 -0.001395 
-0.001849 0.003281 -0.001988 0.003198 
-0.011422 0.014307 -0.018173 -0.002215 
-0.000133 0.008694 -0.002110 0.008435 
-0.010719 -0.000714 -0.009822 -0.004353 
-0.005043 0.003980 -0.005502 0.003318 
-0.006169 -0.004562 -0.005259 -0.005587 
-0.002864 0.002485 -0.002969 0.002357 
-0.005524 0.005534 -0.006451 0.004419 
0.005261 -0.004586 0.005879 -0.003760 
-0.006576 -0.005884 -0.005014 -0.007262 
-0.002006 -0.002850 -0.001899 -0.002922 
0.010838 0.004924 0.007793 0.008998 
0.003473 -0.000402 0.003485 -0.000273 
-0.008073 -0.001945 -0.007492 -0.003582 
-0.009717 0.003625 -0.010366 0.000314 
-0.004066 -0.002576 -0.003875 -0.002855 
-0.010130 0.015960 -0.018842 -0.001522 
0.002347 0.007186 0.001071 0.007484 
-0.008122 -0.002229 -0.007457 -0.003914 
-0.007115 -0.003955 -0.006180 -0.005298 
0.011272 0.012617 -0.002372 0.016752 
0.010362 -0.000855 0.010084 0.002534 
0.001442 0.006939 0.000370 0.007077 
0.006798 0.003611 0.006042 0.004770 
0.005666 -0.002623 0.005936 -0.001935 
-0.008011 0.007862 -0.010368 0.004301 
0.005882 0.001977 0.005611 0.002651 
-0.003245 -0.009322 -0.000384 -0.009863 
-0.004804 -0.001245 -0.004698 -0.001601 
0.015403 0.003304 0.008965 0.012953 
0.007739 -0.008017 0.010148 -0.004602 
-0.000871 -0.008800 0.001225 -0.008758 
-0.016382 0.008544 -0.015688 -0.009759 
-0.002527 0.012985 -0.008762 0.009911 
0.014104 0.008253 0.003724 0.015912 
0.010270 0.002611 0.008805 0.005897 
0.018634 0.003025 0.006064 0.017877 
0.008526 -0.007177 0.010571 -0.003530 
0.003135 0.000694 0.003112 0.000792 
-0.008262 -0.012922 0.002230 -0.015175 
-0.004098 0.001944 -0.004212 0.001685 
-0.007036 -0.013048 0.002555 -0.014603 
-0.009731 -0.003302 -0.008193 -0.006202 
-0.003355 -0.005681 -0.002577 -0.006073 
0.004432 -0.002020 0.004566 -0.001695 
-0.002570 0.007835 -0.004123 0.007142 
0.011723 0.006962 0.006175 0.012156 
0.008060 -0.006666 0.009795 -0.003671 
0.000964 -0.010232 0.004143 -0.009405 
-0.015504 -0.006249 -0.005552 -0.015767 
-0.009259 0.017024 -0.019334 -0.001326 
0.020769 -0.004714 0.008602 0.019483 
0.000248 -0.010677 0.003860 -0.009958 
-0.004682 0.004751 -0.005280 0.004077 
0.005853 0.005040 0.004849 0.006013 
0.000569 0.004111 0.000354 0.004135 
0.003579 -0.006302 0.004535 -0.005653 
-0.012853 -0.004903 -0.008119 -0.011105 
-0.007462 0.007340 -0.009451 0.004498 
0.001914 0.011243 -0.002562 0.011113 
0.011616 -0.014955 0.018633 0.003374 
-0.009652 -0.011550 -0.000115 -0.015052 
-0.008260 -0.017617 0.012710 -0.014732 
0.001469 -0.006346 0.002273 -0.006105 
0.006820 -0.013642 0.014046 -0.005945 
-0.004585 -0.000305 -0.004556 -0.000599 
0.007329 -0.006007 0.008676 -0.003810 
-0.003654 -0.005972 -0.002728 -0.006448 
0.004282 -0.000470 0.004301 -0.000228 
0.004928 0.011682 -0.001130 0.012628 
0.010201 0.000436 0.009557 0.003592 
0.003255 -0.006018 0.004076 -0.005496 
0.001904 -0.003021 0.002020 -0.002945 
0.003180 -0.012592 0.008946 -0.009415 
-0.011215 0.007331 -0.013391 0.000448 
0.014007 0.006534 0.006139 0.014184 
0.002788 -0.000723 0.002806 -0.000652 
-0.007178 0.014288 -0.015135 0.005157 
0.006737 0.017583 -0.012293 0.014262 
0.002414 0.004291 0.002092 0.004457 
-0.007867 0.008644 -0.010684 0.004738 
0.014190 0.000279 0.011453 0.008381 
-0.002976 -0.016390 0.010260 -0.013124 
-0.013390 -0.007395 -0.005320 -0.014342 
-0.007952 -0.000060 -0.007794 -0.001578 
-0.003421 0.004431 -0.003827 0.004085 
0.006340 0.016325 -0.009324 0.014824 
0.010905 0.001573 0.009604 0.005399 
0.000955 -0.013559 0.008026 -0.010970 
-0.004611 -0.005621 -0.003653 -0.006286 
0.000887 0.009306 -0.001586 0.009212 
0.008825 0.004254 0.007229 0.006612 
0.006474 -0.013741 0.013811 -0.006324 
-0.000469 -0.002159 -0.000437 -0.002166 
0.013416 -0.002340 0.012591 0.005188 
0.003362 -0.003915 0.003667 -0.003631 
-0.003913 -0.007441 -0.002238 -0.008104 
-0.007846 -0.000894 -0.007538 -0.002356 
0.003237 0.004587 0.002784 0.004875 
0.012114 -0.009414 0.015319 0.000837 
0.003150 0.003371 0.002925 0.003568 
-0.003501 0.000725 -0.003526 0.000589 
0.003888 0.003628 0.003562 0.003948 
0.004495 0.002607 0.004266 0.002966 
0.013004 -0.013759 0.018218 0.005150 
-0.012980 -0.002714 -0.009789 -0.008946 
-0.006801 0.004197 -0.007482 0.002806 
-0.014246 0.002875 -0.013132 -0.006225 
-0.004701 0.002479 -0.004896 0.002067 
-0.002522 -0.004637 -0.002121 -0.004833 
0.010125 -0.009957 0.014010 -0.002322 
0.006993 -0.008917 0.009859 -0.005587 
0.008179 -0.007266 0.010229 -0.003881 
-0.000817 -0.001366 -0.000807 -0.001372 
0.007746 0.005499 0.005968 0.007390 
0.005164 0.006467 0.003716 0.007394 
0.001452 -0.003770 0.001637 -0.003693 
0.005855 0.004214 0.005119 0.005084 
0.000990 0.005387 0.000495 0.005455 
-0.003149 0.015616 -0.013142 0.009004 
0.006717 0.003194 0.006088 0.004273 
-0.005284 -0.014050 0.004791 -0.014225 
-0.010300 0.007823 -0.012805 0.001821 
0.010280 0.009818 0.002745 0.013948 
0.013378 -0.010422 0.016578 0.003568 
-0.015600 -0.005491 -0.006460 -0.015224 
-0.013660 0.006950 -0.014875 -0.003688 
0.008459 0.013389 -0.003126 0.015526 
0.011530 -0.014605 0.018400 0.002773 
-0.014194 -0.008633 -0.003068 -0.016327 
-0.007380 0.005766 -0.008637 0.003619 
0.012300 -0.008275 0.014782 0.001118 
-0.004090 -0.003583 -0.003752 -0.003935 
-0.003254 -0.005808 -0.002445 -0.006192 
-0.010978 0.010006 -0.014819 0.001019 
-0.012065 0.007282 -0.014067 -0.000851 
0.017728 0.008266 -0.000549 0.019553 
0.005627 -0.000971 0.005695 -0.000410 
0.011449 0.009083 0.003632 0.014156 
0.009530 0.004587 0.007456 0.007501 
-0.001940 -0.021243 0.020505 -0.005880 
0.001207 -0.006595 0.002093 -0.006369 
0.007127 -0.018668 0.019981 0.000142 
0.003489 -0.017607 0.016559 -0.006927 
-0.010728 -0.004849 -0.007808 -0.008811 
0.007066 0.005380 0.005587 0.006904 
0.002069 -0.002879 0.002177 -0.002798 
0.000305 0.011545 -0.004272 0.010730 
0.009125 -0.005227 0.010338 -0.001926 
-0.000510 -0.005281 -0.000057 -0.005305 
-0.009049 -0.002076 -0.008203 -0.004348 
-0.002427 0.006368 -0.003298 0.005963 
0.009285 -0.002753 0.009684 -0.000031 
0.010499 0.002692 0.008897 0.006191 
-0.002011 -0.003126 -0.001878 -0.003208 
0.005633 0.007948 0.003140 0.009222 
0.004396 -0.006550 0.005549 -0.005607 
-0.010602 -0.002654 -0.008969 -0.006245 
-0.004994 0.000292 -0.005002 -0.000088 
0.008696 -0.009714 0.012358 -0.004153 
-0.005418 0.000510 -0.005442 0.000021 
0.012586 0.000810 0.010768 0.006567 
0.016666 -0.007651 0.015223 0.010225 
0.004336 0.001230 0.004252 0.001495 
0.018291 -0.004306 0.012518 0.014015 
0.010448 -0.004342 0.011315 -0.000055 
0.013582 0.005800 0.007138 0.012930 
0.006398 0.001628 0.006127 0.002458 
0.004139 0.005917 0.003154 0.006496 
0.004495 0.001025 0.004419 0.001313 
0.003646 -0.003571 0.003917 -0.003272 
0.005020 0.001141 0.004912 0.001541 
-0.003438 0.001042 -0.003476 0.000906 
-0.003242 -0.009979 0.000214 -0.010490 
-0.004835 0.002664 -0.005060 0.002206 
-0.003080 -0.000289 -0.003071 -0.000379 
0.006447 0.001536 0.006185 0.002380 
-0.004840 0.010730 -0.008803 0.007815 
0.000071 0.002504 0.000024 0.002504 
0.002038 -0.002119 0.002093 -0.002064 
0.000054 -0.008935 0.002199 -0.008661 
0.008556 0.013156 -0.002682 0.015463 
0.011406 -0.010159 0.015272 -0.000286 
0.014705 -0.004803 0.014179 0.006186 
-0.009333 -0.012999 0.002476 -0.015809 
-0.002432 0.013652 -0.009559 0.010046 
0.013359 0.008067 0.004425 0.014966 
0.006247 0.006561 0.004434 0.007900 
-0.000294 0.005375 -0.000765 0.005328 
0.008622 0.000889 0.008197 0.002818 
0.001317 -0.013829 0.008749 -0.010790 
-0.001818 -0.002725 -0.001728 -0.002783 
0.013958 0.009025 0.002604 0.016417 
0.002893 0.003257 0.002701 0.003418 
0.019160 -0.001483 0.009647 0.016621 
0.009841 -0.014271 0.017310 -0.000935 
0.007821 -0.005840 0.009163 -0.003365 
-0.001751 -0.002866 -0.001652 -0.002924 
-0.005847 0.004738 -0.006571 0.003667 
-0.002498 0.005665 -0.003139 0.005336 
0.006308 0.007889 0.003601 0.009437 
0.005923 -0.013490 0.012948 -0.007031 
0.005874 -0.011386 0.010605 -0.007189 
0.004154 -0.002447 0.004316 -0.002148 
0.008701 -0.002048 0.008938 0.000104 
-0.014811 -0.002425 -0.009942 -0.011243 
0.003249 -0.001456 0.003302 -0.001330 
-0.009494 -0.013304 0.003117 -0.016044 
-0.001461 0.000421 -0.001464 0.000411 
0.014826 -0.009289 0.016309 0.006332 
-0.008730 -0.001951 -0.008003 -0.003995 
0.001768 0.008194 -0.000009 0.008382 
0.009541 0.004455 0.007532 0.007359 
0.009071 -0.004882 0.010151 -0.001756 
0.019700 -0.000239 0.007735 0.018120 
-0.006399 -0.008026 -0.003548 -0.009632 
-0.002364 0.001243 -0.002390 0.001191 
0.004772 0.005661 0.003767 0.006374 
0.016239 -0.006620 0.014974 0.009127 
0.005161 -0.017870 0.018075 -0.004392 
0.005843 -0.000114 0.005823 0.000492 
-0.003315 0.004945 -0.003827 0.004560 
-0.005759 -0.004340 -0.005004 -0.005193 
0.005957 0.001134 0.005794 0.001791 
0.000759 -0.005978 0.001413 -0.005858 
-0.005019 -0.000272 -0.004984 -0.000656 
0.007034 -0.004676 0.007875 -0.003053 
-0.013870 0.002806 -0.012985 -0.005626 
-0.010329 0.003696 -0.010968 -0.000242 
-0.002825 0.001475 -0.002869 0.001387 
0.006748 0.001697 0.006426 0.002668 
0.003197 -0.012165 0.008461 -0.009308 
-0.005419 -0.001335 -0.005269 -0.001841 
-0.007229 -0.008587 -0.003497 -0.010666 
-0.009183 0.004824 -0.010246 0.001619 
-0.003285 0.002113 -0.003379 0.001959 
0.008325 -0.005506 0.009588 -0.002773 
0.004435 -0.005939 0.005360 -0.005120 
-0.004049 -0.011539 0.001427 -0.012145 
0.000003 0.004329 -0.000243 0.004322 
-0.004981 -0.010574 -0.000293 -0.011685 
0.000940 -0.006639 0.001835 -0.006450 
-0.003355 -0.003960 -0.003020 -0.004221 
0.002015 -0.003365 0.002170 -0.003268 
0.013921 -0.007157 0.015088 0.004169 
-0.016325 -0.005988 -0.005147 -0.016609 
0.002823 0.007295 0.001426 0.007691 
0.001810 -0.002790 0.001902 -0.002728 
0.002899 0.013270 -0.004601 0.012780 
0.011294 -0.017794 0.019838 0.007116 
-0.016307 -0.009641 0.001015 -0.018917 
-0.004139 -0.009311 -0.001046 -0.010136 
-0.001688 -0.007031 -0.000554 -0.007210 
-0.009531 -0.001787 -0.008641 -0.004401 
-0.001457 0.009833 -0.004300 0.008962 
0.015151 -0.003361 0.013518 0.007624 
0.003307 -0.015710 0.013428 -0.008800 
-0.011341 -0.006234 -0.006867 -0.010969 
-0.003521 -0.003384 -0.003267 -0.003631 
0.005011 0.002686 0.004724 0.003165 
0.001654 -0.009671 0.004373 -0.008783 
-0.010179 -0.010603 -0.001592 -0.014612 
0.000401 0.003590 0.000258 0.003603 
0.004833 -0.016500 0.015917 -0.006500 
-0.008113 -0.017026 0.011205 -0.015171 
-0.002101 0.002275 -0.002166 0.002213 
-0.001494 -0.003190 -0.001372 -0.003244 
-0.005542 0.001677 -0.005684 0.001105 
-0.001274 -0.003115 -0.001166 -0.003157 
0.002899 0.009182 0.000232 0.009626 
-0.003798 0.005323 -0.004455 0.004786 
0.000298 0.008347 -0.001465 0.008223 
-0.001132 -0.001814 -0.001107 -0.001830 
0.014933 0.012865 -0.006215 0.018705 
0.011397 -0.009122 0.014592 -0.000402 
0.014442 0.002251 0.010144 0.010523 
0.017305 -0.006925 0.014552 0.011648 
0.008946 -0.003240 0.009490 -0.000689 
0.011695 0.007636 0.005434 0.012867 
0.010401 0.003641 0.008388 0.007148 
0.011528 0.004277 0.008436 0.008945 
0.003695 -0.010586 0.007375 -0.008446 
0.004717 -0.004808 0.005333 -0.004114 
0.000978 -0.004437 0.001254 -0.004367 
0.015057 -0.002734 0.013189 0.007763 
-0.008916 -0.013356 0.003111 -0.015754 
-0.002323 0.000359 -0.002329 0.000320 
0.002795 -0.005235 0.003338 -0.004906 
0.001903 -0.013269 0.008517 -0.010352 
-0.015571 -0.003731 -0.008459 -0.013595 
-0.007135 0.004299 -0.007877 0.002710 
-0.014146 0.008517 -0.015839 -0.004666 
0.008487 -0.001483 0.008604 0.000452 
-0.001833 -0.005530 -0.001253 -0.005690 
0.006092 -0.010325 0.009887 -0.006779 
-0.021154 0.002874 -0.006736 -0.020258 
-0.006211 0.016075 -0.016465 0.005088 
-0.002912 0.011506 -0.007426 0.009259 
-0.000638 0.004094 -0.000851 0.004055 
0.003663 -0.003361 0.003905 -0.003077 
-0.016808 -0.005261 -0.005624 -0.016690 
-0.013228 -0.005877 -0.007142 -0.012590 
-0.001638 -0.001428 -0.001617 -0.001451 
-0.003050 0.000511 -0.003063 0.000422 
-0.000064 0.010297 -0.003321 0.009747 
-0.004790 -0.003841 -0.004320 -0.004363 
-0.004555 0.002147 -0.004707 0.001790 
0.008069 -0.013015 0.014614 -0.004574 
-0.001294 -0.003571 -0.001136 -0.003624 
0.006501 0.000305 0.006408 0.001137 
-0.007244 -0.007275 -0.004585 -0.009185 
-0.006716 -0.000026 -0.006649 -0.000944 
0.002111 0.002396 0.002036 0.002460 
-0.011059 -0.003640 -0.008677 -0.007762 
-0.010035 -0.002766 -0.008601 -0.005862 
-0.012609 0.010285 -0.016154 -0.001952 
-0.003375 0.000057 -0.003375 -0.000059 
0.009094 -0.003802 0.009806 -0.000992 
0.004367 0.003069 0.004085 0.003435 
0.007064 0.003585 0.006256 0.004859 
0.006592 -0.012874 0.012948 -0.006446 
-0.000186 -0.004963 0.000186 -0.004963 
0.002052 0.005552 0.001450 0.005739 
-0.007221 0.005118 -0.008224 0.003271 
0.006485 0.001674 0.006197 0.002540 
-0.008667 -0.001314 -0.008128 -0.003284 
-0.005509 0.006529 -0.006809 0.005158 
0.009170 -0.005266 0.010401 -0.001908 
-0.013267 -0.008060 -0.004478 -0.014864 
-0.005796 -0.002706 -0.005416 -0.003404 
0.003032 -0.010646 0.006697 -0.008813 
-0.001205 0.003835 -0.001391 0.003771 
0.008195 -0.006518 0.009876 -0.003480 
-0.005314 -0.008575 -0.002452 -0.009785 
-0.007262 0.007332 -0.009217 0.004642 
0.004348 0.008387 0.001942 0.009245 
0.007831 -0.005436 0.009016 -0.003095 
0.012095 0.002974 0.009426 0.008142 
0.001209 0.005043 0.000793 0.005125 
-0.003945 -0.002581 -0.003762 -0.002842 
-0.003421 -0.011011 0.001182 -0.011469 
0.000933 -0.006463 0.001760 -0.006288 
-0.004746 0.002185 -0.004910 0.001784 
0.009203 -0.003656 0.009871 -0.000793 
0.009084 0.005689 0.006591 0.008453 
-0.000135 -0.020242 0.019134 -0.006606 
-0.006770 -0.006884 -0.004576 -0.008502 
-0.005228 -0.005022 -0.004363 -0.005789 
-0.007015 -0.000962 -0.006788 -0.002015 
-0.000299 -0.008968 0.001882 -0.008773 
-0.008078 -0.002739 -0.007281 -0.004444 
-0.007938 0.012560 -0.014026 0.004904 
-0.003163 0.011036 -0.007215 0.008930 
-0.005249 0.001575 -0.005371 0.001090 
0.003199 -0.004433 0.003588 -0.004124 
-0.001129 0.002116 -0.001166 0.002096 
0.003892 -0.005085 0.004493 -0.004562 
0.000080 0.009721 -0.002677 0.009346 
0.009239 -0.001708 0.009362 0.000802 
-0.004920 -0.002705 -0.004638 -0.003163 
0.015118 0.004687 0.007712 0.013821 
-0.000151 -0.021668 0.021422 -0.003261 
-0.003325 -0.008137 -0.001341 -0.008687 
0.006046 0.000852 0.005911 0.001530 
0.006861 0.002750 0.006312 0.003846 
-0.008038 -0.001943 -0.007464 -0.003560 
0.003928 0.012671 -0.003077 0.012904 
-0.001826 0.000929 -0.001838 0.000906 
-0.003032 -0.000821 -0.003006 -0.000912 
0.007164 0.000863 0.006939 0.001981 
-0.011412 0.000206 -0.010609 -0.004211 
0.019097 -0.002697 0.010583 0.016123 
0.004534 0.000922 0.004465 0.001215 
-0.002045 0.014206 -0.009980 0.010315 
-0.001732 0.010409 -0.005088 0.009244 
-0.002924 -0.004162 -0.002588 -0.004378 
0.000981 0.020544 -0.019437 0.006725 
0.015346 0.010160 -0.000795 0.018387 
0.013448 0.000124 0.011403 0.007129 
-0.009323 -0.012786 0.002064 -0.015688 
-0.003318 0.000376 -0.003329 0.000263 
-0.008020 -0.016524 0.009961 -0.015431 
-0.020346 0.002501 -0.008289 -0.018749 
-0.003274 -0.001270 -0.003225 -0.001392 
-0.008612 -0.012575 0.001603 -0.015157 
-0.010690 -0.003292 -0.008705 -0.007024 
-0.014612 -0.007279 -0.004807 -0.015601 
-0.005348 -0.001367 -0.005199 -0.001856 
-0.000537 -0.003641 -0.000387 -0.003660 
0.004869 0.001688 0.004717 0.002075 
-0.010066 -0.009490 -0.003198 -0.013459 
-0.014437 -0.008515 -0.003072 -0.016477 
-0.014099 -0.002157 -0.010240 -0.009928 
-0.010915 -0.002944 -0.008987 -0.006858 
-0.002184 -0.001996 -0.002130 -0.002053 
-0.010984 -0.001687 -0.009602 -0.005596 
0.003822 0.010347 -0.000175 0.011028 
0.001712 0.021054 -0.020204 0.006164 
0.017687 0.005772 0.003762 0.018220 
0.014152 0.005939 0.006782 0.013768 
0.014869 -0.000980 0.012223 0.008523 
0.007088 -0.006937 0.008817 -0.004542 
-0.004415 -0.001791 -0.004281 -0.002091 
0.003031 0.003173 0.002840 0.003345 
-0.006794 0.011061 -0.011342 0.006314 
-0.008602 -0.000063 -0.008372 -0.001980 
0.004117 -0.004799 0.004668 -0.004264 
0.000186 0.005747 -0.000391 0.005736 
-0.009104 -0.005751 -0.006560 -0.008540 
0.006586 0.019741 -0.017443 0.011350 
0.005614 -0.005871 0.006671 -0.004635 
-0.001851 -0.001869 -0.001811 -0.001907 
-0.002809 0.012191 -0.008079 0.009552 
0.009576 -0.004429 0.010503 -0.001000 
-0.004420 -0.010473 -0.000076 -0.011367 
0.004577 0.004091 0.004080 0.004587 
0.006012 -0.018584 0.019438 -0.001923 
0.009888 -0.002282 0.010110 0.000872 
0.010376 -0.012995 0.016603 -0.000942 
-0.002386 -0.008149 -0.000558 -0.008473 
0.003199 -0.002509 0.003321 -0.002346 
0.000502 0.001365 0.000494 0.001368 
-0.006539 -0.006587 -0.004612 -0.008054 
0.010392 0.007161 0.005867 0.011174 
0.008844 -0.008749 0.011848 -0.003792 
-0.004482 -0.020249 0.018378 -0.009609 
-0.005696 0.004094 -0.006242 0.003200 
0.004007 0.011816 -0.001817 0.012344 
0.002363 0.005577 0.001728 0.005805 
-0.004035 -0.000673 -0.003996 -0.000877 
0.008877 0.003267 0.007674 0.005531 
0.003705 -0.010651 0.007446 -0.008469 
-0.012058 -0.013262 0.004231 -0.017417 
0.005847 0.007035 0.003889 0.008280 
0.010419 -0.003889 0.011119 0.000207 
0.010246 -0.012507 0.016102 -0.001456 
-0.004029 -0.006479 -0.002826 -0.007087 
0.005723 0.001213 0.005566 0.001800 
0.010440 0.010986 0.000940 0.015126 
-0.004771 -0.008115 -0.002440 -0.009092 
-0.003405 0.001831 -0.003484 0.001675 
0.008864 0.003881 0.007418 0.006213 
0.011095 -0.004061 0.011783 0.000866 
0.012167 -0.008613 0.014881 0.000882 
-0.015929 -0.006696 -0.004536 -0.016673 
-0.012423 0.004823 -0.013135 -0.002245 
0.000559 0.005146 0.000139 0.005175 
0.003652 -0.008914 0.005988 -0.007546 
-0.009441 0.003359 -0.010014 0.000368 
-0.000504 0.008875 -0.002600 0.008501 
-0.006769 0.004317 -0.007479 0.002917 
0.008549 0.008619 0.003974 0.011471 
-0.003122 0.001292 -0.003165 0.001183 
0.002935 0.008074 0.001066 0.008524 
-0.004664 -0.001775 -0.004516 -0.002122 
0.001265 -0.002260 0.001310 -0.002234 
-0.003560 0.005272 -0.004180 0.004796 
0.003295 -0.006486 0.004291 -0.005874 
-0.005181 -0.002494 -0.004905 -0.003001 
0.018229 0.001338 0.008480 0.016192 
0.009717 -0.015561 0.018345 0.000186 
0.007995 -0.003767 0.008656 -0.001781 
0.014668 -0.003229 0.013399 0.006786 
-0.005116 -0.012787 0.002678 -0.013509 
-0.008623 -0.000544 -0.008280 -0.002469 
0.005128 -0.004752 0.005775 -0.003941 
0.004387 -0.010136 0.007761 -0.007858 
-0.009844 -0.012726 0.002056 -0.015957 
-0.010242 0.011130 -0.014994 0.001988 
-0.017225 0.007706 -0.014892 -0.011588 
-0.011191 0.002521 -0.011290 -0.002034 
-0.009704 -0.008640 -0.004215 -0.012290 
-0.003353 0.009034 -0.005736 0.007743 
-0.001879 0.007039 -0.002985 0.006646 
-0.004380 0.017811 -0.017481 0.005551 
-0.005078 -0.000301 -0.005039 -0.000699 
-0.000278 -0.002459 -0.000232 -0.002463 
0.001664 0.008842 -0.000539 0.008981 
0.000639 0.003178 0.000538 0.003197 
-0.004751 -0.003098 -0.004426 -0.003547 
0.009701 0.000278 0.009228 0.003005 
-0.005600 -0.008229 -0.002908 -0.009520 
-0.004349 -0.006802 -0.002926 -0.007525 
-0.004775 0.005568 -0.005617 0.004716 
-0.005705 -0.004046 -0.005043 -0.004846 
-0.003982 -0.003094 -0.003731 -0.003392 
-0.015819 0.005716 -0.014656 -0.008253 
-0.013434 0.010655 -0.016722 -0.003788 
-0.010613 -0.003430 -0.008598 -0.007105 
-0.005110 -0.007803 -0.002894 -0.008867 
-0.005648 -0.006098 -0.004253 -0.007141 
0.008623 0.011191 0.000707 0.014110 
-0.009263 -0.013736 0.003949 -0.016090 
-0.001333 0.010490 -0.004754 0.009446 
0.012701 -0.005069 0.013433 0.002563 
-0.002687 -0.001394 -0.002647 -0.001469 
0.009763 0.008812 0.004025 0.012520 
0.009939 0.006789 0.006098 0.010377 
0.006950 0.008545 0.003404 0.010475 
0.002333 0.004082 0.002054 0.004229 
0.009631 0.009747 0.002842 0.013405 
0.020940 -0.000512 0.005428 0.020230 
-0.008091 -0.008422 -0.004015 -0.010967 
-0.006009 0.015132 -0.015075 0.006150 
-0.002203 0.001296 -0.002229 0.001252 
0.001299 -0.010390 0.004626 -0.009394 
-0.008251 -0.006666 -0.005538 -0.009046 
0.001001 -0.009434 0.003512 -0.008813 
0.008243 0.003797 0.007046 0.005721 
0.009999 -0.002258 0.010202 0.000994 
0.006372 0.001051 0.006188 0.001848 
-0.006788 -0.006811 -0.004633 -0.008426 
0.008431 0.002488 0.007621 0.004381 
-0.002867 -0.004949 -0.002362 -0.005209 
0.000109 0.011302 -0.004177 0.010503 
0.012003 -0.013911 0.018118 0.003052 
-0.004824 -0.010805 0.000065 -0.011832 
0.002020 -0.015061 0.011265 -0.010200 
-0.019310 -0.000253 -0.007954 -0.017597 
-0.012681 0.004619 -0.013216 -0.002736 
-0.002519 0.002535 -0.002615 0.002436 
0.002467 -0.002861 0.002589 -0.002751 
0.002440 0.008522 0.000356 0.008857 
0.000982 -0.005914 0.001621 -0.005772 
-0.005014 0.004413 -0.005565 0.003695 
0.000293 0.004328 0.000045 0.004338 
-0.009347 0.016514 -0.018962 -0.000728 
0.019912 -0.001480 0.008389 0.018119 
0.003632 -0.001802 0.003717 -0.001618 
-0.007900 0.005906 -0.009278 0.003348 
0.004379 0.004477 0.003816 0.004966 
-0.008312 0.004623 -0.009255 0.002193 
-0.014967 -0.000397 -0.011377 -0.009733 
-0.008303 0.007823 -0.010676 0.004021 
0.004706 0.000069 0.004690 0.000385 
-0.004164 0.006835 -0.005408 0.005900 
0.005738 0.004303 0.004999 0.005143 
0.002919 0.006300 0.001968 0.006658 
-0.010377 0.003378 -0.010901 -0.000515 
0.001091 0.001317 0.001079 0.001327 
-0.004670 -0.016854 0.010709 -0.013826 
-0.004350 -0.010886 0.000439 -0.011715 
-0.005496 -0.008088 -0.002948 -0.009324 
-0.002654 0.006424 -0.003565 0.005967 
0.005208 -0.006360 0.006395 -0.005165 
0.001643 -0.005888 0.002299 -0.005664 
-0.007819 0.005086 -0.008876 0.002866 
-0.006649 0.003450 -0.007138 0.002272 
0.010115 0.003927 0.008099 0.007221 
0.001481 0.001497 0.001461 0.001517 
0.001669 0.003264 0.001534 0.003329 
-0.006005 -0.004137 -0.005261 -0.005050 
0.006586 -0.005375 0.007598 -0.003811 
-0.016111 0.006102 -0.014778 -0.008854 
-0.009146 -0.000727 -0.008664 -0.003017 
0.003891 -0.005423 0.004587 -0.004848 
0.002656 -0.013684 0.009824 -0.009889 
-0.007619 0.001214 -0.007713 -0.000176 
0.002616 0.004826 0.002164 0.005045 
0.001983 0.002464 0.001907 0.002524 
0.006767 -0.007240 0.008597 -0.004931 
-0.010277 -0.010959 -0.001012 -0.014990 
0.006815 0.008705 0.003191 0.010585 
0.011233 -0.004580 0.012109 0.000728 
0.002910 -0.000916 0.002935 -0.000834 
-0.015225 0.005569 -0.014612 -0.007021 
0.012131 0.011861 -0.001321 0.016914 
-0.004784 -0.020291 0.018475 -0.009659 
-0.014517 0.001057 -0.012246 -0.007868 
0.000993 -0.003600 0.001145 -0.003555 
0.000816 -0.001478 0.000829 -0.001471 
0.016691 -0.009133 0.015711 0.010733 
0.005583 -0.017471 0.017818 -0.004348 
-0.003287 -0.019667 0.017221 -0.010051 
-0.007853 -0.005743 -0.005902 -0.007735 
0.001978 -0.000568 0.001985 -0.000543 
0.000678 -0.009131 0.002956 -0.008665 
0.009413 -0.000748 0.009270 0.001798 
-0.008704 -0.006234 -0.006054 -0.008830 
0.014698 0.011721 -0.003298 0.018508 
0.007353 -0.002394 0.007665 -0.001026 
0.000051 0.006829 -0.000914 0.006768 
0.005965 0.000017 0.005928 0.000660 
-0.001559 -0.003962 -0.001338 -0.004041 
0.003080 0.006831 0.001876 0.007254 
-0.002380 0.001446 -0.002414 0.001389 
0.006780 -0.006417 0.008223 -0.004419 
0.003135 0.000748 0.003110 0.000846 
-0.006011 -0.002388 -0.005660 -0.003131 
-0.004972 -0.001710 -0.004811 -0.002121 
0.000648 0.010205 -0.002572 0.009897 
0.016159 -0.004217 0.013857 0.009322 
-0.005678 -0.015667 0.007933 -0.014655 
0.001049 -0.007740 0.002457 -0.007414 
0.000786 0.004574 0.000485 0.004616 
0.009371 0.007777 0.005048 0.011082 
0.017118 0.005231 0.005301 0.017097 
0.003733 0.002058 0.003614 0.002261 
-0.008904 -0.006368 -0.006052 -0.009121 
-0.001560 0.005639 -0.002137 0.005447 
0.009020 -0.010110 0.013005 -0.003803 
0.000651 -0.012663 0.006518 -0.010876 
-0.013612 -0.002859 -0.009742 -0.009928 
-0.006180 -0.004125 -0.005404 -0.005099 
-0.000554 -0.006572 0.000317 -0.006587 
0.005886 -0.015668 0.015663 -0.005900 
0.011717 -0.003281 0.011978 0.002140 
0.000872 0.005017 0.000475 0.005070 
-0.002154 0.001871 -0.002200 0.001818 
0.006615 0.002548 0.006151 0.003524 
0.007358 -0.015620 0.016832 -0.003847 
-0.008173 0.003916 -0.008886 0.001776 
0.014467 0.009631 0.001141 0.017341 
0.014309 0.002074 0.010288 0.010160 
0.005185 -0.002826 0.005455 -0.002262 
0.005746 -0.001717 0.005899 -0.001080 
-0.014860 0.004261 -0.013941 -0.006681 
-0.005372 0.003268 -0.005725 0.002600 
-0.006320 -0.001687 -0.006048 -0.002492 
0.005671 0.002896 0.005272 0.003571 
-0.002422 -0.003239 -0.002258 -0.003355 
-0.001618 -0.001264 -0.001601 -0.001284 
0.010296 -0.009255 0.013689 -0.002066 
-0.001159 0.003196 -0.001271 0.003153 
0.002654 -0.013168 0.009128 -0.009855 
-0.014352 -0.003778 -0.008912 -0.011866 
-0.004375 0.004934 -0.004987 0.004315 
0.008948 0.000478 0.008567 0.002625 
0.001444 -0.006004 0.002129 -0.005797 
0.001364 0.000063 0.001364 0.000071 
0.001186 0.010637 -0.002514 0.010404 
-0.000872 -0.009538 0.001786 -0.009410 
-0.014250 0.006870 -0.015060 -0.004844 
0.009995 0.013819 -0.004345 0.016492 
0.010456 -0.013848 0.017351 -0.000160 
0.004158 -0.001634 0.004250 -0.001379 
0.001707 0.002450 0.001640 0.002495 
-0.009246 -0.002498 -0.008202 -0.004945 
-0.012955 0.005587 -0.013834 -0.002770 
-0.001585 -0.003746 -0.001395 -0.003821 
-0.009253 -0.009174 -0.003523 -0.012545 
-0.005073 -0.003085 -0.004714 -0.003610 
0.010520 0.003698 0.008414 0.007318 
0.002719 -0.004352 0.003058 -0.004121 
-0.009288 0.012728 -0.015485 0.002914 
-0.002640 0.010271 -0.005929 0.008792 
-0.003353 0.014048 -0.011021 0.009334 
0.012252 0.008966 0.003589 0.014752 
0.010091 0.003917 0.008093 0.007189 
0.009307 0.010267 0.002110 0.013696 
0.008972 0.009963 0.002492 0.013173 
0.002457 0.008051 0.000680 0.008390 
-0.003823 0.004471 -0.004271 0.004045 
-0.000097 0.006164 -0.000807 0.006112 
-0.012966 0.003722 -0.012989 -0.003642 
0.001016 0.008822 -0.001107 0.008811 
-0.002707 0.001361 -0.002744 0.001285 
0.006569 0.012844 -0.002294 0.014243 
-0.003658 0.004977 -0.004209 0.004521 
0.006088 0.001260 0.005899 0.001965 
-0.003526 -0.008619 -0.001160 -0.009239 
0.000780 0.008358 -0.001013 0.008333 
-0.000135 0.001311 -0.000142 0.001310 
0.011714 0.011005 0.000509 0.016064 
0.000772 -0.000232 0.000772 -0.000231 
-0.004818 -0.007718 -0.002745 -0.008675 
-0.003807 -0.015584 0.008281 -0.013740 
-0.020276 0.001204 -0.007468 -0.018890 
-0.004651 0.019045 -0.019344 0.003189 
-0.006752 0.007215 -0.008566 0.004926 
-0.001983 -0.003655 -0.001788 -0.003754 
-0.006828 0.005946 -0.008083 0.004080 
0.001470 0.011654 -0.003402 0.011243 
0.015290 -0.006429 0.015022 0.007033 
-0.009095 -0.004498 -0.007269 -0.007078 
0.003788 0.018132 -0.013752 0.012410 
0.001807 0.011508 -0.002956 0.011267 
-0.003661 -0.000180 -0.003651 -0.000329 
-0.010257 -0.007489 -0.005524 -0.011436 
-0.010413 0.002715 -0.010711 -0.001040 
-0.001608 0.006529 -0.002487 0.006247 
-0.010474 0.004155 -0.011268 -0.000092 
-0.006263 0.000708 -0.006303 -0.000052 
-0.004962 0.005514 -0.005811 0.004611 
-0.001618 0.004546 -0.001936 0.004420 
-0.015373 0.006090 -0.014863 -0.007246 
-0.004144 0.011133 -0.008397 0.008402 
0.002045 0.009227 -0.000504 0.009438 
0.001870 -0.000468 0.001875 -0.000447 
-0.014629 -0.002073 -0.010250 -0.010641 
-0.007898 -0.000211 -0.007716 -0.001696 
0.000742 -0.007731 0.002138 -0.007467 
-0.004842 -0.010909 0.000180 -0.011934 
-0.005147 0.018195 -0.018499 0.003917 
-0.008848 -0.001556 -0.008206 -0.003658 
-0.016978 -0.005166 -0.005556 -0.016855 
-0.019700 0.002828 -0.009713 -0.017371 
-0.001976 0.001646 -0.002008 0.001606 
0.004430 -0.000234 0.004436 0.000031 
-0.003604 0.001897 -0.003695 0.001713 
0.002948 -0.001444 0.002993 -0.001346 
-0.000019 -0.005698 0.000542 -0.005672 
0.005035 -0.018035 0.018217 -0.004327 
0.009806 -0.014523 0.017507 -0.000768 
0.008562 -0.002477 0.008906 -0.000359 
0.009913 -0.010688 0.014349 -0.002571 
-0.011496 -0.006019 -0.007077 -0.010877 
-0.000833 -0.005192 -0.000395 -0.005244 
-0.000891 0.004987 -0.001277 0.004902 
0.002832 0.002087 0.002752 0.002192 
-0.001248 0.009427 -0.003759 0.008735 
0.007364 -0.004854 0.008295 -0.002995 
-0.002059 0.007840 -0.003573 0.007276 
0.007276 -0.005420 0.008391 -0.003451 
0.003601 -0.005403 0.004262 -0.004899 
-0.000589 -0.006307 0.000182 -0.006332 
-0.012615 0.006066 -0.013846 -0.002052 
0.009609 0.002550 0.008424 0.005278 
-0.002928 -0.014373 0.006417 -0.013190 
-0.003985 -0.003786 -0.003621 -0.004135 
0.005488 0.000972 0.005372 0.001485 
-0.019889 -0.000824 -0.006364 -0.018861 
-0.011397 0.010194 -0.015288 0.000296 
-0.010106 -0.003350 -0.008381 -0.006566 
-0.001945 -0.004238 -0.001661 -0.004358 
0.001754 -0.004836 0.002136 -0.004679 
0.001498 0.005281 0.001009 0.005396 
0.002326 -0.005739 0.002977 -0.005429 
-0.005955 -0.007034 -0.003962 -0.008321 
-0.008354 0.013660 -0.015542 0.003851 
-0.002793 0.004281 -0.003124 0.004046 
0.009177 0.002396 0.008189 0.004784 
0.003567 -0.015012 0.012611 -0.008891 
-0.017628 -0.000605 -0.009830 -0.014646 
-0.005176 0.001759 -0.005315 0.001282 
0.003601 -0.003805 0.003905 -0.003492 
0.005470 0.000730 0.005379 0.001232 
-0.002367 0.001577 -0.002405 0.001518 
0.003405 -0.006960 0.004611 -0.006227 
0.012234 -0.008440 0.014829 0.001000 
-0.013147 -0.004869 -0.008133 -0.011419 
-0.007101 0.015572 -0.016570 0.004283 
0.006506 0.005643 0.005080 0.006954 
-0.006488 -0.005405 -0.005174 -0.006674 
0.007730 0.003491 0.006789 0.005084 
-0.005785 -0.016197 0.009074 -0.014610 
-0.017231 -0.005016 -0.005456 -0.017097 
-0.000738 0.000222 -0.000738 0.000221 
0.007620 -0.013969 0.015191 -0.004734 
0.003772 -0.009283 0.006386 -0.007722 
0.002036 -0.019526 0.018780 -0.005722 
-0.017137 0.000289 -0.010976 -0.013164 
0.003560 0.019157 -0.016073 0.011016 
0.022388 -0.004620 0.004239 0.022463 
0.007191 -0.001549 0.007348 -0.000351 
0.005545 0.005457 0.004454 0.006379 
0.002033 0.002773 0.001933 0.002844 
0.004780 0.009404 0.001389 0.010457 
0.001238 0.000185 0.001237 0.000191 
-0.003138 0.007383 -0.004513 0.006633 
0.005857 -0.000433 0.005870 0.000182 
-0.005474 -0.003179 -0.005047 -0.003821 
-0.001476 -0.002172 -0.001430 -0.002203 
-0.005336 -0.003643 -0.004833 -0.004288 
0.000437 -0.012938 0.006689 -0.011084 
-0.011634 0.015465 -0.018919 -0.004075 
0.014505 0.006316 0.006155 0.014574 
0.009311 -0.001179 0.009291 0.001325 
0.002191 -0.004686 0.002564 -0.004492 
-0.003218 -0.014744 0.006929 -0.013406 
-0.012328 -0.002567 -0.009735 -0.007986 
-0.006154 -0.006517 -0.004396 -0.007811 
-0.011675 -0.002893 -0.009333 -0.007587 
0.001337 0.020579 -0.019418 0.006945 
0.010504 0.012241 -0.001311 0.016077 
-0.003612 0.003476 -0.003867 0.003190 
-0.016232 0.004805 -0.014133 -0.009319 
0.001148 0.002190 0.001107 0.002211 
-0.004831 -0.008325 -0.002329 -0.009339 
-0.006295 0.001086 -0.006381 0.000299 
0.000242 0.006759 -0.000697 0.006728 
0.007580 0.003137 0.006785 0.004611 
0.003834 -0.011335 0.008254 -0.008663 
-0.005698 -0.003058 -0.005265 -0.003756 
-0.010876 -0.007619 -0.005462 -0.012103 
0.009943 0.013385 -0.003409 0.016322 
0.012590 -0.008709 0.015221 0.001634 
0.001402 0.000141 0.001401 0.000149 
-0.002158 -0.003103 -0.002021 -0.003194 
-0.020876 0.000287 -0.005369 -0.020176 
0.006858 0.005513 0.005384 0.006960 
-0.000376 0.000318 -0.000376 0.000318 
0.001308 -0.001596 0.001329 -0.001579 
-0.009125 -0.001946 -0.008299 -0.004264 
-0.001073 0.005253 -0.001527 0.005140 
-0.003914 -0.008742 -0.001358 -0.009481 
-0.005663 0.005345 -0.006547 0.004217 
0.009899 -0.000107 0.009495 0.002802 
-0.005053 -0.014688 0.006074 -0.014296 
-0.014507 0.005860 -0.014643 -0.005510 
-0.001946 0.004252 -0.002224 0.004113 
-0.015152 0.003809 -0.013745 -0.007428 
-0.002767 0.015032 -0.011896 0.009598 
0.013019 -0.010857 0.016684 0.003003 
-0.009612 0.004405 -0.010531 0.000951 
-0.000352 0.009441 -0.002868 0.009001 
-0.004939 -0.004164 -0.004373 -0.004756 
-0.006969 -0.004702 -0.005807 -0.006080 
-0.005457 -0.001092 -0.005330 -0.001600 
-0.001372 -0.004318 -0.001100 -0.004395 
-0.005680 0.018093 -0.018678 0.003281 
-0.001856 0.001497 -0.001882 0.001464 
0.008486 -0.004041 0.009254 -0.001645 
0.008391 -0.000030 0.008206 0.001753 
-0.000590 -0.003700 -0.000432 -0.003722 
-0.003489 0.004837 -0.003990 0.004432 
0.003250 0.016399 -0.010165 0.013273 
0.019072 -0.001464 0.009763 0.016449 
-0.009067 -0.006352 -0.006134 -0.009216 
-0.007573 0.015692 -0.017081 0.003439 
0.002012 0.019737 -0.017630 0.009098 
0.016568 0.006439 0.004226 0.017266 
0.010561 -0.014958 0.018274 0.001148 
-0.007735 -0.005918 -0.005734 -0.007872 
-0.001612 -0.003448 -0.001459 -0.003515 
-0.004645 -0.004183 -0.004117 -0.004703 
-0.000065 -0.009923 0.002862 -0.009501 
-0.005974 0.003681 -0.006456 0.002750 
-0.001222 -0.005980 -0.000539 -0.006080 
0.002872 -0.003309 0.003060 -0.003135 
0.001935 -0.000434 0.001940 -0.000411 
-0.009553 -0.012166 0.000949 -0.015439 
-0.000247 0.000248 -0.000247 0.000248 
-0.002526 -0.003751 -0.002288 -0.003901 
0.006005 0.020716 -0.019520 0.009175 
0.000082 0.008646 -0.001867 0.008442 
-0.004389 0.015738 -0.014433 0.007656 
-0.001389 0.013772 -0.008732 0.010740 
0.014155 0.011526 -0.002276 0.018112 
0.006037 -0.007576 0.007925 -0.005572 
-0.006226 -0.002983 -0.005730 -0.003850 
0.007099 0.015048 -0.006484 0.015322 
-0.004150 -0.009214 -0.001138 -0.010041 
0.003074 0.007022 0.001778 0.007456 
0.007001 0.000049 0.006916 0.001088 
0.004945 0.007036 0.003253 0.007961 
-0.010134 -0.011938 0.000645 -0.015646 
0.001742 0.019316 -0.016852 0.009600 
0.014453 0.006916 0.005410 0.015082 
0.009857 0.002876 0.008450 0.005834 
0.001286 0.003669 0.001116 0.003724 
0.009424 0.008608 0.004204 0.012051 
0.004491 0.000408 0.004458 0.000684 
-0.011190 -0.008179 -0.004829 -0.012992 
-0.014507 0.000643 -0.012014 -0.008157 
-0.003046 0.008914 -0.005311 0.007781 
0.007901 0.013390 -0.003110 0.015233 
0.005128 -0.002938 0.005410 -0.002379 
-0.011368 0.003903 -0.011949 -0.001298 
0.010491 -0.000808 0.010170 0.002701 
-0.014430 -0.006493 -0.005974 -0.014653 
-0.010733 -0.003961 -0.008361 -0.007809 
0.002398 0.011187 -0.002122 0.011242 
-0.005702 -0.007450 -0.003531 -0.008692 
-0.005508 0.014205 -0.013402 0.007246 
0.000622 0.007213 -0.000530 0.007221 
0.006984 -0.004846 0.007872 -0.003208 
-0.011203 0.005786 -0.012609 -0.000080 
0.005741 0.008472 0.002802 0.009843 
-0.001593 0.005990 -0.002279 0.005764 
-0.000785 -0.006719 0.000154 -0.006763 
-0.010615 0.005144 -0.011791 0.000336 
0.002433 -0.002370 0.002514 -0.002283 
-0.002201 0.004896 -0.002620 0.004685 
-0.000924 -0.007416 0.000341 -0.007465 
-0.003015 0.012079 -0.008167 0.009396 
0.004897 0.006113 0.003679 0.006915 
-0.002612 0.001343 -0.002646 0.001274 
-0.000394 0.019684 -0.018335 0.007174 
0.013593 0.002372 0.010084 0.009418 
-0.002058 -0.006122 -0.001267 -0.006333 
-0.007260 0.015292 -0.016373 0.004300 
-0.005550 0.010625 -0.009523 0.007281 
0.005834 0.006274 0.004302 0.007409 
0.000824 -0.013310 0.007553 -0.010990 
0.002341 -0.014022 0.009992 -0.010111 
-0.013374 -0.012385 0.003366 -0.017914 
-0.006416 0.008185 -0.008714 0.005676 
0.000214 0.000200 0.000214 0.000200 
-0.007812 -0.002058 -0.007253 -0.003557 
0.002453 -0.010977 0.006390 -0.009256 
-0.002703 -0.007401 -0.001268 -0.007776 
-0.008301 0.007263 -0.010364 0.003773 
-0.003139 0.002652 -0.003271 0.002488 
-0.009536 0.000966 -0.009433 -0.001699 
0.005666 0.017829 -0.012831 0.013615 
0.013032 0.010878 -0.000006 0.016975 
0.004757 0.002334 0.004541 0.002730 
0.000494 -0.010026 0.003493 -0.009411 
-0.009486 -0.001386 -0.008736 -0.003947 
-0.001327 0.007015 -0.002393 0.006726 
0.007315 0.002121 0.006830 0.003370 
0.000138 -0.010997 0.004081 -0.010213 
-0.007001 0.006049 -0.008321 0.004045 
-0.013973 0.006765 -0.014914 -0.004312 
0.008013 0.004523 0.006599 0.006413 
0.003825 -0.006162 0.004757 -0.005475 
0.011775 -0.003980 0.012302 0.001778 
0.007098 0.005711 0.005449 0.007301 
0.009746 -0.004870 0.010838 -0.001117 
-0.010076 -0.001290 -0.009187 -0.004335 
0.006268 0.000731 0.006134 0.001482 
-0.007509 -0.005169 -0.005979 -0.006882 
-0.005139 -0.008771 -0.002179 -0.009929 
0.001288 0.006586 0.000378 0.006701 
-0.004073 -0.015220 0.007453 -0.013881 
-0.020163 -0.001013 -0.005622 -0.019389 
-0.011696 0.004434 -0.012429 -0.001411 
-0.001507 0.002202 -0.001554 0.002168 
0.004089 -0.012364 0.009652 -0.008743 
-0.007846 -0.005529 -0.006013 -0.007482 
0.005856 0.010508 0.000826 0.012001 
-0.002827 -0.007358 -0.001396 -0.007758 
-0.002010 0.002767 -0.002107 0.002694 
-0.013912 0.008727 -0.015874 -0.004211 
0.014356 0.002728 0.009790 0.010848 
0.000689 -0.014139 0.008652 -0.011204 
-0.009691 -0.003800 -0.007942 -0.006730 
-0.015315 -0.006005 -0.006023 -0.015308 
-0.001791 0.001742 -0.001824 0.001708 
0.002316 -0.019555 0.018954 -0.005341 
-0.008725 -0.014645 0.005776 -0.016038 
0.004491 -0.005265 0.005207 -0.004559 
0.001736 0.001114 0.001722 0.001137 
0.006901 -0.002289 0.007179 -0.001155 
0.005395 0.008130 0.002852 0.009331 
-0.005447 -0.020048 0.017980 -0.010408 
-0.002963 -0.005949 -0.002140 -0.006292 
0.009588 0.001776 0.008684 0.004434 
0.000378 0.005149 -0.000040 0.005163 
0.004122 0.002128 0.003974 0.002392 
0.002724 -0.002803 0.002852 -0.002673 
0.008713 0.000749 0.008306 0.002736 
0.001372 -0.014192 0.009338 -0.010775 
-0.008274 -0.009244 -0.003219 -0.011981 
0.000087 0.007316 -0.001099 0.007234 
0.010042 -0.011878 0.015415 -0.002076 
0.008900 -0.003187 0.009429 -0.000683 
0.011716 -0.009915 0.015347 0.000206 
-0.003183 -0.006090 -0.002280 -0.006483 
0.006894 -0.006308 0.008307 -0.004279 
-0.001698 -0.009353 0.000901 -0.009463 
-0.013729 -0.000117 -0.011475 -0.007538 
-0.003119 0.001181 -0.003157 0.001075 
0.009652 -0.010094 0.013644 -0.002981 
0.008810 -0.011045 0.013534 -0.004054 
-0.006371 -0.014246 0.004902 -0.014816 
-0.016278 0.004008 -0.013716 -0.009639 
-0.003584 0.011413 -0.008059 0.008841 
-0.002364 0.003426 -0.002541 0.003297 
-0.011242 0.004123 -0.011932 -0.001006 
-0.007939 0.003841 -0.008618 0.001875 
0.006830 0.005481 0.005380 0.006911 
-0.006297 -0.012839 0.002354 -0.014105 
-0.007319 0.001759 -0.007512 0.000479 
0.009679 -0.001192 0.009617 0.001615 
0.005132 -0.007398 0.006781 -0.005923 
0.001359 0.002740 0.001281 0.002778 
0.009731 0.009902 0.002636 0.013631 
0.001799 0.005472 0.001239 0.005626 
-0.002231 -0.001816 -0.002185 -0.001872 
-0.004844 -0.003553 -0.004426 -0.004062 
-0.000410 -0.015679 0.010358 -0.011778 
0.003248 0.004660 0.002776 0.004956 
-0.002903 -0.018539 0.014869 -0.011448 
-0.014021 -0.001623 -0.010606 -0.009314 
-0.008579 0.011579 -0.013758 0.004288 
-0.007321 0.007724 -0.009498 0.004801 
-0.002502 0.005182 -0.003009 0.004904 
0.007073 0.014877 -0.006120 0.015293 
0.014342 0.007288 0.004973 0.015299 
0.002648 0.000497 0.002636 0.000555 
-0.002150 0.004247 -0.002438 0.004089 
0.008032 -0.009759 0.011658 -0.004884 
0.002732 -0.000895 0.002753 -0.000826 
0.006324 -0.004040 0.006920 -0.002904 
-0.011044 -0.000013 -0.010289 -0.004012 
-0.001237 0.013909 -0.008793 0.010848 
0.007976 0.008705 0.003693 0.011214 
0.008832 -0.012842 0.015175 -0.003556 
0.001829 -0.005673 0.002429 -0.005443 
0.001723 -0.003228 0.001853 -0.003155 
0.003066 0.006660 0.001942 0.007070 
0.007313 -0.013171 0.014022 -0.005509 
-0.005320 -0.014798 0.006214 -0.014445 
-0.006156 0.005549 -0.007172 0.004153 
0.002706 0.000206 0.002701 0.000267 
-0.012037 0.011019 -0.016281 -0.001108 
0.018118 0.006066 0.002636 0.018924 
-0.000065 0.001815 -0.000083 0.001814 
0.004962 0.007435 0.003029 0.008410 
0.011522 -0.004823 0.012453 0.000969 
0.006496 0.000638 0.006359 0.001471 
0.001252 0.005102 0.000820 0.005189 
0.008779 -0.015766 0.017997 -0.001322 
-0.001090 0.000320 -0.001091 0.000316 
0.003690 0.011752 -0.001924 0.012167 
0.003278 0.009754 0.000026 0.010290 
0.009026 -0.008844 0.012110 -0.003613 
0.008451 -0.006749 0.010272 -0.003386 
-0.001501 -0.010425 0.002032 -0.010335 
-0.005259 0.006412 -0.006475 0.005182 
-0.001468 -0.009227 0.001002 -0.009289 
-0.009349 0.015831 -0.018384 0.000190 
-0.000640 0.003638 -0.000790 0.003608 
-0.002463 -0.015155 0.008093 -0.013047 
-0.007553 -0.007497 -0.004581 -0.009606 
-0.008065 0.002825 -0.008489 0.000981 
0.001173 0.006608 0.000260 0.006706 
-0.003800 -0.003889 -0.003436 -0.004214 
-0.011006 0.000219 -0.010347 -0.003758 
0.004174 0.015055 -0.007092 0.013920 
0.013324 -0.003902 0.013260 0.004114 
0.004707 -0.007136 0.006163 -0.005924 
0.001589 -0.005991 0.002276 -0.005765 
-0.007619 0.005759 -0.008904 0.003455 
-0.010831 0.014242 -0.017868 -0.000933 
0.006463 0.011208 0.000187 0.012937 
-0.010210 0.003895 -0.010928 0.000017 
-0.004459 -0.004099 -0.003976 -0.004570 
-0.003722 0.001815 -0.003811 0.001619 
0.007040 -0.014210 0.014914 -0.005389 
-0.008833 0.002685 -0.009226 0.000333 
0.003185 0.003393 0.002955 0.003595 
-0.014641 0.005689 -0.014592 -0.005812 
-0.007765 0.011265 -0.012609 0.005309 
-0.001357 -0.000507 -0.001354 -0.000515 
-0.007876 -0.016059 0.008828 -0.015556 
-0.009353 -0.012644 0.001800 -0.015624 
-0.006264 0.003178 -0.006669 0.002207 
-0.000576 0.002732 -0.000641 0.002718 
-0.011480 -0.003662 -0.008817 -0.008213 
-0.010168 -0.007910 -0.005080 -0.011839 
-0.010474 -0.012021 0.000888 -0.015919 
0.001967 -0.010064 0.005029 -0.008937 
0.008403 -0.013685 0.015612 -0.003763 
-0.004048 -0.007410 -0.002361 -0.008107 
-0.001153 0.007281 -0.002334 0.006992 
0.006406 -0.000004 0.006357 0.000793 
0.001431 0.004449 0.001132 0.004534 
0.008219 -0.003911 0.008935 -0.001740 
-0.001499 0.009097 -0.003773 0.008412 
-0.002214 0.003872 -0.002443 0.003731 
0.008133 -0.007443 0.010271 -0.004006 
-0.002642 -0.005146 -0.002106 -0.005387 
0.003531 0.004539 0.003058 0.004870 
0.001656 -0.006793 0.002643 -0.006473 
-0.010265 0.000487 -0.009895 -0.002776 
-0.001541 0.011077 -0.005540 0.009715 
-0.007771 0.012811 -0.014109 0.005045 
0.001569 0.004272 0.001297 0.004363 
-0.007860 0.001507 -0.008003 -0.000042 
0.010497 0.010842 0.001164 0.015046 
0.004748 0.008281 0.002304 0.009264 
-0.000801 0.003681 -0.000959 0.003644 
-0.001528 -0.000875 -0.001519 -0.000889 
0.010299 -0.000033 0.009780 0.003231 
-0.004468 -0.009188 -0.001379 -0.010123 
0.002697 0.000331 0.002688 0.000392 
-0.000022 -0.003337 0.000091 -0.003335 
0.017174 -0.007636 0.014905 0.011450 
0.005694 -0.001039 0.005770 -0.000455 
0.007092 0.011194 0.000412 0.013245 
-0.005105 0.006030 -0.006151 0.004959 
-0.008429 0.015535 -0.017537 0.002195 
0.008681 0.011368 0.000437 0.014297 
0.007242 -0.007820 0.009460 -0.004909 
-0.006467 -0.009458 -0.002286 -0.011227 
-0.008222 0.011801 -0.013590 0.004711 
-0.003274 0.012521 -0.008960 0.009339 
0.008473 0.003930 0.007147 0.006012 
0.002341 0.002562 0.002245 0.002646 
-0.002066 0.003720 -0.002268 0.003601 
0.002529 -0.006498 0.003458 -0.006055 
0.001142 -0.002869 0.001225 -0.002835 
0.001973 -0.011981 0.006968 -0.009944 
0.000299 0.018825 -0.016435 0.009185 
0.002629 0.003320 0.002444 0.003458 
-0.009576 0.004397 -0.010491 0.000979 
0.004294 0.008360 0.001923 0.009200 
-0.000096 0.019124 -0.017182 0.008396 
0.009357 0.000942 0.008771 0.003393 
-0.000686 -0.008405 0.001132 -0.008357 
0.000336 0.003813 0.000166 0.003824 
-0.003892 0.000318 -0.003902 0.000138 
0.020006 -0.002059 0.008645 0.018159 
0.009276 -0.014687 0.017300 -0.001571 
0.000608 -0.006345 0.001385 -0.006222 
-0.010421 -0.003362 -0.008539 -0.006854 
0.005616 0.009798 0.001497 0.011193 
0.000621 -0.003688 0.000778 -0.003659 
0.001457 0.002320 0.001404 0.002352 
-0.007376 -0.008921 -0.003240 -0.011113 
-0.007279 0.003965 -0.007943 0.002371 
-0.016892 0.006032 -0.014445 -0.010635 
-0.010221 0.000158 -0.009759 -0.003041 
0.002477 -0.004958 0.002928 -0.004706 
0.000038 -0.004299 0.000279 -0.004290 
-0.004479 0.004453 -0.004985 0.003879 
-0.001435 0.004256 -0.001693 0.004160 
-0.015789 0.002678 -0.013115 -0.009191 
-0.003080 0.004494 -0.003472 0.004198 
0.006146 -0.006030 0.007338 -0.004505 
0.003185 -0.000766 0.003208 -0.000662 
-0.002444 0.009854 -0.005361 0.008622 
0.012596 -0.010909 0.016523 0.002160 
0.004030 0.006139 0.002975 0.006714 
0.004683 0.001340 0.004574 0.001674 
-0.015510 0.005696 -0.014674 -0.007595 
0.004646 0.012060 -0.001802 0.012798 
-0.000002 0.006306 -0.000762 0.006260 
0.000830 -0.002076 0.000862 -0.002063 
0.003530 0.014273 -0.005920 0.013458 
0.005694 0.002409 0.005376 0.003053 
-0.004345 0.005790 -0.005208 0.005028 
-0.001452 -0.003465 -0.001302 -0.003524 
-0.005304 -0.006154 -0.003972 -0.007087 
-0.013109 -0.011370 0.001018 -0.017323 
-0.007604 0.007322 -0.009604 0.004381 
0.000248 0.002739 0.000185 0.002744 
0.002033 -0.002461 0.002108 -0.002397 
0.008463 -0.006081 0.009977 -0.003011 
0.004803 -0.006283 0.005904 -0.005263 
-0.002057 0.001987 -0.002106 0.001936 
-0.007581 -0.013047 0.002486 -0.014884 
-0.008006 -0.000407 -0.007775 -0.001953 
0.003280 -0.010005 0.006403 -0.008358 
-0.007459 -0.007794 -0.004298 -0.009895 
-0.001800 -0.004318 -0.001509 -0.004428 
0.000751 0.002881 0.000673 0.002900 
0.008235 -0.016138 0.018024 -0.001838 
-0.002667 0.001180 -0.002697 0.001111 
0.002487 0.005240 0.001939 0.005466 
-0.011352 -0.002774 -0.009270 -0.007114 
-0.009688 -0.001472 -0.008855 -0.004196 
-0.000223 0.014196 -0.008344 0.011487 
-0.003633 0.006645 -0.004730 0.005915 
-0.011242 -0.004094 -0.008470 -0.008451 
-0.011467 0.009752 -0.015051 0.000245 
-0.006167 -0.004142 -0.005389 -0.005113 
-0.020196 0.006091 -0.010329 -0.018392 
0.007272 0.006502 0.005116 0.008305 
0.001884 -0.001321 0.001905 -0.001291 
-0.010578 0.008428 -0.013432 0.001578 
0.015866 0.006219 0.005277 0.016204 
0.011003 0.005150 0.007682 0.009411 
0.008160 -0.006373 0.009770 -0.003426 
-0.009432 -0.005740 -0.006714 -0.008765 
-0.009474 -0.001283 -0.008759 -0.003832 
0.006520 0.007806 0.003787 0.009439 
0.003232 -0.001281 0.003276 -0.001161 
-0.003393 0.008970 -0.005736 0.007686 
0.003793 0.010175 -0.000016 0.010859 
0.011251 -0.001428 0.010947 0.002966 
-0.015784 -0.006356 -0.005163 -0.016213 
-0.002744 0.007405 -0.004090 0.006756 
0.015869 -0.006085 0.014820 0.008320 
0.006027 -0.007407 0.007823 -0.005476 
0.005120 -0.005551 0.006000 -0.004585 
0.000739 -0.013886 0.008312 -0.011148 
-0.003690 -0.006938 -0.002331 -0.007505 
0.001123 0.008564 -0.000830 0.008597 
0.013208 -0.010189 0.016386 0.003125 
-0.018052 -0.005814 -0.003140 -0.018703 
-0.018257 -0.004956 -0.004098 -0.018468 
0.003010 -0.008345 0.004901 -0.007395 
0.006338 -0.016020 0.016498 -0.004962 
-0.004244 -0.020474 0.018857 -0.009034 
-0.015751 -0.010136 0.001256 -0.018689 
-0.001656 -0.003585 -0.001485 -0.003659 
0.006357 -0.004773 0.007151 -0.003472 
0.004315 -0.007910 0.006116 -0.006617 
0.001813 0.009649 -0.001051 0.009762 
0.010507 -0.005672 0.011917 -0.000737 
-0.000867 -0.010949 0.003115 -0.010532 
-0.004624 0.003992 -0.005046 0.003443 
-0.002080 -0.011635 0.002897 -0.011459 
-0.002704 0.013539 -0.009674 0.009851 
-0.000155 -0.000890 -0.000153 -0.000891 
-0.002239 0.003514 -0.002421 0.003391 
-0.000943 -0.001201 -0.000935 -0.001207 
0.005539 0.007473 0.003407 0.008655 
0.003547 -0.004582 0.003995 -0.004197 
0.004784 -0.007676 0.006526 -0.006263 
-0.006169 -0.001913 -0.005877 -0.002677 
-0.010378 -0.011098 -0.000765 -0.015176 
-0.010577 -0.006278 -0.006694 -0.010319 
0.002942 -0.002051 0.003020 -0.001934 
-0.008896 -0.010427 -0.001852 -0.013581 
0.001457 -0.014631 0.010088 -0.010696 
-0.002981 -0.017035 0.011605 -0.012823 
-0.014237 -0.007613 -0.004582 -0.015481 
-0.014179 0.003924 -0.013620 -0.005561 
-0.004076 0.011929 -0.009149 0.008673 
0.004019 0.001083 0.003956 0.001293 
-0.017302 -0.002175 -0.008691 -0.015118 
-0.007571 0.007339 -0.009575 0.004415 
-0.004146 0.010327 -0.007650 0.008081 
0.013129 0.003748 0.009068 0.010208 
0.008389 -0.002762 0.008803 -0.000715 
0.007985 -0.009519 0.011426 -0.004881 
-0.010118 0.011846 -0.015454 0.001965 
-0.000231 0.004830 -0.000573 0.004802 
0.003877 0.007553 0.002143 0.008215 
0.008898 0.001338 0.008304 0.003465 
0.000086 0.002123 0.000057 0.002124 
0.000142 -0.007503 0.001418 -0.007370 
-0.000539 0.012083 -0.005682 0.010677 
0.004612 -0.016549 0.015809 -0.006724 
0.002194 -0.001191 0.002216 -0.001149 
-0.008282 0.003396 -0.008856 0.001299 
-0.000909 0.013307 -0.007627 0.010942 
0.003389 -0.009494 0.006114 -0.008015 
-0.007164 -0.000336 -0.007024 -0.001447 
0.005438 -0.001122 0.005519 -0.000609 
-0.001822 0.002000 -0.001866 0.001959 
0.010554 -0.013382 0.017039 -0.000348 
-0.002012 -0.012524 0.004106 -0.012002 
-0.011000 0.015171 -0.018596 -0.002309 
0.004324 0.002841 0.004079 0.003183 
-0.011062 0.002288 -0.011106 -0.002064 
0.011065 0.001755 0.009617 0.005748 
-0.007405 -0.007645 -0.004391 -0.009696 
0.000183 0.004645 -0.000123 0.004647 
0.002166 -0.010843 0.005954 -0.009317 
0.002080 -0.006664 0.003041 -0.006284 
0.005825 -0.007091 0.007430 -0.005385 
0.004818 0.000931 0.004737 0.001281 
0.001180 -0.006575 0.002058 -0.006355 
-0.002848 -0.001078 -0.002817 -0.001158 
-0.012082 0.009786 -0.015526 -0.000836 
0.017532 0.005560 0.004297 0.017883 
0.004343 -0.008187 0.006308 -0.006789 
-0.003941 -0.009547 -0.000695 -0.010305 
0.001615 -0.014859 0.010585 -0.010551 
-0.014193 0.002483 -0.012926 -0.006366 
0.014806 0.011967 -0.003972 0.018619 
0.010337 -0.005069 0.011497 -0.000612 
0.002359 0.004054 0.002083 0.004203 
0.014163 -0.005092 0.014173 0.005063 
-0.006192 -0.008552 -0.002999 -0.010123 
-0.001535 -0.003837 -0.001334 -0.003912 
-0.007279 -0.007146 -0.004696 -0.009055 
0.007884 -0.003553 0.008481 -0.001686 
-0.002611 -0.006234 -0.001723 -0.006535 
0.012402 -0.008992 0.015263 0.001312 
0.001739 -0.002525 0.001811 -0.002474 
0.000221 0.008449 -0.001604 0.008299 
0.004101 -0.002782 0.004297 -0.002468 
-0.002810 0.008789 -0.004965 0.007778 
0.008253 0.008243 0.004246 0.010863 
-0.003438 0.001636 -0.003506 0.001483 
0.005339 0.009856 0.001283 0.011135 
-0.005368 0.008275 -0.007546 0.006352 
-0.004470 0.009749 -0.007537 0.007629 
0.013442 0.010030 0.001257 0.016725 
0.003093 0.009077 0.000469 0.009578 
0.005361 0.008892 0.002215 0.010144 
0.004944 -0.015828 0.015055 -0.006951 
-0.020169 -0.001642 -0.004916 -0.019629 
-0.011427 0.005376 -0.012615 -0.000566 
-0.012264 -0.007455 -0.005572 -0.013226 
-0.010081 -0.003445 -0.008323 -0.006650 
-0.006913 0.000524 -0.006915 -0.000488 
0.008297 0.013585 -0.003499 0.015529 
0.007559 -0.002055 0.007809 -0.000618 
0.005586 0.010869 0.000257 0.012218 
0.000409 0.006390 -0.000388 0.006391 
0.006457 -0.007881 0.008584 -0.005489 
0.002781 -0.010046 0.005887 -0.008602 
-0.012836 -0.007737 -0.005081 -0.014100 
-0.003882 0.001577 -0.003961 0.001368 
0.000801 -0.013833 0.008289 -0.011104 
-0.015304 0.002929 -0.013295 -0.008126 
-0.004308 0.002648 -0.004500 0.002306 
-0.003558 -0.007890 -0.001686 -0.008489 
-0.005548 -0.017313 0.011630 -0.013973 
-0.015732 -0.008478 -0.001893 -0.017770 
0.002917 0.002321 0.002817 0.002442 
0.004998 -0.016086 0.015466 -0.006674 
-0.007089 -0.000979 -0.006851 -0.002066 
0.007603 -0.005597 0.008824 -0.003359 
-0.002108 -0.005363 -0.001557 -0.005548 
-0.000801 -0.008813 0.001299 -0.008753 
-0.006489 0.006626 -0.007981 0.004724 
0.005822 0.003150 0.005352 0.003895 
-0.000269 0.003280 -0.000377 0.003269 
0.008904 -0.006201 0.010512 -0.002690 
-0.005075 -0.001279 -0.004951 -0.001696 
0.010189 0.007487 0.005515 0.011378 
0.003319 0.008706 0.000934 0.009270 
-0.004351 0.007756 -0.006072 0.006498 
0.008106 0.006376 0.005662 0.008620 
0.002802 -0.004090 0.003099 -0.003869 
-0.003402 0.004374 -0.003794 0.004038 
-0.003199 0.005448 -0.003834 0.005021 
0.002986 0.000224 0.002979 0.000305 
-0.006116 0.005741 -0.007195 0.004312 
-0.002218 -0.008958 0.000148 -0.009228 
-0.005700 0.015566 -0.015365 0.006222 
0.007330 0.013355 -0.003075 0.014921 
0.013780 -0.013339 0.018026 0.006549 
0.000464 -0.009065 0.002696 -0.008668 
0.002029 -0.000615 0.002037 -0.000588 
-0.002266 -0.000824 -0.002251 -0.000864 
-0.012229 -0.002374 -0.009816 -0.007669 
0.006980 0.013207 -0.002847 0.014664 
0.007637 0.001014 0.007331 0.002367 
0.006559 0.007227 0.004224 0.008798 
0.000330 -0.001238 0.000336 -0.001237 
-0.006357 0.007959 -0.008511 0.005596 
-0.002704 -0.003304 -0.002517 -0.003449 
0.001223 -0.005015 0.001624 -0.004900 
0.000954 -0.007708 0.002343 -0.007405 
-0.004244 0.004026 -0.004639 0.003564 
0.009125 -0.004473 0.010061 -0.001438 
0.005218 -0.003888 0.005674 -0.003186 
-0.005553 0.005706 -0.006542 0.004538 
0.008888 -0.000816 0.008824 0.001338 
0.002622 -0.009455 0.005237 -0.008297 
0.004460 -0.008688 0.006756 -0.007051 
-0.015597 -0.009457 -0.000271 -0.018238 
-0.012073 0.006980 -0.013914 -0.000929 
0.000026 0.009269 -0.002367 0.008961 
-0.002749 -0.003457 -0.002540 -0.003614 
-0.003624 -0.006467 -0.002499 -0.006979 
0.005055 -0.002583 0.005283 -0.002076 
0.000469 0.011024 -0.003549 0.010448 
0.013351 0.002664 0.009867 0.009381 
0.013169 0.003138 0.009521 0.009625 
0.012005 0.002242 0.009811 0.007272 
0.008745 -0.010211 0.012790 -0.004144 
-0.014307 0.007448 -0.015358 -0.004928 
0.006926 0.007316 0.004378 0.009073 
-0.001000 -0.000187 -0.001000 -0.000191 
-0.000710 0.005907 -0.001340 0.005796 
-0.016120 0.003081 -0.013265 -0.009663 
-0.008837 0.011038 -0.013556 0.004018 
-0.006464 0.007359 -0.008306 0.005191 
0.002163 0.009687 -0.000789 0.009894 
0.006478 -0.004151 0.007117 -0.002925 
-0.005279 -0.001163 -0.005155 -0.001627 
-0.002981 0.005465 -0.003602 0.005077 
-0.002336 0.003115 -0.002476 0.003004 
-0.009227 0.001977 -0.009420 -0.000561 
0.009051 0.001061 0.008500 0.003287 
-0.013346 -0.007186 -0.005605 -0.014084 
-0.004786 -0.003289 -0.004424 -0.003761 
0.002144 0.001702 0.002105 0.001751 
-0.001294 0.006955 -0.002333 0.006679 
0.010479 -0.001736 0.010453 0.001887 
-0.009787 -0.005222 -0.007203 -0.008435 
-0.002124 0.004764 -0.002510 0.004572 
0.002143 -0.003903 0.002374 -0.003767 
0.006373 -0.007991 0.008549 -0.005602 
0.005630 0.003492 0.005116 0.004210 
0.014305 -0.005965 0.014638 0.005094 
-0.015977 -0.007023 -0.003998 -0.016988 
-0.013018 0.008279 -0.015239 -0.002409 
0.008008 0.016895 -0.010856 0.015222 
0.013707 0.007231 0.005395 0.014528 
0.010368 0.004887 0.007653 0.008533 
0.004457 0.001946 0.004305 0.002261 
0.004049 -0.000922 0.004091 -0.000708 
-0.003196 0.001702 -0.003262 0.001573 
-0.001928 -0.015290 0.008654 -0.012752 
-0.014618 -0.007901 -0.003891 -0.016155 
-0.013711 0.006063 -0.014462 -0.003950 
-0.005856 0.009317 -0.008815 0.006587 
-0.006750 0.006634 -0.008285 0.004576 
0.009996 0.001719 0.008983 0.004709 
-0.001938 -0.012226 0.003758 -0.011795 
0.006019 0.008005 0.003340 0.009442 
0.008216 -0.015372 0.017216 -0.002722 
0.002790 -0.013741 0.010037 -0.009792 
-0.004272 -0.006685 -0.002924 -0.007375 
-0.008102 -0.009597 -0.002763 -0.012252 
-0.007340 0.004351 -0.008116 0.002635 
-0.014443 0.004728 -0.014082 -0.005713 
0.007928 0.013423 -0.003173 0.015263 
0.005793 -0.002361 0.006032 -0.001657 
-0.003369 0.009329 -0.005967 0.007923 
-0.000920 0.002737 -0.000989 0.002713 
-0.000399 -0.005550 0.000124 -0.005563 
-0.012494 0.004983 -0.013257 -0.002279 
0.001089 0.006325 0.000291 0.006411 
0.001775 -0.004811 0.002153 -0.004654 
-0.007397 -0.009893 -0.002192 -0.012157 
0.011698 0.013030 -0.003480 0.017161 
-0.007241 -0.006307 -0.005215 -0.008063 
-0.010673 0.009379 -0.014126 0.001526 
-0.004993 -0.002699 -0.004705 -0.003174 
0.003553 -0.010515 0.007152 -0.008488 
-0.002307 0.000205 -0.002310 0.000167 
0.004753 -0.002223 0.004922 -0.001818 
0.003381 0.006124 0.002437 0.006558 
-0.002639 0.001847 -0.002696 0.001763 
0.017178 0.004953 0.005606 0.016976 
-0.001418 0.007918 -0.002937 0.007488 
-0.007207 0.006627 -0.008807 0.004278 
0.002904 -0.002419 0.003006 -0.002290 
-0.004997 0.001706 -0.005124 0.001277 
0.000454 -0.013941 0.008146 -0.011322 
-0.008014 -0.004188 -0.006738 -0.006030 
0.006302 0.015466 -0.007422 0.014961 
-0.001294 0.006963 -0.002336 0.006686 
-0.011865 -0.004317 -0.008490 -0.009346 
0.007182 0.009661 0.002379 0.011801 
0.001795 -0.012061 0.006880 -0.010067 
-0.013447 -0.002792 -0.009785 -0.009638 
-0.007316 0.009236 -0.010456 0.005431 
0.000034 -0.002965 0.000113 -0.002963 
-0.000595 0.010239 -0.003782 0.009533 
-0.002925 -0.008467 -0.000795 -0.008923 
-0.001969 -0.000382 -0.001964 -0.000406 
-0.007316 -0.015910 0.008407 -0.015361 
-0.014725 -0.000212 -0.011512 -0.009183 
0.000648 -0.001523 0.000661 -0.001518 
-0.003925 -0.010995 0.000832 -0.011645 
-0.003418 -0.011494 0.001766 -0.011860 
-0.004776 -0.003465 -0.004384 -0.003950 
-0.017557 -0.005035 -0.005010 -0.017564 
-0.000736 -0.007265 0.000445 -0.007288 
-0.000378 -0.000869 -0.000375 -0.000870 
-0.007978 0.005735 -0.009295 0.003183 
-0.005967 -0.003812 -0.005320 -0.004673 
0.004120 -0.004371 0.004573 -0.003894 
-0.001635 -0.010928 0.002438 -0.010777 
0.005635 0.007792 0.003253 0.009049 
0.000144 -0.013894 0.007811 -0.011492 
-0.009468 0.010944 -0.014118 0.003176 
0.008122 0.010638 0.001440 0.013307 
-0.004535 0.005735 -0.005403 0.004926 
-0.011860 0.010972 -0.016139 -0.000754 
0.015533 0.006710 0.004888 0.016199 
0.003565 0.002611 0.003404 0.002818 
0.007847 0.013110 -0.002584 0.015059 
-0.004380 -0.008003 -0.002238 -0.008844 
-0.006210 0.018633 -0.019583 0.001510 
-0.001368 0.001762 -0.001395 0.001741 
-0.000456 -0.011745 0.004370 -0.010911 
-0.012176 -0.003721 -0.008969 -0.009036 
-0.004784 -0.003231 -0.004433 -0.003698 
-0.015555 0.006679 -0.015129 -0.007594 
-0.009549 -0.001613 -0.008711 -0.004232 
0.002742 -0.005710 0.003417 -0.005334 
-0.001694 0.000696 -0.001701 0.000678 
0.006352 0.002880 0.005859 0.003784 
0.004709 0.010609 0.000097 0.011607 
-0.002999 0.013935 -0.010511 0.009627 
0.006346 0.006831 0.004342 0.008251 
-0.000539 -0.005725 0.000038 -0.005750 
-0.000638 0.020040 -0.019049 0.006258 
0.013523 0.009147 0.002700 0.016101 
0.007643 0.006798 0.005135 0.008847 
0.001189 0.003448 0.001049 0.003493 
0.008192 -0.000390 0.008101 0.001281 
-0.005843 -0.001089 -0.005693 -0.001709 
0.007955 -0.008489 0.010685 -0.004601 
-0.003014 0.002150 -0.003101 0.002023 
0.006232 0.003190 0.005690 0.004080 
0.015396 0.009758 -0.000067 0.018228 
0.008719 0.008070 0.004573 0.010965 
0.001302 0.001790 0.001275 0.001809 
-0.011430 0.004279 -0.012150 -0.001150 
0.016677 0.005518 0.005420 0.016709 
0.000543 0.007317 -0.000656 0.007307 
-0.009436 0.015487 -0.018130 0.000440 
-0.009096 0.003834 -0.009819 0.001013 
-0.008326 0.005577 -0.009617 0.002817 
0.005385 -0.000956 0.005449 -0.000463 
-0.018770 0.007340 -0.013127 -0.015292 
-0.010873 0.009549 -0.014419 0.001219 
-0.015323 0.007066 -0.015316 -0.007081 
-0.001339 0.008304 -0.003079 0.007827 
0.005697 0.005077 0.004715 0.006001 
0.002036 0.001407 0.002010 0.001445 
-0.005920 -0.001778 -0.005674 -0.002451 
0.010179 -0.003995 0.010934 -0.000117 
-0.014853 -0.007375 -0.004492 -0.015963 
-0.006806 0.003656 -0.007354 0.002369 
0.006343 0.005703 0.004938 0.006955 
0.012996 -0.001745 0.012133 0.004974 
-0.015994 -0.007070 -0.003909 -0.017044 
-0.002250 0.004652 -0.002619 0.004454 
0.009975 0.003381 0.008295 0.006490 
0.007605 0.006875 0.005062 0.008915 
0.020499 -0.003837 0.008775 0.018919 
0.010190 -0.014143 0.017427 -0.000404 
0.002256 -0.013599 0.009313 -0.010163 
-0.009563 -0.006030 -0.006567 -0.009202 
-0.009581 -0.004303 -0.007633 -0.007215 
-0.011355 0.004970 -0.012377 -0.000673 
-0.012073 0.008722 -0.014876 -0.000720 
0.003218 0.006913 0.001953 0.007371 
0.002810 -0.002770 0.002938 -0.002634 
0.010464 -0.003020 0.010857 0.000864 
0.005489 0.002361 0.005201 0.002941 
0.010644 0.003621 0.008512 0.007346 
-0.000261 -0.002240 -0.000226 -0.002244 
0.002243 0.016679 -0.011184 0.012575 
0.001822 0.003276 0.001680 0.003350 
-0.000974 0.020537 -0.019977 0.004865 
0.004995 0.010976 -0.000179 0.012058 
-0.009073 0.003074 -0.009568 0.000458 
-0.005436 0.007315 -0.007090 0.005726 
0.001482 -0.007234 0.002654 -0.006890 
-0.011439 0.004862 -0.012401 -0.000839 
-0.005370 0.006060 -0.006464 0.004878 
0.006360 -0.006820 0.007920 -0.004922 
-0.004532 0.007102 -0.005947 0.005967 
0.001740 -0.006444 0.002593 -0.006150 
-0.004859 0.001696 -0.004979 0.001300 
0.005164 -0.001049 0.005234 -0.000610 
-0.007637 -0.013051 0.002489 -0.014915 
-0.012629 0.011281 -0.016762 -0.002400 
-0.005789 -0.003475 -0.005254 -0.004241 
0.000252 -0.003483 0.000381 -0.003471 
0.002294 0.000138 0.002291 0.000175 
-0.014733 0.004549 -0.014061 -0.006329 
-0.006402 0.005513 -0.007439 0.004006 
-0.011034 -0.004411 -0.008199 -0.008601 
0.002369 0.020943 -0.019914 0.006902 
0.001972 0.005049 0.001514 0.005205 
-0.008705 0.006274 -0.010328 0.002910 
0.005228 0.005165 0.004314 0.005949 
-0.000205 -0.003092 -0.000115 -0.003096 
0.002794 0.005906 0.002006 0.006218 
-0.002231 -0.004398 -0.001900 -0.004551 
0.002797 0.005105 0.002257 0.005366 
-0.003604 0.001947 -0.003698 0.001761 
-0.001656 0.001382 -0.001675 0.001358 
0.011285 -0.003130 0.011587 0.001706 
0.002915 -0.001656 0.002970 -0.001555 
-0.002580 -0.001419 -0.002541 -0.001486 
0.000351 -0.010252 0.003556 -0.009622 
-0.010218 -0.002689 -0.008741 -0.005936 
0.001405 0.002660 0.001331 0.002698 
0.005798 -0.002028 0.005992 -0.001351 
0.002339 0.001131 0.002316 0.001179 
-0.012392 -0.008330 -0.004435 -0.014258 
-0.001664 -0.007995 -0.000021 -0.008167 
-0.012149 0.004192 -0.012667 -0.002169 
0.017054 0.004388 0.006478 0.016375 
0.019516 -0.002964 0.010107 0.016956 
0.012378 -0.010740 0.016304 0.001659 
0.010249 -0.014320 0.017610 -0.000129 
-0.005012 -0.010267 -0.000656 -0.011407 
0.002120 -0.002009 0.002171 -0.001954 
0.005264 -0.002371 0.005477 -0.001826 
-0.000152 0.009891 -0.003043 0.009412 
0.005160 0.000471 0.005105 0.000890 
-0.001803 0.004932 -0.002209 0.004763 
0.000620 -0.015013 0.009989 -0.011224 
0.003589 -0.011236 0.007883 -0.008775 
0.002063 -0.009348 0.004553 -0.008421 
-0.013808 -0.001602 -0.010608 -0.008983 
-0.003216 0.010659 -0.006911 0.008729 
0.000811 0.012131 -0.004536 0.011280 
0.008703 -0.009725 0.012375 -0.004146 
-0.021544 -0.001969 -0.001245 -0.021598 
-0.005287 0.000920 -0.005347 0.000455 
0.003113 -0.009745 0.006004 -0.008283 
0.003801 -0.008434 0.005841 -0.007173 
-0.008775 -0.008526 -0.004137 -0.011514 
-0.002299 0.011108 -0.006359 0.009394 
0.012918 -0.002760 0.012540 0.004152 
0.005503 -0.000836 0.005557 -0.000315 
-0.001533 0.002278 -0.001585 0.002243 
0.010348 -0.003306 0.010850 0.000535 
-0.003470 -0.010908 0.001030 -0.011400 
0.003144 0.021451 -0.020786 0.006161 
0.010177 0.011361 0.000360 0.015248 
0.005584 -0.006913 0.007067 -0.005388 
-0.019329 0.005909 -0.011846 -0.016376 
0.003223 0.020084 -0.018111 0.009261 
0.012865 -0.001070 0.011769 0.005304 
0.009386 -0.010404 0.013610 -0.003333 
0.010739 -0.009781 0.014457 -0.001416 
0.016397 -0.007354 0.015229 0.009540 
-0.008729 -0.006539 -0.005852 -0.009203 
0.000253 0.013294 -0.006586 0.011551 
0.006750 -0.002339 0.007031 -0.001268 
-0.013117 0.001136 -0.011910 -0.005611 
-0.001562 0.007020 -0.002642 0.006689 
-0.006996 0.007582 -0.009043 0.004966 
0.006123 0.004761 0.005156 0.005795 
-0.006458 -0.007917 -0.003666 -0.009537 
0.000185 0.006047 -0.000488 0.006030 
-0.006046 -0.007927 -0.003415 -0.009367 
-0.007900 0.005969 -0.009304 0.003387 
0.014357 -0.007755 0.015520 0.005036 
-0.013440 -0.008976 -0.003025 -0.015876 
-0.010469 -0.008522 -0.004423 -0.012754 
-0.020592 0.000033 -0.005768 -0.019768 
-0.005886 0.019028 -0.019875 0.001301 
-0.004340 -0.000150 -0.004325 -0.000399 
0.005007 0.005430 0.004043 0.006182 
0.002249 0.001309 0.002221 0.001355 
-0.002102 0.006359 -0.002946 0.006015 
-0.011648 0.009223 -0.014857 -0.000014 
-0.007296 0.001189 -0.007392 -0.000033 
0.006113 0.006760 0.004231 0.008072 
0.000590 -0.014120 0.008538 -0.011262 
-0.004034 -0.012904 0.003376 -0.013091 
-0.005715 -0.000773 -0.005608 -0.001346 
0.008907 0.002403 0.007996 0.004601 
0.001477 -0.015034 0.010744 -0.010619 
-0.016218 0.006457 -0.014909 -0.009079 
-0.011714 0.004030 -0.012275 -0.001666 
-0.004764 0.006164 -0.005813 0.005186 
0.005945 0.001780 0.005696 0.002462 
0.001934 0.003945 0.001700 0.004051 
-0.006292 -0.008577 -0.003032 -0.010196 
0.000371 -0.003752 0.000532 -0.003733 
-0.004213 0.005292 -0.004906 0.004657 
0.006406 0.014456 -0.005310 0.014893 
0.005552 0.000656 0.005464 0.001179 
0.005361 0.011844 -0.001150 0.012950 
0.012463 -0.001801 0.011879 0.004179 
-0.008011 -0.007336 -0.004927 -0.009680 
0.001206 0.011341 -0.003253 0.010931 
0.003264 -0.006672 0.004331 -0.006034 
-0.008591 0.012200 -0.014337 0.004135 
-0.008890 0.007292 -0.011034 0.003235 
-0.002646 0.001474 -0.002686 0.001400 
-0.002665 0.002692 -0.002780 0.002573 
0.008352 -0.003638 0.008996 -0.001439 
0.010992 -0.005705 0.012384 -0.000157 
-0.002243 -0.006863 -0.001133 -0.007131 
-0.001631 0.002518 -0.001700 0.002472 
-0.005793 0.004103 -0.006351 0.003172 
0.005834 0.000111 0.005791 0.000713 
-0.000959 0.002153 -0.000995 0.002137 
0.010727 -0.007001 0.012769 -0.001019 
0.005384 0.004319 0.004704 0.005050 
0.010974 0.003362 0.008797 0.007372 
0.005324 0.001211 0.005193 0.001688 
-0.008722 0.001650 -0.008864 -0.000465 
-0.001968 0.002553 -0.002048 0.002490 
-0.003987 0.014881 -0.012821 0.008543 
0.019575 0.001971 0.005708 0.018828 
0.010983 -0.005286 0.012189 0.000034 
0.011409 -0.008130 0.014006 -0.000319 
-0.003004 -0.005225 -0.002410 -0.005524 
0.000385 0.010673 -0.003264 0.010169 
0.015708 -0.003052 0.013331 0.008852 
-0.003879 0.000011 -0.003875 -0.000166 
0.007732 -0.002071 0.007986 -0.000536 
-0.003804 -0.011585 0.001636 -0.012083 
0.003521 -0.002115 0.003625 -0.001932 
0.004115 0.001126 0.004046 0.001352 
0.000555 -0.007430 0.001794 -0.007231 
-0.008535 -0.002972 -0.007543 -0.004977 
-0.006615 0.002349 -0.006891 0.001336 
-0.006331 -0.007624 -0.003809 -0.009148 
-0.004528 0.001209 -0.004598 0.000904 
0.002698 -0.004316 0.003029 -0.004091 
0.000459 -0.008740 0.002462 -0.008398 
-0.003661 0.001808 -0.003748 0.001620 
0.006510 -0.007614 0.008496 -0.005308 
-0.000492 -0.004295 -0.000248 -0.004316 
0.001923 0.002091 0.001871 0.002137 
-0.003747 -0.000087 -0.003739 -0.000247 
0.012305 -0.010287 0.015980 0.001367 
-0.011411 -0.000940 -0.010153 -0.005293 
0.007638 0.008590 0.003674 0.010891 
-0.002694 -0.005270 -0.002119 -0.005526 
-0.002732 0.011220 -0.006934 0.009234 
-0.007178 0.005412 -0.008279 0.003505 
-0.006168 0.002808 -0.006499 0.001923 
0.007329 0.006361 0.005235 0.008172 
-0.001051 0.010998 -0.004966 0.009869 
0.007047 -0.004831 0.007937 -0.003163 
-0.010258 0.004322 -0.011128 0.000248 
0.002096 0.005125 0.001610 0.005298 
-0.005447 0.005971 -0.006517 0.004780 
0.015364 0.000630 0.011152 0.010587 
0.010802 -0.010701 0.015159 -0.001188 
0.003857 -0.000756 0.003888 -0.000574 
0.009027 0.008720 0.003996 0.011898 
0.004166 0.008716 0.001562 0.009533 
0.013181 0.009111 0.002961 0.015747 
0.004554 -0.017141 0.016628 -0.006170 
0.001032 -0.001970 0.001061 -0.001954 
-0.005831 0.001548 -0.005967 0.000895 
-0.002294 -0.004185 -0.001999 -0.004334 
0.010192 -0.009558 0.013794 -0.002228 
0.005289 -0.001875 0.005444 -0.001361 
-0.000565 0.005112 -0.000974 0.005050 
0.008908 -0.004128 0.009720 -0.001380 
-0.009663 -0.007484 -0.005403 -0.010962 
-0.018241 0.002019 -0.011218 -0.014525 
-0.012045 0.005121 -0.012996 -0.001548 
-0.001397 -0.003512 -0.001243 -0.003569 
0.002671 0.002343 0.002579 0.002443 
0.012251 0.002295 0.009868 0.007615 
-0.006832 -0.009936 -0.001928 -0.011903 
-0.003459 0.014530 -0.011806 0.009149 
0.009852 -0.005898 0.011372 -0.001589 
-0.005192 -0.005246 -0.004257 -0.006029 
0.004412 0.007379 0.002657 0.008176 
-0.002945 -0.013637 0.005158 -0.012963 
-0.009256 -0.000247 -0.008880 -0.002623 
-0.003383 0.008901 -0.005676 0.007645 
0.005606 0.007020 0.003734 0.008171 
-0.000838 0.006082 -0.001528 0.005946 
-0.010738 -0.003413 -0.008665 -0.007202 
-0.006554 -0.004590 -0.005543 -0.005770 
-0.001810 0.001967 -0.001852 0.001927 
0.001705 -0.005550 0.002264 -0.005346 
0.005065 0.000513 0.005009 0.000910 
0.012409 0.000335 0.010922 0.005899 
0.008083 -0.010445 0.012254 -0.004926 
0.011282 -0.003895 0.011875 0.001197 
0.006734 0.006193 0.004959 0.007688 
-0.003816 0.002521 -0.003969 0.002273 
0.007679 -0.006977 0.009513 -0.004140 
-0.004976 0.005389 -0.005787 0.004507 
0.015510 0.008541 0.002029 0.017589 
0.004468 0.002274 0.004282 0.002609 
-0.001622 0.002598 -0.001696 0.002551 
0.004823 0.001493 0.004693 0.001862 
0.019826 -0.003406 0.009844 0.017543 
0.005399 -0.017890 0.018250 -0.004017 
0.004275 -0.007233 0.005717 -0.006157 
-0.007857 -0.010746 -0.001235 -0.013254 
-0.005940 0.002621 -0.006226 0.001841 
0.011253 -0.001421 0.010945 0.002974 
0.002534 -0.007768 0.004047 -0.007098 
0.006884 0.001815 0.006524 0.002850 
-0.010305 0.002503 -0.010548 -0.001094 
0.008648 0.000343 0.008348 0.002286 
-0.002116 -0.006266 -0.001267 -0.006491 
0.007523 -0.004124 0.008251 -0.002352 
0.004531 -0.009204 0.007195 -0.007313 
-0.016850 -0.006501 -0.003791 -0.017658 
-0.014408 0.004953 -0.014182 -0.005569 
-0.002403 0.004674 -0.002786 0.004456 
0.002270 -0.001967 0.002323 -0.001904 
0.004361 -0.003975 0.004757 -0.003492 
-0.000394 0.009562 -0.003006 0.009085 
0.002045 -0.014429 0.010311 -0.010298 
-0.005220 -0.001101 -0.005106 -0.001548 
0.000489 -0.013729 0.007859 -0.011268 
-0.000936 -0.004242 -0.000691 -0.004289 
0.001580 0.004188 0.001322 0.004276 
-0.011231 0.001152 -0.010834 -0.003175 
0.001255 0.007761 -0.000216 0.007858 
-0.011826 -0.000756 -0.010453 -0.005582 
0.001758 -0.001981 0.001800 -0.001943 
0.007225 0.003142 0.006508 0.004440 
0.009902 -0.008739 0.012962 -0.002534 
0.001026 -0.006008 0.001696 -0.005854 
-0.001408 0.006379 -0.002221 0.006143 
0.003393 0.000297 0.003380 0.000416 
-0.003021 0.003926 -0.003305 0.003690 
0.005454 -0.003315 0.005822 -0.002616 
0.002492 0.003845 0.002242 0.003996 
-0.007367 0.012102 -0.012970 0.005700 
-0.008812 0.001865 -0.009001 -0.000341 
-0.010282 -0.007096 -0.005907 -0.011008 
-0.003446 -0.007805 -0.001650 -0.008370 
-0.010771 -0.011088 -0.000693 -0.015443 
-0.001211 0.013492 -0.008166 0.010808 
0.011829 -0.009445 0.015133 0.000339 
-0.001117 -0.004729 -0.000775 -0.004797 
0.009340 0.002296 0.008336 0.004797 
0.009296 -0.000500 0.009106 0.001936 
-0.012694 -0.013480 0.005231 -0.017762 
-0.010307 -0.001433 -0.009291 -0.004687 
0.002542 -0.005373 0.003103 -0.005070 
-0.009345 -0.012891 0.002269 -0.015759 
0.005991 0.009020 0.002469 0.010543 
0.008866 -0.014571 0.016889 -0.002383 
0.004343 -0.015614 0.014212 -0.007790 
-0.005009 -0.001003 -0.004914 -0.001396 
0.006250 0.004885 0.005208 0.005984 
0.012447 -0.001094 0.011572 0.004713 
-0.014967 -0.009242 -0.001359 -0.017538 
-0.011367 0.000926 -0.010847 -0.003522 
0.001207 0.004103 0.000977 0.004164 
-0.009859 -0.011880 0.000486 -0.015430 
-0.002524 0.010317 -0.005845 0.008868 
0.016062 -0.003208 0.013349 0.009492 
0.002683 -0.015420 0.012420 -0.009524 
-0.021114 0.000483 -0.004986 -0.020523 
-0.006923 0.017341 -0.018511 0.002450 
-0.010191 0.005010 -0.011332 0.000739 
-0.009489 -0.002349 -0.008419 -0.004967 
-0.006800 0.002089 -0.007039 0.001023 
0.006650 -0.000568 0.006666 0.000335 
-0.000936 -0.005429 -0.000432 -0.005492 
-0.002244 0.002638 -0.002338 0.002554 
-0.009300 0.010908 -0.013922 0.003413 
-0.003922 0.015014 -0.012949 0.008551 
0.009051 0.009085 0.003590 0.012311 
0.005306 0.005828 0.004118 0.006720 
-0.002088 -0.004171 -0.001807 -0.004300 
0.001286 -0.001209 0.001297 -0.001197 
-0.006444 0.010720 -0.010635 0.006582 
0.005468 0.003300 0.005019 0.003950 
-0.006750 -0.007936 -0.003816 -0.009694 
0.002625 0.002913 0.002486 0.003032 
-0.002602 -0.006531 -0.001596 -0.006847 
0.002434 0.000060 0.002432 0.000104 
-0.013411 0.007799 -0.015190 -0.003152 
0.003757 0.009269 0.000811 0.009969 
0.005244 0.000726 0.005164 0.001170 
0.000062 -0.001669 0.000076 -0.001669 
0.007423 0.003964 0.006405 0.005458 
0.009863 -0.013649 0.016781 -0.001403 
0.006438 -0.007024 0.008108 -0.005005 
-0.005362 -0.001331 -0.005216 -0.001821 
0.012647 0.008205 0.004523 0.014381 
0.008933 0.003460 0.007636 0.005785 
0.013443 -0.007797 0.015205 0.003212 
