0.005305 0.011011 -0.002638 0.011935 
-0.022352 0.014980 0.023588 -0.012947 
-0.001038 0.029050 0.017906 -0.022898 
-0.017904 0.013452 0.000496 -0.022389 
-0.008069 0.016584 -0.016991 -0.007172 
0.000576 0.000125 0.000576 0.000126 
0.011489 -0.001410 0.010291 0.005300 
-0.000631 -0.019558 0.019460 0.002055 
-0.020184 0.013588 0.011188 -0.021607 
-0.023768 -0.003167 0.021650 -0.010305 
-0.007662 -0.019460 0.020914 0.000115 
-0.004336 -0.019815 0.020259 0.001000 
0.008317 0.005193 0.005404 0.008182 
0.014802 0.016544 -0.022084 0.002262 
-0.008735 -0.014701 0.011885 -0.012295 
0.000034 -0.001681 0.000055 -0.001681 
0.007740 -0.009325 0.011819 -0.002678 
0.007150 -0.020538 0.013955 0.016680 
-0.011247 -0.022656 0.017209 0.018537 
0.009715 -0.008688 0.013028 0.000367 
-0.003512 0.011660 -0.009934 0.007043 
-0.010089 -0.005674 -0.005147 -0.010368 
0.009946 -0.008209 0.012879 0.000669 
-0.025117 -0.001117 0.024182 -0.006881 
0.009256 -0.003217 0.009756 0.000918 
0.018765 -0.003807 0.002585 0.018972 
-0.000155 0.015544 -0.013767 0.007218 
0.031013 -0.008640 -0.011349 -0.030127 
0.007919 -0.011493 0.013889 -0.001372 
-0.005741 0.002046 -0.006000 0.001071 
0.008348 -0.008437 0.011713 -0.001918 
-0.017936 -0.009095 0.012997 -0.015346 
-0.009516 0.022510 -0.001884 -0.024366 
-0.009122 0.004162 -0.010025 -0.000206 
-0.008652 -0.001877 -0.007486 -0.004728 
-0.001733 -0.012671 0.007155 -0.010600 
-0.003899 -0.002062 -0.003706 -0.002392 
0.012505 0.019656 -0.022365 -0.006524 
0.021271 0.003812 -0.013754 0.016668 
0.009958 0.006084 0.004703 0.010680 
0.000580 0.027264 0.004203 -0.026944 
0.033630 -0.004549 0.009731 -0.032511 
0.008853 0.010700 -0.002339 0.013689 
0.008495 -0.013656 0.015926 0.002237 
0.007329 -0.007750 0.010172 -0.003211 
-0.001871 -0.018337 0.018207 -0.002877 
-0.017851 -0.008185 0.010754 -0.016431 
-0.002026 -0.001454 -0.001985 -0.001510 
-0.001468 0.004511 -0.001913 0.004342 
0.018094 -0.003197 0.004359 0.017850 
-0.008337 0.012221 -0.014794 -0.000062 
0.021338 -0.019764 -0.028894 0.003331 
0.007383 -0.010385 0.012411 -0.002885 
-0.013753 0.004847 -0.011954 -0.008352 
0.017056 -0.004062 0.007359 0.015914 
0.013630 -0.008862 0.013394 0.009215 
-0.022257 -0.012871 0.024309 0.008373 
0.001785 0.037416 0.002661 0.037364 
-0.008268 -0.017264 0.017756 -0.007150 
-0.016688 0.000916 -0.006192 -0.015524 
-0.016243 0.009886 -0.009191 -0.016646 
0.006843 -0.003408 0.007490 -0.001529 
0.006222 -0.010220 0.011088 -0.004496 
0.010834 0.002200 0.008123 0.007499 
0.002050 0.005862 0.001016 0.006126 
0.014707 -0.013395 0.010299 0.017019 
0.012244 0.013888 -0.013368 0.012810 
0.003921 -0.005498 0.004951 -0.004592 
-0.007621 -0.024661 0.011669 0.023023 
0.000917 0.007431 -0.000951 0.007427 
0.031739 -0.007162 -0.006826 -0.031813 
-0.025916 0.016709 0.026644 0.015522 
-0.003341 -0.030729 -0.026214 0.016378 
0.001045 0.004537 0.000602 0.004617 
0.010867 -0.019110 0.009926 0.019616 
-0.010445 -0.012555 0.007772 -0.014364 
0.005677 0.014866 -0.011019 0.011481 
0.006082 0.013535 -0.007882 0.012572 
0.001900 0.010314 -0.003184 0.009992 
0.004835 -0.017585 0.017938 0.003288 
-0.005924 -0.003021 -0.005217 -0.004124 
0.008374 0.004788 0.005732 0.007759 
0.014581 0.001575 0.007078 0.012845 
-0.009241 -0.007760 -0.002665 -0.011769 
0.002685 0.003791 0.002308 0.004031 
0.008897 -0.009353 0.012880 -0.000864 
-0.007119 -0.022946 0.018323 0.015540 
-0.001504 0.034448 0.027755 0.020459 
-0.021504 0.015081 0.020495 -0.016426 
-0.002724 0.002281 -0.002848 0.002124 
0.011439 0.014099 -0.012883 0.012793 
0.009458 0.004039 0.006589 0.007896 
0.010576 -0.009708 0.014132 0.002525 
-0.015588 0.007578 -0.010940 -0.013444 
-0.012127 0.004543 -0.011979 -0.004920 
0.004201 -0.001893 0.004361 -0.001487 
0.009651 -0.000103 0.008871 0.003802 
0.004899 -0.005743 0.006185 -0.004326 
0.009368 -0.003251 0.009862 0.001036 
-0.012470 -0.017990 0.021872 -0.000861 
-0.016280 0.016263 0.000152 -0.023011 
-0.005880 0.016095 -0.017067 -0.001529 
0.001302 -0.010078 0.005647 -0.008449 
-0.014779 -0.004316 -0.003498 -0.014993 
-0.006910 0.001030 -0.006970 -0.000487 
-0.006670 -0.002088 -0.006061 -0.003480 
0.020719 -0.003242 -0.004901 0.020390 
0.007617 0.007932 0.002461 0.010718 
-0.013421 0.009856 -0.013710 -0.009451 
-0.010507 -0.002236 -0.008044 -0.007120 
-0.010811 0.023694 0.008003 -0.024783 
-0.001642 -0.006250 -0.000456 -0.006445 
-0.017773 0.008967 -0.005314 -0.019184 
-0.013817 0.017422 -0.005832 -0.021457 
0.018636 -0.001492 0.001706 0.018618 
-0.012885 -0.032374 -0.033017 -0.011135 
0.014703 -0.005510 0.011581 0.010603 
0.029189 -0.009662 -0.022367 -0.021097 
0.001948 -0.014936 0.013697 -0.006266 
-0.013074 -0.014568 0.016234 -0.010937 
-0.006902 0.001641 -0.007094 0.000063 
-0.001145 0.007817 -0.003250 0.007201 
-0.002808 0.011695 -0.009277 0.007654 
0.012279 0.017355 -0.020953 0.003600 
-0.011888 -0.032019 -0.033838 -0.004641 
0.004644 -0.008938 0.008085 -0.006007 
-0.016366 -0.003137 -0.002369 -0.016494 
-0.017311 -0.002022 -0.001730 -0.017342 
0.000314 0.005300 -0.000353 0.005297 
0.017085 -0.006820 0.007851 0.016636 
-0.007296 0.014423 -0.016131 -0.001017 
-0.006503 -0.005889 -0.004141 -0.007734 
-0.007302 -0.020373 0.021313 0.003759 
-0.011249 -0.001093 -0.008882 -0.006989 
-0.009266 -0.001260 -0.008090 -0.004689 
-0.020277 0.014019 0.012574 -0.021203 
0.000892 0.024559 -0.011429 -0.021756 
0.015345 -0.023600 -0.023225 0.015908 
-0.016019 -0.025514 -0.010239 0.028333 
0.008702 -0.020902 0.010057 0.020284 
-0.010999 0.006071 -0.012313 -0.002494 
-0.007978 0.003877 -0.008824 0.000898 
-0.013611 -0.007543 0.000242 -0.015560 
-0.004808 0.007023 -0.006790 0.005133 
0.009171 0.017262 -0.018332 0.006786 
-0.010850 0.013529 -0.015639 -0.007494 
0.010593 -0.015576 0.015446 0.010783 
0.014592 -0.017888 0.001843 0.023011 
-0.015838 0.001734 -0.008292 -0.013606 
-0.001584 0.002149 -0.001651 0.002098 
-0.002769 0.005270 -0.003564 0.004769 
-0.003999 0.006919 -0.005782 0.005516 
0.003010 0.008715 -0.000430 0.009210 
-0.008458 -0.000763 -0.007783 -0.003399 
0.008355 0.017326 -0.017937 0.006947 
-0.012106 0.009180 -0.014104 -0.005650 
-0.016934 0.014812 -0.000708 -0.022486 
-0.010059 -0.008814 -0.000712 -0.013356 
-0.003357 0.034286 0.026792 0.021656 
-0.012136 0.013330 -0.014698 -0.010438 
0.007112 0.002225 0.006349 0.003901 
-0.038236 -0.011225 -0.018544 -0.035272 
-0.009537 0.023407 0.002406 -0.025161 
0.011500 0.029816 0.027661 -0.016004 
0.016173 0.015431 -0.022101 0.003351 
0.001003 -0.000266 0.001004 -0.000261 
-0.009594 -0.028077 -0.013080 0.026632 
-0.007043 -0.003330 -0.005896 -0.005092 
-0.002975 0.001335 -0.003035 0.001193 
0.004825 -0.014867 0.015413 -0.002599 
-0.027287 -0.003370 0.025792 0.009524 
0.008121 -0.011688 0.014207 -0.000852 
-0.033342 -0.004433 -0.015137 0.030036 
-0.017042 -0.007301 0.006660 -0.017303 
0.005295 0.015491 -0.012472 0.010604 
0.025699 0.001460 -0.025526 0.003312 
0.025673 0.007466 -0.025290 -0.008676 
0.033051 -0.010108 0.010863 -0.032810 
0.026024 0.005333 -0.025988 -0.005508 
0.006722 0.022471 -0.019454 -0.013103 
0.004910 -0.024226 0.005293 0.024145 
-0.036514 0.025012 0.012412 -0.042483 
-0.020259 -0.009687 0.020261 -0.009683 
-0.033074 0.000010 -0.005513 0.032612 
-0.004786 0.015032 -0.015592 0.002394 
-0.011664 -0.007943 -0.001193 -0.014061 
-0.005211 -0.021828 0.020289 0.009589 
-0.020294 -0.016349 0.021992 0.013981 
-0.028133 0.017881 0.010529 0.031628 
0.002826 -0.013030 0.011267 -0.007129 
0.009239 0.017032 -0.017899 0.007419 
0.001624 -0.011983 0.008566 -0.008536 
0.001007 -0.001318 0.001023 -0.001305 
-0.005807 0.001041 -0.005898 0.000131 
-0.004535 -0.010582 0.002133 -0.011313 
-0.004515 0.034859 0.021058 0.028144 
0.003352 0.007025 0.001355 0.007665 
0.010170 0.010339 -0.002326 0.014315 
0.023066 0.006696 -0.023045 0.006767 
0.011533 -0.016830 0.012890 0.015815 
0.017709 0.005758 -0.005336 0.017841 
-0.000039 -0.010570 0.005019 -0.009302 
-0.029399 0.014684 0.011513 0.030779 
0.002710 -0.012472 0.010311 -0.007521 
-0.011372 0.010577 -0.014708 -0.004985 
0.005788 0.004381 0.004609 0.005608 
-0.007265 0.000849 -0.007260 -0.000893 
0.008024 0.015071 -0.012382 0.011756 
0.009568 0.013056 -0.008273 0.013913 
-0.004306 0.010832 -0.009709 0.006449 
0.021598 0.013025 -0.024505 -0.005971 
0.001896 -0.007485 0.003796 -0.006723 
0.009789 0.022407 -0.018942 -0.015462 
-0.006284 -0.009612 0.000107 -0.011483 
-0.022356 0.007305 0.012911 -0.019659 
-0.000179 0.013878 -0.010629 0.008926 
0.017325 -0.012028 0.004048 0.020699 
-0.003519 0.004798 -0.004230 0.004185 
-0.015814 0.008900 -0.010459 -0.014829 
0.020258 -0.019779 -0.026702 0.009413 
0.003182 -0.011897 0.009930 -0.007284 
-0.013615 0.010968 -0.013534 -0.011067 
0.022565 0.016349 -0.016222 -0.022657 
0.008953 0.018429 -0.020257 0.003068 
-0.016974 0.004656 -0.007758 -0.015799 
-0.004680 0.008269 -0.007546 0.005774 
-0.001393 -0.001082 -0.001378 -0.001102 
-0.005830 0.003699 -0.006479 0.002385 
-0.002283 0.007411 -0.004166 0.006541 
0.001874 -0.017005 0.016902 -0.002647 
-0.014672 -0.006757 0.000400 -0.016148 
-0.003215 0.004709 -0.003862 0.004195 
0.014938 0.000994 0.007236 0.013106 
0.004135 -0.003886 0.004649 -0.003254 
-0.015311 0.004000 -0.010304 -0.012011 
-0.011718 0.007701 -0.013414 -0.004087 
-0.012895 -0.005527 -0.003982 -0.013453 
0.030556 0.021164 0.032866 0.017360 
0.025207 -0.017810 -0.027189 -0.014607 
-0.024915 0.005461 0.022911 -0.011209 
-0.016227 0.007253 -0.009767 -0.014850 
0.018543 -0.023843 -0.030200 -0.000566 
0.024700 -0.009995 -0.024951 0.009352 
0.003968 0.005217 0.002902 0.005877 
0.018751 -0.012266 -0.002004 0.022316 
0.002175 -0.012609 0.010033 -0.007942 
-0.004550 0.007287 -0.006662 0.005424 
0.006847 -0.007345 0.009359 -0.003637 
-0.011236 -0.009273 0.000961 -0.014537 
-0.009068 0.006275 -0.011006 0.000692 
0.013821 -0.017016 0.006801 0.020841 
-0.013494 -0.021052 0.019928 0.015105 
-0.009323 0.002772 -0.009640 -0.001290 
0.012381 0.031342 0.033691 -0.000753 
0.012161 0.006522 0.003132 0.013439 
0.017744 -0.009768 0.004888 0.019657 
0.015460 -0.004576 0.010373 0.012343 
0.004806 -0.034072 -0.026101 -0.022422 
0.003956 -0.003631 0.004389 -0.003093 
0.009708 -0.006576 0.011724 0.000211 
-0.022872 0.017230 0.028397 -0.003688 
-0.005094 0.008004 -0.007817 0.005376 
-0.014804 -0.004884 -0.002608 -0.015369 
-0.013443 0.006085 -0.012608 -0.007666 
-0.006670 -0.009785 0.000323 -0.011838 
0.007392 0.003607 0.005986 0.005641 
0.003756 0.019887 -0.020189 -0.001413 
0.021148 -0.010576 -0.010493 0.021190 
-0.000661 -0.008757 0.002332 -0.008467 
-0.006069 -0.019738 0.020639 0.000687 
-0.018278 0.014667 0.004728 -0.022954 
0.031055 0.011359 0.016326 -0.028756 
-0.020899 -0.025823 -0.029628 0.015027 
-0.001728 -0.011300 0.004778 -0.010385 
-0.004668 -0.002876 -0.004242 -0.003474 
0.010524 0.011675 -0.005664 0.014663 
0.003073 -0.000676 0.003100 -0.000540 
-0.008233 -0.016917 0.016984 -0.008093 
-0.017922 0.014206 0.002106 -0.022772 
-0.005834 0.006973 -0.007955 0.004402 
0.018370 0.015843 -0.023797 -0.004709 
-0.027889 -0.020643 -0.033394 0.009423 
-0.028228 0.004250 0.026870 0.009638 
-0.028567 0.004173 0.026222 0.012077 
-0.026755 -0.005262 0.025427 0.009847 
-0.017674 -0.022207 0.006198 0.027697 
0.006913 0.004666 0.005158 0.006554 
-0.024478 -0.005689 0.025016 -0.002402 
-0.014264 0.008389 -0.012763 -0.010533 
0.009086 -0.015205 0.016530 0.006366 
0.012263 0.010814 -0.005522 0.015390 
-0.001493 0.002061 -0.001551 0.002017 
0.001055 -0.009884 0.005171 -0.008489 
0.003657 0.002392 0.003441 0.002694 
-0.015144 -0.016758 0.022577 -0.000672 
0.002198 0.011853 -0.005405 0.010775 
0.022320 -0.009414 -0.014618 0.019316 
-0.007218 0.011408 -0.013247 0.002598 
0.015042 0.021287 -0.017300 -0.019497 
0.034467 -0.014390 0.033548 -0.016419 
0.004151 0.014697 -0.010578 0.011015 
0.004702 0.005903 0.003067 0.006896 
0.004095 -0.015231 0.015462 -0.003109 
-0.025799 -0.008486 0.024252 0.012225 
-0.018666 0.011632 0.000660 -0.021984 
-0.002306 0.002526 -0.002434 0.002402 
-0.005639 0.013011 -0.013686 0.003710 
0.029884 -0.009413 -0.018668 -0.025162 
0.005774 -0.006915 0.007849 -0.004421 
-0.015345 -0.015836 0.021728 -0.003757 
0.000352 0.009423 -0.003316 0.008827 
0.003762 -0.000103 0.003761 0.000135 
0.023357 -0.013797 -0.025068 0.010368 
-0.023046 -0.015692 0.016801 0.022250 
0.007577 -0.000813 0.007533 0.001156 
0.000150 -0.010078 0.004548 -0.008995 
-0.006886 -0.016942 0.016346 -0.008199 
-0.006101 0.002499 -0.006468 0.001277 
-0.021975 0.005214 0.010265 -0.020117 
0.017745 -0.006437 0.006102 0.017863 
-0.014523 -0.028331 -0.025066 0.019629 
0.002937 0.010995 -0.003546 0.010814 
-0.001538 0.001649 -0.001575 0.001614 
0.009914 0.004591 0.006211 0.008989 
0.010256 0.007538 0.002706 0.012437 
-0.025760 -0.024954 -0.034963 -0.007993 
-0.015148 0.016687 -0.003113 -0.022321 
-0.009410 0.011878 -0.015038 -0.001869 
-0.005006 0.020968 -0.015967 -0.014483 
-0.008783 -0.000175 -0.008209 -0.003130 
-0.002541 -0.013280 0.007928 -0.010953 
-0.004381 -0.024083 0.014785 0.019509 
-0.014452 -0.018394 0.022905 0.004749 
0.008041 -0.009608 0.012340 -0.002165 
0.000009 0.003709 -0.000219 0.003703 
0.009163 0.004853 0.005890 0.008533 
0.017600 0.000998 0.002246 0.017485 
0.004245 -0.004530 0.004958 -0.003737 
0.020373 -0.002832 -0.003651 0.020242 
0.028139 0.002472 -0.024712 -0.013684 
0.018743 0.020952 -0.009530 -0.026447 
0.003526 -0.003175 0.003827 -0.002806 
-0.023465 -0.002385 0.020002 -0.012499 
0.011444 0.011578 -0.006379 0.014977 
0.018294 -0.002260 0.003263 0.018142 
-0.022047 -0.018414 0.009453 0.027126 
-0.011154 0.031419 0.027749 0.018480 
0.003005 0.016372 -0.014477 0.008216 
0.018241 -0.002176 0.003363 0.018060 
-0.029409 -0.017599 -0.030018 0.016539 
-0.018592 0.022691 0.028824 -0.005451 
0.007744 0.006933 0.003648 0.009732 
-0.014691 -0.013829 0.016981 -0.010895 
-0.001966 -0.006672 -0.000492 -0.006938 
-0.014650 0.009537 -0.012352 -0.012369 
0.011792 0.023026 -0.015226 -0.020914 
-0.000684 0.015572 -0.014082 0.006682 
0.006443 -0.029655 -0.028067 0.011540 
0.002638 -0.022380 0.015505 0.016353 
0.025200 -0.012950 -0.028315 0.000994 
0.004291 -0.002530 0.004545 -0.002040 
-0.032919 0.000972 -0.003181 0.032779 
-0.032336 -0.006694 -0.011523 0.030946 
-0.027850 -0.008182 0.017975 0.022792 
-0.028408 0.002597 0.026302 0.011042 
0.005294 0.006229 0.003231 0.007509 
-0.002895 0.003505 -0.003205 0.003223 
0.013469 -0.000245 0.009468 0.009583 
0.019693 -0.001870 -0.001587 0.019718 
0.001445 -0.012472 0.009168 -0.008578 
-0.004987 -0.006921 -0.002518 -0.008150 
-0.020619 0.005939 0.004321 -0.021018 
0.007884 0.009026 0.000925 0.011949 
0.012584 -0.009279 0.014043 0.006874 
0.018049 -0.003381 0.004571 0.017785 
0.005679 -0.001314 0.005813 -0.000441 
0.013807 0.008900 -0.003352 0.016081 
-0.004078 -0.009706 0.001016 -0.010479 
-0.015166 0.007801 -0.011604 -0.012498 
0.004636 0.001682 0.004427 0.002174 
-0.005841 -0.017913 0.017986 -0.005611 
0.008409 -0.001274 0.008379 0.001459 
0.015521 -0.015612 0.004312 0.021588 
-0.009990 -0.029632 -0.024413 0.019542 
0.010889 -0.029004 -0.030902 0.002208 
-0.006594 -0.034147 -0.030644 -0.016444 
0.010713 -0.021808 0.001244 0.024266 
0.016933 -0.009224 0.007703 0.017676 
0.016242 -0.012800 0.006710 0.019561 
0.008753 0.009369 0.000232 0.012819 
0.007913 -0.000218 0.007666 0.001974 
0.003071 -0.004895 0.003764 -0.004385 
0.007099 -0.005789 0.008724 -0.002793 
0.007162 0.003951 0.005683 0.005882 
-0.015545 -0.005466 -0.000351 -0.016475 
-0.008761 -0.001746 -0.007603 -0.004690 
-0.003049 0.008903 -0.006240 0.007044 
0.012398 0.000420 0.009323 0.008184 
-0.003143 0.013917 -0.012905 0.006084 
0.003752 0.003351 0.003351 0.003752 
0.004759 0.000299 0.004704 0.000780 
-0.016798 0.003062 -0.007433 -0.015372 
0.014519 -0.012739 0.011326 0.015647 
-0.014247 -0.023100 0.010771 0.024911 
0.004347 -0.018703 0.018330 0.005718 
-0.014777 0.024271 0.024024 -0.015175 
0.022887 0.011774 -0.024672 -0.007331 
0.015951 -0.008157 0.010286 0.014668 
0.010552 0.010537 -0.003049 0.014597 
0.002931 0.009142 -0.000968 0.009552 
0.019883 -0.007698 -0.001872 0.021239 
-0.012556 -0.017469 0.021333 -0.002774 
0.003937 0.005212 0.002880 0.005862 
0.017439 -0.011166 0.004666 0.020175 
0.026986 -0.001641 -0.026990 -0.001584 
-0.006171 -0.036084 -0.016711 -0.032571 
-0.013754 -0.020602 0.020747 0.013534 
0.004226 -0.007171 0.006207 -0.005546 
0.000965 -0.000870 0.000971 -0.000863 
-0.006256 0.007790 -0.009002 0.004335 
0.010938 0.018521 -0.021492 0.000866 
0.003151 -0.007239 0.005017 -0.006096 
-0.020568 -0.017119 0.019632 0.018185 
-0.007510 -0.015686 0.013654 -0.010772 
0.014534 -0.003046 0.010586 0.010415 
-0.008988 -0.009914 0.000834 -0.013356 
-0.016723 0.018934 0.010507 -0.022974 
-0.019775 -0.006118 0.012374 -0.016594 
-0.023316 0.011985 0.022346 -0.013709 
0.010831 -0.002835 0.010685 0.003343 
-0.017827 -0.017992 0.022101 0.012371 
-0.005618 0.008843 -0.009117 0.005162 
-0.002754 0.003497 -0.003052 0.003240 
0.018562 -0.013453 -0.003348 0.022679 
0.004971 -0.016765 0.017428 0.001425 
0.000635 -0.028204 -0.011796 0.025627 
0.005908 -0.000899 0.005976 0.000050 
-0.016661 -0.000503 -0.004944 -0.015918 
0.014847 0.002273 0.006021 0.013760 
-0.005190 -0.032113 -0.032155 0.004922 
-0.032438 -0.001247 -0.000878 0.032450 
0.006122 -0.013531 0.014657 -0.002395 
-0.001037 0.017742 -0.017677 0.001833 
-0.001437 -0.011515 0.005323 -0.010311 
0.008267 -0.001317 0.008271 0.001289 
-0.000538 -0.008237 0.001951 -0.008020 
-0.005075 0.005180 -0.006140 0.003858 
0.006493 -0.018599 0.017323 0.009380 
-0.012021 0.019858 -0.004460 -0.022781 
-0.009767 0.006319 -0.011628 -0.000343 
-0.002046 0.001831 -0.002107 0.001761 
0.019073 -0.001870 0.000577 0.019156 
-0.015770 -0.018222 0.022975 0.007271 
-0.011773 -0.005393 -0.004961 -0.011962 
-0.013769 0.000833 -0.009724 -0.009783 
-0.013503 0.007731 -0.013182 -0.008267 
0.006597 0.006775 0.003448 0.008805 
0.006423 -0.012008 0.013186 -0.003400 
0.000409 -0.007394 0.002189 -0.007075 
-0.023751 -0.011248 0.024389 0.009787 
-0.001664 0.008109 -0.004027 0.007232 
-0.015207 -0.017391 0.023005 0.002115 
-0.004428 -0.004858 -0.003415 -0.005616 
-0.004500 -0.004641 -0.003562 -0.005395 
0.004156 -0.001588 0.004279 -0.001215 
0.000489 -0.031501 -0.030373 0.008368 
-0.012788 0.031752 0.021335 0.026768 
0.003262 -0.017876 0.018109 0.001503 
0.006920 0.002011 0.006274 0.003546 
0.011859 -0.000092 0.009655 0.006888 
-0.029958 -0.014893 -0.022614 0.024655 
-0.020470 0.021901 0.029943 0.001455 
-0.016543 -0.009628 0.010661 -0.015897 
-0.005177 0.001088 -0.005272 0.000435 
-0.020963 0.018991 0.026954 -0.008580 
0.012275 0.007329 0.001721 0.014193 
0.008135 -0.020825 0.011479 0.019186 
-0.021581 -0.009414 0.022770 -0.005989 
-0.017624 0.019622 0.016861 -0.020281 
-0.009050 -0.007188 -0.003456 -0.011029 
-0.002861 0.004818 -0.003505 0.004372 
-0.007316 -0.016010 0.014355 -0.010186 
-0.020378 0.003328 0.003477 -0.020353 
0.002374 -0.020719 0.018464 0.009694 
-0.022027 -0.014298 0.022910 0.012835 
-0.029166 0.017750 0.001998 0.034084 
0.004158 -0.006420 0.005674 -0.005130 
0.001624 0.023329 -0.016302 -0.016767 
-0.007864 0.013215 -0.015374 -0.000322 
0.005572 -0.006168 0.007180 -0.004187 
0.007530 0.014646 -0.011044 0.012217 
-0.004720 0.014331 -0.014666 0.003543 
0.003586 0.002343 0.003382 0.002628 
-0.012656 0.003515 -0.011535 -0.006283 
0.020551 -0.023025 -0.029780 -0.008105 
-0.011850 -0.026343 -0.004548 0.028526 
0.019248 -0.015538 -0.011422 0.021942 
-0.006300 -0.033003 -0.033292 -0.004532 
0.005997 -0.019886 0.016576 0.012517 
0.019877 -0.005855 -0.001206 0.020686 
0.015005 -0.004625 0.010930 0.011273 
0.011015 -0.008054 0.013376 0.002703 
-0.000619 -0.011329 0.005635 -0.009848 
0.008143 -0.007921 0.011142 -0.002211 
0.004360 -0.004440 0.005059 -0.003624 
0.007944 -0.023666 0.000938 0.024946 
-0.014360 0.024316 0.022966 -0.016434 
-0.011930 0.005747 -0.012513 -0.004334 
-0.009530 -0.022280 0.019370 0.014561 
-0.016249 -0.013327 0.018598 -0.009786 
-0.009000 0.012357 -0.015208 -0.001544 
-0.007608 0.009187 -0.011575 0.002885 
0.002968 0.025728 -0.006763 -0.025000 
-0.025671 -0.004893 0.026019 0.002439 
-0.008329 -0.010607 0.001958 -0.013344 
-0.007499 -0.000994 -0.007005 -0.002856 
0.000858 0.031657 0.030559 -0.008307 
0.030594 0.002099 -0.013300 -0.027631 
0.010546 0.015686 -0.015924 0.010183 
-0.008276 0.015246 -0.016723 -0.004610 
-0.012704 -0.015323 0.017509 -0.009466 
-0.001373 0.033260 0.032062 0.008953 
-0.022763 0.016587 0.027408 -0.006485 
-0.001027 -0.006941 0.000510 -0.006998 
0.003594 0.013887 -0.008848 0.011290 
0.009297 0.016691 -0.017199 0.008320 
-0.013679 -0.007627 0.000502 -0.015653 
0.003664 -0.002970 0.003940 -0.002592 
-0.007513 -0.022635 0.019041 0.014360 
0.004086 0.006203 0.002451 0.007011 
0.001543 -0.006337 0.002711 -0.005932 
-0.010622 -0.007399 -0.002759 -0.012648 
-0.007937 0.004196 -0.008906 0.001134 
0.003715 -0.005068 0.004546 -0.004339 
-0.015110 0.004117 -0.010591 -0.011536 
-0.020617 0.013017 0.012078 -0.021181 
0.014986 0.023814 -0.004799 -0.027725 
-0.009930 -0.004189 -0.006552 -0.008558 
0.015874 -0.006174 0.010275 0.013584 
0.010106 0.005243 0.005597 0.009914 
0.018282 0.001527 -0.000257 0.018344 
-0.004912 -0.023628 0.016420 0.017686 
-0.000391 -0.001969 -0.000356 -0.001976 
-0.000619 0.008723 -0.003502 0.008013 
-0.000903 0.015600 -0.014245 0.006424 
0.003659 -0.000510 0.003683 -0.000287 
-0.017896 0.006062 -0.005668 -0.018025 
0.001920 0.004983 0.001272 0.005186 
0.006899 -0.018602 0.017013 0.010208 
-0.023719 0.008645 0.020131 -0.015235 
-0.010100 -0.000472 -0.008859 -0.004872 
-0.004021 -0.013064 0.006968 -0.011760 
0.008712 -0.002150 0.008911 0.001049 
0.001819 -0.015141 0.013964 -0.006130 
-0.017968 -0.006058 0.006651 -0.017757 
-0.004229 0.011877 -0.010943 0.006260 
0.018140 0.007495 -0.010085 0.016838 
0.005371 -0.012695 0.013073 -0.004373 
0.017971 -0.008636 0.004841 0.019342 
-0.002806 0.009478 -0.006545 0.007407 
-0.003564 -0.005376 -0.002511 -0.005942 
-0.008585 -0.013029 0.007528 -0.013667 
-0.004494 -0.011747 0.004199 -0.011856 
0.003824 0.009737 -0.001190 0.010393 
0.011202 -0.006765 0.012769 0.002865 
0.020158 -0.010798 -0.006107 0.022037 
-0.033896 0.015344 -0.032055 0.018889 
-0.004917 -0.011032 0.002771 -0.011756 
-0.014775 -0.003560 -0.004548 -0.014502 
-0.007286 -0.004542 -0.005429 -0.006652 
-0.005220 -0.007055 -0.002538 -0.008401 
-0.019696 0.008472 0.001581 -0.021382 
0.009159 0.022977 -0.017597 -0.017383 
0.010657 0.016250 -0.017356 0.008741 
-0.012933 -0.006525 -0.002414 -0.014283 
0.001386 -0.008756 0.004309 -0.007747 
0.010618 -0.002378 0.010369 0.003297 
-0.005641 -0.007838 -0.001993 -0.009449 
0.007148 0.008314 0.001896 0.010799 
0.004066 -0.001955 0.004226 -0.001578 
-0.004691 0.014265 -0.014561 0.003673 
0.019202 -0.018488 -0.019717 0.017938 
-0.034652 0.001829 -0.019782 0.028509 
-0.022029 0.011464 0.016012 -0.018983 
0.022431 -0.005144 -0.012348 0.019419 
0.012400 -0.009833 0.014272 0.006840 
0.002084 0.006248 0.000844 0.006532 
0.018048 0.013334 -0.021692 0.005745 
-0.006419 0.000540 -0.006408 -0.000651 
-0.002861 0.003820 -0.003234 0.003510 
0.011186 -0.001663 0.010313 0.004642 
-0.004118 0.022708 -0.012766 -0.019226 
-0.021210 -0.035545 0.030321 -0.028176 
0.012152 -0.011073 0.014681 0.007400 
0.015331 0.015364 -0.021012 0.005442 
0.000411 0.011238 -0.005662 0.009716 
-0.021177 0.012605 0.013953 -0.020314 
0.039079 -0.017595 0.003557 0.042709 
0.018867 -0.015296 -0.009005 0.022558 
0.009577 -0.015832 0.016233 0.008881 
-0.007859 0.026661 0.015504 -0.023070 
-0.012240 0.001612 -0.010531 -0.006443 
-0.028050 0.007937 0.027138 0.010644 
0.017922 0.030951 0.031897 0.016180 
-0.014487 0.005147 -0.011628 -0.010058 
-0.012945 -0.000169 -0.009377 -0.008926 
-0.014885 0.006132 -0.011609 -0.011153 
-0.020279 0.010762 0.006621 -0.021982 
-0.010700 -0.003345 -0.007283 -0.008523 
0.009533 0.000918 0.008381 0.004635 
0.005622 -0.012832 0.013455 -0.003902 
-0.022994 0.000561 0.015929 -0.016592 
-0.021605 0.008447 0.010242 -0.020815 
-0.015997 0.020751 0.014311 -0.021948 
-0.013172 0.000491 -0.009753 -0.008866 
-0.004621 -0.004582 -0.003678 -0.005368 
-0.008946 0.026431 0.017075 -0.022070 
0.018660 0.002952 -0.003350 0.018592 
0.023626 -0.000880 -0.018306 0.014962 
0.001781 -0.031028 -0.029236 0.010541 
0.021725 -0.013392 -0.017995 0.018098 
0.009867 -0.017211 0.015102 0.012865 
0.001580 -0.004824 0.002123 -0.004610 
-0.008114 0.011304 -0.013865 0.001173 
-0.002067 0.004593 -0.002572 0.004330 
0.021072 0.017636 -0.016566 -0.021923 
-0.022166 0.005991 0.011354 -0.019958 
0.001976 -0.007563 0.003939 -0.006752 
0.017834 -0.004402 0.005558 0.017508 
-0.001050 0.019421 -0.019167 -0.003307 
0.025464 -0.022624 -0.008847 -0.032893 
0.003361 0.006806 0.001521 0.007437 
0.002150 -0.014677 0.013397 -0.006368 
0.017543 0.017667 -0.022807 -0.009986 
-0.009468 -0.004013 -0.006610 -0.007878 
-0.015574 -0.011430 0.012842 -0.014431 
0.010128 -0.012876 0.015684 0.004730 
-0.035269 -0.002483 -0.028439 0.021006 
0.008477 -0.021526 0.008555 0.021495 
-0.017647 -0.007711 0.009161 -0.016940 
-0.019185 0.015412 0.010792 -0.022116 
0.017314 -0.001404 0.005226 0.016566 
0.004118 -0.006556 0.005704 -0.005235 
-0.005966 0.009011 -0.009660 0.004845 
0.007068 -0.008202 0.010220 -0.003576 
-0.007075 -0.025862 0.005363 0.026271 
-0.028448 0.017359 0.010028 0.031781 
-0.003426 -0.003024 -0.003130 -0.003330 
0.015453 0.014434 -0.019513 0.008147 
-0.000046 0.001230 -0.000054 0.001230 
0.000043 0.016255 -0.015006 0.006250 
0.011269 -0.011610 0.015099 0.005813 
-0.004002 -0.020836 0.020570 0.005200 
-0.008519 0.021590 -0.008231 -0.021701 
0.004511 -0.010779 0.009867 -0.006260 
0.011079 -0.014472 0.015398 0.009750 
-0.008148 -0.026279 0.001793 0.027455 
-0.018718 0.011470 0.000647 -0.021944 
0.019172 -0.004731 0.001441 0.019695 
0.021757 -0.014151 -0.019630 0.016979 
-0.006867 0.007461 -0.009461 0.003649 
-0.010362 0.002767 -0.010386 -0.002677 
0.013595 -0.018096 0.004757 0.022129 
0.007574 -0.015448 0.016843 0.003514 
-0.006823 -0.028327 -0.011602 0.026728 
-0.016155 0.027671 0.029559 0.012366 
0.000994 0.017918 -0.017624 0.003382 
-0.009387 -0.002684 -0.007444 -0.006317 
-0.018509 -0.015944 0.023775 0.005614 
0.002870 0.010400 -0.002669 0.010453 
0.012607 0.019783 -0.022291 -0.007312 
-0.000125 0.012209 -0.007633 0.009530 
0.010804 0.000145 0.009299 0.005501 
0.004364 0.017003 -0.015826 0.007594 
0.019282 0.004471 -0.007797 0.018193 
-0.003148 -0.007023 -0.001204 -0.007601 
-0.004731 0.001249 -0.004837 0.000738 
-0.005526 0.003301 -0.006038 0.002229 
0.002571 -0.008996 0.005802 -0.007340 
-0.008119 0.009229 -0.012104 0.002144 
0.011635 -0.031893 -0.024156 -0.023854 
-0.016088 -0.017536 0.023258 0.005037 
0.011061 -0.010259 0.014550 0.003989 
0.005490 -0.020745 0.015814 0.014506 
-0.017390 0.016353 0.005135 -0.023313 
-0.012921 0.013172 -0.013825 -0.012220 
0.003571 -0.011616 0.009935 -0.006999 
-0.002516 -0.014657 0.010838 -0.010183 
-0.019357 0.014335 0.008939 -0.022367 
0.012281 0.022929 -0.015009 -0.021244 
0.005733 0.029129 0.016663 -0.024570 
-0.007016 0.025011 0.003679 -0.025714 
-0.020193 0.018987 0.024726 -0.012525 
0.006577 -0.011976 0.013285 -0.003192 
0.031027 0.002587 -0.009341 -0.029700 
0.032122 0.003549 0.001846 -0.032265 
-0.008056 0.015553 -0.016853 -0.004769 
0.006786 -0.008916 0.010486 -0.003949 
0.003154 0.014208 -0.009668 0.010879 
0.003332 -0.000237 0.003340 -0.000071 
-0.010868 0.007106 -0.012791 -0.002236 
0.007099 -0.016267 0.017214 0.004323 
-0.017152 -0.008028 0.008524 -0.016911 
-0.003667 -0.002661 -0.003408 -0.002985 
-0.010119 0.013924 -0.015989 -0.006375 
-0.009153 -0.001667 -0.007851 -0.004992 
-0.011411 -0.004512 -0.006124 -0.010634 
0.001575 0.029625 0.019819 -0.022075 
0.011314 0.025672 -0.001275 -0.028026 
-0.018634 0.010138 -0.001302 -0.021174 
-0.009727 -0.013886 0.010545 -0.013276 
-0.018164 0.004328 -0.004607 -0.018095 
0.021044 -0.007932 -0.007180 0.021312 
-0.021655 0.016431 0.023929 -0.012896 
0.014718 0.007896 -0.002762 0.016472 
0.005403 -0.014337 0.015118 -0.002489 
0.011962 0.005367 0.004889 0.012166 
0.020297 -0.004092 -0.002949 0.020495 
0.020973 -0.013000 -0.013741 0.020495 
0.010131 0.007526 0.002770 0.012313 
0.005856 0.009363 0.000164 0.011042 
0.020211 0.000593 -0.005634 0.019419 
-0.002035 -0.035659 -0.021591 -0.028452 
0.003103 0.008274 0.000092 0.008836 
0.025103 0.013366 -0.016406 -0.023230 
-0.010826 0.000130 -0.009444 -0.005294 
-0.011799 -0.016443 0.018898 -0.007243 
-0.013864 0.020626 0.005074 -0.024329 
-0.007431 -0.021602 0.020802 0.009442 
0.014829 -0.003384 0.010512 0.010992 
0.010084 -0.007033 0.012268 0.000802 
0.007535 -0.002962 0.008069 -0.000664 
-0.023109 0.006461 0.015915 -0.017958 
0.000030 -0.002959 0.000146 -0.002955 
-0.001394 -0.011718 0.005686 -0.010340 
0.011362 0.012309 -0.008126 0.014649 
-0.030948 -0.023215 -0.019671 -0.033313 
-0.021091 -0.002557 0.011350 -0.017960 
-0.011380 -0.013328 0.010794 -0.013807 
-0.001466 0.033840 0.030511 0.014710 
-0.013947 0.013215 -0.012117 -0.014911 
0.000241 0.002901 0.000131 0.002908 
-0.010097 -0.002992 -0.007466 -0.007427 
0.010871 0.002899 0.007632 0.008267 
0.008003 -0.002008 0.008237 0.000477 
-0.005605 0.009552 -0.009756 0.005241 
-0.008952 0.001699 -0.008960 -0.001656 
0.027769 0.014353 0.003859 -0.031020 
-0.018309 -0.022876 -0.000398 0.029298 
0.020424 0.001831 -0.007882 0.018931 
-0.003405 0.013755 -0.012866 0.005938 
0.000901 0.006042 -0.000113 0.006107 
-0.008135 0.010726 -0.013376 0.001524 
-0.013855 0.017728 -0.004904 -0.021959 
0.005677 0.015757 -0.013179 0.010337 
-0.010020 0.001386 -0.009605 -0.003173 
0.008758 -0.001710 0.008806 0.001443 
0.015225 -0.004574 0.010662 0.011792 
0.023242 -0.012736 -0.023141 0.012920 
-0.014871 0.018804 0.002194 -0.023873 
0.005004 -0.007943 0.007666 -0.005420 
-0.032664 0.004618 -0.000073 0.032989 
-0.019084 -0.008834 0.015597 -0.014105 
-0.020920 -0.004045 0.012820 -0.017019 
0.001420 0.001217 0.001401 0.001239 
0.007652 -0.010937 0.013166 -0.002198 
-0.010644 -0.009068 0.000099 -0.013982 
-0.004660 0.015201 -0.015731 0.002306 
-0.004077 0.004424 -0.004735 0.003711 
0.013655 0.000127 0.009102 0.010180 
0.004456 0.002799 0.004077 0.003327 
0.003222 -0.001580 0.003307 -0.001393 
-0.003668 -0.002691 -0.003404 -0.003018 
-0.006671 -0.017842 0.018141 -0.005809 
0.011963 0.030525 0.031410 -0.009397 
-0.019644 0.006805 0.000496 -0.020784 
0.002130 -0.012090 0.009196 -0.008132 
-0.014058 -0.018757 0.022784 0.005509 
0.009859 0.007253 0.003243 0.011802 
0.001537 0.011013 -0.004462 0.010185 
0.013488 -0.009430 0.013600 0.009269 
-0.000979 -0.014655 0.011466 -0.009179 
-0.026421 0.010793 0.028385 0.002976 
0.006308 -0.017381 0.017650 0.005510 
-0.006397 -0.024066 0.014771 0.020048 
-0.005845 0.008855 -0.009385 0.004948 
-0.001483 0.023765 -0.012444 -0.020301 
0.010073 -0.028056 -0.027416 0.011704 
-0.033925 0.025671 -0.017630 -0.038718 
-0.007498 0.005967 -0.009254 0.002486 
-0.023074 0.006355 0.015707 -0.018058 
-0.010208 -0.022086 0.019555 0.014478 
-0.010714 -0.025802 0.001485 0.027898 
-0.030377 -0.002866 0.013683 0.027272 
-0.033099 0.009786 -0.010682 0.032820 
-0.007595 -0.009705 0.000166 -0.012322 
-0.008391 -0.009107 -0.000748 -0.012360 
-0.008428 -0.017598 0.018529 -0.006118 
0.012564 -0.016368 0.011437 0.017175 
-0.008975 0.016679 -0.016406 -0.009465 
0.022286 -0.028754 0.010069 -0.034958 
0.008659 -0.019135 0.014296 0.015387 
-0.004103 0.004361 -0.004745 0.003652 
0.006883 -0.002780 0.007353 -0.001021 
-0.013361 0.004962 -0.012146 -0.007459 
0.006516 0.005234 0.004597 0.006980 
0.000073 0.003433 -0.000108 0.003432 
0.008128 -0.013268 0.015533 0.000916 
0.001868 0.000741 0.001855 0.000775 
-0.011400 -0.001647 -0.008542 -0.007727 
-0.011899 0.002155 -0.010764 -0.005511 
0.010812 0.019400 -0.022046 -0.002685 
0.002715 -0.027294 -0.008471 0.026088 
-0.031086 0.012021 0.004177 0.033067 
0.001873 -0.021363 0.018075 0.011540 
0.009151 0.006012 0.004809 0.009837 
0.023417 -0.007008 -0.017598 0.016963 
0.001523 -0.033259 -0.032010 -0.009157 
0.009124 0.004762 0.005957 0.008393 
-0.006382 -0.004917 -0.004712 -0.006535 
0.007903 0.004221 0.005922 0.006724 
-0.002033 -0.023096 0.017128 0.015628 
-0.015588 -0.008048 0.004828 -0.016866 
-0.012780 0.014724 -0.013017 -0.014515 
-0.023848 0.006607 0.019244 -0.015558 
-0.028029 -0.003670 0.024049 0.014857 
-0.032502 -0.003577 -0.005441 0.032243 
0.005918 -0.027120 -0.013565 0.024217 
-0.005501 0.016830 -0.017524 -0.002538 
0.002425 0.000918 0.002396 0.000990 
0.021906 -0.009613 -0.012886 0.020156 
-0.027772 -0.017690 -0.021005 0.025358 
0.019627 0.006373 -0.012370 0.016516 
0.019977 -0.019042 -0.024154 0.013352 
0.011372 -0.010544 0.014695 0.004955 
0.012064 0.003749 0.006684 0.010719 
-0.010672 0.000002 -0.009325 -0.005190 
-0.008005 0.024173 0.001800 -0.025400 
-0.009226 -0.000571 -0.008351 -0.003962 
0.000427 -0.003983 0.000711 -0.003943 
0.000207 0.008549 -0.002544 0.008164 
-0.002348 -0.003270 -0.002106 -0.003431 
0.001398 0.006534 0.000078 0.006681 
-0.004486 -0.021784 0.020189 0.009331 
0.000617 -0.017251 0.016897 -0.003527 
-0.019071 -0.014672 0.023948 0.002331 
-0.010912 0.007417 -0.012982 -0.002358 
0.002128 -0.002180 0.002217 -0.002090 
0.015534 -0.012700 0.008909 0.017979 
0.000827 0.000504 0.000825 0.000508 
-0.004641 -0.010848 0.002539 -0.011523 
0.009718 -0.010338 0.014141 0.001158 
-0.011781 -0.001981 -0.008295 -0.008596 
-0.003100 0.020400 -0.018308 -0.009518 
0.014613 -0.025271 -0.027038 0.011004 
-0.025683 -0.020770 -0.024480 0.022174 
0.011532 -0.009814 0.014384 0.004732 
-0.008015 0.009100 -0.011902 0.002322 
-0.017263 0.014660 0.000302 -0.022645 
-0.009779 0.023115 0.001727 -0.025039 
-0.006340 -0.008269 -0.001760 -0.010270 
-0.024364 0.004122 0.020597 -0.013650 
0.000903 0.000733 0.000898 0.000739 
0.013240 0.000019 0.009380 0.009345 
-0.012696 -0.005791 -0.003778 -0.013433 
0.009224 0.025286 -0.006901 -0.026017 
0.007427 0.014874 -0.011574 0.011935 
0.016721 0.014123 -0.020888 0.006535 
0.016300 -0.008594 0.009493 0.015793 
0.014654 -0.005005 0.011429 0.010447 
0.021814 -0.002806 -0.009747 0.019715 
0.022846 -0.002117 -0.014522 0.017764 
0.005190 0.013650 -0.008100 0.012151 
-0.006617 0.010917 -0.012200 0.003759 
-0.005184 0.004832 -0.006128 0.003559 
-0.003178 0.020492 -0.018183 -0.009970 
0.001277 -0.002392 0.001355 -0.002349 
0.000050 0.018221 -0.018144 0.001680 
0.028811 -0.001864 -0.025164 -0.014154 
-0.005321 -0.003621 -0.004565 -0.004537 
0.006237 -0.003132 0.006766 -0.001713 
-0.020724 -0.006131 0.015510 -0.015050 
0.015624 -0.001856 0.008684 0.013120 
0.011967 -0.001035 0.010193 0.006354 
0.024854 -0.011698 -0.026836 0.005865 
-0.007922 0.005467 -0.009450 0.001825 
-0.013080 -0.009826 0.004324 -0.015778 
-0.020826 -0.002433 0.010179 -0.018332 
0.005589 0.034398 0.029808 0.018056 
0.031420 -0.000332 -0.009830 -0.029845 
-0.005114 0.011507 -0.011365 0.005423 
-0.008525 0.007728 -0.011384 0.001672 
-0.003629 0.010384 -0.008450 0.007042 
0.014348 0.011892 -0.011580 0.014601 
-0.009307 -0.029462 -0.022404 0.021276 
0.004920 0.017337 -0.016610 0.006992 
0.030684 -0.018315 0.015422 -0.032235 
0.021232 0.004393 -0.014468 0.016149 
-0.020523 0.008741 0.005442 -0.021633 
-0.020795 0.013682 0.014291 -0.020381 
-0.004057 0.009901 -0.008379 0.006654 
0.014937 0.012619 -0.014514 0.013103 
-0.015239 0.014369 -0.007569 -0.019530 
-0.007812 0.004042 -0.008719 0.001160 
-0.004591 0.010439 -0.009561 0.006214 
-0.010634 0.006115 -0.012130 -0.001827 
0.004726 0.028347 0.010599 -0.026713 
0.008355 0.014400 -0.010861 0.012617 
0.002795 0.012578 -0.006423 0.011169 
-0.006296 -0.006852 -0.003251 -0.008719 
-0.012071 0.018960 -0.007088 -0.021330 
-0.011544 0.013562 -0.015189 -0.009300 
-0.002450 -0.020208 0.020105 0.003185 
-0.012541 0.006321 -0.012863 -0.005637 
0.034650 -0.001797 0.019773 -0.028511 
-0.003532 0.034362 0.026122 0.022603 
-0.002695 0.025597 -0.002090 -0.025653 
0.008120 0.031085 0.030033 -0.011410 
-0.017289 0.013626 -0.001681 -0.021949 
0.013878 0.004662 0.004194 0.014026 
-0.009068 0.003594 -0.009743 -0.000459 
-0.016083 -0.004591 -0.000749 -0.016708 
-0.030265 -0.002373 0.015157 0.026303 
-0.028633 -0.004844 0.020476 0.020593 
-0.013291 -0.020499 0.021241 0.012072 
0.012209 -0.017404 0.010445 0.018517 
-0.013617 -0.009195 0.003707 -0.016007 
-0.017581 0.022845 0.027086 -0.009866 
-0.001698 -0.019146 0.019220 -0.000213 
0.004208 0.006016 0.002654 0.006845 
0.003056 0.002279 0.002902 0.002472 
0.012994 0.015398 -0.018046 0.008959 
-0.013755 -0.011496 0.009509 -0.015197 
0.000162 -0.006468 0.001360 -0.006325 
0.009631 -0.009184 0.013303 0.000379 
0.003753 -0.008578 0.006740 -0.006500 
-0.005531 -0.009348 -0.000087 -0.010861 
0.001937 0.033605 0.032305 0.009459 
0.011765 -0.009633 0.014308 0.005148 
-0.017273 -0.007450 0.007586 -0.017214 
0.004312 0.000701 0.004236 0.001065 
0.001767 -0.016087 0.015494 -0.004674 
-0.008915 0.037817 -0.024522 0.030138 
0.011693 0.023084 -0.015105 -0.021010 
-0.020095 0.009578 0.004316 -0.021838 
0.003184 -0.011565 0.009474 -0.007357 
-0.013514 -0.004589 -0.004690 -0.013479 
0.001371 -0.006309 0.002514 -0.005947 
-0.008099 -0.017922 0.018955 -0.005241 
-0.002834 0.006121 -0.004010 0.005424 
0.021181 0.017891 -0.015234 -0.023165 
-0.004021 -0.002743 -0.003709 -0.003152 
0.017112 -0.005384 0.007640 0.016231 
-0.024095 -0.014726 0.016092 0.023205 
0.002646 0.035385 0.023947 0.026184 
-0.008819 0.012113 -0.014957 -0.000899 
0.006002 -0.015135 0.016280 -0.000174 
-0.001470 0.006321 -0.002625 0.005935 
0.006237 -0.001971 0.006498 -0.000752 
0.003495 -0.006390 0.004896 -0.005392 
-0.006778 -0.030511 -0.026265 0.016943 
-0.008293 0.020742 -0.011391 -0.019215 
0.013219 0.017440 -0.021808 0.001813 
0.003170 -0.009841 0.007334 -0.007288 
-0.000518 0.010556 -0.005500 0.009025 
0.000388 -0.015865 0.014473 -0.006511 
-0.034445 0.005798 -0.018664 0.029525 
-0.017142 0.020841 0.019270 -0.018890 
-0.001789 -0.007252 0.000053 -0.007469 
-0.005512 -0.016007 0.013741 -0.009889 
0.000270 -0.016370 0.015332 -0.005743 
-0.034521 -0.005342 -0.027028 0.022129 
0.004991 0.013026 -0.006714 0.012227 
0.028171 -0.008887 -0.026655 -0.012733 
-0.020397 -0.025747 -0.027672 0.017698 
-0.009742 -0.025820 0.002885 0.027446 
0.011189 0.012526 -0.008483 0.014496 
0.004881 0.002780 0.004443 0.003437 
0.010232 0.012516 -0.007472 0.014335 
-0.003525 -0.012682 0.006331 -0.011540 
0.000722 0.001134 0.000713 0.001140 
0.016263 -0.003164 0.008495 0.014224 
-0.008570 -0.001538 -0.007574 -0.004294 
0.000771 -0.008879 0.003803 -0.008060 
0.000370 -0.005361 0.001055 -0.005269 
-0.019502 -0.005290 0.009965 -0.017579 
0.030490 0.015191 0.027237 -0.020458 
0.017635 -0.016764 -0.007428 0.023170 
-0.000868 0.000842 -0.000873 0.000837 
0.006102 -0.009814 0.010558 -0.004699 
-0.024534 -0.007463 0.025546 0.002239 
-0.017564 0.008377 -0.006241 -0.018432 
-0.009151 -0.002075 -0.007660 -0.005420 
-0.019983 0.015950 0.015916 -0.020010 
0.037862 -0.015677 0.028084 0.029842 
0.021141 -0.006212 -0.006712 0.020988 
-0.008514 0.012301 -0.014952 -0.000494 
-0.006455 0.020967 -0.014064 -0.016836 
-0.010962 0.000872 -0.009853 -0.004883 
-0.009363 -0.008558 -0.001424 -0.012605 
-0.003847 0.003926 -0.004340 0.003374 
0.005244 0.008460 0.001122 0.009890 
0.019594 -0.009687 -0.002215 0.021746 
-0.011585 -0.013353 0.011109 -0.013751 
-0.013644 -0.008961 0.003228 -0.016001 
-0.008736 0.010521 -0.013662 0.000595 
0.017161 -0.017864 -0.008753 0.023173 
-0.012688 -0.029708 -0.028941 0.014353 
0.000547 0.011972 -0.006719 0.009924 
-0.007782 -0.010149 0.000966 -0.012753 
0.002401 0.034024 0.031317 0.013515 
-0.010341 -0.011584 0.005280 -0.014603 
0.002372 -0.001304 0.002413 -0.001225 
-0.018339 0.005191 -0.004272 -0.018574 
-0.012803 0.003969 -0.011757 -0.006437 
-0.013291 0.005935 -0.012594 -0.007299 
-0.016347 -0.003583 -0.001763 -0.016642 
0.002235 0.003514 0.001957 0.003676 
0.019948 -0.012523 -0.007931 0.022178 
-0.029736 -0.005274 0.013627 0.026951 
-0.002721 0.020450 -0.018484 -0.009161 
-0.010537 0.006356 -0.012197 -0.001630 
-0.007307 0.022396 -0.008086 -0.022127 
0.019053 0.005905 -0.009648 0.017459 
-0.027172 -0.012032 0.010355 0.027854 
0.006662 0.011897 -0.004275 0.012948 
0.008022 0.019952 -0.021374 -0.002358 
-0.014007 0.001345 -0.009928 -0.009971 
-0.011220 -0.007364 -0.002488 -0.013188 
-0.006796 0.010296 -0.011754 0.003745 
-0.002621 0.018042 -0.018203 -0.001026 
0.035990 -0.005876 0.031780 -0.017884 
-0.002654 0.011140 -0.008365 0.007821 
0.008016 -0.020853 0.011639 0.019069 
0.001792 0.002842 0.001647 0.002928 
-0.002201 -0.002005 -0.002120 -0.002091 
-0.008891 0.007978 -0.011892 0.001130 
0.021889 0.007920 -0.021643 0.008571 
-0.007392 -0.033575 -0.032369 -0.011584 
0.009386 0.015732 -0.014999 0.010518 
0.025059 0.018260 0.006349 -0.030349 
0.033189 -0.004830 0.005379 -0.033104 
0.009786 -0.019462 0.011547 0.018472 
-0.025437 -0.011246 0.020810 0.018451 
-0.010230 -0.005601 -0.005209 -0.010435 
-0.004993 -0.004330 -0.004060 -0.005215 
-0.003701 -0.005973 -0.002306 -0.006638 
-0.009414 -0.005316 -0.005515 -0.009300 
-0.006217 0.012448 -0.013503 0.003359 
0.002554 -0.010358 0.007268 -0.007810 
-0.000939 -0.001375 -0.000922 -0.001387 
0.002156 -0.014490 0.013090 -0.006578 
-0.028929 0.010542 0.022772 0.020724 
0.008792 -0.000977 0.008596 0.002089 
0.004106 0.029587 0.019263 -0.022829 
0.030175 -0.018271 0.010233 -0.033758 
0.027838 -0.003699 -0.027247 -0.006800 
0.014714 0.018984 -0.022616 -0.008088 
0.015706 0.012431 -0.015547 0.012629 
0.015510 -0.023489 -0.023325 0.015756 
0.005162 -0.011949 0.011952 -0.005155 
-0.012742 0.008894 -0.013869 -0.007008 
0.027897 -0.004421 -0.027294 -0.007268 
-0.010679 0.022554 0.001965 -0.024877 
0.006177 -0.005194 0.007406 -0.003206 
0.021519 -0.008340 -0.009736 0.020924 
0.010674 -0.002224 0.010333 0.003481 
-0.016628 0.027005 0.030038 0.010173 
0.033374 -0.021947 0.038673 0.009996 
0.016302 -0.009870 0.009054 0.016768 
0.007308 -0.001347 0.007416 0.000475 
0.005368 0.005451 0.003779 0.006653 
0.018896 -0.018312 -0.017904 0.019283 
0.005226 0.004434 0.004189 0.005424 
-0.021138 0.006624 0.006856 -0.021064 
-0.002548 0.014808 -0.013879 0.005757 
0.003311 0.016430 -0.014573 0.008277 
0.016490 -0.011676 0.007223 0.018870 
0.011613 -0.001707 0.010472 0.005302 
-0.009782 0.019479 -0.011516 -0.018507 
-0.015070 -0.012171 0.013658 -0.013736 
-0.015549 0.024436 0.026640 -0.011366 
-0.010500 0.003808 -0.010927 -0.002313 
0.021567 -0.008257 -0.009896 0.020866 
-0.009337 0.015545 -0.016429 -0.007674 
0.022017 0.016983 -0.015841 -0.022852 
-0.000249 -0.000329 -0.000248 -0.000330 
-0.005053 -0.017555 0.017081 -0.006476 
-0.002083 0.023273 -0.013512 -0.019064 
0.016871 0.004278 -0.000505 0.017398 
-0.010278 0.001230 -0.009691 -0.003636 
-0.001727 -0.008787 0.001460 -0.008836 
-0.008297 0.022492 -0.005329 -0.023374 
-0.000180 0.009623 -0.004029 0.008740 
-0.002795 0.007624 -0.004885 0.006486 
-0.005799 0.000821 -0.005857 -0.000073 
0.010122 0.009682 -0.000948 0.013975 
0.006540 0.009185 0.000582 0.011260 
-0.011218 0.006576 -0.012678 -0.002889 
0.039058 0.005920 0.026686 0.029128 
0.008928 -0.011276 0.014379 0.000312 
-0.005215 0.005891 -0.006624 0.004246 
0.012017 0.022889 -0.015513 -0.020680 
0.000520 0.012409 -0.007479 0.009915 
0.015784 -0.003792 0.009577 0.013108 
-0.015558 -0.013729 0.018230 -0.009909 
-0.013905 -0.016355 0.020951 -0.004677 
-0.020402 0.022094 0.030004 0.002043 
-0.006515 0.008914 -0.010187 0.004257 
-0.003444 -0.004211 -0.002860 -0.004628 
-0.008445 0.000822 -0.008272 -0.001886 
-0.002648 -0.015463 0.012560 -0.009400 
-0.015661 -0.009010 0.007162 -0.016587 
-0.005277 0.009036 -0.008900 0.005502 
-0.004494 0.001518 -0.004624 0.001060 
-0.015228 0.013342 -0.009016 -0.018128 
0.032095 -0.003442 -0.005495 -0.031807 
0.021560 -0.019223 -0.028572 0.004245 
-0.002745 0.002307 -0.002872 0.002146 
-0.011525 -0.011708 0.006798 -0.014956 
-0.005269 0.001014 -0.005355 0.000330 
0.001435 0.011065 -0.004615 0.010159 
0.016174 -0.003433 0.008788 0.014005 
-0.014484 -0.005328 -0.002394 -0.015246 
-0.006100 0.013424 -0.014521 0.002559 
0.001024 0.021359 -0.019515 -0.008742 
-0.003597 -0.010996 0.003209 -0.011116 
-0.007616 -0.014159 0.009853 -0.012705 
0.001135 -0.029848 -0.022957 0.019109 
0.008174 0.004562 0.005819 0.007332 
0.004436 -0.019499 0.018119 0.008462 
-0.003164 0.015057 -0.014664 0.004659 
0.001626 0.000313 0.001622 0.000333 
-0.008205 -0.007805 -0.002672 -0.011004 
-0.023168 -0.001834 0.018458 -0.014121 
0.003665 -0.009560 0.007581 -0.006882 
-0.025171 -0.006410 0.025795 0.003044 
-0.003379 0.032289 0.032322 0.003042 
-0.013230 0.016009 -0.010440 -0.017954 
0.001724 -0.001865 0.001777 -0.001814 
-0.005344 -0.015373 0.012196 -0.010777 
-0.019572 0.003021 0.000508 -0.019797 
0.019157 -0.003167 0.001021 0.019391 
-0.009197 0.000907 -0.008875 -0.002578 
-0.013632 -0.000949 -0.008467 -0.010725 
0.019552 0.014538 -0.024105 -0.003547 
0.009776 -0.019504 0.011467 0.018561 
-0.008774 -0.001965 -0.007516 -0.004935 
-0.016693 0.005967 -0.008687 -0.015452 
-0.018586 0.014395 0.005490 -0.022859 
0.007665 -0.014289 0.016142 0.001529 
-0.031647 -0.008207 -0.009971 0.031137 
-0.028020 0.006411 0.027290 0.009027 
0.008813 -0.010131 0.013411 -0.000677 
0.002789 0.011079 -0.003763 0.010787 
-0.012295 0.000159 -0.009702 -0.007554 
-0.001141 -0.024862 0.010242 0.022683 
-0.033332 0.022195 -0.038447 -0.011202 
-0.024672 0.016066 0.029119 0.004347 
0.027370 -0.009534 -0.027928 -0.007750 
0.001403 0.006638 0.000020 0.006784 
0.007153 -0.000663 0.007116 0.000987 
0.003183 -0.002549 0.003363 -0.002306 
0.019233 -0.005539 0.001282 0.019974 
-0.012024 -0.016247 0.018730 -0.007598 
-0.016136 0.006409 -0.009862 -0.014289 
0.006105 -0.002109 0.006389 -0.000943 
-0.003498 -0.024215 0.014108 0.019989 
0.010287 -0.003365 0.010593 0.002219 
-0.005842 -0.033741 -0.032200 -0.011650 
-0.026348 0.012019 0.028533 0.004953 
0.009107 -0.014007 0.016184 0.004149 
-0.014897 -0.009211 0.006030 -0.016444 
-0.015906 0.017904 0.003426 -0.023703 
0.004025 -0.003120 0.004359 -0.002634 
-0.001114 -0.021668 0.019265 0.009979 
-0.007522 -0.022398 0.019558 0.013258 
-0.023140 -0.003239 0.019709 -0.012550 
-0.004609 0.018423 -0.018234 -0.005309 
0.003657 0.012453 -0.005830 0.011596 
-0.005148 0.002622 -0.005480 0.001829 
-0.010525 0.013076 -0.015686 -0.005975 
-0.007366 0.016177 -0.017150 -0.004674 
0.008801 -0.003079 0.009312 0.000479 
-0.027877 0.003661 0.027210 0.007080 
-0.012787 0.004128 -0.011836 -0.006361 
0.012551 -0.010632 0.014401 0.007948 
0.007415 -0.009040 0.011255 -0.003164 
0.001620 0.005062 0.000971 0.005226 
0.022728 0.001342 -0.016343 0.015851 
-0.003138 0.007266 -0.005020 0.006118 
-0.003345 -0.009476 0.001115 -0.009987 
-0.001907 -0.007751 0.000343 -0.007975 
-0.016278 -0.013272 0.018534 -0.009879 
0.006675 -0.031419 -0.031961 -0.003197 
-0.034876 0.018057 -0.038991 -0.004706 
-0.013029 0.009809 -0.013978 -0.008402 
0.010905 0.019865 -0.022124 -0.004906 
-0.000376 0.007500 -0.002231 0.007171 
-0.006552 0.014683 -0.016079 -0.000036 
0.026027 -0.006866 -0.026543 0.004477 
0.016798 -0.017955 -0.007442 0.023434 
-0.003146 0.009332 -0.006769 0.007153 
0.008197 0.002122 0.007114 0.004592 
-0.012104 -0.024045 0.009861 0.025048 
0.013379 -0.005385 0.012331 0.007480 
-0.019075 0.000253 0.000752 -0.019061 
-0.005208 0.010951 -0.010807 0.005501 
0.017723 0.017081 -0.023301 -0.007932 
0.008345 -0.006432 0.010400 -0.001693 
-0.012240 -0.020367 0.021821 0.009407 
-0.010324 -0.018058 0.020536 -0.003310 
0.006385 -0.003688 0.007084 -0.002046 
0.001311 -0.002959 0.001448 -0.002894 
-0.011400 -0.022369 0.018025 0.017477 
-0.020719 -0.000542 0.007528 -0.019310 
0.005888 0.001280 0.005605 0.002213 
-0.000198 0.007359 -0.001954 0.007098 
0.010558 0.026683 0.004433 -0.028351 
-0.008391 -0.037936 0.008989 -0.037799 
0.008307 0.012393 -0.005843 0.013727 
0.001507 -0.012178 0.008758 -0.008594 
0.001258 -0.023712 0.012876 0.019952 
-0.004371 0.002476 -0.004622 0.001969 
0.019246 -0.005651 0.001232 0.020021 
-0.024999 -0.016859 0.001898 0.030093 
0.010433 -0.002782 0.010436 0.002771 
0.017929 0.015978 -0.023711 -0.003809 
0.014165 0.004011 0.004742 0.013938 
-0.001231 -0.021609 0.019373 0.009652 
0.000885 -0.009706 0.004797 -0.008484 
-0.016122 -0.012911 0.017464 -0.011028 
0.015330 0.006263 -0.000670 0.016546 
-0.008112 0.018754 -0.015626 -0.013166 
0.025617 0.016647 0.000848 -0.030539 
-0.000383 -0.004376 -0.000006 -0.004393 
-0.022344 -0.010868 0.024794 0.001622 
-0.010356 -0.002292 -0.007976 -0.006992 
-0.010268 0.016570 -0.015167 -0.012246 
0.001242 0.008230 -0.001320 0.008218 
-0.009280 -0.004209 -0.006421 -0.007912 
-0.020393 0.013531 0.012064 -0.021294 
0.024680 0.009047 -0.025171 -0.007574 
0.006717 -0.014686 0.016146 0.000350 
0.008997 -0.004512 0.010064 -0.000130 
-0.010823 -0.007426 -0.002618 -0.012862 
-0.004529 0.009886 -0.008890 0.006262 
0.022117 0.020297 0.001508 -0.029981 
0.029823 -0.002978 -0.021592 -0.020787 
-0.016661 0.008352 -0.008704 -0.016479 
-0.016213 -0.005749 0.001547 -0.017132 
0.007540 -0.002847 0.008039 -0.000574 
-0.011759 -0.026494 -0.005445 0.028470 
0.022018 0.012777 -0.024498 -0.006920 
0.005716 0.013206 -0.007091 0.012522 
-0.001731 0.020015 -0.019095 -0.006244 
0.019708 0.021956 0.000301 -0.029502 
-0.020678 -0.000240 0.007062 -0.019436 
-0.027923 0.006452 0.027417 0.008343 
-0.025113 0.007548 0.024488 -0.009380 
0.017309 0.003956 -0.001071 0.017723 
0.010700 0.013348 -0.010078 0.013824 
-0.019296 0.006588 -0.000921 -0.020368 
-0.021000 0.011941 0.011914 -0.021016 
-0.023986 0.010269 0.022782 -0.012717 
-0.004360 -0.016688 0.015145 -0.008255 
-0.008576 -0.022643 0.018788 0.015274 
-0.004983 0.007384 -0.007234 0.005199 
0.001914 0.003856 0.001589 0.004001 
0.004992 -0.003374 0.005470 -0.002525 
0.019217 0.003274 -0.005634 0.018662 
-0.018330 -0.022998 -0.001290 0.029381 
0.011873 0.023797 -0.011548 -0.023956 
0.006951 0.003690 0.005681 0.005446 
0.003676 -0.013641 0.012916 -0.005724 
-0.009044 0.003050 -0.009513 -0.000773 
0.003976 0.003962 0.003382 0.004480 
-0.004139 -0.008568 -0.000438 -0.009506 
-0.018614 0.011624 0.000428 -0.021941 
0.009844 0.013363 -0.009290 0.013754 
0.010349 0.022145 -0.019346 -0.014941 
-0.008190 -0.006059 -0.004621 -0.009080 
0.001264 0.009125 -0.002198 0.008946 
0.020511 -0.003460 -0.003976 0.020417 
0.015563 0.006176 -0.000965 0.016716 
-0.009100 0.000782 -0.008762 -0.002581 
0.000283 0.004272 -0.000067 0.004281 
0.009744 -0.006417 0.011663 0.000291 
-0.023117 -0.003054 0.019447 -0.012866 
-0.012916 -0.002099 -0.007875 -0.010451 
-0.004790 -0.018508 0.018762 -0.003675 
-0.011837 -0.025917 -0.001472 0.028455 
0.001424 -0.026345 -0.000467 0.026379 
0.027149 -0.008667 -0.028075 -0.004901 
0.010323 0.026905 0.005637 -0.028261 
0.020697 0.014162 -0.024208 -0.006552 
0.013271 -0.012621 0.013574 0.012294 
0.000075 -0.010875 0.005540 -0.009358 
-0.016836 0.000979 -0.005943 -0.015782 
0.006550 0.020845 -0.021145 -0.005504 
0.007504 0.010800 -0.002150 0.012974 
0.011844 0.002592 0.007807 0.009276 
0.001789 0.001217 0.001764 0.001254 
-0.000431 0.005828 -0.001310 0.005695 
0.002921 -0.006953 0.004572 -0.005997 
0.002486 -0.002926 0.002673 -0.002756 
-0.020478 -0.008194 0.018320 -0.012283 
0.030339 -0.019395 0.017369 -0.031543 
0.000234 0.017336 -0.016827 0.004177 
0.007331 0.020214 -0.021280 -0.003083 
0.015181 0.000644 0.007263 0.013347 
0.031366 0.003221 -0.005483 -0.031050 
0.004603 0.000975 0.004485 0.001424 
0.006372 -0.003173 0.006921 -0.001664 
0.011582 0.003542 0.007033 0.009860 
0.018539 0.004427 -0.005347 0.018295 
-0.011688 -0.032260 -0.033680 -0.006554 
-0.018710 -0.016419 0.023443 0.008370 
0.003533 0.000369 0.003507 0.000568 
-0.016926 0.018913 0.011319 -0.022717 
0.007388 -0.013543 0.015427 -0.000148 
0.001274 -0.008553 0.004004 -0.007664 
-0.006528 -0.002207 -0.005918 -0.003530 
-0.009515 0.005295 -0.010886 -0.000230 
-0.012045 0.009574 -0.014263 -0.005772 
0.009610 0.030266 0.027536 -0.015816 
-0.022040 0.006608 0.011028 -0.020195 
0.001618 -0.014997 0.013594 -0.006537 
0.002711 0.001067 0.002668 0.001168 
-0.006155 0.011221 -0.012073 0.004248 
-0.003567 0.005158 -0.004413 0.004457 
-0.010290 0.023018 0.002888 -0.025047 
-0.000721 0.000829 -0.000726 0.000825 
0.010691 -0.009747 0.014195 0.002797 
-0.000508 -0.001811 -0.000480 -0.001819 
0.022091 0.010281 -0.024326 0.001397 
-0.017168 -0.026892 -0.023577 0.021496 
0.008236 0.010438 -0.001601 0.013199 
0.003925 -0.010666 0.009102 -0.006805 
0.004003 0.018357 -0.018373 0.003929 
0.018997 0.012991 -0.022646 0.004096 
-0.000055 0.005223 -0.000689 0.005178 
-0.009436 -0.003897 -0.006686 -0.007714 
0.022473 0.008691 -0.023695 0.004373 
0.007881 0.003550 0.006286 0.005932 
-0.011359 0.011429 -0.015024 -0.005825 
-0.001706 -0.009851 0.002709 -0.009623 
-0.010748 -0.007365 -0.002750 -0.012736 
-0.018764 0.012247 0.002033 -0.022315 
-0.009540 0.009671 -0.013578 -0.000423 
-0.000462 -0.002181 -0.000414 -0.002191 
0.004341 0.002681 0.004001 0.003166 
0.005563 -0.011672 0.012008 -0.004798 
-0.009615 -0.008106 -0.002063 -0.012406 
0.005389 -0.010124 0.010093 -0.005447 
-0.016143 0.010558 -0.009082 -0.017017 
-0.015704 0.008226 -0.010746 -0.014099 
-0.017702 -0.016667 0.023552 0.006037 
-0.011042 0.000991 -0.009940 -0.004910 
-0.005777 -0.010404 0.001483 -0.011808 
0.002561 -0.016782 0.016825 -0.002262 
-0.022766 -0.017669 0.009811 0.027097 
0.018146 -0.001816 0.003387 0.017920 
0.012280 0.010504 -0.004803 0.015429 
-0.012887 -0.000540 -0.009132 -0.009109 
-0.015447 0.012731 -0.009110 -0.017824 
0.017406 0.014203 -0.021991 0.004589 
-0.009566 0.010058 -0.013864 -0.000681 
-0.023174 0.014729 0.025849 -0.009264 
0.013695 0.023982 -0.007044 -0.026703 
-0.028027 0.011117 0.025917 0.015408 
0.014814 0.026247 0.011653 -0.027795 
-0.007228 -0.000715 -0.006862 -0.002381 
0.012854 -0.000248 0.009682 0.008459 
0.012070 0.024442 -0.007672 -0.026158 
0.014225 -0.025488 -0.026854 0.011437 
0.016021 -0.007730 0.010171 0.014593 
-0.014009 -0.004208 -0.004663 -0.013864 
-0.021802 0.011502 0.015007 -0.019556 
-0.006142 0.011938 -0.012859 0.003859 
0.008360 0.000707 0.007733 0.003254 
0.008800 0.005245 0.005486 0.008652 
0.015366 0.022389 -0.011897 -0.024409 
0.019338 0.009526 -0.017661 0.012362 
-0.007596 -0.022998 0.018094 0.016100 
-0.011169 0.027723 0.028135 -0.010085 
0.012981 -0.002427 0.010950 0.007383 
-0.008428 -0.031729 -0.032389 0.005357 
0.005468 -0.004471 0.006320 -0.003154 
0.002454 -0.012537 0.010174 -0.007725 
-0.015460 -0.015780 0.021777 -0.003712 
-0.009724 0.005416 -0.011119 -0.000495 
0.002243 0.004931 0.001580 0.005182 
-0.006320 -0.023314 0.017382 0.016774 
-0.000953 0.035158 0.023654 0.026028 
-0.004190 0.030814 0.030029 -0.008082 
-0.034260 -0.004308 -0.023076 0.025687 
-0.028498 -0.007315 0.016595 0.024295 
-0.033076 0.006590 -0.005553 0.033266 
-0.015378 0.019588 0.007138 -0.023858 
-0.006863 -0.010947 0.002374 -0.012700 
0.010662 -0.014450 0.015729 0.008665 
-0.018138 -0.003183 0.002127 -0.018292 
0.007276 -0.010307 0.012237 -0.003072 
0.009469 -0.018387 0.014215 0.015023 
-0.018183 0.000914 -0.002584 -0.018021 
-0.006365 0.003351 -0.006963 0.001806 
-0.024762 0.009822 0.024994 -0.009217 
0.022567 0.012871 -0.024051 -0.009820 
0.004636 0.011379 -0.003473 0.011785 
-0.014196 0.003279 -0.010953 -0.009608 
-0.007299 0.009156 -0.011233 0.003305 
0.010818 -0.003622 0.011032 0.002906 
0.009237 -0.011797 0.014915 0.001422 
-0.007023 -0.000247 -0.006799 -0.001776 
-0.015073 0.006925 -0.011594 -0.011863 
-0.023407 0.007334 0.017761 -0.016918 
-0.008878 -0.002080 -0.007520 -0.005157 
-0.020653 -0.001778 0.008682 -0.018824 
-0.026507 0.008594 0.027864 0.000250 
-0.014018 -0.017725 0.022582 0.000866 
-0.023900 -0.008661 0.025320 0.002260 
-0.020338 0.014922 0.014963 -0.020308 
-0.002286 0.017886 -0.018031 -0.000124 
0.001691 0.011539 -0.005191 0.010444 
0.001005 -0.013707 0.010900 -0.008371 
-0.006265 0.035022 0.015772 0.031891 
-0.002787 0.009179 -0.006218 0.007304 
0.019634 0.018426 -0.017841 -0.020168 
0.012450 -0.017968 0.008590 0.020102 
0.011920 -0.009297 0.014164 0.005284 
-0.009923 -0.008465 -0.001374 -0.012971 
0.027226 0.007442 -0.021961 -0.017729 
0.018825 -0.008796 0.001695 0.020710 
0.006497 0.010897 -0.002276 0.012481 
0.028366 -0.006052 -0.026702 -0.011324 
-0.004461 -0.000476 -0.004400 -0.000874 
-0.003056 -0.007010 -0.001144 -0.007561 
0.022705 0.005960 -0.021370 0.009713 
-0.037521 0.009048 -0.038291 -0.004845 
0.000796 -0.009354 0.004320 -0.008335 
-0.014169 0.008268 -0.012834 -0.010218 
0.023087 0.000027 -0.016692 0.015949 
-0.015542 -0.008618 0.006002 -0.016728 
-0.004796 -0.005334 -0.003457 -0.006285 
0.003922 -0.009208 0.007516 -0.006609 
0.000951 -0.012774 0.009245 -0.008866 
-0.016708 -0.022646 0.006797 0.027309 
-0.018014 -0.004839 0.004501 -0.018101 
0.027782 0.011120 -0.009890 -0.028243 
0.003618 0.011922 -0.004827 0.011486 
0.006956 0.024952 -0.010565 -0.023651 
0.005086 -0.017785 0.017993 0.004293 
-0.013048 0.002261 -0.010849 -0.007593 
-0.002486 -0.002003 -0.002393 -0.002114 
-0.000739 -0.013731 0.009767 -0.009680 
0.002261 -0.011392 0.008313 -0.008111 
0.008072 -0.013891 0.015974 0.001717 
0.006909 -0.003298 0.007527 -0.001400 
-0.003740 -0.011633 0.004249 -0.011458 
-0.002546 -0.006780 -0.000904 -0.007186 
0.016568 0.010811 -0.013534 0.014430 
-0.007936 -0.033680 -0.031903 -0.013397 
-0.007784 -0.007015 -0.003568 -0.009853 
-0.024561 -0.000836 0.022505 -0.009871 
-0.008184 -0.008929 -0.001058 -0.012065 
-0.001088 0.017004 -0.016658 0.003581 
0.018722 -0.022231 -0.028203 0.007021 
0.014291 -0.018727 0.000333 0.023554 
0.005709 0.009481 -0.000049 0.011067 
-0.007396 -0.019046 0.020369 -0.001608 
-0.014030 -0.005766 -0.002334 -0.014988 
-0.003961 -0.006381 -0.002247 -0.007166 
-0.019137 0.004192 -0.001453 -0.019537 
-0.017795 -0.011907 0.018721 -0.010390 
-0.017851 0.012328 -0.001637 -0.021633 
-0.009747 -0.025035 0.007761 0.025720 
0.005478 0.008986 0.000561 0.010509 
0.001230 0.000035 0.001229 0.000043 
0.008531 0.003889 0.006397 0.006854 
0.003622 0.015220 -0.011838 0.010228 
0.011934 0.002390 0.007954 0.009213 
-0.001572 0.015415 -0.014284 0.006006 
0.024261 -0.000006 -0.021103 0.011969 
-0.004375 0.009928 -0.008763 0.006397 
0.013289 0.022916 -0.013539 -0.022770 
0.022541 -0.022299 -0.026807 -0.016932 
0.006615 0.010699 -0.001906 0.012434 
0.020499 0.003699 -0.010771 0.017829 
-0.021655 -0.013985 0.023779 0.009954 
-0.000430 0.035742 0.019327 0.030069 
-0.002837 0.021416 -0.017289 -0.012954 
-0.019911 0.009917 0.003863 -0.021906 
-0.008435 -0.001163 -0.007628 -0.003784 
-0.006993 0.003126 -0.007563 0.001210 
0.034437 -0.002159 0.017636 -0.029657 
-0.015087 -0.015940 0.021594 -0.003923 
0.028493 0.000520 -0.025013 -0.013656 
-0.003286 0.003435 -0.003614 0.003087 
0.001260 -0.007813 0.003366 -0.007163 
-0.004683 -0.018936 0.019376 -0.002253 
-0.022936 0.012969 0.022337 -0.013975 
0.004098 -0.001396 0.004201 -0.001049 
-0.017302 -0.008754 0.010545 -0.016273 
-0.005764 0.020472 -0.015967 -0.014050 
-0.008906 -0.000247 -0.008267 -0.003320 
-0.015144 -0.012935 0.015670 -0.012292 
-0.028854 0.004111 0.025486 0.014139 
-0.018897 0.019921 0.022818 -0.015274 
-0.003755 -0.018984 0.019265 -0.001842 
-0.019834 -0.017239 0.020845 0.016002 
0.001199 0.009926 -0.003199 0.009472 
-0.028065 -0.006524 0.020268 0.020480 
-0.018102 0.002046 -0.003669 -0.017844 
-0.010248 -0.010819 0.003433 -0.014501 
-0.002793 0.001006 -0.002830 0.000896 
-0.005912 -0.000335 -0.005788 -0.001252 
0.011968 0.000014 0.009599 0.007148 
0.003957 -0.017559 0.017916 0.001730 
-0.003702 0.008603 -0.006704 0.006540 
0.023148 -0.001688 -0.015984 0.016829 
0.006856 0.014183 -0.009619 0.012475 
0.014589 0.023322 -0.008772 -0.026073 
0.014608 -0.004843 0.011401 0.010337 
0.013518 -0.003473 0.011379 0.008081 
-0.004623 0.009769 -0.008873 0.006171 
-0.002442 0.009154 -0.005817 0.007478 
0.002671 -0.007246 0.004482 -0.006289 
0.009781 0.007193 0.003345 0.011672 
-0.007753 0.018056 -0.016676 -0.010393 
0.026108 0.015186 -0.003490 -0.030001 
0.018656 -0.003185 0.002677 0.018736 
-0.022648 -0.014571 0.021183 0.016630 
-0.009310 -0.024831 0.009415 0.024791 
-0.001777 -0.000541 -0.001769 -0.000568 
-0.001608 -0.007788 0.000623 -0.007927 
-0.013142 0.016778 -0.009284 -0.019185 
0.018564 -0.000903 0.001455 0.018529 
0.010251 -0.012282 0.015433 0.004214 
0.009220 0.008404 0.001709 0.012358 
-0.000643 0.001536 -0.000662 0.001528 
-0.005438 0.012885 -0.013365 0.004118 
-0.002703 -0.005277 -0.001846 -0.005634 
0.003237 -0.007539 0.005322 -0.006244 
-0.004302 -0.012056 0.004846 -0.011848 
0.002794 0.009724 -0.001779 0.009959 
0.012258 -0.011763 0.014719 0.008483 
-0.004865 -0.010151 0.001329 -0.011177 
-0.005208 0.005988 -0.006664 0.004309 
0.014479 -0.009353 0.012590 0.011773 
-0.004088 -0.014114 0.009254 -0.011414 
-0.013344 -0.022284 0.016160 0.020334 
-0.017041 0.023675 0.027931 -0.008411 
0.010507 0.013072 -0.009161 0.014049 
0.011178 0.016850 -0.019113 0.006599 
-0.006990 -0.005802 -0.004433 -0.007929 
-0.005943 -0.004738 -0.004539 -0.006096 
0.008896 0.000814 0.008054 0.003863 
0.014545 0.014207 -0.017607 0.010168 
0.015174 -0.013993 0.008322 0.018889 
0.016046 -0.011559 0.008608 0.017804 
0.016472 -0.011268 0.007659 0.018429 
-0.013500 -0.014331 0.016282 -0.011070 
0.012444 0.015472 -0.017526 0.009333 
0.010513 0.003495 0.007157 0.008457 
-0.008910 0.004962 -0.010189 0.000450 
-0.007175 0.006653 -0.009286 0.003083 
-0.010063 0.023426 0.004167 -0.025153 
0.005102 0.021248 -0.020716 -0.006952 
-0.002635 0.010129 -0.007083 0.007706 
0.014873 0.009870 -0.007548 0.016176 
0.005987 -0.003035 0.006472 -0.001779 
-0.007691 0.000505 -0.007555 -0.001527 
-0.001570 0.009573 -0.005335 0.008102 
-0.000362 0.006187 -0.001412 0.006035 
-0.011151 0.020978 -0.003201 -0.023540 
0.004639 -0.010348 0.009513 -0.006173 
-0.022005 0.007309 0.011258 -0.020270 
-0.001569 -0.007268 0.000253 -0.007432 
0.001347 0.005254 0.000648 0.005386 
0.001838 0.009420 -0.002078 0.009370 
0.013980 -0.021616 -0.009760 0.023821 
-0.014982 0.011235 -0.011330 -0.014910 
-0.007414 0.001361 -0.007518 -0.000542 
0.000358 -0.010333 0.005061 -0.009015 
0.009514 -0.009122 0.013180 0.000141 
0.007787 0.002883 0.006549 0.005105 
-0.000600 -0.029302 -0.018199 0.022973 
-0.011597 0.026005 0.022215 -0.017813 
0.006636 0.019526 -0.020623 0.000020 
0.030942 -0.008527 -0.012074 -0.029738 
0.016285 -0.014595 0.003660 0.021560 
0.010056 -0.000164 0.009121 0.004237 
0.005612 0.004755 0.004313 0.005958 
0.004654 -0.005031 0.005598 -0.003953 
0.011050 0.004741 0.005980 0.010432 
-0.023424 -0.011584 0.024418 0.009309 
-0.020957 0.011525 0.011008 -0.021233 
0.000009 0.019027 -0.019009 -0.000834 
-0.004290 0.007053 -0.006204 0.005446 
-0.000834 0.016427 -0.015648 0.005067 
0.012222 -0.003753 0.011615 0.005346 
-0.022122 0.002241 0.011316 -0.019141 
0.008504 -0.012562 0.015150 0.000773 
-0.020939 -0.017376 0.017874 0.020516 
-0.011087 -0.010961 0.004506 -0.014925 
-0.010166 -0.012398 0.007117 -0.014367 
-0.012369 0.005319 -0.012388 -0.005275 
-0.011201 0.010883 -0.014839 -0.004870 
-0.003118 0.024206 -0.008511 -0.022874 
0.014228 -0.023138 -0.017524 0.020754 
0.002899 -0.018455 0.018493 0.002641 
-0.001562 0.013854 -0.011574 0.007772 
0.001133 0.001829 0.001095 0.001852 
-0.005295 -0.012247 0.005025 -0.012360 
-0.003648 0.028087 0.015196 -0.023901 
0.006043 0.012607 -0.005764 0.012737 
0.004520 -0.009915 0.008911 -0.006272 
-0.014524 0.013129 -0.010987 -0.016205 
0.009374 -0.025037 -0.010537 0.024570 
-0.006523 0.010777 -0.011964 0.003945 
0.016992 0.023533 -0.000243 -0.029025 
-0.015931 -0.003637 -0.002524 -0.016144 
-0.000986 -0.012162 0.006722 -0.010184 
0.003670 0.007887 0.000851 0.008658 
-0.003163 0.002061 -0.003288 0.001856 
0.005958 -0.005273 0.007191 -0.003404 
0.022187 -0.002894 -0.011369 0.019272 
-0.000499 -0.031260 -0.029173 0.011242 
0.005393 0.019381 -0.020103 0.000740 
-0.002239 0.013689 -0.011823 0.007254 
-0.005608 0.013319 -0.014035 0.003443 
-0.008360 0.010318 -0.013210 0.001366 
-0.015849 -0.016725 0.023024 0.000903 
0.000179 0.015280 -0.013100 0.007868 
0.030250 -0.012784 -0.009734 -0.031364 
0.003295 0.017058 -0.015899 0.007005 
-0.017280 0.022892 0.026466 -0.011055 
0.006490 -0.019454 0.016602 0.012040 
-0.018980 -0.010957 0.019487 -0.010029 
-0.008821 0.009403 -0.012856 0.000976 
-0.000507 0.005945 -0.001441 0.005790 
-0.016687 0.005666 -0.008644 -0.015357 
0.019365 0.003954 -0.007208 0.018403 
-0.000389 0.019938 -0.019449 -0.004408 
-0.017296 0.000638 -0.004636 -0.016676 
-0.028225 0.010602 0.025633 0.015874 
-0.008496 0.017432 -0.016426 -0.010308 
-0.014789 0.004212 -0.010960 -0.010786 
-0.020087 -0.014920 0.023974 0.007165 
-0.013922 -0.008042 0.001705 -0.015987 
-0.019699 0.005790 0.000495 -0.020527 
-0.002524 0.029522 0.022462 -0.019324 
-0.024588 0.011035 0.025554 -0.008560 
0.011126 -0.011569 0.015108 0.005419 
-0.007265 0.018494 -0.016784 -0.010635 
-0.014476 -0.006933 0.000403 -0.016046 
0.012383 -0.006048 0.012731 0.005276 
-0.020605 0.001555 0.005287 -0.019976 
0.003087 -0.019994 0.018568 0.008035 
-0.021404 -0.008304 0.020961 -0.009364 
0.013816 0.006527 0.001341 0.015221 
0.026325 -0.015826 -0.026562 -0.015424 
-0.013059 0.014078 -0.013071 -0.014067 
0.010629 0.032881 0.032990 0.010284 
0.015269 -0.028113 -0.030040 -0.011003 
0.008496 0.008338 0.001927 0.011747 
0.017487 -0.001497 0.004883 0.016858 
-0.003715 0.026841 0.007264 -0.026105 
0.037050 -0.010416 0.038437 0.001951 
0.000395 0.007399 -0.001410 0.007274 
-0.006108 -0.005416 -0.004253 -0.006968 
-0.013915 -0.000659 -0.008516 -0.011025 
-0.013848 -0.005484 -0.003018 -0.014585 
0.007210 0.030580 0.026943 -0.016160 
-0.022876 0.003793 0.014286 -0.018266 
0.005330 -0.007462 0.007694 -0.004990 
-0.001046 0.009520 -0.004747 0.008318 
0.015368 -0.006319 0.011071 0.012391 
0.025042 0.000817 -0.023874 0.007604 
0.007687 0.013428 -0.008062 0.013206 
0.002787 0.004041 0.002337 0.004317 
-0.016293 -0.004947 0.000297 -0.017025 
0.034800 0.008119 0.033479 -0.012496 
0.021050 -0.016181 -0.021102 0.016113 
0.007329 0.004547 0.005448 0.006687 
0.005041 0.009413 -0.000181 0.010676 
-0.002063 -0.014729 0.011151 -0.009842 
0.003947 0.003117 0.003571 0.003542 
-0.005257 -0.013217 0.007117 -0.012315 
0.005840 -0.008183 0.008822 -0.004820 
0.020563 -0.005650 -0.004023 0.020942 
0.021701 -0.018683 -0.028096 0.005529 
0.022647 -0.016982 -0.027683 0.005910 
-0.001722 0.015178 -0.013967 0.006185 
0.008736 0.010968 -0.002847 0.013730 
-0.003231 -0.034393 -0.030022 -0.017087 
0.027003 -0.004350 -0.027334 -0.000988 
0.014418 0.021307 -0.018162 -0.018221 
-0.013668 0.008336 -0.013252 -0.008982 
-0.003336 0.019319 -0.018641 -0.006070 
-0.014486 -0.002548 -0.006153 -0.013359 
0.006942 0.032010 0.032433 -0.004570 
0.005209 0.023920 -0.015440 -0.018997 
0.008270 0.029795 0.023296 -0.020333 
0.001739 0.006776 0.000230 0.006992 
0.011107 0.014430 -0.013353 0.012380 
-0.003074 -0.004001 -0.002601 -0.004324 
-0.001284 -0.001425 -0.001260 -0.001446 
0.007181 -0.019800 0.015322 0.014451 
-0.023231 0.013367 0.024028 -0.011875 
0.002335 0.007384 0.000299 0.007739 
0.011333 0.007095 0.002838 0.013066 
-0.000111 -0.026156 0.002448 0.026041 
-0.012411 0.030307 0.029329 0.014572 
0.003150 -0.001061 0.003198 -0.000904 
0.019484 -0.001468 -0.001117 0.019507 
0.028557 -0.007237 -0.026104 -0.013653 
-0.013412 -0.033913 -0.024227 -0.027258 
-0.014216 -0.016774 0.021837 -0.002567 
-0.010425 -0.012314 0.007145 -0.014466 
-0.006229 -0.001503 -0.005851 -0.002612 
-0.018954 0.013642 0.005513 -0.022693 
-0.005852 0.020689 -0.015478 -0.014923 
0.006031 0.025667 -0.007062 -0.025402 
0.006517 0.012451 -0.005458 0.012950 
0.005772 -0.004897 0.006822 -0.003278 
0.010379 -0.010035 0.014250 0.002319 
0.006864 0.002656 0.006029 0.004222 
0.014497 -0.001639 0.009771 0.010833 
-0.010955 0.002723 -0.010698 -0.003604 
0.021975 0.010200 -0.024132 0.002142 
-0.006277 0.013026 -0.014202 0.002716 
0.032416 0.002313 0.002287 -0.032418 
0.025374 0.006208 -0.025857 -0.003711 
-0.013128 0.010857 -0.014024 -0.009671 
0.007452 0.017250 -0.017282 0.007376 
-0.009592 0.002847 -0.009881 -0.001575 
-0.009125 0.019568 -0.012644 -0.017501 
0.004745 0.011153 -0.003036 0.011734 
-0.011053 -0.008426 -0.000801 -0.013875 
0.010375 0.010922 -0.003765 0.014586 
-0.001483 0.004129 -0.001831 0.003987 
-0.013986 0.001283 -0.009900 -0.009963 
0.003292 -0.005258 0.004142 -0.004618 
-0.034063 -0.000044 -0.015284 0.030442 
0.016532 0.024569 0.005255 -0.029144 
-0.015906 -0.004068 -0.001932 -0.016304 
0.006118 0.000255 0.005990 0.001270 
-0.002623 -0.010724 0.003304 -0.010534 
-0.008319 0.023030 -0.002933 -0.024310 
-0.009735 0.005815 -0.011332 -0.000399 
-0.021472 0.017260 0.025009 -0.011554 
0.034763 -0.022587 0.028656 0.029958 
0.013600 0.009840 -0.005163 0.015973 
-0.006621 0.001356 -0.006758 -0.000011 
-0.002297 0.005907 -0.003313 0.005403 
-0.002716 -0.003063 -0.002480 -0.003257 
0.020806 0.006503 -0.016405 0.014355 
-0.003941 0.003089 -0.004261 0.002629 
0.005910 0.007572 0.002386 0.009304 
-0.012452 -0.001690 -0.008394 -0.009352 
-0.007273 -0.007037 -0.003422 -0.009524 
0.018886 -0.016610 -0.012710 0.021703 
-0.001843 0.000781 -0.001856 0.000748 
-0.005520 -0.003698 -0.004689 -0.004707 
-0.007898 -0.013537 0.008427 -0.013214 
-0.014663 0.005405 -0.011579 -0.010496 
0.005158 -0.022562 0.011644 0.020002 
-0.011629 -0.022998 0.015533 0.020563 
0.007043 0.008816 0.001194 0.011220 
-0.023974 0.006176 0.019564 -0.015170 
-0.004774 -0.010683 0.002216 -0.011489 
0.005727 0.018546 -0.019062 0.003657 
0.001693 -0.030832 -0.028392 0.012138 
-0.011135 -0.036933 0.002404 -0.038500 
-0.005125 -0.021574 0.020513 0.008421 
-0.012864 -0.017221 0.021250 -0.003236 
-0.018425 -0.013065 0.021892 -0.005561 
0.007015 -0.006461 0.008996 -0.003167 
0.007380 0.000712 0.006986 0.002483 
0.014491 0.018167 -0.022923 -0.003817 
-0.003879 0.001333 -0.003968 0.001038 
-0.001214 -0.000437 -0.001211 -0.000446 
-0.013269 -0.016900 0.021151 -0.003780 
-0.003758 -0.013498 0.007961 -0.011530 
-0.009108 -0.020159 0.021732 0.004132 
-0.015078 0.018257 0.001182 -0.023649 
0.005818 0.013266 -0.007234 0.012551 
0.016808 0.006137 -0.003689 0.017509 
-0.012369 -0.010418 0.004715 -0.015469 
0.002886 0.039008 -0.017661 0.034901 
-0.013196 0.010771 -0.013963 -0.009756 
0.000041 -0.011666 0.006690 -0.009558 
-0.012348 -0.019436 0.022427 0.005220 
-0.015486 0.002508 -0.009286 -0.012645 
0.019643 0.005795 -0.011347 0.017049 
0.009650 -0.019192 0.012430 0.017520 
0.005851 -0.005015 0.006960 -0.003308 
0.013514 0.000922 0.008561 0.010497 
0.007658 -0.021263 0.011178 0.019642 
-0.019609 0.004239 0.000239 -0.020061 
0.035142 -0.022355 0.026245 0.032340 
0.021365 -0.007340 -0.008274 0.021021 
-0.019287 0.009382 0.000614 -0.021439 
0.031741 0.024867 -0.002577 0.040240 
0.024364 -0.018254 -0.028596 -0.010446 
-0.000361 -0.004986 0.000196 -0.004996 
-0.014100 -0.022358 0.014644 0.022006 
-0.003477 -0.022720 0.018515 0.013620 
-0.009027 -0.026379 0.000094 0.027881 
0.003366 0.012644 -0.006315 0.011460 
0.019083 0.009293 -0.016525 0.013322 
-0.010653 -0.001569 -0.008483 -0.006632 
-0.004410 0.014445 -0.014608 0.003837 
0.012868 0.012377 -0.010335 0.014559 
-0.006454 0.014401 -0.015769 0.000608 
0.014724 -0.005404 0.011522 0.010642 
-0.014652 0.009100 -0.012366 -0.012024 
-0.000452 0.003283 -0.000612 0.003257 
-0.009478 -0.002999 -0.007292 -0.006758 
-0.002484 0.022689 -0.014851 -0.017332 
-0.015264 -0.020348 0.019904 0.015839 
-0.018364 0.024738 0.030412 0.004936 
-0.020089 0.004206 0.002091 -0.020417 
0.000648 0.033374 0.032431 0.007904 
0.033878 -0.003895 0.012043 -0.031904 
-0.012323 -0.000408 -0.009340 -0.008048 
0.011522 0.003881 0.006729 0.010127 
0.006912 0.010160 -0.000936 0.012253 
0.006271 0.012977 -0.006611 0.012807 
0.007866 0.026786 0.001389 -0.027883 
-0.004124 -0.002898 -0.003770 -0.003346 
0.017309 -0.004670 0.006990 0.016509 
-0.012448 -0.017451 0.021224 -0.003004 
-0.019236 -0.004325 0.007398 -0.018276 
0.004984 -0.006893 0.006913 -0.004956 
0.019390 -0.006277 0.000627 0.020371 
-0.022753 -0.009198 0.024481 -0.001729 
0.007985 0.032073 0.032939 -0.002735 
-0.014371 0.014053 -0.010379 -0.017213 
0.002500 0.014071 -0.009587 0.010598 
0.006135 0.002123 0.005630 0.003232 
-0.001860 -0.000671 -0.001848 -0.000704 
-0.016286 -0.006511 0.003172 -0.017250 
0.006529 0.002520 0.005827 0.003875 
-0.005390 0.013858 -0.014531 0.003151 
0.022277 0.000454 -0.013737 0.017543 
0.015944 -0.009264 0.010108 0.015423 
0.020044 0.007654 -0.016087 0.014198 
-0.002111 -0.018293 0.018140 -0.003169 
-0.011943 0.004562 -0.011946 -0.004554 
0.023432 -0.004038 -0.016734 0.016891 
-0.005407 -0.003085 -0.004796 -0.003970 
0.002784 0.020007 -0.020075 -0.002241 
-0.004962 0.008821 -0.008346 0.005726 
-0.002476 0.002625 -0.002625 0.002477 
0.002659 0.013595 -0.008526 0.010918 
0.010750 -0.009980 0.014341 0.003080 
0.002182 -0.028109 -0.013070 0.024981 
-0.005536 -0.009306 -0.000147 -0.010827 
-0.004147 0.004376 -0.004799 0.003650 
-0.003512 -0.001257 -0.003427 -0.001472 
0.007322 -0.005380 0.008768 -0.002383 
0.005476 0.003733 0.004644 0.004727 
0.011051 -0.020446 0.005440 0.022596 
0.009810 0.005106 0.005735 0.009456 
0.017545 -0.006674 0.006653 0.017553 
-0.000098 -0.001054 -0.000093 -0.001055 
-0.000507 0.002135 -0.000553 0.002124 
-0.009313 0.003217 -0.009803 -0.000988 
0.020470 0.018404 -0.015536 -0.022724 
0.002894 -0.035297 -0.020168 -0.029112 
0.006140 -0.011562 0.012434 -0.004094 
-0.005650 -0.024916 0.011175 0.022975 
-0.004203 -0.005525 -0.002928 -0.006295 
0.015532 0.012952 -0.016437 0.011782 
0.005555 -0.024810 0.000955 0.025407 
0.014616 0.003100 0.005345 0.013953 
0.004186 -0.005897 0.005436 -0.004769 
-0.016788 -0.013925 0.020658 -0.007001 
0.006978 -0.004754 0.008114 -0.002333 
0.007593 -0.004150 0.008534 -0.001432 
-0.007186 -0.010428 0.001418 -0.012585 
-0.017037 0.015294 0.000824 -0.022880 
-0.008269 0.014141 -0.016183 -0.002535 
-0.007797 -0.000891 -0.007263 -0.002974 
-0.011569 -0.004993 -0.005538 -0.011318 
0.003101 -0.011490 0.009289 -0.007440 
-0.006896 -0.009886 0.000470 -0.012044 
0.006341 0.004527 0.004899 0.006058 
0.006770 -0.009630 0.011099 -0.003924 
-0.013581 -0.005319 -0.003587 -0.014138 
-0.011548 -0.000009 -0.009559 -0.006480 
0.003630 -0.002423 0.003823 -0.002106 
-0.017857 -0.013892 0.022187 -0.004427 
-0.005358 0.012483 -0.012798 0.004556 
0.008014 -0.001143 0.008003 0.001215 
0.004010 0.007045 0.001803 0.007904 
0.009162 0.015826 -0.015053 0.010383 
-0.004914 0.015097 -0.015739 0.002084 
-0.000755 0.002857 -0.000866 0.002825 
0.012501 0.009845 -0.003563 0.015508 
0.016727 0.019859 -0.019229 -0.017448 
-0.006699 -0.013077 0.006910 -0.012966 
-0.003920 0.013407 -0.012778 0.005643 
-0.001676 0.008810 -0.004663 0.007660 
0.000073 0.016498 -0.015436 0.005826 
0.013039 -0.024170 -0.018061 0.020688 
-0.002574 -0.019801 0.019906 0.001570 
0.012927 0.002285 0.007703 0.010629 
0.021430 -0.009432 -0.010400 0.020977 
0.021636 0.008734 -0.022079 0.007544 
0.000844 -0.013018 0.009574 -0.008862 
-0.039232 0.004340 -0.033501 -0.020873 
0.001512 -0.006160 0.002587 -0.005791 
-0.010671 0.007987 -0.013179 -0.001992 
-0.003943 -0.011721 0.004330 -0.011583 
-0.000980 -0.023479 0.015489 0.017673 
0.010398 -0.000172 0.009291 0.004671 
0.002052 0.005889 0.001004 0.006155 
0.006127 -0.013517 0.014645 -0.002403 
-0.024172 0.014637 0.028043 -0.003483 
0.007359 0.032782 0.033421 0.003439 
-0.001545 0.028772 0.016645 -0.023520 
0.004251 -0.013196 0.012760 -0.005421 
0.005315 0.007192 0.002468 0.008595 
0.013138 -0.021059 -0.004073 0.024485 
-0.016189 0.006293 -0.009744 -0.014379 
0.014903 0.010256 -0.008546 0.015945 
-0.004815 -0.013295 0.007325 -0.012095 
-0.002484 -0.002562 -0.002335 -0.002699 
0.020465 -0.002352 -0.004250 0.020156 
-0.022900 -0.010039 0.024958 0.001516 
-0.000746 0.002680 -0.000839 0.002653 
0.004604 0.014773 -0.010729 0.011151 
0.009593 0.002673 0.007525 0.006522 
-0.002373 0.011060 -0.007974 0.008024 
-0.015710 -0.001259 -0.005886 -0.014620 
-0.009527 -0.003905 -0.006703 -0.007816 
0.008283 0.005163 0.005418 0.008118 
0.004276 -0.004563 0.005003 -0.003752 
0.018196 -0.011701 0.001178 0.021601 
0.010466 -0.014205 0.015864 0.007722 
-0.012949 -0.016183 0.019613 -0.006701 
0.003595 -0.024013 0.008618 0.022700 
0.004588 0.003477 0.004026 0.004114 
0.012675 0.008863 -0.001646 0.015379 
-0.014525 -0.003089 -0.005473 -0.013804 
0.002422 0.005280 0.001602 0.005584 
0.019050 -0.018041 -0.017730 0.019340 
-0.003559 0.005019 -0.004352 0.004349 
0.006178 0.003628 0.005193 0.004935 
0.019374 -0.002890 0.000137 0.019588 
-0.008606 -0.030626 -0.028343 0.014448 
-0.030506 0.001421 0.017202 0.025233 
0.010443 -0.010771 0.014694 0.003027 
-0.026402 0.012147 0.028510 0.005639 
-0.007748 0.003959 -0.008622 0.001168 
0.016792 -0.011293 0.006672 0.019104 
0.001097 -0.009283 0.004543 -0.008170 
-0.000031 0.003632 -0.000244 0.003624 
-0.015689 0.018064 0.003037 -0.023732 
-0.013923 -0.010317 0.006854 -0.015916 
-0.015073 -0.010334 0.009084 -0.015858 
-0.001948 0.001867 -0.002007 0.001802 
-0.013562 -0.021936 0.017162 0.019250 
-0.017162 0.024158 0.029169 -0.005224 
-0.004934 0.017056 -0.017633 -0.002076 
-0.012165 -0.002536 -0.007779 -0.009691 
0.003771 -0.000174 0.003774 0.000066 
-0.005952 -0.012438 0.005394 -0.012690 
0.013308 0.003157 0.006597 0.011981 
-0.015081 -0.011788 0.012725 -0.014299 
-0.007541 -0.006972 -0.003560 -0.009634 
-0.011229 -0.014473 0.013606 -0.012266 
0.003699 -0.000572 0.003728 -0.000340 
-0.007971 0.010580 -0.013113 0.001879 
-0.017275 0.014156 -0.000712 -0.022323 
0.017780 0.010205 -0.015061 0.013908 
-0.022760 0.008269 0.015539 -0.018572 
0.004535 -0.001530 0.004667 -0.001060 
0.017967 0.000615 0.001701 0.017897 
-0.002434 -0.020982 0.020153 0.006326 
-0.000543 -0.000552 -0.000541 -0.000554 
0.001400 0.004224 0.001022 0.004331 
0.000290 -0.004215 0.000625 -0.004178 
0.006968 0.015611 -0.013220 0.010840 
0.001066 -0.002634 0.001160 -0.002594 
0.001732 0.014358 -0.010505 0.009940 
0.012843 0.019747 -0.022300 -0.007589 
-0.006387 0.024439 -0.000999 -0.025240 
-0.020598 0.013178 0.012308 -0.021129 
-0.020351 -0.009397 0.020010 -0.010102 
-0.010155 0.017079 -0.014847 -0.013205 
0.019301 0.004356 -0.007665 0.018242 
-0.023176 -0.007421 0.023898 -0.004591 
-0.013470 -0.010477 0.006478 -0.015787 
0.009297 0.003024 0.007214 0.006598 
0.015953 -0.014485 0.005051 0.020947 
-0.026595 0.014348 0.027374 0.012799 
-0.022314 0.009652 0.014864 -0.019239 
0.003393 -0.008805 0.006536 -0.006807 
-0.028697 0.006233 0.025886 0.013867 
0.008828 -0.013751 0.016043 0.003104 
-0.021032 -0.018298 0.014075 0.024064 
-0.015373 -0.012649 0.015418 -0.012595 
0.006049 -0.006218 0.007760 -0.003878 
0.007212 0.009728 -0.000197 0.012108 
0.001817 -0.024090 0.010782 0.021619 
-0.017960 0.028210 0.022226 0.024988 
-0.010814 0.010065 -0.014404 -0.003282 
-0.010433 -0.003545 -0.007112 -0.008417 
-0.033932 0.011685 -0.023163 0.027411 
0.015524 0.008379 -0.005424 0.016787 
0.008999 -0.018352 0.014971 0.013915 
-0.018309 -0.007565 0.010719 -0.016659 
0.004177 0.034299 0.030447 0.016336 
0.033166 -0.001593 0.005228 -0.032790 
-0.010176 0.019154 -0.011421 -0.018438 
-0.014298 0.014768 -0.009626 -0.018162 
-0.010938 -0.004283 -0.006457 -0.009813 
0.003112 -0.003385 0.003417 -0.003077 
-0.003456 -0.001041 -0.003389 -0.001240 
-0.006330 -0.000857 -0.006070 -0.001989 
0.005911 0.023040 -0.018160 -0.015363 
0.012352 0.016802 -0.020127 0.005455 
0.019270 -0.003330 0.000702 0.019543 
-0.005605 -0.002212 -0.005175 -0.003087 
-0.005137 0.001581 -0.005297 0.000908 
-0.013884 -0.000063 -0.009011 -0.010563 
0.009967 0.017548 -0.019448 0.005391 
-0.006234 0.004401 -0.007155 0.002652 
-0.017765 -0.004109 0.002540 -0.018056 
-0.009804 -0.003860 -0.006792 -0.008056 
-0.018046 -0.005686 0.006156 -0.017891 
0.001519 0.007300 -0.000320 0.007450 
0.004603 0.029927 0.021634 -0.021185 
0.009914 0.005709 0.005125 0.010228 
0.005744 -0.004844 0.006769 -0.003260 
-0.000951 -0.002211 -0.000894 -0.002235 
0.020606 -0.006362 -0.004382 0.021116 
-0.017101 -0.021028 0.014101 0.023146 
0.003159 -0.010562 0.008157 -0.007417 
-0.005769 0.008077 -0.008657 0.004855 
0.024275 -0.008554 -0.022271 0.012901 
0.015343 -0.004188 0.010352 0.012075 
-0.017591 -0.010685 0.015663 -0.013352 
