-0.019772 -0.008801 0.021017 -0.005163 
-0.041187 0.021450 0.002243 0.046384 
0.025298 0.046384 -0.052197 -0.008184 
-0.017789 0.021224 0.027660 0.001359 
0.001614 0.016555 -0.016295 0.003336 
-0.005153 -0.004365 -0.003959 -0.005471 
0.012938 0.006049 0.000750 0.014262 
-0.006225 -0.026664 -0.015499 0.022572 
-0.010059 0.017891 -0.007935 -0.018930 
-0.035970 0.004823 -0.030695 -0.019362 
-0.007141 -0.027596 -0.022516 0.017480 
-0.017282 -0.023873 -0.021836 0.019793 
0.014330 0.012918 -0.017493 0.008139 
0.023550 0.023074 0.031928 0.008222 
-0.018969 -0.025965 -0.031860 -0.004353 
-0.000938 -0.007726 0.001548 -0.007627 
0.016031 -0.019897 -0.021447 0.013888 
0.000375 -0.036770 0.028621 -0.023087 
-0.012112 -0.021559 0.009930 0.022647 
-0.001815 -0.023737 0.005074 0.023259 
0.008688 0.015813 -0.016960 0.006156 
-0.025067 -0.005578 0.021593 0.013901 
0.015445 -0.012452 0.003231 0.019574 
-0.035809 0.025707 0.042719 0.010874 
0.026987 0.001061 -0.019522 -0.018664 
0.032731 -0.017222 0.032789 0.017111 
0.002056 0.027161 0.017848 -0.020577 
0.049401 -0.025803 -0.053703 -0.014907 
0.001905 -0.014502 0.013944 -0.004414 
-0.002758 0.010673 -0.008613 0.006880 
0.008083 -0.015060 0.015240 0.007737 
-0.022119 0.004706 0.018120 -0.013529 
0.007924 0.023929 -0.002381 -0.025094 
-0.008181 0.010987 -0.013671 -0.000871 
-0.007543 0.001215 -0.007555 -0.001138 
-0.005985 -0.028447 -0.026279 0.012428 
0.001087 -0.007773 0.003522 -0.007014 
0.015276 0.024214 0.017079 -0.022978 
0.032383 0.002444 0.026444 -0.018851 
0.000611 0.009878 -0.004369 0.008880 
-0.005384 0.041211 -0.005865 -0.041146 
0.054519 -0.025609 0.060115 -0.003795 
0.019714 0.018384 -0.002999 -0.026789 
-0.001112 -0.009407 0.003318 -0.008873 
0.005533 -0.007049 0.007950 -0.004136 
-0.004179 -0.010122 0.002645 -0.010627 
-0.021657 -0.004099 0.020467 -0.008181 
0.007157 0.000063 0.006878 0.001980 
0.001880 0.008400 -0.001477 0.008480 
0.021560 -0.002205 -0.015791 0.014844 
-0.022030 0.014881 0.026584 0.000253 
0.023459 -0.021110 -0.005265 -0.031116 
0.032912 -0.007170 0.029790 -0.015720 
-0.021435 0.007710 0.016865 -0.015313 
0.006918 -0.018274 0.013413 0.014208 
0.015851 -0.005173 0.006694 0.015271 
-0.031446 -0.016111 -0.024475 -0.025483 
0.024100 0.036926 0.013028 -0.042126 
-0.014448 -0.022525 -0.002213 0.026669 
-0.029285 0.001094 0.005794 0.028727 
-0.026683 0.014091 0.011009 0.028095 
0.004075 -0.007419 0.006534 -0.005381 
-0.003218 -0.014753 0.012652 -0.008242 
0.014039 0.003925 0.002498 0.014361 
-0.004004 -0.004743 -0.002959 -0.005456 
0.020305 -0.023271 -0.015112 -0.026934 
0.038069 0.023034 0.001750 -0.044460 
0.001078 -0.026393 -0.014841 0.021852 
-0.015993 -0.040546 -0.011472 0.042049 
0.002780 0.010585 -0.004037 0.010172 
0.046221 -0.015328 0.046212 -0.015356 
-0.021772 0.010927 0.021802 -0.010865 
-0.001170 -0.031028 -0.029074 -0.010899 
0.000928 0.006499 -0.000567 0.006541 
0.010101 -0.031890 -0.001568 -0.033415 
-0.016527 -0.027394 -0.031539 -0.005376 
0.010971 0.015493 -0.018259 0.005196 
0.014065 0.019011 -0.017211 -0.016218 
0.004662 0.019126 -0.019104 -0.004748 
0.009130 -0.033648 0.014307 -0.031794 
-0.003344 -0.011744 0.005989 -0.010641 
0.014742 0.007556 -0.005788 0.015521 
0.023546 -0.003901 -0.022888 0.006765 
-0.014990 -0.023072 -0.007966 0.026336 
0.002075 0.007155 -0.000088 0.007449 
0.019764 -0.008502 -0.009856 0.019125 
-0.013924 -0.034763 0.025984 -0.026966 
0.021224 0.043283 0.031342 0.036628 
-0.028979 0.020927 -0.035404 0.004922 
-0.006244 0.002367 -0.006625 0.000840 
0.014904 0.021549 -0.002852 -0.026045 
0.007774 0.008718 0.000061 0.011681 
0.016569 -0.022088 -0.027601 0.000792 
-0.023918 0.004179 0.023841 -0.004600 
-0.025076 -0.009677 0.013259 0.023380 
0.008132 -0.004595 0.009328 -0.000486 
0.008764 -0.002074 0.008831 0.001767 
0.003343 -0.007037 0.005396 -0.005619 
0.016520 -0.008270 0.004145 0.018004 
-0.008940 -0.033260 -0.008860 -0.033282 
-0.026453 0.002983 0.023345 0.012793 
0.003971 0.022496 -0.011961 -0.019462 
-0.009929 -0.022627 0.007767 0.023457 
-0.016268 -0.004111 0.002817 -0.016542 
-0.031557 -0.025416 0.040475 -0.001893 
-0.017405 0.003535 -0.001768 -0.017672 
0.028335 -0.013674 0.002614 -0.031353 
0.016287 0.012693 -0.020151 0.004510 
-0.022402 0.010508 0.023362 -0.008153 
-0.019826 -0.003372 0.013572 -0.014841 
-0.019324 0.039346 0.041072 -0.015316 
-0.009102 -0.016260 0.018095 -0.004450 
-0.022646 0.020455 0.014964 0.026595 
-0.017144 0.022238 0.027869 0.003431 
0.030382 -0.013814 0.023073 -0.024114 
-0.027738 -0.038966 -0.041776 -0.023292 
0.021525 -0.007259 -0.016890 0.015190 
0.042848 -0.010380 -0.035436 -0.026229 
0.019874 -0.005844 -0.008395 0.018939 
-0.026714 -0.016855 -0.028666 0.013266 
0.004914 -0.002242 0.005201 -0.001459 
-0.008495 0.015949 -0.014397 -0.010921 
-0.005248 0.015810 -0.016256 -0.003638 
0.023120 0.027708 0.002810 0.035977 
-0.016490 -0.047493 0.023779 -0.044295 
0.004509 -0.022248 0.004754 0.022197 
-0.025184 0.001894 0.024920 0.004102 
-0.022736 -0.003186 0.022456 -0.004773 
0.005242 -0.004056 0.006036 -0.002737 
0.028578 -0.007850 -0.009496 -0.028074 
-0.025089 0.016304 0.015500 0.025594 
-0.011608 -0.020832 0.014172 0.019180 
-0.017646 -0.030598 -0.006848 -0.034652 
-0.008597 -0.001324 -0.007398 -0.004574 
-0.019903 -0.004081 0.014839 -0.013878 
-0.026249 0.027237 -0.033283 -0.017975 
0.003810 0.039569 -0.036239 -0.016339 
0.023253 -0.035350 -0.025398 0.033841 
-0.014515 -0.039559 0.015138 0.039325 
0.008827 -0.028635 -0.028205 -0.010118 
-0.007167 0.005773 -0.008962 0.002092 
-0.009344 0.001564 -0.009023 -0.002888 
-0.018146 -0.007907 0.015703 -0.012051 
-0.002241 0.012482 -0.010871 0.006531 
0.017163 0.023757 0.020702 -0.020746 
-0.013011 0.010475 -0.011629 -0.011991 
0.030790 -0.023070 0.023385 0.030551 
0.002930 -0.033724 -0.004200 -0.033590 
-0.025233 0.007201 0.025555 0.005960 
0.005370 -0.002032 0.005641 -0.001068 
-0.003885 0.011619 -0.011018 0.005359 
-0.004947 0.009167 -0.009137 0.005003 
0.005253 0.004205 0.004103 0.005333 
-0.009103 -0.005763 -0.004109 -0.009960 
0.018623 0.020478 0.004958 -0.027231 
-0.019363 0.013521 0.016526 -0.016871 
-0.017324 0.018581 0.021762 -0.013107 
-0.018030 -0.025641 -0.031123 0.003720 
0.000971 0.048713 0.000345 0.048721 
-0.013426 0.011300 -0.010460 -0.014091 
0.012558 -0.002284 0.009898 0.008059 
-0.059268 0.008854 -0.059896 -0.001865 
-0.003176 0.029901 0.029559 0.005513 
0.025346 0.044102 -0.029669 0.041318 
0.026024 0.013885 0.011158 -0.027304 
0.003239 0.000821 0.003184 0.001011 
-0.020469 -0.049887 0.034305 0.041603 
-0.010633 -0.007429 -0.000900 -0.012940 
-0.009474 0.005091 -0.010678 -0.001286 
0.006086 -0.019803 0.011164 0.017452 
-0.032922 0.005988 -0.028875 0.016909 
0.018622 -0.016723 -0.021287 0.013164 
-0.045692 -0.001737 -0.005528 0.045389 
-0.013427 -0.009905 0.008577 -0.014311 
-0.001748 0.012579 -0.010637 0.006939 
0.040546 0.006928 -0.039417 0.011757 
0.046931 -0.014280 0.048758 -0.005390 
0.049456 -0.012577 0.028273 0.042482 
0.032611 -0.002691 0.025198 -0.020875 
0.011018 0.029712 0.030674 0.007958 
-0.002704 -0.032931 -0.018102 -0.027642 
-0.033696 0.016585 -0.027898 -0.025143 
-0.017290 -0.007999 0.013473 -0.013468 
-0.037613 0.010243 -0.002624 -0.038894 
-0.003151 -0.019484 0.018652 0.006453 
-0.018524 -0.015957 0.018102 0.016435 
-0.010166 -0.029593 -0.030963 -0.004518 
-0.032082 -0.023932 0.038296 -0.011637 
-0.044126 0.024860 -0.044128 -0.024856 
0.005149 -0.019542 0.013322 0.015197 
0.011828 0.024665 0.010051 -0.025441 
-0.008102 -0.017709 0.019473 0.000189 
0.014235 -0.007461 0.010167 0.012447 
-0.010556 0.002997 -0.010264 -0.003880 
-0.003858 -0.020510 0.017778 0.010932 
0.010539 0.049766 -0.041005 0.030106 
-0.012680 0.011319 -0.011816 -0.012218 
0.010721 0.016623 -0.019731 0.001392 
0.028842 0.004543 -0.001135 -0.029175 
-0.000085 -0.027776 -0.022489 0.016302 
0.034576 0.009505 0.025013 0.025695 
0.004147 -0.011016 0.010459 -0.005400 
-0.032828 0.028360 0.042792 -0.007125 
0.012810 -0.020905 -0.013709 0.020326 
-0.029666 0.024087 -0.027365 -0.026671 
0.013201 0.008714 -0.005252 0.014920 
-0.002953 -0.000904 -0.002903 -0.001052 
-0.001590 0.005953 -0.002747 0.005515 
0.006807 0.020586 -0.017883 -0.012259 
-0.008486 0.014541 -0.015090 -0.007468 
0.025697 0.017211 0.025095 -0.018078 
0.003162 0.022225 -0.012906 -0.018368 
0.018095 0.026858 0.031360 0.008083 
-0.013133 -0.015127 0.019779 -0.003178 
-0.030625 0.011202 -0.017646 0.027422 
0.002936 0.017940 -0.018176 -0.000330 
0.019625 -0.011676 -0.013922 0.018100 
-0.011265 0.008424 -0.012921 -0.005560 
-0.024942 0.022059 -0.014133 0.030148 
0.046007 -0.040460 0.058164 0.019251 
0.000637 -0.018743 0.017761 0.006020 
-0.010058 0.021338 0.005782 -0.022870 
0.023050 0.023211 0.032207 0.005723 
0.007167 0.040220 -0.028052 -0.029701 
-0.018043 0.011010 0.005202 -0.020486 
-0.003331 0.001440 -0.003423 0.001204 
0.002730 -0.002756 0.002941 -0.002529 
-0.007009 0.001737 -0.007217 -0.000241 
-0.005110 0.002365 -0.005433 0.001477 
0.009371 -0.030609 -0.016895 -0.027190 
-0.016594 -0.006907 0.009171 -0.015458 
-0.005212 0.007119 -0.007629 0.004432 
0.020849 0.003138 -0.016952 0.012536 
0.002298 -0.007225 0.004358 -0.006203 
-0.020124 0.003794 0.009186 -0.018303 
-0.018748 0.015359 0.018295 -0.015896 
-0.024812 -0.006270 0.021456 0.013950 
0.034281 0.021290 -0.039195 0.009598 
0.009419 -0.008680 0.012709 0.001593 
-0.031151 0.016737 -0.034967 0.005276 
-0.016285 0.012521 0.000199 -0.020541 
0.018036 -0.038578 -0.024830 0.034598 
0.042952 0.001132 -0.039832 -0.016111 
0.008664 0.005658 0.004265 0.009428 
0.041355 -0.017187 -0.030902 -0.032414 
0.001012 -0.018294 0.017690 0.004768 
-0.009792 0.005546 -0.011118 -0.001745 
0.009522 -0.010371 0.013733 0.003105 
-0.011129 -0.016014 0.019243 -0.003163 
-0.011072 0.021810 0.011691 -0.021484 
0.012525 -0.030058 -0.008667 -0.031389 
-0.032645 -0.027597 0.024527 0.035010 
-0.013184 0.001867 -0.009288 -0.009542 
0.031100 0.032034 0.016048 -0.041664 
0.014884 0.007873 -0.006836 0.015388 
0.015314 -0.028391 -0.008749 -0.031048 
0.022395 -0.004626 -0.019201 0.012420 
0.001478 -0.050635 0.044209 -0.024732 
0.010022 0.009071 -0.001792 0.013398 
0.014365 -0.014765 0.002490 0.020449 
-0.040468 0.042790 -0.016722 0.056471 
-0.011639 0.012209 -0.012918 -0.010848 
-0.027996 -0.006566 0.002881 0.028611 
-0.011521 0.019418 0.002151 -0.022476 
-0.010127 -0.017724 0.020271 0.002406 
0.014979 0.010155 -0.012472 0.013113 
0.008047 0.026572 0.016781 -0.022119 
0.022521 -0.023035 -0.000315 -0.032213 
-0.007401 -0.004117 -0.005345 -0.006568 
-0.008923 -0.027199 -0.022127 0.018161 
-0.017265 0.031100 -0.028483 0.021308 
0.051847 0.008141 -0.030230 0.042901 
-0.018133 -0.011917 0.021652 -0.001415 
0.011306 -0.021931 -0.013114 0.020900 
-0.008442 -0.014325 0.013355 -0.009906 
0.014333 0.026263 0.026694 -0.013512 
0.004848 -0.009755 0.009658 -0.005038 
-0.011518 -0.033147 -0.003237 -0.034942 
-0.027151 0.006931 0.020131 0.019493 
0.001541 0.002311 0.001446 0.002372 
0.019052 0.016665 -0.014266 -0.020908 
-0.047502 -0.020910 0.027175 -0.044217 
-0.027709 0.003799 0.018098 0.021323 
-0.034121 0.021079 0.004660 -0.039835 
-0.038413 0.008570 0.005287 -0.039001 
-0.023037 -0.016148 -0.002611 0.028012 
0.002669 -0.002958 0.002909 -0.002723 
-0.035357 -0.016160 0.021395 -0.032458 
0.002011 0.002977 0.001803 0.003108 
0.007641 -0.024361 -0.014759 0.020832 
0.012439 0.015860 -0.020087 0.001671 
-0.013161 0.003480 -0.010202 -0.009013 
0.000873 -0.014619 0.013630 -0.005358 
0.013817 0.002744 0.004474 0.013358 
-0.029569 -0.026853 0.038859 -0.009240 
0.018474 0.008869 -0.018283 0.009257 
0.014705 -0.014471 0.001911 0.020542 
-0.010427 0.020651 0.003730 -0.022832 
0.026718 0.028934 -0.036560 0.014642 
0.039807 -0.022052 -0.022924 -0.039311 
0.006568 0.015142 -0.014185 0.008437 
0.002781 0.006877 0.000686 0.007386 
-0.003732 -0.018678 0.018820 0.002930 
-0.031097 0.003103 -0.011112 0.029209 
-0.024682 0.029864 -0.027244 -0.027547 
0.001822 0.005415 0.000863 0.005648 
-0.007306 0.024501 0.014691 -0.020926 
0.046075 -0.014672 0.042787 -0.022526 
0.011685 -0.010178 0.013163 0.008178 
-0.019053 -0.009021 0.019841 -0.007121 
-0.001145 0.007210 -0.003109 0.006606 
-0.003570 -0.008329 0.000273 -0.009058 
0.033457 -0.022687 -0.008391 0.039543 
-0.024765 -0.015729 -0.011809 0.026856 
0.008506 0.003181 0.006361 0.006482 
-0.013193 -0.011954 0.013313 -0.011819 
-0.007905 -0.034044 -0.001359 -0.034923 
-0.020761 0.009694 0.016021 -0.016381 
-0.023399 0.020127 0.011304 0.028719 
0.014258 -0.010440 0.009208 0.015083 
-0.025118 -0.037622 -0.033384 0.030526 
0.013124 0.031186 0.019528 0.027631 
0.002787 -0.000078 0.002788 0.000037 
0.011592 0.008309 -0.001835 0.014144 
0.016447 0.010537 -0.016652 0.010211 
-0.033690 -0.028905 -0.006854 0.043858 
-0.017704 -0.008980 0.016562 -0.010945 
-0.003885 0.018785 -0.016014 -0.010561 
-0.002541 0.029862 0.029709 0.003941 
0.001243 0.009353 -0.003143 0.008896 
0.001579 -0.015892 0.015855 -0.001917 
-0.015045 -0.035366 0.034953 -0.015982 
-0.026216 -0.024682 -0.008164 -0.035069 
0.016454 -0.013398 -0.002788 0.021036 
-0.003598 -0.002212 -0.003374 -0.002542 
0.012687 0.017302 -0.020862 -0.005013 
0.020747 0.001680 -0.015016 0.014415 
0.007148 -0.006271 0.009234 -0.002270 
0.012076 -0.003695 0.010779 0.006581 
0.027885 -0.013340 -0.002940 -0.030772 
0.022991 0.029660 -0.018640 0.032570 
0.009267 -0.001539 0.008966 0.002804 
-0.021301 0.004162 0.014511 -0.016139 
0.022600 0.006476 -0.023458 -0.001554 
0.019135 -0.010154 -0.008990 0.019709 
-0.035105 -0.026205 0.008061 0.043060 
-0.020696 0.021102 0.022745 0.018875 
0.007458 0.028857 0.028820 -0.007600 
0.021567 -0.024155 0.000069 -0.032382 
-0.060707 -0.011311 -0.001835 -0.061724 
-0.014584 0.021571 0.022529 -0.013055 
0.004434 0.008922 -0.000645 0.009942 
-0.038951 -0.001075 0.008472 -0.038033 
0.001025 -0.026191 -0.013430 0.022509 
-0.019753 0.010750 0.012895 -0.018424 
0.027346 0.026793 -0.024303 0.029581 
-0.001949 0.020840 -0.013908 -0.015642 
-0.012957 -0.038749 0.032040 0.025354 
0.008656 -0.024015 -0.015601 0.020206 
0.034498 -0.024518 -0.036064 0.022150 
0.002881 0.003002 0.002594 0.003254 
-0.025785 0.024343 -0.032975 0.013041 
-0.052402 -0.010241 0.049002 -0.021204 
-0.044949 0.004652 0.012392 0.043457 
-0.050261 0.010444 -0.018943 -0.047712 
0.005308 0.017462 -0.018159 0.001836 
0.011115 0.015685 -0.018722 0.004365 
0.027894 -0.023243 0.036308 0.000287 
0.026870 -0.009559 -0.019320 -0.020978 
0.021964 -0.011772 -0.023469 0.008379 
-0.011532 -0.010946 0.008012 -0.013733 
-0.032481 0.004974 -0.024841 0.021510 
0.013840 0.006229 -0.001102 0.015137 
0.016186 -0.002331 0.004781 0.015639 
0.020162 -0.007842 -0.011090 0.018575 
0.009459 0.012005 -0.008253 0.012864 
0.018521 0.010453 -0.020702 0.004870 
-0.007290 -0.016584 0.017571 -0.004410 
-0.007577 0.010060 -0.012549 0.001067 
0.015416 0.004783 -0.001783 0.016043 
0.001727 -0.017783 0.017445 0.003855 
0.020063 -0.005846 -0.009275 0.018727 
0.019755 -0.025783 -0.001260 -0.032457 
-0.029430 -0.037994 -0.040086 -0.026510 
0.000096 -0.034470 0.000551 -0.034466 
-0.018418 -0.040911 -0.032760 0.030654 
-0.002668 -0.026675 -0.014400 0.022613 
0.023232 -0.019524 -0.015377 -0.026162 
0.022715 -0.021456 -0.009105 -0.029891 
0.000165 0.021845 -0.012699 -0.017775 
0.007480 -0.003587 0.008267 -0.000684 
0.005353 -0.006230 0.007195 -0.003963 
0.000605 -0.008162 0.003404 -0.007443 
0.013833 0.010503 -0.010882 0.013537 
-0.021860 -0.015068 0.009689 0.024719 
-0.016482 -0.007312 0.009724 -0.015185 
-0.007298 0.012640 -0.014547 -0.001191 
0.009888 -0.000761 0.008954 0.004263 
-0.004260 0.016423 -0.016600 -0.003510 
0.002870 -0.001563 0.002954 -0.001398 
0.014739 0.004794 -0.000257 0.015497 
-0.026258 0.013080 0.016911 0.023970 
0.010212 -0.023047 -0.015109 0.020178 
-0.016523 -0.035398 0.038251 -0.007930 
0.007362 -0.033472 0.005370 -0.033849 
-0.028648 0.038275 -0.008940 0.046966 
-0.005437 0.032961 0.006836 0.032700 
0.014387 -0.023416 -0.027136 0.004353 
0.013620 0.021930 -0.004266 -0.025460 
0.011893 0.008114 -0.001814 0.014283 
0.027355 -0.020517 0.025458 -0.022828 
-0.020637 -0.013573 0.019313 0.015398 
0.012659 0.005827 0.001534 0.013851 
0.023477 -0.023508 0.011404 -0.031204 
0.034149 -0.007243 0.034888 -0.001211 
-0.015017 -0.042861 -0.041774 0.017818 
-0.022050 -0.011167 0.020884 0.013219 
0.009835 -0.007216 0.012051 0.001890 
0.004200 -0.000775 0.004255 -0.000366 
-0.007186 0.017109 -0.014754 -0.011256 
0.010668 0.023293 -0.002381 -0.025508 
0.009257 -0.007345 0.011789 0.000817 
-0.023598 -0.036406 0.001117 0.043371 
-0.027284 -0.017894 -0.032567 0.001998 
0.017214 0.000630 -0.000656 0.017213 
-0.017070 -0.009623 0.016244 -0.010960 
-0.002760 0.013975 -0.013606 0.004218 
-0.019743 -0.017057 0.009987 0.024103 
-0.023235 0.034139 0.008574 -0.040395 
0.015254 -0.005427 0.008094 0.014022 
-0.029702 -0.006849 -0.012915 0.027610 
-0.028420 -0.010497 -0.014662 0.026512 
-0.012985 -0.005041 -0.002389 -0.013723 
0.024058 -0.016790 -0.020233 -0.021244 
0.008876 -0.018909 0.007953 0.019315 
-0.009077 -0.046251 -0.039361 -0.025928 
0.023737 0.008517 -0.021191 -0.013671 
-0.034101 0.006229 -0.034504 0.003333 
0.019146 -0.000467 -0.006537 0.018001 
-0.017935 -0.049988 0.047493 0.023768 
-0.040560 0.011441 0.040400 -0.011994 
-0.003536 -0.034639 0.001376 -0.034792 
0.007259 0.025764 0.009940 -0.024853 
-0.000166 -0.030447 -0.029873 -0.005886 
0.007823 -0.006096 0.009820 -0.001391 
-0.004975 -0.010595 0.003313 -0.011226 
-0.007590 0.011493 -0.013771 -0.000249 
0.005028 -0.032486 -0.012900 -0.030236 
-0.006689 0.022178 -0.000121 -0.023164 
-0.013900 0.012147 -0.008577 -0.016347 
0.002935 0.000269 0.002919 0.000403 
0.027729 -0.004137 -0.017962 -0.021527 
-0.023253 -0.022567 -0.032361 -0.001653 
-0.005743 -0.009194 0.000698 -0.010818 
-0.015317 -0.003625 -0.000404 -0.015735 
-0.020221 0.007662 0.011208 -0.018493 
0.010730 0.011267 -0.007755 0.013488 
0.003367 -0.005327 0.004405 -0.004507 
0.003806 -0.010426 0.009356 -0.005971 
-0.033573 -0.018456 0.015851 -0.034879 
0.001759 -0.004983 0.002474 -0.004669 
-0.021363 -0.022348 -0.028349 0.012336 
-0.004628 -0.007064 -0.001695 -0.008273 
-0.002551 -0.008789 0.001470 -0.009033 
0.003817 -0.000427 0.003839 -0.000127 
0.001245 -0.041417 0.012126 0.039621 
-0.001858 0.023253 -0.004142 -0.022956 
0.009023 -0.036412 0.037069 -0.005758 
-0.003696 0.000081 -0.003692 -0.000186 
0.009380 -0.003032 0.009657 0.001981 
-0.050462 -0.005332 -0.019202 -0.046969 
-0.017613 0.022994 0.026826 0.010922 
-0.029278 -0.002789 0.000996 0.029394 
-0.002944 0.002080 -0.003080 0.001872 
-0.022426 0.034505 0.005147 -0.040829 
0.013825 0.009263 -0.007788 0.014707 
0.000121 -0.024555 -0.001435 0.024513 
-0.033783 -0.003074 -0.033770 0.003209 
-0.022407 0.024446 -0.009355 0.031815 
-0.017423 -0.014085 0.021966 0.004410 
-0.009192 0.007303 -0.011720 -0.000693 
-0.018478 -0.024879 -0.029932 0.008030 
-0.024222 0.017670 0.016411 0.025092 
0.009920 -0.036385 0.037663 -0.001935 
-0.029333 -0.015489 -0.033153 -0.001110 
-0.046515 0.024245 -0.001966 -0.052418 
-0.001644 -0.006963 0.000282 -0.007149 
-0.017074 0.035606 -0.025885 -0.029821 
0.002941 0.022623 -0.011196 -0.019877 
0.001563 -0.019972 0.016141 0.011866 
0.011594 0.025769 0.017474 -0.022206 
-0.006831 0.023104 0.005297 -0.023503 
0.003715 -0.004124 0.004336 -0.003465 
-0.019306 0.008578 0.007761 -0.019649 
0.028184 -0.038646 0.008905 -0.046996 
-0.012875 -0.027204 -0.028225 0.010447 
0.019995 -0.020192 -0.026721 -0.009669 
-0.016046 -0.043245 -0.045989 0.003546 
0.004026 -0.028143 -0.027264 0.008058 
0.027143 -0.012364 -0.012323 -0.027161 
0.024355 -0.013286 -0.025128 -0.011759 
0.008347 -0.008733 0.012074 -0.000418 
0.001121 -0.006732 0.002731 -0.006254 
0.000281 -0.012671 0.009714 -0.008140 
0.013346 0.001137 0.006830 0.011522 
0.004868 -0.037177 0.036093 -0.010155 
-0.031127 0.044296 0.022870 -0.049072 
-0.026374 0.015817 0.007341 0.029864 
-0.018471 -0.028318 -0.024346 -0.023460 
-0.017231 -0.017893 0.014802 0.019949 
0.006194 0.018572 -0.019391 -0.002700 
-0.010052 0.013548 -0.014152 -0.009182 
0.004739 0.022499 -0.011977 -0.019627 
-0.046310 -0.036962 -0.053913 -0.024580 
-0.009095 -0.010037 0.003167 -0.013169 
-0.014736 0.009894 -0.008396 -0.015637 
0.030123 0.042612 -0.049496 0.016532 
0.048093 -0.020328 0.004753 0.051996 
0.004350 0.026783 0.015297 -0.022412 
-0.014966 0.021792 0.024276 -0.010468 
-0.025054 -0.019466 -0.030416 0.009028 
0.017690 0.048942 -0.051580 0.006909 
-0.032902 0.024071 0.012868 -0.038683 
-0.001669 -0.005302 -0.000782 -0.005503 
0.002357 0.030259 0.030225 0.002758 
0.011706 0.031063 0.023914 0.023024 
-0.018700 -0.011605 0.022004 -0.000428 
0.010437 -0.013311 0.013861 0.009694 
-0.017728 -0.028696 -0.024381 -0.023308 
0.000840 0.006091 -0.000389 0.006136 
0.001060 0.003738 0.000758 0.003811 
-0.006649 -0.014319 0.012229 -0.009985 
-0.014042 0.013234 -0.006685 -0.018100 
0.005659 -0.011616 0.012572 -0.002981 
-0.018572 0.007008 0.003090 -0.019608 
-0.030731 0.013909 -0.026258 0.021175 
0.032818 0.030637 0.018981 -0.040686 
-0.022166 -0.001432 0.019879 -0.009912 
0.022277 -0.005375 -0.018969 0.012857 
0.016035 0.007047 -0.007917 0.015624 
0.031728 -0.005198 0.018228 -0.026485 
-0.010419 -0.030473 -0.028943 -0.014123 
-0.008939 0.002035 -0.008944 -0.002014 
-0.004992 0.014215 -0.015059 0.000457 
-0.001678 0.023411 -0.003528 -0.023205 
-0.006987 0.005499 -0.008620 0.002181 
-0.025719 0.007414 0.024915 0.009780 
0.007339 0.007276 0.002293 0.010077 
0.006658 -0.034720 0.017845 -0.030519 
-0.027279 0.026058 -0.033185 -0.017942 
-0.013638 0.004599 -0.010308 -0.010044 
-0.003467 -0.014328 0.011675 -0.009000 
0.021526 -0.003000 -0.015498 0.015238 
0.014510 -0.016963 -0.004576 0.021848 
-0.022592 -0.011669 0.018408 0.017541 
-0.001734 0.011384 -0.008680 0.007567 
0.026521 0.007602 -0.010740 -0.025413 
0.000328 -0.013754 0.011771 -0.007120 
0.022850 -0.017836 -0.023109 -0.017499 
-0.005962 0.016518 -0.016107 -0.006996 
-0.005876 -0.004507 -0.004338 -0.006002 
-0.011958 -0.018744 0.019714 0.010281 
-0.004608 -0.013515 0.009752 -0.010430 
0.008298 0.017868 -0.019675 -0.001005 
0.013327 -0.004999 0.010750 0.009329 
0.032656 -0.018630 0.029028 0.023893 
-0.031597 0.013474 -0.031167 0.014441 
0.001928 -0.013947 0.013059 -0.005261 
-0.014922 0.005044 -0.008658 -0.013159 
-0.010856 -0.005058 -0.004383 -0.011146 
-0.002710 -0.000437 -0.002690 -0.000545 
-0.029282 0.011389 -0.004623 0.031077 
0.026197 0.030919 -0.040097 -0.005878 
0.019692 0.022297 0.021833 -0.020205 
-0.023711 -0.012243 0.011905 0.023882 
-0.000883 -0.013335 0.010304 -0.008512 
0.035647 0.001127 0.031492 0.016741 
-0.006009 -0.013761 0.010594 -0.010642 
-0.001914 0.019203 -0.016918 -0.009285 
-0.008682 0.000792 -0.008298 -0.002674 
-0.006479 0.018075 -0.014346 -0.012763 
0.017876 -0.030818 0.029355 -0.020188 
-0.046131 0.014915 -0.044199 0.019925 
-0.010071 0.010875 -0.013972 -0.004948 
0.034322 -0.014338 0.029554 0.022586 
0.020695 -0.007161 -0.013030 0.017600 
0.012128 0.020199 -0.015903 -0.017383 
0.031009 0.022928 -0.023755 0.030380 
-0.015852 0.005859 -0.006758 -0.015490 
0.003771 0.004367 0.002946 0.004961 
0.011805 -0.003943 0.010932 0.005950 
-0.007395 0.036179 -0.033618 0.015280 
0.003711 -0.037440 0.036413 -0.009465 
0.007193 -0.006725 0.009569 -0.002321 
0.033477 0.015310 0.008913 0.035716 
-0.003000 0.016204 -0.016457 -0.000845 
-0.028540 0.020103 -0.031596 0.014844 
0.049503 -0.030395 0.003002 -0.058012 
0.011381 -0.028842 -0.022520 -0.021313 
0.019946 -0.021876 -0.023190 -0.018401 
-0.021637 0.053472 0.042687 0.038797 
-0.043633 0.001292 0.034942 0.026164 
-0.037724 0.021513 0.043372 0.002190 
0.016665 0.034332 -0.031743 0.021184 
-0.017128 0.012842 0.004552 -0.020918 
-0.018324 -0.000735 0.004563 -0.017762 
-0.019345 0.016621 0.023448 -0.010036 
-0.024462 0.019869 0.004135 0.031243 
-0.010965 -0.005898 -0.003152 -0.012045 
0.023458 0.001005 -0.023111 0.004146 
0.001573 -0.021579 0.012007 0.017998 
-0.030236 0.008658 -0.007794 0.030470 
-0.031961 0.019365 -0.031416 -0.020237 
-0.022139 0.031020 -0.034112 -0.016993 
-0.019545 -0.001420 0.010020 -0.016841 
-0.003764 -0.005891 -0.002130 -0.006658 
-0.020213 0.039444 0.044041 -0.004979 
0.023347 0.003887 -0.023668 0.000194 
0.040963 -0.004076 -0.035213 0.021321 
-0.011617 -0.050692 0.051982 -0.001592 
0.032363 -0.022226 0.011158 0.037641 
0.006855 -0.024509 -0.013590 0.021518 
-0.002756 -0.004872 -0.001913 -0.005260 
-0.013229 0.013178 -0.009062 -0.016326 
-0.010179 0.011508 -0.014126 -0.006041 
0.029992 0.012351 0.030814 -0.010128 
-0.042692 0.006297 0.041265 0.012627 
-0.002274 -0.016562 0.016291 -0.003751 
0.015484 -0.019143 -0.016798 0.018001 
-0.002254 0.025067 0.007552 -0.024009 
0.041058 -0.017598 -0.032867 -0.030252 
-0.020073 0.018239 0.027117 0.000507 
-0.015138 -0.021684 0.001195 0.026418 
0.042456 0.016116 0.013213 -0.043448 
-0.013782 0.004137 -0.009967 -0.010378 
-0.034935 -0.018846 0.033184 -0.021781 
0.012813 -0.029523 -0.012094 -0.029825 
-0.047406 0.016533 -0.045095 -0.022070 
0.000178 -0.028893 -0.027750 0.008051 
-0.005257 -0.007305 -0.001740 -0.008830 
-0.031199 0.007335 -0.015352 0.028133 
0.027753 -0.007363 -0.016286 -0.023648 
0.010109 -0.005314 0.011176 0.002348 
-0.002431 0.020480 -0.014351 -0.014811 
-0.013695 -0.020417 0.012421 0.021217 
-0.021845 -0.025522 -0.028462 -0.017847 
-0.040916 0.032712 -0.013993 -0.050481 
0.004905 -0.008303 0.008249 -0.004994 
0.032366 0.028392 -0.018842 -0.038712 
0.004899 0.005095 0.003396 0.006199 
0.013106 0.024522 0.012450 -0.024862 
0.015424 -0.010837 0.005577 0.018006 
-0.008058 -0.013813 0.011769 -0.010827 
-0.003476 0.037753 -0.037511 0.005504 
0.001569 0.000517 0.001562 0.000540 
0.018161 -0.034092 0.033089 0.019930 
-0.004264 -0.027564 -0.020531 0.018879 
-0.011221 -0.002234 -0.007200 -0.008891 
0.030969 -0.004630 0.010295 -0.029573 
0.028890 -0.030871 -0.030338 0.029449 
0.011909 0.013326 -0.014674 0.010202 
-0.016041 0.015320 0.006003 -0.021354 
0.022857 -0.027518 0.033223 -0.013263 
0.011330 -0.018644 0.001599 0.021758 
-0.016818 -0.037767 0.029280 0.029186 
-0.018452 0.026034 0.008539 0.030746 
0.000509 0.020800 -0.015931 -0.013382 
-0.012926 -0.019401 0.017507 0.015394 
-0.040688 -0.025557 -0.046804 -0.010864 
0.008862 0.019076 -0.019839 -0.006991 
0.030037 0.031588 -0.005090 -0.043291 
-0.009017 0.018107 -0.009900 -0.017639 
0.010042 -0.009361 0.013307 0.003374 
-0.007464 0.040112 -0.016622 -0.037261 
0.032306 -0.001830 0.022739 -0.023021 
-0.010276 -0.017279 0.020092 0.000690 
-0.012122 0.000821 -0.009178 -0.007962 
-0.016209 -0.002012 -0.000550 -0.016324 
0.002255 -0.013884 0.013157 -0.004973 
-0.017537 0.020063 0.025936 -0.006115 
0.007632 -0.050722 0.051239 -0.002363 
-0.033392 -0.017081 0.002758 -0.037406 
0.010191 -0.026962 -0.028786 -0.001482 
0.005888 -0.032930 -0.005866 -0.032934 
-0.034572 0.030961 0.014293 0.044153 
-0.043339 0.019940 -0.028227 0.038460 
-0.007017 -0.022409 0.011730 0.020343 
-0.003202 -0.022653 0.011136 0.019985 
-0.023527 0.025593 -0.026441 0.022570 
0.010661 0.033940 -0.004220 0.035324 
0.015089 0.033776 -0.019279 0.031572 
-0.002485 0.040533 -0.023762 -0.032931 
-0.033589 0.037805 -0.050067 -0.007126 
0.001996 -0.014199 0.013510 -0.004804 
0.046095 -0.008220 0.020149 -0.042265 
0.037021 -0.019557 -0.034036 0.024383 
0.008362 0.036955 -0.033789 0.017142 
-0.000683 -0.025162 -0.004720 0.024725 
0.007074 0.028125 0.025421 -0.013958 
-0.000259 -0.003971 0.000075 -0.003979 
-0.021177 0.024741 -0.001463 0.032534 
0.004954 -0.018837 0.014939 0.012498 
-0.019549 -0.003135 0.012224 -0.015575 
-0.008168 -0.011065 0.004928 -0.012840 
-0.023561 0.018004 0.019234 0.022568 
-0.016976 -0.005407 0.007258 -0.016271 
-0.021451 -0.007414 0.022624 -0.001799 
0.010882 0.044989 0.045954 0.005540 
0.028808 0.039591 0.023112 0.043165 
-0.025552 0.020915 -0.012230 0.030672 
-0.012379 -0.022850 0.001544 0.025942 
-0.025627 0.015552 0.014269 0.026363 
0.019784 -0.026180 0.002291 -0.032734 
-0.017113 0.037686 0.003266 -0.041260 
0.003469 0.033159 0.015909 0.029299 
-0.005831 -0.008517 -0.000370 -0.010315 
0.019135 0.009456 -0.020579 0.005664 
0.033117 -0.011881 0.035101 -0.002399 
0.026530 -0.022416 0.028810 -0.019398 
0.007720 0.010614 -0.003678 0.012599 
0.016160 0.005391 -0.004854 0.016329 
0.031946 -0.003558 0.019493 -0.025558 
-0.016792 -0.059337 0.052729 -0.031976 
0.011744 0.019292 -0.018825 -0.012478 
0.014503 0.023825 0.011732 -0.025305 
-0.013023 0.003248 -0.010177 -0.008750 
-0.017570 -0.025932 -0.031139 0.003395 
-0.015562 0.028001 0.010616 0.030225 
-0.016889 -0.033980 0.029382 -0.024013 
0.018100 -0.007014 -0.001090 0.019381 
0.015777 -0.011479 0.003543 0.019186 
0.011207 -0.007066 0.012363 0.004760 
-0.042307 0.002009 0.042330 0.001420 
-0.016316 -0.018260 0.015649 0.018835 
-0.014800 -0.014376 0.020497 -0.002365 
0.023908 0.011538 -0.013383 -0.022927 
-0.044531 -0.026325 0.028210 -0.043361 
-0.018932 -0.004317 0.011773 -0.015442 
-0.017884 -0.015345 0.020565 0.011506 
0.013947 0.052784 -0.009332 -0.053792 
-0.023864 0.011439 0.026266 0.003232 
0.000961 -0.006240 0.002248 -0.005900 
-0.021527 0.000679 0.016260 -0.014123 
0.017967 0.005491 -0.010550 0.015546 
0.009622 0.006092 0.003573 0.010813 
-0.004640 0.011773 -0.011902 0.004300 
-0.017241 0.005550 -0.002595 -0.017926 
0.036376 0.010890 -0.002928 0.037858 
-0.004696 -0.009383 0.001249 -0.010418 
0.025764 0.007951 -0.014337 -0.022836 
-0.001369 0.015023 -0.014522 0.004083 
-0.004129 0.002675 -0.004437 0.002125 
-0.012146 0.019427 0.004525 -0.022460 
-0.017281 0.025570 0.018474 0.024722 
0.000097 0.018745 -0.017984 -0.005288 
-0.023717 0.002407 0.023203 -0.005469 
0.013130 -0.011840 0.010675 0.014093 
0.010344 0.006864 0.002080 0.012239 
0.018487 -0.022223 -0.026518 -0.011507 
-0.022803 0.026675 -0.028548 0.020410 
0.007814 -0.014907 0.015415 0.006756 
-0.046060 0.015169 -0.044212 0.019922 
-0.020537 -0.016456 0.009445 0.024563 
-0.030155 -0.015404 -0.032680 -0.008868 
0.004740 -0.001304 0.004868 -0.000688 
0.016329 -0.016676 -0.011595 0.020256 
-0.013439 -0.010211 0.009369 -0.014039 
-0.004695 0.021375 -0.008268 -0.020263 
-0.009496 0.004328 -0.010319 -0.001553 
0.018922 0.006617 -0.015638 0.012541 
0.004661 0.005995 0.002642 0.007119 
0.005373 -0.016987 0.016285 0.007226 
0.000818 -0.006000 0.001962 -0.005729 
-0.015037 -0.029999 -0.023620 -0.023836 
0.026169 0.036095 0.020608 -0.039535 
-0.027534 0.002011 0.018752 0.020261 
0.000463 -0.022461 0.009699 0.020265 
-0.021111 -0.018639 -0.005960 0.027523 
0.027791 0.016873 0.032211 -0.004417 
0.002130 0.018174 -0.018230 -0.001587 
0.027989 -0.014363 0.001813 -0.031407 
0.006014 -0.007852 0.009114 -0.003841 
-0.030716 0.041273 -0.044430 -0.025939 
0.003824 -0.014094 0.014378 -0.002554 
-0.024197 -0.037574 -0.024736 0.037221 
-0.006504 0.011813 -0.013412 0.001399 
0.001845 0.029005 0.027767 -0.008584 
0.002178 -0.051534 0.051579 0.000142 
-0.024414 0.016031 0.020401 0.020900 
0.000195 -0.014991 0.013995 -0.005377 
-0.040525 -0.011814 0.040318 0.012499 
-0.009889 -0.035459 0.021554 -0.029842 
-0.029099 -0.037168 -0.046692 -0.006933 
-0.044838 0.010118 0.001002 0.045954 
-0.045429 0.008212 -0.005482 0.045839 
0.006018 -0.016210 0.016127 0.006238 
-0.004729 -0.022289 0.012860 0.018809 
-0.008112 -0.028775 -0.028962 0.007419 
0.013220 -0.023271 -0.024651 0.010423 
-0.006236 0.039515 -0.028366 -0.028208 
0.027552 -0.029570 0.000770 0.040409 
0.023366 -0.024236 0.015833 -0.029710 
-0.015953 0.005567 -0.006483 -0.015603 
0.010859 -0.008905 0.013152 0.004925 
-0.023372 0.007211 0.023568 -0.006542 
0.006284 0.012282 -0.007041 0.011864 
0.003444 0.008101 -0.000076 0.008802 
0.016793 -0.018167 -0.018548 0.016370 
0.000236 -0.002294 0.000301 -0.002287 
-0.016201 -0.004292 0.002945 -0.016499 
-0.016904 0.005381 -0.003723 -0.017345 
0.017367 0.027881 0.029608 0.014225 
-0.002652 -0.040164 0.031667 0.024847 
-0.040915 0.025073 -0.029286 0.038013 
0.003069 -0.034082 0.000408 -0.034218 
0.018314 0.005187 -0.011138 0.015436 
0.032467 -0.015687 0.035618 0.005614 
-0.007896 -0.046654 -0.036169 -0.030508 
0.020270 0.001467 -0.012936 0.015674 
-0.008309 -0.007490 -0.001937 -0.011018 
0.013134 0.001841 0.006352 0.011642 
-0.006532 -0.029304 -0.029663 0.004641 
-0.025746 -0.010457 0.006459 0.027028 
-0.002224 0.031721 0.023995 0.020866 
-0.025603 0.000222 0.024276 0.008140 
-0.042532 -0.002746 0.041127 0.011185 
-0.040438 0.015358 0.042907 0.005489 
-0.008302 -0.048580 0.006648 -0.048834 
-0.005538 0.031583 0.019694 0.025304 
0.001471 0.002011 0.001404 0.002058 
0.030064 -0.020250 0.036113 0.003126 
-0.032609 -0.009828 -0.033644 -0.005293 
0.015344 0.009489 -0.011731 0.013707 
0.026772 -0.031248 -0.010407 0.039810 
0.015708 -0.009213 0.006142 0.017143 
0.001118 0.004128 0.000713 0.004217 
-0.020925 -0.000284 0.014467 -0.015120 
-0.004796 0.032882 0.009411 0.031869 
0.002985 0.001571 0.002885 0.001748 
-0.004919 -0.008042 -0.000735 -0.009399 
-0.001448 0.024672 0.003781 -0.024423 
-0.001482 -0.007534 0.000905 -0.007625 
0.002105 0.019272 -0.018451 -0.005949 
-0.004108 -0.021428 0.015781 0.015066 
0.015269 -0.022074 -0.025722 0.007669 
-0.012015 -0.024261 -0.007550 0.025999 
-0.001275 0.010488 -0.006906 0.007995 
0.000641 -0.006272 0.001938 -0.005999 
0.013917 -0.021053 -0.018407 0.017265 
0.002675 0.013467 -0.009878 0.009537 
-0.000778 -0.022313 0.011384 0.019206 
0.018113 -0.024974 -0.017728 -0.025249 
-0.022046 -0.015909 0.004616 0.026792 
0.005654 0.026954 0.017123 -0.021571 
0.014398 -0.036015 0.034072 0.018534 
-0.021518 -0.025511 -0.029461 -0.015680 
0.005604 -0.019860 0.011822 0.016914 
-0.012730 0.014173 -0.008908 -0.016840 
-0.026257 0.018422 -0.004072 0.031815 
-0.014929 0.022120 0.025116 -0.009020 
-0.012004 -0.008633 0.003101 -0.014458 
-0.026186 0.011812 0.019861 0.020755 
0.003574 0.001635 0.003428 0.001922 
0.015586 -0.000865 0.005133 0.014742 
-0.021827 -0.010412 0.022251 0.009470 
0.019425 0.030717 -0.005508 0.035924 
0.016047 0.023552 0.015240 -0.024082 
0.022936 0.018964 0.018522 -0.023294 
0.026908 -0.024883 0.036508 0.003224 
0.025792 -0.014369 -0.016707 -0.024343 
0.032751 -0.004094 0.026573 -0.019577 
0.031404 -0.005124 0.015004 -0.028060 
0.008485 0.016976 -0.018828 0.002380 
-0.007858 0.008773 -0.011713 0.001238 
-0.006576 0.004123 -0.007538 0.001850 
-0.006152 0.028570 0.029215 0.000743 
0.006430 -0.011051 0.012584 -0.002260 
-0.012004 0.022529 0.018330 -0.017767 
0.039448 -0.013494 -0.035683 0.021563 
-0.014645 -0.004248 -0.000858 -0.015225 
0.006965 -0.009787 0.011801 -0.002241 
-0.036194 -0.011821 0.005460 -0.037682 
0.018264 -0.006761 -0.001645 0.019406 
0.019421 0.011770 -0.022500 -0.003078 
0.022336 -0.039002 -0.043775 -0.010186 
-0.004329 0.014078 -0.014618 0.001806 
-0.022756 -0.010985 0.019462 0.016116 
-0.033459 0.008115 -0.033444 0.008178 
0.017109 0.052380 0.003633 -0.054983 
0.043631 -0.021199 0.041361 -0.025345 
-0.003426 0.017566 -0.016994 -0.005612 
-0.016467 0.006196 -0.005036 -0.016858 
-0.013595 0.010941 -0.010347 -0.014053 
0.025087 0.011017 -0.008630 -0.026005 
-0.031831 -0.048240 -0.057038 0.009323 
0.012937 0.027825 0.030303 -0.004831 
0.040033 -0.009406 -0.031600 0.026316 
0.024370 -0.015504 -0.021854 -0.018886 
-0.031244 0.014214 -0.030655 0.015443 
-0.023774 0.031196 -0.022841 -0.031886 
-0.003385 0.006447 -0.005040 0.005256 
0.017743 0.009565 -0.017745 0.009561 
-0.027897 0.024020 -0.036170 -0.006851 
-0.007170 0.001752 -0.007372 -0.000362 
-0.000166 0.014307 -0.012728 0.006535 
-0.021637 0.000353 0.016875 -0.013547 
0.020436 0.034807 -0.039127 -0.009911 
-0.000243 0.015546 -0.014968 0.004209 
0.003826 0.010396 -0.003248 0.010591 
-0.015289 -0.006116 0.004018 -0.015969 
-0.016745 0.035747 -0.026310 -0.029429 
-0.012172 0.009234 -0.012713 -0.008472 
-0.005885 -0.039173 0.037704 0.012147 
-0.007472 0.009584 -0.012056 0.001527 
0.039703 -0.020126 -0.036604 -0.025328 
0.003944 0.046146 0.044441 0.013037 
0.009988 0.044514 0.044818 -0.008520 
0.003954 0.053833 -0.018095 -0.050855 
-0.017256 0.021533 0.027594 -0.000054 
0.030294 0.001742 0.006748 -0.029585 
-0.009833 0.007289 -0.012091 -0.001901 
-0.022477 -0.025984 -0.023203 -0.025338 
-0.038008 0.004071 -0.008261 -0.037322 
-0.043415 0.013124 0.017184 0.041974 
-0.029278 -0.032462 0.001407 0.043693 
0.011776 -0.023881 -0.023402 0.012703 
-0.013128 -0.004598 -0.002881 -0.013609 
-0.019846 0.027809 -0.017021 0.029622 
0.004409 -0.024008 -0.004786 0.023936 
0.009283 0.006598 0.002988 0.010990 
-0.000439 0.005815 -0.001475 0.005642 
0.020707 0.034021 -0.039827 -0.000179 
-0.022345 -0.031900 0.035453 -0.016124 
-0.003248 -0.020392 0.017809 0.010452 
0.016650 -0.010918 0.001006 0.019885 
0.006901 -0.015362 0.015795 0.005842 
-0.008065 -0.015192 0.015166 -0.008113 
0.005269 0.050851 -0.047268 0.019477 
0.029017 0.001075 -0.005981 -0.028415 
-0.020779 -0.001843 0.015302 -0.014178 
0.010657 0.003899 0.005812 0.009747 
-0.006082 -0.020966 0.017081 0.013595 
-0.004423 0.052104 -0.047371 -0.022146 
0.032125 0.028497 -0.020518 -0.037724 
-0.020925 0.020206 0.024424 0.015798 
0.007876 -0.028272 -0.029125 -0.003618 
-0.013195 -0.006464 0.000423 -0.014688 
-0.001220 -0.023142 0.007915 0.021780 
-0.007401 -0.026857 -0.017989 0.021272 
-0.005400 -0.002910 -0.004716 -0.003922 
0.024491 0.030505 -0.035704 0.015988 
-0.011408 0.000381 -0.009038 -0.006972 
0.024484 -0.012892 -0.025141 -0.011557 
-0.043088 -0.014519 -0.012770 0.043639 
0.004577 0.051673 -0.051845 -0.001781 
-0.003177 0.019238 -0.016010 -0.011130 
-0.005013 -0.023305 0.008001 0.022455 
-0.002087 0.023439 -0.002783 -0.023367 
0.005232 -0.003631 0.005886 -0.002431 
0.012455 -0.007819 0.012258 0.008125 
-0.012966 -0.052447 0.025129 0.047826 
-0.020583 0.011760 0.018391 -0.014958 
0.023650 0.020920 0.030379 -0.008606 
0.002993 -0.016989 0.016970 0.003096 
0.006018 0.018890 -0.019416 -0.004008 
-0.016544 -0.024484 -0.022984 0.018572 
-0.042335 0.018371 0.005499 0.045820 
-0.015149 0.029124 0.003046 0.032686 
-0.004015 -0.005141 -0.002764 -0.005908 
-0.021994 -0.025165 -0.029515 -0.015680 
-0.002029 -0.028220 -0.024232 0.014605 
-0.049706 -0.000711 -0.042567 -0.025677 
0.018306 0.000231 -0.003955 0.017875 
0.034643 -0.036135 0.049836 -0.004716 
-0.033536 -0.016701 0.001706 -0.037425 
-0.022852 -0.029386 0.014452 -0.034305 
0.012551 0.016882 -0.020845 -0.002828 
0.009521 0.002690 0.006935 0.007056 
0.009719 0.021486 -0.013695 -0.019197 
-0.001369 -0.024517 0.000056 0.024555 
0.012580 -0.012067 0.011563 0.013044 
0.022213 -0.002238 -0.018414 0.012623 
-0.016286 -0.002972 0.001025 -0.016523 
0.001831 -0.005154 0.002622 -0.004800 
0.005958 -0.006292 0.007931 -0.003492 
-0.025065 -0.002937 0.023708 0.008649 
0.039161 0.008717 -0.031285 0.025117 
0.014460 0.002852 0.003289 0.014367 
-0.000899 -0.008224 0.002077 -0.008008 
0.010039 -0.021745 -0.007776 0.022653 
-0.035166 -0.002121 -0.033048 -0.012206 
-0.020909 0.017783 0.027157 0.003993 
-0.004815 -0.003456 -0.004092 -0.004287 
-0.032665 0.027621 0.038882 -0.017835 
0.041476 -0.028910 0.047145 0.018260 
0.019671 -0.035061 0.013755 0.037776 
-0.008125 0.017192 -0.013429 -0.013463 
0.006900 0.026100 0.012033 -0.024167 
-0.016453 -0.003175 0.001801 -0.016660 
-0.001500 -0.018113 0.018090 0.001761 
-0.007280 0.000458 -0.007120 -0.001586 
0.012231 0.010103 -0.006946 0.014263 
0.026668 -0.015948 -0.004185 -0.030790 
-0.001848 -0.027433 -0.019671 0.019211 
-0.009685 -0.018154 0.020234 0.003737 
-0.008101 0.018921 -0.009727 -0.018139 
0.007999 -0.034323 0.017736 -0.030455 
-0.009735 -0.041362 0.003738 0.042328 
0.002603 0.021727 -0.014485 -0.016402 
-0.011272 -0.015490 0.018537 -0.004835 
0.027899 0.061429 0.066878 0.008901 
-0.015625 -0.039200 0.015178 0.039375 
-0.007589 -0.023796 0.003599 0.024716 
-0.026870 0.023164 -0.033615 0.011342 
-0.031246 -0.010246 -0.031968 0.007705 
-0.025041 0.003322 0.025114 0.002717 
-0.029168 -0.001282 0.004405 0.028862 
0.003739 -0.006556 0.005519 -0.005148 
0.023552 -0.026691 0.032550 -0.014408 
-0.038974 0.001374 0.006589 -0.038437 
0.010522 0.018911 -0.019906 -0.008492 
-0.018504 0.002032 0.002895 -0.018389 
-0.003306 0.032808 0.013479 0.030094 
0.038003 0.002282 0.004309 0.037827 
-0.062300 -0.008006 0.036202 -0.051331 
0.000748 0.015381 -0.014397 0.005464 
0.032263 0.033818 0.045971 -0.008441 
-0.017272 0.005123 -0.002502 -0.017841 
-0.018492 -0.011820 0.021943 -0.000448 
-0.007501 0.010533 -0.012903 0.000852 
-0.007199 0.020967 -0.004550 -0.021696 
0.044323 -0.026439 0.027463 0.043695 
0.000457 0.027867 0.022801 -0.016028 
0.006258 -0.031822 -0.015986 -0.028218 
-0.004852 0.011277 -0.011464 0.004392 
-0.005111 0.000482 -0.005128 -0.000234 
-0.009324 0.013932 -0.014645 -0.008157 
0.034499 0.004716 0.033489 0.009534 
-0.024527 -0.059502 0.027010 0.058417 
0.030978 0.026793 -0.040315 -0.007228 
0.035165 0.026843 0.001197 -0.044223 
0.050743 -0.006970 0.018613 0.047718 
0.006707 -0.025210 -0.017289 0.019535 
-0.038806 -0.015790 0.040459 0.010876 
0.000193 -0.029823 -0.029823 -0.000220 
-0.008735 -0.004435 -0.005470 -0.008127 
0.005153 -0.004733 0.006195 -0.003252 
-0.012611 -0.012039 0.012532 -0.012120 
-0.007580 0.010059 -0.012550 0.001062 
0.011727 -0.019696 -0.004100 0.022553 
-0.012028 0.000954 -0.009288 -0.007701 
0.007481 -0.023442 -0.009032 0.022889 
-0.030044 0.033099 0.042291 0.014480 
0.002159 -0.012096 0.010182 -0.006879 
0.004909 0.044276 0.037003 -0.024803 
0.023060 -0.041398 -0.007495 -0.046791 
0.023942 -0.014185 -0.025326 -0.011534 
0.025548 0.027877 -0.019809 0.032209 
0.029673 0.012082 0.028745 -0.014149 
0.012607 -0.032775 0.020365 -0.028609 
0.029892 0.002771 0.004654 -0.029658 
-0.012958 0.012826 -0.010137 -0.015155 
0.024239 -0.016552 -0.019929 -0.021549 
-0.021252 0.050352 0.027120 -0.047449 
0.026489 -0.004158 -0.023370 -0.013146 
0.034656 -0.021210 -0.013745 0.038236 
0.011402 -0.007524 0.012553 0.005391 
-0.020847 0.050811 0.033884 -0.043223 
0.031025 -0.006400 0.012388 -0.029156 
0.006141 -0.012572 0.013948 -0.001104 
0.013209 -0.002889 0.009861 0.009251 
0.014882 0.013099 -0.018710 0.006556 
0.031057 -0.009147 0.017082 -0.027503 
0.003442 0.000165 0.003425 0.000381 
-0.034030 0.011067 -0.035154 -0.006687 
0.002430 0.021471 -0.015200 -0.015358 
0.013655 0.015972 -0.020973 -0.001295 
0.015903 -0.034125 0.037486 0.003501 
0.030948 -0.010373 0.018683 -0.026763 
-0.016918 0.024969 0.023002 0.019508 
-0.032167 -0.024602 0.040362 -0.003299 
-0.021996 0.036118 0.023831 -0.034935 
-0.014262 0.009185 -0.009830 -0.013825 
0.027274 -0.020948 0.026933 -0.021385 
-0.010624 0.007302 -0.012395 -0.003544 
0.027131 0.029724 -0.040241 0.000467 
0.000229 0.003408 0.000018 0.003416 
-0.010123 -0.026499 -0.019491 0.020610 
0.005423 0.018732 -0.019244 -0.003158 
0.016552 0.000805 0.001108 0.016535 
-0.019143 0.003450 0.004922 -0.018818 
-0.010552 -0.007064 -0.001600 -0.012597 
-0.009695 0.032422 -0.002558 0.033744 
-0.023218 0.024265 -0.014813 0.030141 
0.014358 0.018978 -0.016877 -0.016778 
-0.005733 -0.000661 -0.005528 -0.001658 
0.000191 0.005300 -0.000598 0.005270 
0.008472 0.015046 -0.015124 0.008333 
-0.023146 0.008453 0.023720 -0.006675 
0.058869 -0.001249 0.051719 -0.028148 
0.011888 -0.001412 0.009594 0.007161 
-0.013444 0.013146 -0.008541 -0.016751 
0.021178 0.022530 0.028472 -0.012058 
0.006761 0.015788 -0.015734 0.006884 
0.024579 -0.007327 -0.025610 -0.001394 
-0.027260 -0.017892 -0.032530 0.002232 
-0.021303 -0.021888 -0.026185 0.015725 
-0.027011 0.026981 -0.030264 -0.023274 
-0.023499 -0.000401 0.023045 -0.004613 
0.003653 -0.009123 0.007652 -0.006165 
-0.013149 0.005532 -0.011091 -0.008971 
-0.001542 -0.017559 0.017625 -0.000213 
-0.024239 -0.008968 0.018868 0.017663 
0.001518 0.002181 0.001436 0.002236 
-0.010611 0.003342 -0.010448 -0.003821 
-0.025639 0.030296 -0.014557 -0.036923 
0.044538 -0.020042 0.045884 -0.016731 
0.026327 -0.026697 0.034903 0.013697 
0.004906 0.011682 -0.005546 0.011392 
-0.019538 -0.017957 0.006246 0.025791 
0.001382 -0.002045 0.001447 -0.001999 
0.010448 0.012556 -0.010769 0.012282 
0.031049 0.000497 0.012475 -0.028437 
-0.019415 0.000036 0.008002 -0.017690 
-0.005152 0.013301 -0.014156 0.001751 
0.003568 0.031056 0.029349 0.010762 
-0.009696 -0.025304 -0.010143 0.025128 
0.000635 -0.005618 0.001573 -0.005431 
-0.007125 -0.038775 0.038637 0.007840 
0.007633 0.010717 -0.003870 0.012576 
0.006110 -0.034753 0.016564 -0.031156 
-0.000791 0.030016 0.029901 0.002739 
0.005333 -0.001769 0.005553 -0.000856 
-0.013796 -0.013617 0.018062 -0.007038 
-0.031388 -0.003515 -0.019983 0.024458 
0.016895 -0.026981 -0.011024 -0.029865 
-0.040780 -0.006036 0.039705 -0.011089 
0.001505 0.052189 -0.050191 -0.014383 
-0.018909 0.019975 0.027465 0.001501 
0.003352 -0.006698 0.005167 -0.005422 
-0.004310 -0.021360 0.016000 0.014794 
-0.032943 0.014928 -0.035273 -0.007997 
0.027544 -0.012885 -0.007527 -0.029462 
-0.013127 0.009485 -0.011693 -0.011205 
-0.025488 -0.009582 0.011201 0.024819 
0.028799 0.015946 0.032898 -0.001161 
0.033288 -0.003676 0.030158 -0.014563 
-0.019705 0.014074 0.019208 -0.014745 
-0.019102 0.012511 0.013126 -0.018685 
-0.021252 0.024215 0.002005 0.032156 
0.013624 -0.019735 -0.011705 0.020930 
-0.046545 -0.002603 -0.025393 0.039094 
-0.036411 0.021360 0.036791 -0.020699 
0.015614 -0.021846 -0.025872 0.007189 
0.002714 0.011851 -0.006439 0.010313 
-0.021988 -0.003359 0.020752 -0.008007 
0.007343 -0.042162 -0.018729 0.038481 
-0.037393 0.015419 0.016645 -0.036864 
-0.017364 0.022935 0.027301 0.009065 
0.047546 -0.016189 0.044712 0.022881 
0.000501 0.002686 0.000395 0.002703 
0.015120 -0.005195 0.008319 0.013653 
0.000635 -0.001008 0.000642 -0.001004 
0.023707 -0.015741 -0.024060 -0.015196 
-0.029207 -0.023829 0.013254 -0.035287 
-0.026365 0.005831 0.023641 0.013046 
0.007936 -0.016472 0.014559 0.011061 
-0.006960 -0.024106 0.002175 0.024996 
0.015733 -0.016275 -0.007592 0.021325 
-0.003555 -0.039602 0.036074 0.016722 
-0.022276 0.013901 0.026229 -0.001212 
0.014582 -0.014696 0.001839 0.020621 
-0.019012 -0.013202 0.022083 0.006934 
-0.012548 0.024478 0.026785 -0.006258 
0.008348 -0.012676 0.014770 0.003494 
-0.007038 -0.034694 0.005555 -0.034963 
-0.015520 -0.030951 -0.013337 -0.031952 
-0.028344 0.006497 0.012828 0.026097 
0.005963 0.024955 0.002875 -0.025496 
0.010719 0.008799 -0.001875 0.013741 
-0.007188 0.002163 -0.007507 -0.000047 
-0.017049 0.018540 0.020683 -0.014374 
-0.011960 0.029015 0.019566 0.024538 
0.006050 -0.012764 0.014090 -0.001001 
-0.052027 0.005724 0.013984 -0.050439 
-0.031535 0.000444 -0.016329 0.026982 
0.014523 -0.018220 -0.009245 0.021387 
0.008956 -0.011656 0.014315 0.003342 
0.003024 0.013761 -0.010449 0.009451 
0.029127 -0.011037 0.002071 -0.031079 
-0.007453 0.012986 -0.014830 -0.002062 
0.000211 -0.008161 0.003021 -0.007585 
0.003041 -0.012972 0.012272 -0.005187 
-0.017117 -0.004713 0.006389 -0.016564 
0.013025 -0.037391 0.027910 0.028084 
-0.040437 0.021439 0.017100 0.042454 
-0.004858 -0.006242 -0.002562 -0.007484 
0.017229 0.021209 0.003616 -0.027085 
-0.007125 0.010584 -0.012674 0.001472 
-0.006880 0.025006 0.016536 -0.019981 
0.044708 -0.017384 0.035293 -0.032488 
0.014672 -0.025594 -0.026939 -0.012024 
0.002196 0.014448 -0.012145 0.008129 
0.012249 -0.007082 0.012160 0.007234 
-0.004027 -0.023115 0.009068 0.021640 
-0.002582 0.001016 -0.002621 0.000910 
-0.027788 0.007048 0.016322 0.023568 
-0.023279 0.015782 0.025275 0.012335 
0.027809 0.006783 -0.003752 -0.028377 
0.010332 -0.013554 0.013874 0.009897 
-0.023013 -0.015624 0.000444 0.027812 
0.000450 -0.035007 0.007793 -0.034131 
-0.000926 -0.007604 0.001445 -0.007523 
0.007560 -0.003592 0.008348 -0.000605 
-0.018259 -0.020324 -0.002240 0.027230 
-0.033120 0.007242 -0.031124 0.013443 
0.014961 0.000552 0.005081 0.014082 
-0.008412 0.015999 -0.014449 -0.010859 
0.022075 0.027196 0.015655 0.031335 
-0.024638 -0.036177 -0.005639 0.043405 
0.005791 -0.004955 0.007020 -0.002968 
0.012653 -0.008679 0.012249 0.009241 
-0.009315 -0.039099 0.035786 0.018299 
-0.012380 0.008510 -0.012452 -0.008403 
0.023751 -0.018835 -0.014895 -0.026402 
-0.040211 -0.020120 -0.008107 0.044226 
0.009882 0.004419 0.005466 0.009344 
0.022953 0.024880 0.027661 0.019512 
0.015674 0.007558 -0.008082 0.015410 
-0.009981 -0.028959 -0.030551 0.002216 
0.001546 -0.013554 0.012156 -0.006191 
-0.027686 -0.023945 -0.001498 -0.036574 
0.027185 0.013082 0.016007 -0.025573 
-0.021206 0.032838 -0.026770 -0.028486 
0.039618 0.020364 -0.000261 -0.044545 
0.002025 0.005184 0.001151 0.005445 
-0.030477 -0.012603 -0.032713 0.004190 
-0.010321 0.001939 -0.009678 -0.004076 
-0.011347 0.023953 0.022630 -0.013798 
-0.008542 0.008241 -0.011866 0.000249 
-0.018451 -0.003346 0.008523 -0.016703 
-0.031766 0.020231 -0.029621 -0.023259 
0.032716 0.004890 0.031225 -0.010919 
-0.002829 -0.018420 0.018508 0.002177 
0.008707 -0.002272 0.008863 0.001557 
-0.010501 -0.002281 -0.007285 -0.007899 
-0.010245 0.014434 -0.013462 -0.011492 
0.028285 0.028996 -0.040414 -0.002739 
0.035280 -0.005616 0.033891 0.011299 
-0.025897 0.015398 0.012796 0.027276 
-0.016882 -0.007674 0.011633 -0.014442 
0.015059 -0.015388 -0.001924 0.021445 
-0.023074 -0.025681 -0.022220 -0.026423 
0.032255 0.036396 0.033472 0.035280 
0.009360 0.011036 -0.005718 0.013293 
0.003328 0.030418 0.030299 0.004278 
0.022241 0.024130 0.031799 0.008109 
-0.031320 -0.000726 -0.015341 0.027316 
-0.034721 0.023654 0.032935 -0.026083 
-0.023927 0.019670 0.009643 0.029435 
0.027206 0.013637 0.018653 -0.024046 
0.016124 0.011632 -0.018138 0.008144 
-0.027071 0.016546 -0.002318 0.031643 
-0.025753 0.025424 -0.035916 0.004430 
-0.041417 0.025758 -0.042389 0.024125 
-0.001452 -0.029237 -0.028561 0.006420 
-0.012584 -0.026583 -0.024747 0.015892 
-0.000075 0.009881 -0.004952 0.008551 
-0.008145 -0.005010 -0.004873 -0.008227 
0.010476 -0.014961 0.012623 0.013200 
0.027735 0.017602 0.032849 0.000006 
-0.026534 -0.015846 -0.023963 0.019517 
0.025224 0.035282 -0.003366 -0.043241 
0.006056 0.004307 0.004556 0.005870 
0.001874 -0.007813 0.004386 -0.006732 
-0.015349 0.008525 -0.007547 -0.015852 
-0.001480 -0.000959 -0.001464 -0.000983 
-0.007294 -0.011372 0.005222 -0.012460 
-0.025857 0.016951 0.006970 0.030122 
0.013444 0.014278 -0.018803 0.005573 
0.011487 0.023968 0.004096 -0.026261 
-0.003171 -0.012344 0.007294 -0.010451 
0.009808 0.008771 -0.001002 0.013120 
0.029133 -0.016101 0.020246 -0.026421 
0.023144 0.004319 -0.023539 0.000469 
-0.018712 -0.001865 0.007365 -0.017303 
0.002416 0.007348 0.000005 0.007735 
-0.001139 -0.005377 -0.000267 -0.005490 
-0.023789 -0.004120 0.023973 0.002858 
-0.026995 -0.033521 0.012179 0.041281 
0.001619 -0.024271 -0.001471 0.024281 
-0.029245 -0.026556 0.036094 -0.016054 
-0.003621 -0.031476 -0.027920 -0.014976 
0.032779 -0.022548 0.002737 0.039691 
0.019765 0.031148 -0.013082 0.034492 
0.036291 0.024694 -0.008187 -0.043126 
0.015249 -0.012794 0.003355 0.019620 
0.027451 -0.014995 -0.000873 -0.031267 
-0.026338 -0.001551 0.021690 0.015021 
0.018349 0.027655 0.028489 0.017025 
0.005534 0.016109 -0.015916 0.006068 
0.008029 0.003729 0.005843 0.006651 
0.005474 0.011714 -0.005610 0.011650 
0.004443 0.005489 0.002855 0.006459 
0.003833 -0.013639 0.013783 -0.003275 
0.004321 -0.004812 0.005273 -0.003744 
-0.030210 -0.005808 -0.014544 0.027108 
0.034475 -0.009389 0.034901 0.007653 
-0.012923 0.018860 0.005191 -0.022266 
0.005896 0.034455 -0.000772 0.034947 
0.023795 0.005022 -0.023833 -0.004843 
0.038581 -0.002007 -0.000109 0.038633 
0.007516 0.018899 -0.019743 -0.004886 
0.017343 0.000073 -0.000471 0.017336 
0.004277 0.004650 0.003205 0.005444 
0.035060 0.018940 -0.034682 0.019625 
-0.025333 -0.044862 0.042926 -0.028490 
-0.023866 -0.008716 0.020539 0.014957 
0.002399 -0.000260 0.002406 -0.000186 
-0.013133 0.042914 0.044863 -0.001169 
0.010009 -0.028909 -0.025582 -0.016778 
-0.015603 -0.023940 -0.016319 0.023458 
-0.009890 -0.002976 -0.006757 -0.007810 
0.000690 0.007143 -0.001260 0.007065 
-0.017007 0.014114 0.007052 -0.020946 
0.016686 0.039175 -0.009289 -0.041555 
-0.030665 0.007123 -0.009632 0.029971 
0.001241 -0.017851 0.017554 0.003473 
0.012082 0.012901 -0.013876 0.010948 
-0.005476 0.010503 -0.011140 0.004025 
-0.003326 0.001588 -0.003432 0.001345 
-0.011844 0.027469 0.027110 0.012645 
0.002981 0.002491 0.002772 0.002721 
0.017521 -0.017262 -0.018590 0.016105 
-0.002464 -0.001656 -0.002384 -0.001770 
0.039306 0.022784 0.020475 -0.040557 
-0.029261 -0.043105 0.048925 -0.017906 
0.014606 0.012966 -0.018031 0.007504 
0.004778 -0.019924 0.012912 0.015908 
0.011700 0.028513 0.030749 -0.002102 
0.023111 0.030220 -0.025477 0.028255 
0.001763 0.007646 -0.000781 0.007808 
-0.018301 0.003389 0.001520 -0.018550 
0.024836 0.010843 -0.010784 -0.024861 
0.002365 -0.006410 0.003862 -0.005636 
-0.020956 0.019375 0.025961 0.011855 
-0.005863 -0.009290 0.000839 -0.010953 
-0.013151 -0.007206 0.001827 -0.014884 
-0.027340 0.015589 -0.000563 0.031467 
-0.030704 -0.000514 -0.009116 0.029324 
-0.001370 -0.000484 -0.001364 -0.000499 
0.003494 -0.000255 0.003503 -0.000027 
0.004384 -0.010831 0.010456 -0.005216 
-0.011691 -0.011850 0.010594 -0.012841 
0.014619 -0.019063 -0.012978 0.020216 
-0.030255 0.021633 -0.033862 -0.015386 
-0.036940 0.016124 0.013552 -0.037959 
-0.022932 -0.028975 0.010308 -0.035485 
-0.005982 -0.008006 -0.001122 -0.009930 
0.000933 -0.003578 0.001189 -0.003501 
0.011899 -0.030539 -0.007136 -0.031989 
-0.044062 -0.012359 -0.016773 0.042578 
0.020834 0.017864 -0.000340 -0.027442 
0.025682 0.005107 -0.020230 -0.016625 
-0.016626 -0.004059 0.003745 -0.016699 
-0.017143 0.024370 0.024507 0.016946 
0.029707 0.011874 0.028387 -0.014755 
-0.015611 0.013451 -0.000659 -0.020596 
-0.025116 0.025301 -0.033639 0.011806 
0.028857 0.029069 -0.039641 -0.010309 
-0.035048 0.029830 0.021118 0.040892 
0.036494 0.032801 0.029561 0.039164 
-0.019946 -0.014571 0.018530 0.016334 
0.025262 -0.017359 -0.010104 -0.028939 
0.023680 0.035943 -0.008139 -0.042266 
0.011897 -0.018525 0.000050 0.022016 
0.027691 -0.013929 -0.002698 -0.030879 
-0.027016 -0.001927 0.018542 0.019742 
-0.026164 0.029730 -0.015129 -0.036600 
-0.014258 0.014156 -0.004257 -0.019636 
-0.002578 0.001079 -0.002620 0.000971 
0.013659 0.019208 -0.017169 -0.016148 
0.025396 0.031983 -0.038857 -0.012569 
0.020679 0.007688 -0.021593 0.004524 
-0.009393 -0.031462 -0.024897 -0.021406 
-0.022985 0.030776 -0.031572 -0.021879 
0.017622 -0.002142 0.000391 0.017747 
-0.020714 -0.033944 0.039754 -0.000915 
0.007243 -0.001709 0.007428 0.000459 
-0.000722 -0.019263 0.018036 0.006803 
-0.022258 -0.024120 -0.031797 -0.008131 
-0.007082 0.003980 -0.008017 0.001313 
-0.006091 -0.002437 -0.005382 -0.003751 
-0.012227 -0.029978 -0.029086 -0.014219 
0.011597 0.044092 0.044303 -0.010763 
0.014596 0.047250 -0.004607 0.049238 
-0.056364 0.001453 0.024971 0.050552 
-0.043356 0.011973 0.023312 0.038466 
-0.050260 0.015448 0.011207 -0.051372 
-0.008199 0.028254 0.029060 0.004586 
-0.023402 -0.013563 0.008260 0.025756 
0.016618 -0.019679 -0.022659 0.012248 
-0.020681 -0.004135 0.017558 -0.011685 
0.019978 -0.027733 0.017326 -0.029463 
0.008768 -0.027615 -0.028947 -0.001260 
-0.028154 0.009740 0.010008 0.028059 
-0.021830 -0.006067 0.022401 -0.003393 
-0.035413 0.009694 -0.030446 -0.020521 
0.011889 0.021349 -0.011403 -0.021613 
-0.008760 0.014643 -0.014882 -0.008347 
-0.018335 -0.001456 0.005454 -0.017565 
-0.012785 0.011651 -0.011463 -0.012954 
0.008592 -0.005174 0.010029 -0.000091 
0.013489 -0.006448 0.011056 0.010064 
-0.020533 0.010835 0.016651 -0.016179 
-0.012142 0.011627 -0.012483 -0.011260 
-0.033105 0.017136 -0.030713 -0.021126 
-0.007103 -0.010024 0.002240 -0.012079 
-0.029403 -0.015103 -0.033050 0.000618 
-0.037241 0.018443 0.030880 -0.027811 
-0.023755 -0.024966 -0.023505 -0.025202 
-0.036042 -0.011448 0.001196 -0.037798 
-0.023541 0.028445 -0.036853 -0.002269 
0.001711 0.025135 0.003858 -0.024896 
0.003844 0.008015 0.000253 0.008885 
0.002661 -0.024200 -0.002644 0.024202 
-0.001265 0.046510 0.040774 0.022410 
-0.004291 -0.002080 -0.004010 -0.002581 
0.025063 0.030321 -0.037030 0.013279 
0.010870 -0.011124 0.013760 0.007249 
0.008146 -0.017412 0.013045 0.014120 
-0.013831 -0.003965 -0.002782 -0.014117 
0.039671 0.001124 -0.019739 0.034430 
0.039313 0.002259 -0.016055 0.035956 
0.011225 0.011872 -0.009979 0.012936 
0.040396 -0.025365 0.022863 -0.041862 
-0.009896 0.007157 -0.012049 -0.001996 
-0.006247 -0.006595 -0.002866 -0.008621 
0.028107 0.008899 0.005858 -0.028894 
-0.043698 0.023096 -0.049142 0.005296 
-0.008277 -0.019444 0.019520 0.008097 
-0.015564 0.017678 0.011702 -0.020440 
0.026179 -0.010164 -0.022060 -0.017378 
-0.002331 -0.023461 0.006861 0.022556 
0.006703 -0.010398 0.012155 -0.002303 
0.010258 -0.011405 0.014077 0.006094 
0.017135 -0.018849 -0.021901 0.013010 
-0.036580 -0.030405 -0.047244 -0.005535 
-0.022533 -0.001761 0.021180 -0.007891 
0.039926 -0.001939 -0.021390 0.033769 
-0.013547 0.039514 0.006312 -0.041292 
0.016780 0.031033 0.006445 0.034685 
0.024464 -0.016779 -0.017962 -0.023609 
-0.006195 0.002743 -0.006674 0.001170 
-0.002899 -0.006105 -0.001351 -0.006622 
0.003640 -0.013186 0.013028 -0.004171 
0.000624 -0.007944 0.003211 -0.007293 
0.015171 -0.011595 0.005484 0.018290 
0.012862 -0.006880 0.011733 0.008666 
-0.007447 -0.017378 0.018844 -0.001538 
-0.002459 -0.009493 0.002484 -0.009487 
0.024915 0.005803 -0.021741 -0.013481 
-0.016789 -0.038714 0.016366 0.038895 
-0.016231 -0.027402 -0.031589 -0.004057 
-0.037810 0.006644 -0.008329 -0.037475 
-0.012232 -0.012686 0.013565 -0.011249 
0.014577 0.024189 0.014578 -0.024188 
0.008942 -0.045367 -0.039925 -0.023326 
0.030761 -0.015711 0.031346 -0.014507 
0.007572 0.018669 -0.019766 -0.003895 
-0.023242 -0.022628 -0.032370 -0.002090 
-0.009511 -0.025684 -0.012615 0.024310 
-0.004933 -0.005979 -0.002814 -0.007223 
-0.033051 0.009342 -0.032735 0.010398 
-0.028805 -0.039190 -0.030003 -0.038281 
-0.014455 0.021570 0.022144 -0.013558 
-0.031797 -0.029881 0.006619 0.043129 
0.006857 -0.001836 0.007098 0.000038 
-0.004238 0.005073 -0.005289 0.003965 
0.020340 0.012019 -0.022194 -0.008102 
0.008574 0.023576 -0.003888 -0.024783 
0.015417 -0.007103 0.007773 0.015091 
-0.010461 0.027461 0.028629 0.006627 
0.034113 -0.008833 0.035205 0.001519 
-0.010914 0.010141 -0.013558 -0.006176 
0.019731 0.029289 0.009329 0.034061 
0.024314 -0.028684 0.035430 0.012597 
0.010599 0.020203 -0.017389 -0.014769 
0.029495 0.002557 0.000548 -0.029600 
-0.039474 -0.012121 0.041120 -0.003776 
0.008072 0.048933 -0.014821 0.047328 
0.004069 0.031952 0.025473 0.019713 
-0.026678 0.014117 0.010963 0.028121 
-0.013956 -0.000437 -0.006773 -0.012210 
-0.009791 0.005906 -0.011306 -0.001709 
0.046833 0.000030 0.027493 -0.037914 
-0.011579 -0.008747 0.002768 -0.014244 
0.035711 -0.021287 -0.028858 0.029927 
-0.006210 0.014330 -0.015485 -0.002035 
0.006881 -0.002895 0.007426 -0.000767 
-0.013844 -0.029436 -0.029221 -0.014292 
-0.023014 0.026263 -0.027306 0.021766 
0.015465 -0.003220 0.006925 0.014197 
-0.018622 -0.008215 0.017550 -0.010308 
0.003979 0.019197 -0.018938 -0.005068 
-0.007625 0.011072 -0.013443 0.000134 
-0.021000 -0.022489 -0.027751 0.013290 
-0.044869 0.018261 -0.042090 0.023981 
-0.007537 0.040565 -0.009030 -0.040259 
-0.005847 -0.025138 -0.004103 0.025481 
-0.023326 -0.013876 0.007297 0.026142 
-0.003753 0.013150 -0.013057 0.004065 
-0.040201 -0.017182 0.019551 0.039103 
-0.030211 0.009666 -0.009662 0.030212 
-0.015024 -0.026550 -0.029179 0.008900 
-0.000468 -0.003340 -0.000266 -0.003362 
-0.018772 0.001790 0.004086 -0.018409 
0.025325 -0.002822 -0.025032 -0.004765 
0.007769 -0.015953 0.015120 0.009287 
-0.010219 0.010362 -0.013768 -0.004716 
0.029133 -0.008747 -0.003073 -0.030262 
0.005999 0.020695 -0.017694 -0.012296 
0.018711 0.027672 0.027458 0.019024 
0.022141 0.010297 -0.021953 -0.010692 
0.021642 0.002136 -0.018687 0.011125 
-0.004704 0.011500 -0.011608 0.004430 
-0.003120 0.015233 -0.015490 0.001360 
0.005230 -0.020350 0.010994 0.017905 
0.011125 0.013902 -0.015030 0.009545 
-0.012392 0.039315 -0.004740 -0.040948 
0.038683 0.021930 -0.000089 -0.044467 
0.029353 -0.013448 0.012034 -0.029960 
-0.037434 -0.010368 0.015525 -0.035606 
0.001766 -0.053640 0.021481 0.049183 
-0.004446 0.002699 -0.004787 0.002036 
-0.002433 -0.015203 0.013704 -0.007019 
-0.018622 0.028326 -0.012811 0.031385 
0.025832 -0.015627 -0.012486 -0.027488 
0.014287 -0.020479 -0.017409 0.017900 
0.015925 0.015481 -0.021554 -0.005356 
-0.006161 -0.004235 -0.004656 -0.005849 
-0.016871 0.016445 0.013263 -0.019472 
-0.001203 -0.008031 0.001620 -0.007958 
0.006642 -0.012634 0.014273 -0.000103 
-0.005007 -0.011132 0.004377 -0.011394 
0.003631 0.020449 -0.017823 -0.010663 
0.015078 -0.017479 -0.008855 0.021317 
-0.014115 -0.016557 0.021176 0.004996 
-0.004549 0.003603 -0.005116 0.002738 
0.023622 -0.019170 -0.014317 -0.026842 
-0.008652 -0.018089 0.019923 0.002275 
-0.020049 -0.030054 0.001618 -0.036091 
-0.013359 0.038310 -0.014533 -0.037881 
0.005446 0.030042 0.030496 0.001459 
0.014721 0.044368 0.045134 0.012171 
-0.006184 -0.005219 -0.004041 -0.007011 
-0.008816 -0.000022 -0.008070 -0.003549 
0.012308 0.008740 -0.003795 0.014610 
0.020614 0.021534 0.021465 -0.020686 
0.018817 -0.026986 0.002004 -0.032838 
0.025526 -0.029276 0.025418 0.029370 
0.023462 -0.024585 0.019145 -0.028077 
-0.022393 -0.022749 -0.031791 0.002883 
0.033634 0.010717 0.028556 0.020752 
0.013752 0.023233 0.005004 -0.026530 
-0.002482 0.000958 -0.002516 0.000864 
-0.014632 0.000201 -0.006363 -0.013178 
-0.013753 0.034485 -0.036586 0.006309 
0.017876 0.030717 0.004155 0.035296 
-0.010753 0.008951 -0.013176 -0.004705 
0.023542 0.013124 -0.009348 -0.025280 
0.003116 0.003812 0.002602 0.004180 
-0.011449 0.003285 -0.010606 -0.005419 
-0.004740 0.015900 -0.016330 -0.002932 
0.001758 0.004787 0.001083 0.004983 
-0.021481 0.035371 0.008050 -0.040592 
0.007875 -0.017116 0.013895 0.012724 
-0.023648 0.017065 0.021540 0.019659 
-0.000760 -0.016208 0.015826 -0.003580 
-0.001919 0.010943 -0.008181 0.007517 
0.002948 0.013043 -0.008869 0.010007 
0.019097 -0.030767 0.034020 -0.012409 
-0.020252 0.005280 0.009946 -0.018415 
-0.015429 -0.005228 0.002631 -0.016077 
0.001686 -0.013901 0.012836 -0.005596 
0.016192 -0.005885 0.005852 0.016204 
0.011359 0.003678 0.005748 0.010465 
0.002052 -0.049999 0.033880 -0.036827 
-0.011492 0.030041 0.013581 0.029156 
0.007729 0.032506 0.018890 0.027560 
0.039653 -0.032279 0.042101 0.029013 
0.014440 -0.017454 -0.006017 0.021839 
0.009010 0.000665 0.007902 0.004381 
0.014988 0.005308 -0.001732 0.015805 
0.002309 -0.008965 0.006007 -0.007044 
0.022485 0.008895 -0.022849 -0.007914 
-0.033776 -0.016223 0.001263 -0.037449 
-0.027761 0.027845 -0.017057 -0.035427 
-0.001725 0.026945 0.019093 -0.019092 
-0.006223 0.007245 -0.008876 0.003523 
0.004728 0.023287 -0.008146 -0.022322 
0.010457 -0.000470 0.009001 0.005343 
-0.031047 0.012107 -0.023908 0.023213 
0.017517 -0.006524 0.001417 0.018638 
-0.031990 -0.032368 -0.031690 0.032662 
-0.015988 -0.021696 -0.001941 0.026880 
-0.018935 -0.009129 0.019739 -0.007226 
-0.003615 0.014198 -0.014404 0.002682 
-0.015476 0.007300 -0.007598 -0.015331 
-0.002382 0.042555 0.010839 -0.041220 
0.037076 -0.033085 0.048593 -0.010390 
0.028112 -0.027896 0.012608 0.037544 
-0.004208 0.017634 -0.016662 -0.007143 
-0.001790 -0.005435 -0.000824 -0.005662 
-0.012839 -0.011263 0.010936 -0.013118 
-0.001369 0.056892 0.056658 -0.005332 
0.001619 0.031696 0.026652 0.017230 
0.004425 -0.017151 0.016674 0.005976 
-0.013716 0.029053 0.011690 0.029926 
-0.003903 -0.056701 -0.055334 0.012976 
-0.005208 -0.006063 -0.002899 -0.007448 
0.047806 0.038832 -0.021858 0.057581 
-0.026421 0.007763 0.022868 0.015341 
0.003677 -0.019236 0.015585 0.011861 
-0.002566 0.011926 -0.010268 0.006586 
-0.012149 0.006197 -0.011877 -0.006704 
0.006992 -0.004367 0.008082 -0.001623 
0.032149 -0.001423 0.021484 -0.023959 
-0.022962 -0.042967 -0.022526 -0.043197 
0.013440 0.027582 0.030201 -0.005411 
-0.003150 0.014222 -0.014188 0.003299 
-0.036563 0.024860 0.041725 0.014626 
-0.005216 0.010543 -0.010931 0.004343 
-0.027781 -0.018091 -0.032922 -0.003899 
0.006522 0.018255 -0.019327 -0.001496 
0.030996 -0.021337 0.030678 0.021792 
-0.002336 0.026607 0.017738 -0.019969 
-0.019445 0.042758 0.020345 0.042338 
-0.004035 -0.025696 -0.007385 0.024941 
-0.011389 -0.033688 0.003260 -0.035411 
0.002513 0.014532 -0.012259 0.008199 
0.004993 0.001167 0.004782 0.001848 
-0.024074 0.014870 0.024155 0.014737 
0.016420 0.012811 -0.020488 0.003741 
-0.025502 0.044193 -0.050188 -0.009194 
-0.024481 -0.000139 0.024462 0.000977 
-0.035392 0.024588 0.042313 -0.008172 
-0.003988 0.008813 -0.007701 0.005854 
-0.019357 -0.005819 0.015657 -0.012783 
-0.022640 -0.023809 -0.031856 -0.008035 
-0.015310 -0.001802 -0.002977 -0.015126 
-0.034535 0.010426 -0.034249 -0.011331 
0.026396 0.045106 -0.051288 0.010041 
-0.016510 0.003355 -0.004449 -0.016249 
0.002008 -0.032692 -0.016762 -0.028139 
0.008118 0.032966 0.013744 0.031044 
-0.031515 -0.003054 -0.020317 0.024285 
0.019406 -0.018619 -0.026820 0.001984 
-0.025070 0.023647 -0.025313 0.023386 
0.003780 -0.017791 0.016812 0.006939 
-0.029935 -0.017691 -0.027527 -0.021244 
0.029086 0.005204 0.002685 -0.029425 
0.034744 -0.026407 -0.043634 -0.000744 
-0.012961 0.022660 0.021809 -0.014346 
0.024300 0.042432 0.019794 0.044712 
0.008516 -0.025185 -0.021310 0.015896 
0.015766 0.006513 -0.006053 0.015948 
0.013134 0.001465 0.006729 0.011374 
-0.007909 0.032746 0.001092 0.033670 
0.046457 -0.022593 0.022398 0.046551 
0.012316 0.006717 0.000401 0.014023 
0.001622 -0.016610 0.016689 0.000042 
-0.005065 -0.004681 -0.003737 -0.005796 
-0.020981 -0.008813 0.022757 0.000009 
0.015431 0.040619 0.009350 -0.042434 
-0.037597 0.003132 -0.014516 -0.034823 
0.005365 -0.013225 0.014191 -0.001512 
0.003622 0.005682 0.002164 0.006381 
0.003575 -0.000404 0.003594 -0.000158 
0.040967 -0.005249 -0.035988 0.020266 
0.002436 0.019876 -0.018184 -0.008386 
0.001655 -0.009526 0.005984 -0.007594 
-0.024520 0.003838 0.024805 -0.000818 
0.049944 0.006725 0.026167 0.043069 
0.023683 -0.025998 0.029770 -0.018722 
0.015876 0.006692 -0.006727 0.015862 
0.004083 0.017067 -0.017284 0.003036 
-0.003688 -0.023171 0.008752 0.021770 
0.013782 0.003955 0.002875 0.014047 
0.002844 -0.008593 0.006194 -0.006600 
0.014153 -0.018795 -0.009963 0.021315 
0.032131 -0.005744 0.022401 -0.023741 
0.028567 -0.031732 -0.035183 0.024191 
0.033317 -0.028588 -0.043765 -0.003456 
-0.008113 0.033888 -0.013109 0.032285 
0.019415 0.009522 -0.021159 0.004460 
-0.023787 -0.043857 0.006325 -0.049490 
0.032553 -0.017562 0.032948 0.016809 
0.026287 0.034264 -0.008427 -0.042356 
-0.020588 0.016676 0.026354 -0.002722 
-0.009275 0.018462 -0.008314 -0.018914 
-0.040214 -0.000100 0.026459 -0.030285 
0.018188 0.046081 -0.003113 0.049443 
0.014100 0.033587 -0.012514 0.034210 
0.024908 0.036449 0.013175 -0.042135 
-0.018127 0.019312 0.025721 -0.006323 
0.013460 0.023574 0.006572 -0.026339 
-0.006045 -0.010179 0.002431 -0.011586 
0.009366 -0.002221 0.009307 0.002457 
0.003271 -0.031253 -0.025493 -0.018373 
-0.024603 0.023563 -0.021242 0.026632 
0.009703 0.009986 -0.003529 0.013469 
0.012098 0.012941 -0.014000 0.010855 
-0.005335 -0.040622 0.025140 0.032350 
-0.020108 0.027734 -0.018272 0.028977 
0.002768 0.000300 0.002753 0.000414 
0.030307 -0.007415 0.006392 -0.030539 
0.042964 -0.019214 0.014886 -0.044649 
-0.022792 -0.049644 0.017490 0.051751 
-0.025842 -0.008581 0.012157 0.024365 
-0.014918 -0.021700 0.001825 0.026270 
-0.007248 0.006088 -0.009229 0.002102 
-0.034628 0.025145 0.040225 -0.014607 
-0.009134 0.022780 0.010268 -0.022292 
0.013331 0.041322 0.010870 -0.042037 
-0.005356 0.027585 0.026526 -0.009275 
0.005053 -0.010099 0.010258 -0.004720 
0.019887 -0.010089 -0.012495 0.018470 
0.014214 0.008029 -0.005684 0.015304 
0.020345 -0.003649 -0.010193 0.017982 
-0.015616 0.002383 -0.006151 -0.014550 
0.025347 0.005846 -0.020379 -0.016167 
-0.005142 0.016901 -0.016417 -0.006525 
0.042953 -0.002650 -0.040753 -0.013825 
0.037077 -0.005446 0.019847 0.031788 
-0.018397 0.015137 0.016209 -0.017460 
0.013766 0.029065 0.030467 0.010296 
-0.033864 0.009636 -0.035207 -0.000288 
-0.014773 0.031562 -0.019381 0.028962 
0.010380 0.021102 -0.014572 -0.018458 
-0.027664 -0.011724 -0.013664 0.026759 
0.014630 0.012514 -0.017166 0.008717 
-0.008647 0.027430 0.028752 -0.000686 
-0.022879 -0.002080 0.022235 -0.005777 
0.001482 -0.008520 0.004656 -0.007288 
-0.047441 0.003064 -0.037701 0.028960 
0.031216 0.027206 -0.038486 -0.015279 
-0.018678 0.004738 0.002850 -0.019058 
0.018620 0.005287 -0.012338 0.014914 
-0.006678 -0.015617 0.015322 -0.007330 
-0.002847 0.029310 0.029442 -0.000596 
-0.011769 0.001441 -0.009629 -0.006919 
-0.033136 0.025337 0.027288 -0.031549 
0.040149 -0.021233 -0.023797 -0.038684 
0.017288 0.003839 -0.005396 0.016867 
-0.014101 0.002759 -0.008923 -0.011261 
-0.021548 0.007768 0.017408 -0.014887 
0.000123 -0.002979 0.000263 -0.002970 
0.035453 0.004871 0.028713 0.021359 
-0.012030 0.008758 -0.012732 -0.007702 
0.003609 -0.003962 0.004168 -0.003369 
-0.004587 0.002867 -0.004975 0.002125 
-0.000961 -0.016282 0.015916 -0.003562 
0.029994 -0.018257 0.033578 -0.010269 
0.002968 0.008632 -0.001006 0.009073 
-0.004179 -0.009135 0.001060 -0.009989 
-0.022170 -0.027903 -0.007927 -0.034746 
-0.004008 0.010602 -0.009787 0.005717 
0.013955 -0.020911 -0.017965 0.017586 
0.007984 -0.017213 0.013605 0.013226 
0.017459 0.013008 -0.021771 -0.000234 
-0.030959 0.021247 -0.031272 -0.020784 
-0.010343 -0.018861 0.019980 0.007968 
0.011166 0.008794 -0.002359 0.014016 
-0.014134 -0.048534 0.032206 -0.038963 
-0.018093 -0.059612 0.061597 -0.009312 
-0.024421 -0.016201 -0.012069 0.026706 
-0.004553 -0.028602 -0.026380 0.011954 
-0.014920 -0.031852 -0.005792 -0.034693 
0.007080 -0.002132 0.007394 -0.000020 
0.005386 0.008929 -0.000349 0.010422 
0.017623 0.024296 0.025332 -0.016099 
-0.019168 -0.019941 -0.004049 0.027362 
0.002116 -0.004809 0.002795 -0.004450 
-0.022719 -0.023921 -0.031564 -0.009596 
-0.009026 -0.019006 0.019894 0.006849 
-0.014317 -0.028112 -0.031419 -0.002854 
-0.010191 0.029644 0.021254 0.023041 
0.013529 0.017735 -0.020421 -0.008973 
0.022984 0.005222 -0.023562 -0.000601 
-0.038052 -0.006479 0.008041 -0.037753 
0.010074 0.045140 0.045919 0.005528 
-0.015606 0.014178 0.001001 -0.021061 
-0.004680 -0.008644 0.000155 -0.009828 
-0.017131 -0.028061 -0.029354 -0.014807 
-0.008977 -0.001876 -0.007292 -0.005562 
0.034270 0.010200 0.025401 0.025164 
0.024289 -0.026623 0.035071 -0.008293 
0.006271 -0.004584 0.007394 -0.002381 
0.019858 0.004830 -0.015763 0.013007 
0.013690 -0.022079 -0.021715 0.014261 
-0.025684 0.013263 0.019944 0.020924 
0.037981 -0.024552 -0.030194 -0.033670 
0.014851 -0.027471 -0.018142 -0.025418 
-0.032415 0.017648 -0.033450 -0.015596 
0.028825 0.035187 0.034251 -0.029932 
0.010032 -0.030002 -0.019328 -0.025044 
-0.010269 0.010876 -0.013937 -0.005430 
-0.028513 -0.017029 -0.033046 -0.003309 
-0.011758 -0.036364 0.034783 -0.015833 
-0.026213 -0.045181 0.051144 -0.010618 
0.009293 0.019236 -0.019698 -0.008269 
0.008368 0.034361 -0.003714 0.035169 
-0.026966 -0.004717 0.014728 0.023076 
0.010238 0.015441 -0.017482 0.006134 
0.014243 0.014323 -0.019831 0.003841 
-0.011206 0.019038 -0.000519 -0.022085 
0.027164 -0.010224 -0.016593 -0.023813 
-0.019283 0.011621 0.012204 -0.018920 
-0.004162 -0.000517 -0.004095 -0.000902 
-0.006603 -0.001312 -0.006101 -0.002845 
0.002701 0.032894 0.018441 0.027372 
-0.041159 -0.031778 0.039001 -0.034392 
-0.026901 0.027236 -0.029511 -0.024383 
-0.027484 0.012065 0.010350 0.028175 
0.011979 0.043447 0.039514 -0.021674 
0.044259 -0.022131 0.049410 -0.002700 
-0.019237 0.000391 0.006968 -0.017935 
0.012592 -0.001893 0.009656 0.008301 
0.012341 0.014923 -0.018639 0.005252 
0.018568 0.012615 -0.022272 -0.002807 
0.023687 0.038054 0.027659 -0.035272 
-0.007947 -0.010067 0.002592 -0.012561 
0.025215 -0.000027 -0.024571 -0.005662 
-0.027307 -0.016287 -0.029428 0.012040 
-0.026327 -0.005774 0.016249 0.021503 
0.015406 -0.007424 0.007748 0.015245 
0.025836 -0.008490 -0.024369 -0.012071 
-0.040543 0.001986 0.029899 -0.027453 
0.031260 0.037149 0.033968 0.034690 
-0.012220 0.023589 0.023382 -0.012610 
0.000619 0.017077 -0.017058 0.001019 
-0.005676 0.003205 -0.006248 0.001857 
0.001600 -0.003244 0.001821 -0.003126 
-0.020471 -0.002560 0.014927 -0.014240 
0.017292 0.007392 -0.012217 0.014296 
-0.011123 0.019700 0.001908 -0.022543 
0.032469 -0.011607 0.032665 -0.011045 
0.010550 -0.014177 0.013242 0.011703 
0.024722 0.013328 -0.001071 -0.028065 
-0.008917 -0.026628 -0.018386 0.021225 
-0.013916 -0.001769 -0.005484 -0.012912 
0.041476 -0.015687 -0.035750 -0.026235 
-0.001456 -0.015870 0.015146 -0.004958 
0.011022 0.031016 0.025438 0.020890 
-0.005376 0.011065 -0.011690 0.003831 
-0.007232 0.003025 -0.007820 0.000552 
0.008848 0.020413 -0.017803 -0.013343 
0.010767 -0.011563 0.013853 0.007598 
0.002192 -0.042163 -0.003062 0.042108 
0.001987 -0.029584 -0.029648 -0.000398 
-0.003125 0.002827 -0.003377 0.002521 
-0.001901 -0.007741 0.000763 -0.007934 
0.011603 -0.010950 0.013236 0.008906 
0.015087 0.007930 -0.007451 0.015329 
0.022220 -0.030922 0.034251 0.016637 
0.015520 0.004752 -0.001979 0.016110 
0.011428 -0.008840 0.013024 0.006254 
-0.000019 -0.001821 0.000013 -0.001821 
0.005086 -0.003105 0.005577 -0.002099 
-0.016752 0.010588 -0.001055 -0.019790 
0.033222 0.022327 -0.037698 0.013457 
-0.004298 -0.057407 -0.056335 -0.011846 
0.011793 -0.016309 0.007261 0.018770 
-0.007574 -0.041402 0.009120 0.041090 
0.007290 -0.026799 -0.025996 0.009773 
0.027762 0.009958 0.007055 -0.028638 
-0.007915 -0.039556 0.033924 0.021829 
0.033531 0.002007 0.032592 -0.008129 
0.003408 -0.015004 0.015320 -0.001429 
-0.031976 -0.029810 0.005161 0.043410 
0.011051 -0.006624 0.012148 0.004293 
0.010379 -0.008466 0.012921 0.003525 
-0.011147 -0.018418 0.020290 0.007198 
-0.035247 0.009586 -0.031676 -0.018190 
-0.007937 0.025167 0.019895 -0.017337 
-0.007056 -0.014853 0.013741 -0.009032 
-0.020203 -0.011616 0.022533 0.005948 
0.006020 -0.015756 0.016105 0.005012 
-0.009192 -0.004420 -0.005515 -0.008580 
0.013305 0.013683 -0.017487 0.007645 
0.007337 -0.012271 0.014278 0.000732 
-0.013186 -0.010931 0.010714 -0.013363 
-0.034344 -0.020194 0.035302 -0.018469 
0.004189 0.005931 0.002391 0.006857 
-0.021698 -0.002624 0.019285 -0.010285 
-0.032815 0.004138 -0.027078 0.018994 
0.001000 -0.000999 0.001011 -0.000988 
0.002234 0.017586 -0.017719 0.000564 
0.023920 0.016514 0.010482 -0.027111 
-0.004523 0.023594 0.002543 -0.023889 
-0.004953 -0.000957 -0.004780 -0.001614 
0.012152 0.017976 -0.020530 -0.007022 
0.029547 0.027074 -0.039478 0.006893 
-0.020089 -0.019262 -0.004340 0.027491 
-0.010094 0.008394 -0.012813 -0.002860 
-0.006933 0.012045 -0.013894 0.000347 
0.008020 0.026308 0.014859 -0.023144 
0.014850 -0.032900 0.031218 -0.018120 
-0.020316 -0.029922 0.001874 -0.036119 
0.026062 -0.000390 -0.023543 -0.011186 
0.022973 -0.017117 -0.024164 -0.015389 
0.032720 0.008091 0.033698 -0.000703 
-0.008160 -0.013417 0.010821 -0.011379 
-0.035161 0.017279 -0.006913 -0.038563 
-0.003597 -0.012711 0.007983 -0.010525 
0.002164 0.022663 -0.010722 -0.020083 
-0.014902 -0.016734 0.020953 0.007941 
-0.009669 -0.029588 -0.030953 -0.003296 
0.019217 0.013339 -0.021852 -0.008352 
0.008258 0.010376 -0.003405 0.012817 
0.002589 -0.026438 -0.017022 0.020395 
-0.021349 0.023131 0.008924 0.030186 
0.009060 0.042940 0.023787 -0.036880 
0.019823 0.031413 -0.016651 0.033203 
0.003542 -0.022047 0.007448 0.021051 
0.011389 0.015494 -0.018654 0.004669 
0.010646 -0.031674 -0.001409 -0.033386 
-0.023196 0.027742 -0.035222 0.008189 
0.015143 0.000383 0.004904 0.014332 
-0.007792 -0.003508 -0.005892 -0.006189 
0.013251 0.001006 0.007050 0.011265 
0.029801 -0.008907 0.003832 -0.030866 
-0.025659 -0.006552 0.017978 0.019444 
0.004851 0.005314 0.003230 0.006429 
0.013592 0.021720 -0.005643 -0.024993 
0.015556 -0.013087 0.001634 0.020263 
-0.000989 0.014663 -0.013759 0.005163 
-0.016071 -0.005418 0.004664 -0.016306 
-0.015171 0.002032 -0.006828 -0.013699 
0.012834 0.011263 -0.010926 0.013121 
0.004612 -0.010477 0.010248 -0.005100 
0.025294 -0.013544 -0.021396 -0.019118 
0.011787 -0.017522 0.003910 0.020753 
-0.031859 -0.008858 -0.032288 0.007141 
-0.000639 -0.046090 -0.044668 -0.011381 
0.004961 0.013792 -0.010443 0.010284 
0.028356 0.014586 0.029117 -0.013002 
-0.027807 0.006137 0.016839 0.022964 
-0.006758 0.007149 -0.009396 0.002914 
0.033043 -0.034120 0.007448 -0.046910 
-0.001183 0.014719 -0.013945 0.004858 
0.001577 -0.009964 0.006470 -0.007740 
0.031309 -0.001308 0.013611 -0.028226 
-0.021061 -0.040284 -0.039278 0.022883 
-0.043831 0.030156 0.013637 -0.051425 
0.016579 -0.025485 -0.021984 -0.021001 
-0.041009 0.014395 0.042140 0.010640 
-0.031433 -0.005260 -0.023641 0.021373 
0.014663 -0.015548 -0.000742 0.021358 
-0.004644 -0.002659 -0.004188 -0.003330 
-0.005072 0.011519 -0.011960 0.003919 
-0.019020 0.029395 -0.024785 0.024729 
-0.029930 -0.042779 0.049824 -0.015602 
-0.019399 -0.001814 0.009918 -0.016771 
0.000132 0.001157 0.000124 0.001157 
-0.026786 -0.035791 -0.022308 0.038740 
-0.016800 0.030586 -0.021722 0.027311 
-0.001962 0.018645 -0.017293 -0.007241 
-0.019939 -0.008699 0.021217 -0.004803 
0.008355 -0.000501 0.007967 0.002564 
-0.022532 -0.014089 0.010631 0.024355 
0.024232 0.005900 -0.023037 -0.009556 
-0.005416 -0.014644 0.012586 -0.009240 
-0.006463 -0.006762 -0.002757 -0.008938 
-0.025155 -0.011699 0.005477 0.027196 
-0.002797 0.003230 -0.003096 0.002945 
-0.015723 0.013151 -0.000840 -0.020480 
-0.014029 0.022987 0.025550 -0.008510 
0.012146 0.006760 0.000541 0.013890 
-0.044267 0.009667 0.014752 0.042842 
0.009256 -0.008093 0.012253 0.001015 
0.023470 -0.008961 -0.024794 0.004051 
-0.010389 -0.021092 0.014601 0.018428 
-0.000576 -0.004361 -0.000127 -0.004397 
-0.007804 0.005131 -0.009273 0.001112 
0.004330 -0.003460 0.004833 -0.002712 
0.009222 0.024401 0.002676 -0.025948 
-0.005526 -0.005729 -0.003330 -0.007229 
0.002705 0.019782 -0.018345 -0.007882 
0.023920 0.019507 0.026301 -0.016154 
-0.009411 0.031015 0.013278 0.029567 
-0.018490 0.026502 0.004528 0.031996 
-0.035342 -0.005545 -0.028391 -0.021766 
-0.001808 0.023079 -0.005132 -0.022574 
0.011194 0.023576 0.000639 -0.026091 
-0.043886 -0.019797 -0.047673 -0.006725 
-0.024116 -0.020851 -0.031339 0.005850 
0.015731 0.003349 -0.000155 0.016082 
0.019559 -0.026081 -0.000268 -0.032599 
-0.033638 0.034874 -0.028993 0.038821 
-0.042837 0.000937 0.041160 0.011904 
0.000646 -0.015274 0.014649 -0.004373 
-0.041135 0.028046 -0.049763 0.001522 
0.006986 -0.018331 0.013203 0.014508 
-0.031959 -0.036459 -0.035778 -0.032720 
-0.009536 -0.022296 0.010104 0.022044 
0.004487 -0.006599 0.006419 -0.004741 
0.014225 0.017141 -0.020802 -0.007967 
-0.000460 -0.043275 -0.020331 0.038204 
-0.026246 0.039357 0.005671 0.046964 
-0.018736 0.007292 0.003995 -0.019704 
-0.014461 -0.013921 0.019497 -0.004773 
-0.044602 0.027486 -0.007568 -0.051841 
0.007161 0.010207 -0.002623 0.012189 
0.005050 -0.018731 0.015002 0.012299 
-0.033089 -0.002390 -0.030822 0.012274 
0.024217 0.057101 -0.056222 0.026193 
0.049024 -0.018137 0.000676 0.052267 
-0.019669 0.030663 -0.035286 0.009058 
-0.021222 0.018571 0.026457 0.009761 
-0.032407 -0.016719 -0.011863 -0.034482 
0.003978 -0.006014 0.005464 -0.004705 
-0.006308 0.000755 -0.006324 -0.000601 
-0.010633 0.000591 -0.009104 -0.005525 
0.011485 0.030310 0.028560 0.015328 
0.014478 0.020524 -0.010084 -0.023003 
0.025950 -0.016297 -0.008979 -0.029298 
-0.012505 0.001939 -0.009721 -0.008102 
-0.006319 0.008446 -0.009949 0.003506 
-0.020610 -0.003243 0.016236 -0.013102 
0.001051 0.034237 0.003305 0.034093 
-0.011796 -0.001775 -0.007384 -0.009368 
-0.023411 0.002029 0.022434 -0.006991 
-0.022430 -0.039162 -0.033842 0.029857 
-0.020372 0.003076 0.010390 -0.017791 
0.005185 0.013095 -0.008790 0.011004 
0.010476 0.037330 -0.038265 0.006248 
-0.005050 0.016915 -0.016454 -0.006395 
0.009651 -0.005965 0.011252 0.001454 
0.007059 -0.003175 0.007698 -0.000812 
0.029907 -0.006671 0.001338 -0.030613 
-0.029517 -0.026956 0.039031 -0.008628 
0.002190 -0.013432 0.012383 -0.005645 
-0.008194 0.012248 -0.014525 -0.002486 
0.028351 -0.024764 0.032894 0.018305 
0.022822 -0.006195 -0.021361 0.010145 
-0.033201 -0.004917 -0.033098 0.005573 
