-0.005933 0.004983 -0.006859 0.003605 
-0.002872 -0.005494 -0.002093 -0.005835 
-0.011239 0.001549 -0.010758 -0.003604 
-0.009391 0.004898 -0.010559 0.000842 
-0.004976 0.003459 -0.005386 0.002777 
-0.002532 0.004822 -0.003028 0.004527 
0.006703 0.001450 0.006366 0.002552 
0.003312 -0.002858 0.003499 -0.002625 
-0.008766 -0.004232 -0.006861 -0.006905 
-0.003888 -0.004068 -0.003404 -0.004481 
0.003893 -0.008613 0.006401 -0.006955 
0.000487 -0.006576 0.001499 -0.006421 
0.004157 -0.002376 0.004337 -0.002027 
0.002186 0.005252 0.001565 0.005469 
0.000564 -0.003636 0.000740 -0.003605 
-0.001049 -0.000136 -0.001048 -0.000140 
0.003692 -0.004459 0.004199 -0.003986 
0.007640 -0.005082 0.008804 -0.002588 
0.003181 -0.008269 0.005347 -0.007064 
0.001525 0.000555 0.001520 0.000569 
-0.001346 0.002145 -0.001395 0.002114 
-0.002051 -0.000373 -0.002045 -0.000405 
0.002437 -0.005830 0.003242 -0.005424 
-0.004236 -0.004549 -0.003569 -0.005089 
0.003364 -0.001954 0.003465 -0.001769 
0.004124 -0.003485 0.004464 -0.003037 
-0.002069 0.004595 -0.002477 0.004388 
0.009131 0.007297 0.004639 0.010729 
0.005758 -0.004371 0.006469 -0.003225 
-0.006878 -0.002596 -0.006252 -0.003869 
0.003630 0.003886 0.003219 0.004233 
-0.002652 -0.008685 -0.000013 -0.009081 
-0.008715 0.006666 -0.010702 0.002421 
-0.002283 0.001400 -0.002318 0.001341 
-0.005047 -0.003915 -0.004424 -0.004607 
0.000010 -0.004517 0.000339 -0.004505 
-0.004195 -0.003497 -0.003799 -0.003924 
0.000419 0.008196 -0.001548 0.008060 
0.003698 0.005176 0.002913 0.005655 
0.003103 0.007964 0.000941 0.008495 
-0.005340 0.001636 -0.005489 0.001031 
0.002648 0.012188 -0.004186 0.011749 
0.004524 0.005780 0.003334 0.006539 
0.007560 -0.005493 0.008882 -0.002905 
0.001957 -0.003427 0.002145 -0.003313 
0.003747 -0.006642 0.005037 -0.005725 
-0.004413 -0.003456 -0.003998 -0.003929 
-0.000440 -0.005810 0.000266 -0.005821 
-0.002424 -0.000885 -0.002402 -0.000943 
0.005642 0.001123 0.005470 0.001781 
-0.001910 -0.001531 -0.001877 -0.001571 
0.010551 0.000624 0.009478 0.004678 
0.004263 -0.007801 0.006269 -0.006303 
-0.004908 -0.001818 -0.004706 -0.002290 
0.007273 0.003049 0.006421 0.004578 
0.004757 -0.003708 0.005198 -0.003060 
-0.001248 -0.009794 0.002172 -0.009631 
-0.011621 0.002301 -0.011295 -0.003573 
-0.002879 -0.003933 -0.002535 -0.004163 
-0.005466 -0.003707 -0.004824 -0.004511 
-0.004654 0.004368 -0.005239 0.003646 
0.001370 -0.001911 0.001408 -0.001884 
0.002811 -0.004357 0.003216 -0.004067 
0.001963 0.001629 0.001924 0.001674 
0.000192 0.006422 -0.000754 0.006381 
0.005620 -0.002200 0.005858 -0.001452 
0.001907 0.004469 0.001524 0.004613 
-0.002144 -0.005100 -0.001574 -0.005303 
-0.003595 -0.005199 -0.002818 -0.005658 
0.003158 0.001611 0.003083 0.001751 
0.008915 0.004485 0.006792 0.007312 
-0.011105 -0.007610 -0.004260 -0.012771 
-0.003413 -0.003955 -0.003012 -0.004269 
0.001474 0.000744 0.001467 0.000758 
0.002980 -0.004797 0.003506 -0.004427 
-0.005411 -0.002923 -0.004967 -0.003626 
0.000538 0.006449 -0.000430 0.006457 
0.003868 0.005126 0.003073 0.005638 
-0.000670 0.004011 -0.000906 0.003964 
0.001859 -0.004375 0.002206 -0.004211 
-0.004606 0.000174 -0.004605 -0.000176 
0.002896 0.001894 0.002812 0.002017 
0.008614 0.001267 0.007961 0.003527 
-0.000440 -0.001827 -0.000417 -0.001832 
0.000761 0.000841 0.000757 0.000845 
0.002389 -0.004944 0.002907 -0.004658 
0.002968 -0.008430 0.005223 -0.007253 
-0.012329 0.002044 -0.011539 -0.004799 
-0.011870 0.002355 -0.011457 -0.003896 
-0.005097 0.001410 -0.005213 0.000894 
0.000747 0.005997 -0.000040 0.006043 
0.005321 0.003020 0.004870 0.003703 
0.002274 -0.000325 0.002280 -0.000282 
-0.008229 0.002151 -0.008506 -0.000026 
0.000482 0.004543 0.000142 0.004567 
0.001398 -0.001954 0.001438 -0.001925 
0.003306 0.000165 0.003297 0.000295 
0.002619 -0.001339 0.002659 -0.001257 
0.004278 0.000182 0.004257 0.000462 
-0.001847 -0.006738 -0.000649 -0.006956 
-0.010010 0.003215 -0.010477 -0.000887 
-0.003710 0.002983 -0.003940 0.002673 
-0.004221 -0.001414 -0.004110 -0.001709 
0.000294 -0.002955 0.000387 -0.002945 
-0.001786 -0.002949 -0.001659 -0.003022 
-0.002694 0.002304 -0.002795 0.002181 
0.007652 0.004618 0.006041 0.006586 
0.001370 0.002258 0.001314 0.002291 
-0.004511 0.003840 -0.004956 0.003245 
-0.004111 -0.000872 -0.004048 -0.001129 
-0.003888 0.003399 -0.004194 0.003013 
0.001487 -0.001896 0.001526 -0.001865 
-0.007591 0.000078 -0.007446 -0.001476 
-0.008323 0.001944 -0.008542 -0.000271 
0.004565 0.008964 0.001096 0.009999 
0.005730 -0.010368 0.010010 -0.006334 
0.005369 -0.002865 0.005700 -0.002131 
0.008835 0.002525 0.007685 0.005038 
0.004117 -0.008981 0.006939 -0.007032 
-0.002136 -0.006553 -0.000997 -0.006820 
-0.006981 0.000827 -0.007018 -0.000413 
-0.002207 0.003218 -0.002378 0.003093 
-0.001814 0.003721 -0.002038 0.003603 
-0.000444 0.005988 -0.001211 0.005881 
0.007936 -0.008037 0.010664 -0.003720 
-0.002708 -0.000994 -0.002677 -0.001074 
-0.003662 0.002716 -0.003854 0.002437 
-0.004392 -0.004426 -0.003736 -0.004992 
-0.004090 0.004091 -0.004549 0.003574 
0.006419 -0.000100 0.006364 0.000843 
-0.001042 -0.001075 -0.001033 -0.001083 
-0.000345 -0.004131 -0.000091 -0.004144 
-0.004202 -0.004821 -0.003455 -0.005382 
-0.000330 -0.003051 -0.000227 -0.003060 
-0.002921 0.000607 -0.002939 0.000514 
-0.009631 -0.000061 -0.009086 -0.003194 
-0.008645 0.006324 -0.010450 0.002351 
0.009041 0.000795 0.008421 0.003385 
0.004662 -0.008868 0.007480 -0.006665 
0.009233 -0.006206 0.011001 -0.001655 
-0.003057 -0.003884 -0.002707 -0.004136 
-0.002386 0.001415 -0.002424 0.001349 
-0.003385 -0.004648 -0.002813 -0.005015 
-0.004842 -0.001502 -0.004684 -0.001940 
0.000098 0.006134 -0.000726 0.006091 
-0.004753 0.003570 -0.005165 0.002943 
0.005461 -0.001092 0.005548 -0.000481 
0.002109 -0.000769 0.002122 -0.000731 
-0.000011 0.004017 -0.000242 0.004010 
0.000039 -0.002998 0.000135 -0.002995 
-0.001955 0.003478 -0.002150 0.003361 
-0.002084 0.004093 -0.002387 0.003925 
0.000734 0.006991 -0.000506 0.007011 
-0.000377 -0.000771 -0.000375 -0.000772 
-0.000054 0.006687 -0.001118 0.006593 
-0.004954 0.004221 -0.005534 0.003425 
-0.005596 0.002887 -0.005948 0.002068 
0.000195 -0.000108 0.000195 -0.000108 
-0.009469 0.007663 -0.012045 0.001817 
-0.006103 0.006183 -0.007530 0.004332 
0.000335 0.002800 0.000255 0.002809 
-0.005593 -0.011045 0.000981 -0.012342 
-0.012385 0.001784 -0.011442 -0.005066 
-0.007620 0.010592 -0.012308 0.004332 
0.001457 0.011357 -0.003831 0.010790 
0.001694 0.006346 0.000699 0.006531 
0.003316 -0.008143 0.005412 -0.006929 
-0.001348 0.001981 -0.001389 0.001953 
0.004805 0.002601 0.004501 0.003099 
0.001968 -0.004920 0.002451 -0.004698 
-0.007163 -0.006289 -0.004781 -0.008246 
-0.000976 0.001090 -0.000984 0.001083 
-0.005847 -0.010929 0.000720 -0.012374 
-0.007535 -0.004892 -0.005831 -0.006834 
-0.003923 0.005164 -0.004653 0.004518 
0.002330 0.007433 0.000676 0.007760 
0.002862 0.011560 -0.003112 0.011495 
0.008803 0.007463 0.004402 0.010669 
0.005158 0.004733 0.004254 0.005560 
-0.003775 0.008091 -0.005898 0.006703 
0.008020 0.000061 0.007795 0.001888 
-0.009287 -0.008822 -0.002849 -0.012488 
-0.002593 -0.004217 -0.002214 -0.004428 
-0.006448 -0.010838 0.000403 -0.012604 
-0.009641 0.005617 -0.011120 0.000919 
0.001907 0.000755 0.001896 0.000784 
0.001469 -0.006719 0.002579 -0.006376 
-0.002802 -0.010888 0.002234 -0.011018 
-0.009285 -0.006834 -0.005129 -0.010325 
-0.004855 -0.001582 -0.004687 -0.002027 
-0.000417 0.006042 -0.001204 0.005935 
0.004828 -0.003365 0.005207 -0.002743 
-0.005158 -0.003339 -0.004662 -0.004003 
-0.002593 0.002269 -0.002687 0.002157 
-0.000901 -0.002590 -0.000831 -0.002614 
-0.010320 0.005870 -0.011871 0.000156 
0.004040 0.005640 0.003014 0.006248 
0.001769 0.001956 0.001720 0.001999 
0.005145 0.007959 0.002369 0.009177 
0.009967 -0.000974 0.009675 0.002586 
0.002090 0.002698 0.001976 0.002783 
0.004543 -0.003666 0.004955 -0.003086 
-0.008498 -0.008690 -0.002959 -0.011789 
-0.004791 -0.001870 -0.004593 -0.002314 
-0.005276 0.000419 -0.005292 -0.000111 
0.002283 0.002194 0.002203 0.002274 
-0.003686 -0.004280 -0.003175 -0.004671 
0.003031 0.007945 0.000899 0.008456 
0.006128 0.003103 0.005520 0.004087 
-0.002420 0.003348 -0.002620 0.003194 
0.002469 0.004750 0.001970 0.004977 
0.001662 0.002887 0.001547 0.002951 
0.003376 0.005424 0.002551 0.005858 
-0.002043 -0.002027 -0.001982 -0.002086 
-0.006533 -0.004932 -0.005176 -0.006341 
-0.004442 0.001744 -0.004569 0.001377 
0.009166 0.000067 0.008736 0.002776 
0.003136 -0.004839 0.003688 -0.004433 
-0.007937 -0.000607 -0.007597 -0.002374 
0.008087 0.000556 0.007735 0.002423 
0.002958 -0.000384 0.002969 -0.000289 
-0.001710 0.001340 -0.001732 0.001311 
-0.001148 0.009796 -0.004418 0.008818 
0.003669 0.004595 0.003075 0.005012 
-0.005085 0.000487 -0.005109 0.000011 
-0.002162 0.002100 -0.002229 0.002029 
-0.004787 -0.002415 -0.004514 -0.002894 
-0.001682 0.003103 -0.001818 0.003025 
-0.003755 0.005099 -0.004445 0.004510 
0.003038 -0.003572 0.003309 -0.003322 
-0.006014 -0.001553 -0.005743 -0.002365 
-0.000627 0.000518 -0.000628 0.000517 
0.008659 0.001229 0.008005 0.003522 
0.003441 0.000384 0.003421 0.000531 
-0.005537 -0.000350 -0.005465 -0.000956 
-0.006079 0.003782 -0.006667 0.002611 
-0.003861 -0.001622 -0.003752 -0.001860 
0.000700 0.010558 -0.003470 0.009996 
0.001608 0.007939 -0.000282 0.008095 
-0.004664 0.003595 -0.005073 0.002991 
-0.004924 -0.002948 -0.004543 -0.003506 
0.010183 -0.000192 0.009560 0.003511 
0.004282 -0.003889 0.004716 -0.003350 
-0.000543 0.004434 -0.000858 0.004384 
0.007027 -0.000530 0.007010 0.000720 
-0.001822 -0.000755 -0.001811 -0.000781 
-0.004165 0.007006 -0.005697 0.005829 
0.002318 0.000342 0.002310 0.000387 
-0.004191 -0.004257 -0.003615 -0.004756 
-0.002322 -0.000784 -0.002305 -0.000833 
0.009025 -0.000264 0.008720 0.002340 
0.003471 -0.008421 0.005781 -0.007039 
-0.004303 -0.005714 -0.003192 -0.006401 
-0.007289 0.009128 -0.010718 0.004646 
0.003615 0.009761 -0.000340 0.010403 
0.009664 0.002014 0.008396 0.005193 
0.007565 0.000137 0.007379 0.001672 
0.010248 -0.005447 0.011605 -0.000081 
0.003800 -0.007850 0.005769 -0.006541 
0.001873 -0.002213 0.001938 -0.002156 
-0.008830 -0.001185 -0.008145 -0.003610 
-0.001205 0.000357 -0.001207 0.000350 
-0.008400 -0.006250 -0.005375 -0.008985 
-0.007312 0.000537 -0.007280 -0.000870 
-0.001745 -0.003984 -0.001472 -0.004093 
0.003549 -0.002766 0.003740 -0.002502 
-0.000756 0.005577 -0.001381 0.005456 
0.009246 0.000415 0.008690 0.003184 
0.004572 -0.005187 0.005387 -0.004333 
0.000865 -0.006435 0.001822 -0.006232 
-0.009237 -0.000863 -0.008542 -0.003620 
0.002379 0.010210 -0.001713 0.010343 
0.006120 -0.010172 0.010271 -0.005953 
-0.004485 -0.006201 -0.003098 -0.006998 
-0.001606 0.004745 -0.002024 0.004582 
0.005686 0.001261 0.005492 0.001940 
-0.002020 0.002510 -0.002111 0.002433 
-0.000977 -0.005695 -0.000292 -0.005771 
-0.009594 0.004847 -0.010733 0.000587 
-0.004207 0.004812 -0.004863 0.004148 
0.002862 0.005534 0.002069 0.005876 
-0.001045 -0.010473 0.003077 -0.010065 
-0.008369 -0.004898 -0.006284 -0.007386 
-0.008665 -0.007638 -0.004190 -0.010764 
-0.001772 -0.008551 0.000597 -0.008712 
0.000052 -0.011064 0.004736 -0.009999 
-0.001972 -0.000377 -0.001967 -0.000405 
-0.001410 -0.005081 -0.000899 -0.005195 
-0.002686 -0.008192 -0.000440 -0.008610 
0.001709 0.001659 0.001675 0.001693 
0.006567 0.007741 0.003338 0.009586 
0.006162 0.000178 0.006081 0.001011 
0.002289 -0.003318 0.002478 -0.003180 
0.001564 -0.002491 0.001640 -0.002442 
-0.002346 -0.008552 0.000119 -0.008867 
-0.003713 0.006681 -0.005018 0.005766 
0.009699 0.003629 0.007637 0.006995 
0.000491 -0.001328 0.000500 -0.001325 
-0.001622 0.010753 -0.005891 0.009140 
0.009565 0.007157 0.004850 0.010918 
0.000333 0.001092 0.000328 0.001093 
-0.002976 0.006406 -0.004066 0.005776 
0.007615 -0.003306 0.008191 -0.001348 
-0.005196 -0.008144 -0.002242 -0.009396 
-0.010281 -0.001602 -0.008915 -0.005365 
-0.006587 0.001291 -0.006708 0.000218 
-0.002221 0.004359 -0.002586 0.004154 
0.008187 0.007945 0.003751 0.010774 
0.005722 -0.005340 0.006746 -0.003969 
-0.001046 -0.008237 0.000996 -0.008243 
-0.003779 -0.000831 -0.003729 -0.001032 
0.001173 0.007584 -0.000438 0.007661 
0.008524 -0.001054 0.008504 0.001205 
-0.003725 -0.010318 0.000918 -0.010931 
-0.000496 -0.000452 -0.000495 -0.000452 
0.007285 -0.002229 0.007588 -0.000680 
0.001808 -0.007127 0.003144 -0.006647 
-0.005040 0.003047 -0.005378 0.002400 
-0.006088 0.003474 -0.006601 0.002357 
0.005719 -0.000594 0.005749 0.000084 
0.004260 -0.007892 0.006324 -0.006359 
0.003864 0.000416 0.003836 0.000624 
-0.003390 -0.000881 -0.003348 -0.001029 
0.003499 0.002518 0.003324 0.002745 
0.004631 0.001111 0.004526 0.001483 
-0.000685 -0.012049 0.005401 -0.010792 
-0.009284 0.005173 -0.010570 0.001108 
-0.004471 0.003082 -0.004771 0.002594 
-0.008893 0.004806 -0.010023 0.001311 
-0.002113 0.001519 -0.002149 0.001468 
-0.001294 -0.002002 -0.001253 -0.002027 
0.004334 -0.008628 0.006918 -0.006735 
0.002970 -0.008256 0.005103 -0.007138 
0.003959 -0.009232 0.006963 -0.007240 
-0.000813 0.000006 -0.000813 0.000004 
0.004250 0.002205 0.004056 0.002545 
0.003893 0.002662 0.003669 0.002963 
0.000636 -0.003141 0.000751 -0.003115 
0.006448 0.003487 0.005663 0.004654 
0.001977 0.009232 -0.001016 0.009387 
0.003233 0.011856 -0.003322 0.011831 
0.005452 0.002456 0.005094 0.003131 
-0.006808 -0.008421 -0.002790 -0.010464 
-0.004822 0.006216 -0.006069 0.005006 
0.006999 0.004767 0.005561 0.006386 
0.001493 -0.008880 0.003969 -0.008083 
-0.012262 0.003140 -0.012007 -0.004009 
-0.006456 0.007155 -0.008436 0.004659 
0.006119 0.007481 0.003328 0.009074 
0.000250 -0.010043 0.003779 -0.009308 
-0.011318 -0.001115 -0.009631 -0.006048 
-0.002567 0.004200 -0.002921 0.003962 
0.000855 -0.009491 0.003838 -0.008722 
-0.006891 -0.002901 -0.006178 -0.004211 
-0.005093 -0.000229 -0.005049 -0.000700 
-0.003863 0.008630 -0.006379 0.006978 
-0.006249 0.007746 -0.008548 0.005098 
0.009657 -0.001232 0.009517 0.002048 
0.008737 -0.002018 0.008951 0.000542 
0.008427 0.003212 0.007152 0.005493 
0.007008 0.001772 0.006557 0.003043 
-0.005628 -0.010462 0.000131 -0.011879 
-0.002301 -0.008791 0.000357 -0.009080 
-0.002387 -0.011375 0.003169 -0.011182 
-0.002695 -0.011731 0.003468 -0.011527 
-0.003598 0.003611 -0.003918 0.003262 
0.003175 -0.002553 0.003321 -0.002360 
0.002036 -0.005199 0.002602 -0.004941 
0.004077 0.004561 0.003432 0.005064 
0.004976 -0.008696 0.007713 -0.006394 
0.000062 -0.002666 0.000129 -0.002663 
-0.005945 0.001051 -0.006031 0.000269 
0.003326 0.003741 0.002978 0.004024 
0.008317 -0.003622 0.009010 -0.001054 
0.006224 0.000838 0.006044 0.001705 
0.002543 0.003065 0.002365 0.003204 
0.008530 0.003377 0.007145 0.005754 
0.003161 -0.004453 0.003617 -0.004091 
-0.006671 0.000837 -0.006719 -0.000247 
-0.001039 0.001614 -0.001060 0.001600 
0.003354 -0.007373 0.004976 -0.006391 
-0.001660 0.002606 -0.001747 0.002548 
0.007986 -0.001582 0.008135 0.000338 
0.007803 -0.010205 0.012162 -0.004137 
0.008191 -0.003008 0.008699 -0.000695 
0.007555 -0.008848 0.010804 -0.004316 
0.003784 -0.002290 0.003935 -0.002020 
0.009931 0.001705 0.008678 0.005121 
0.006206 0.001307 0.005955 0.002183 
0.008482 0.003573 0.007030 0.005941 
0.004026 0.001075 0.003951 0.001323 
0.003229 -0.003529 0.003507 -0.003254 
0.002105 -0.000741 0.002118 -0.000704 
-0.000939 -0.000089 -0.000939 -0.000092 
-0.006376 -0.003980 -0.005448 -0.005179 
-0.003934 0.003277 -0.004223 0.002895 
-0.000276 -0.000720 -0.000275 -0.000720 
0.004005 0.000442 0.003972 0.000673 
-0.001271 0.006968 -0.002494 0.006629 
-0.000783 0.001555 -0.000800 0.001546 
0.000112 -0.002446 0.000164 -0.002443 
-0.002838 -0.003856 -0.002513 -0.004076 
0.008521 -0.000345 0.008324 0.001858 
0.003552 -0.007440 0.005238 -0.006367 
0.010000 -0.006486 0.011893 -0.000802 
-0.008437 -0.001188 -0.007850 -0.003314 
0.004513 0.009892 0.000057 0.010873 
0.011110 0.002433 0.008857 0.007135 
0.005419 0.002265 0.005099 0.002915 
-0.000873 0.003957 -0.001104 0.003899 
0.004500 -0.000945 0.004559 -0.000603 
-0.001749 -0.009075 0.001060 -0.009181 
-0.001016 -0.001392 -0.001001 -0.001403 
0.009798 0.002095 0.008438 0.005404 
0.006944 0.002807 0.006246 0.004134 
0.007610 -0.008923 0.010922 -0.004272 
0.001178 -0.011802 0.006721 -0.009772 
0.004092 -0.005852 0.005086 -0.005013 
-0.000700 -0.002053 -0.000666 -0.002064 
-0.001271 0.003534 -0.001448 0.003465 
-0.002568 0.006636 -0.003721 0.006065 
0.005766 -0.002733 0.006101 -0.001868 
-0.002020 -0.012144 0.004533 -0.011446 
0.001350 -0.007018 0.002602 -0.006656 
0.001905 0.000169 0.001902 0.000194 
0.003064 -0.003540 0.003332 -0.003289 
-0.009704 0.000721 -0.009392 -0.002543 
-0.002670 -0.004282 -0.002270 -0.004507 
-0.007752 -0.004842 -0.005984 -0.006909 
-0.000521 0.000696 -0.000523 0.000694 
0.001026 -0.007777 0.002698 -0.007365 
-0.006951 0.004221 -0.007746 0.002475 
0.001189 0.006824 0.000006 0.006927 
0.007668 -0.000126 0.007525 0.001477 
0.004887 -0.004596 0.005560 -0.003754 
0.010582 -0.005060 0.011717 0.000539 
-0.004793 0.001548 -0.004914 0.001107 
-0.001299 0.005557 -0.001935 0.005368 
0.003520 0.001710 0.003421 0.001900 
0.007736 -0.008500 0.010756 -0.004050 
-0.001979 -0.011124 0.003127 -0.010858 
0.002644 0.000285 0.002636 0.000352 
-0.001611 0.002719 -0.001707 0.002660 
-0.005963 0.000540 -0.005983 -0.000227 
0.003626 0.000983 0.003572 0.001165 
-0.000136 -0.003581 0.000029 -0.003583 
-0.003564 -0.000827 -0.003521 -0.000997 
0.002379 -0.004097 0.002699 -0.003893 
-0.008740 0.004793 -0.009861 0.001453 
-0.005010 0.004740 -0.005740 0.003824 
-0.002102 -0.000013 -0.002101 -0.000046 
0.004843 0.000716 0.004764 0.001128 
-0.003700 -0.008247 -0.001168 -0.008964 
-0.002908 -0.001350 -0.002856 -0.001456 
-0.006636 -0.004167 -0.005570 -0.005512 
-0.006241 0.004195 -0.006956 0.002856 
-0.000054 0.002235 -0.000094 0.002234 
0.004519 -0.005183 0.005326 -0.004348 
0.000689 -0.002673 0.000762 -0.002653 
-0.004626 -0.004239 -0.003986 -0.004846 
-0.001860 -0.002886 -0.001737 -0.002962 
-0.006772 -0.004626 -0.005475 -0.006106 
-0.000517 -0.003942 -0.000293 -0.003965 
-0.002546 -0.002681 -0.002412 -0.002802 
0.001332 -0.001123 0.001345 -0.001109 
0.004352 -0.007953 0.006469 -0.006352 
-0.012394 0.001939 -0.011517 -0.004972 
0.006103 -0.000784 0.006153 0.000047 
-0.000327 -0.000500 -0.000326 -0.000500 
0.003705 0.007901 0.001444 0.008607 
-0.000987 -0.010855 0.003575 -0.010297 
-0.013280 -0.001226 -0.009956 -0.008874 
-0.003584 -0.004209 -0.003104 -0.004575 
-0.000149 -0.006033 0.000635 -0.006001 
-0.007300 0.002983 -0.007778 0.001299 
0.004018 0.005558 0.003031 0.006152 
0.008554 -0.005283 0.009870 -0.001916 
-0.001892 -0.010275 0.002159 -0.010222 
-0.008473 -0.002302 -0.007527 -0.004521 
-0.002165 0.001454 -0.002200 0.001401 
0.005449 0.002903 0.005004 0.003616 
0.000809 -0.005369 0.001369 -0.005254 
-0.008546 -0.003590 -0.007060 -0.006006 
0.002737 -0.002586 0.002865 -0.002444 
-0.001719 -0.011734 0.004149 -0.011109 
-0.009426 -0.006881 -0.005110 -0.010492 
-0.000342 0.002484 -0.000398 0.002476 
-0.003871 0.004142 -0.004320 0.003671 
-0.001596 0.000839 -0.001606 0.000821 
-0.001709 0.000050 -0.001709 0.000032 
0.004084 0.006126 0.002827 0.006798 
-0.001572 0.004014 -0.001835 0.003901 
0.001355 0.006690 0.000227 0.006822 
-0.001399 -0.000560 -0.001394 -0.000571 
0.010474 -0.000762 0.009963 0.003320 
0.003363 -0.008153 0.005472 -0.006917 
0.007290 -0.001923 0.007528 -0.000412 
0.007184 -0.007842 0.009690 -0.004383 
0.004492 -0.003850 0.004938 -0.003259 
0.009674 0.002341 0.008261 0.005551 
0.006154 0.001133 0.005936 0.001980 
0.008853 -0.001318 0.008865 0.001237 
0.001629 -0.006381 0.002595 -0.006053 
0.001788 -0.003548 0.001985 -0.003442 
0.001392 -0.002203 0.001445 -0.002169 
0.008438 -0.004537 0.009450 -0.001575 
-0.008746 -0.001812 -0.007883 -0.004199 
-0.002187 -0.000150 -0.002184 -0.000188 
0.002680 -0.006462 0.003764 -0.005897 
-0.004643 -0.010280 0.000347 -0.011275 
-0.009662 0.002298 -0.009861 -0.001181 
-0.003914 0.003724 -0.004281 0.003296 
-0.005579 0.007827 -0.007816 0.005594 
-0.000860 -0.006007 -0.000064 -0.006068 
-0.000536 -0.001842 -0.000512 -0.001849 
0.003746 -0.007045 0.005240 -0.006018 
-0.009182 0.006689 -0.011200 0.001901 
0.003085 0.011435 -0.002793 0.011509 
0.004835 0.008986 0.001235 0.010129 
0.002813 0.003264 0.002590 0.003443 
0.000079 -0.003582 0.000244 -0.003574 
-0.011546 0.003416 -0.011722 -0.002754 
-0.012314 0.003394 -0.012147 -0.003950 
-0.003685 0.000160 -0.003688 -0.000019 
-0.000821 0.003768 -0.001020 0.003719 
0.004318 0.005485 0.003302 0.006151 
-0.002755 -0.002694 -0.002608 -0.002836 
-0.000612 0.000285 -0.000612 0.000284 
0.002571 -0.009580 0.005715 -0.008107 
-0.000425 0.000332 -0.000425 0.000332 
0.005269 -0.003667 0.005751 -0.002854 
-0.006195 -0.004707 -0.005039 -0.005928 
-0.003600 -0.000812 -0.003556 -0.000986 
0.001384 0.000414 0.001381 0.000424 
-0.007428 -0.000086 -0.007267 -0.001540 
-0.008308 0.001044 -0.008307 -0.001050 
-0.003309 0.008459 -0.005626 0.007131 
-0.000034 0.000867 -0.000037 0.000867 
0.006857 -0.002475 0.007201 -0.001135 
0.003020 0.002093 0.002916 0.002236 
0.005940 -0.000415 0.005944 0.000340 
0.002323 -0.009716 0.005571 -0.008293 
-0.002351 -0.000193 -0.002347 -0.000239 
0.002274 0.003305 0.002080 0.003431 
-0.002832 0.003101 -0.003021 0.002916 
0.005518 -0.000139 0.005500 0.000462 
-0.005874 -0.000794 -0.005728 -0.001523 
-0.003282 0.005512 -0.004054 0.004971 
0.003685 -0.004245 0.004140 -0.003802 
-0.010030 -0.002419 -0.008413 -0.005972 
-0.002814 -0.000207 -0.002807 -0.000287 
0.001188 -0.006597 0.002228 -0.006322 
0.004064 0.000594 0.004020 0.000837 
0.003675 -0.008386 0.005987 -0.006927 
-0.004256 -0.004509 -0.003598 -0.005049 
-0.005035 0.006261 -0.006334 0.004943 
0.003106 0.003597 0.002805 0.003836 
0.004760 -0.002958 0.005061 -0.002406 
0.006483 0.000741 0.006296 0.001716 
0.003154 0.002954 0.002950 0.003157 
-0.002011 -0.001793 -0.001964 -0.001844 
-0.003321 -0.005761 -0.002373 -0.006212 
0.001109 -0.004024 0.001358 -0.003947 
-0.000675 0.002987 -0.000775 0.002962 
0.004605 -0.004051 0.005106 -0.003397 
0.008117 -0.001243 0.008179 0.000732 
-0.009716 -0.010186 -0.000749 -0.014057 
-0.008492 -0.004059 -0.006805 -0.006503 
-0.002979 -0.002364 -0.002853 -0.002514 
-0.002235 -0.001060 -0.002212 -0.001108 
-0.000526 -0.007470 0.000972 -0.007425 
-0.006509 0.000685 -0.006538 -0.000316 
-0.002185 0.009408 -0.005145 0.008174 
-0.000543 0.007044 -0.001785 0.006835 
-0.003022 0.003004 -0.003210 0.002802 
0.001604 -0.002959 0.001722 -0.002892 
0.002174 -0.000853 0.002191 -0.000811 
-0.002724 -0.002752 -0.002573 -0.002894 
0.004080 0.008071 0.001580 0.008905 
0.005578 -0.000956 0.005650 -0.000312 
-0.003183 -0.000539 -0.003161 -0.000658 
0.009108 0.000077 0.008687 0.002736 
-0.007103 -0.009182 -0.002038 -0.011429 
-0.000990 -0.007669 0.000659 -0.007704 
0.003941 -0.003064 0.004198 -0.002701 
0.003911 0.003384 0.003570 0.003742 
-0.000010 0.004887 -0.000427 0.004868 
0.007211 0.006941 0.004320 0.009028 
-0.001533 0.000579 -0.001538 0.000564 
-0.002037 0.000297 -0.002042 0.000266 
0.004409 -0.000158 0.004409 0.000149 
-0.003990 0.004542 -0.004548 0.003983 
0.009038 -0.010544 0.013682 -0.002384 
0.002375 0.000371 0.002367 0.000420 
0.001570 0.009115 -0.001248 0.009164 
-0.000297 0.007369 -0.001715 0.007173 
-0.004057 -0.000313 -0.004032 -0.000553 
0.009685 0.007674 0.004293 0.011587 
0.011363 -0.000026 0.010185 0.005038 
0.009817 -0.002287 0.009989 0.001351 
-0.008066 -0.000687 -0.007686 -0.002541 
-0.002644 -0.000197 -0.002638 -0.000264 
-0.008575 -0.006914 -0.004874 -0.009879 
-0.007958 0.009670 -0.011883 0.003956 
-0.002220 -0.000222 -0.002215 -0.000262 
-0.006259 -0.006512 -0.004121 -0.008037 
-0.008061 0.000320 -0.007917 -0.001547 
-0.010062 -0.002534 -0.008374 -0.006127 
-0.002393 -0.000967 -0.002369 -0.001024 
0.001153 -0.002933 0.001256 -0.002890 
0.002199 0.000907 0.002180 0.000951 
-0.008033 -0.004191 -0.006477 -0.006336 
-0.009994 -0.001500 -0.008799 -0.004971 
-0.009512 0.001264 -0.009410 -0.001879 
-0.007331 -0.000813 -0.007036 -0.002215 
-0.002333 -0.000689 -0.002317 -0.000738 
-0.004163 0.003309 -0.004476 0.002872 
0.004317 0.004530 0.003642 0.005088 
0.005625 0.009739 0.000803 0.011218 
0.011045 -0.002982 0.011202 0.002321 
0.010621 -0.001067 0.010174 0.003229 
0.008602 -0.004433 0.009581 -0.001360 
0.005707 -0.005544 0.006806 -0.004122 
-0.002204 -0.000880 -0.002186 -0.000924 
0.000183 0.001424 0.000173 0.001426 
-0.001674 0.008691 -0.004011 0.007889 
-0.003265 0.004853 -0.003832 0.004418 
0.001880 -0.003357 0.002055 -0.003253 
0.004023 -0.000428 0.004041 -0.000192 
-0.003327 0.003162 -0.003555 0.002903 
0.010924 0.006823 0.005243 0.011765 
-0.004080 -0.003504 -0.003696 -0.003906 
-0.005418 -0.002472 -0.005062 -0.003137 
0.001537 0.008167 -0.000506 0.008295 
-0.001897 -0.003856 -0.001638 -0.003973 
-0.007193 -0.005670 -0.005196 -0.007542 
0.004029 -0.000322 0.004041 -0.000087 
-0.002031 -0.011882 0.004137 -0.011323 
0.004800 -0.003758 0.005256 -0.003089 
0.001243 -0.008297 0.003270 -0.007726 
-0.001803 -0.007044 -0.000448 -0.007257 
0.002328 -0.005566 0.003031 -0.005217 
-0.000174 -0.000173 -0.000174 -0.000173 
-0.004551 -0.000592 -0.004494 -0.000933 
0.007752 0.003625 0.006550 0.005508 
0.003517 -0.007410 0.005181 -0.006359 
-0.010753 -0.006867 -0.005207 -0.011648 
0.002486 0.004896 0.001945 0.005135 
0.007150 0.005545 0.005246 0.007372 
0.000565 0.003155 0.000448 0.003173 
0.000028 0.003188 -0.000088 0.003187 
0.007021 -0.003246 0.007550 -0.001681 
0.000694 -0.006235 0.001561 -0.006076 
-0.007971 -0.000059 -0.007753 -0.001854 
0.005244 -0.002553 0.005515 -0.001897 
0.006329 -0.006544 0.007964 -0.004411 
0.002750 -0.007815 0.004567 -0.006913 
-0.002228 -0.006545 -0.001082 -0.006829 
0.004713 -0.004014 0.005217 -0.003332 
0.008680 0.002702 0.007517 0.005113 
-0.004011 0.003079 -0.004275 0.002700 
-0.002288 0.005896 -0.003105 0.005509 
0.007401 -0.001496 0.007550 0.000033 
0.005091 -0.006463 0.006492 -0.005054 
0.003363 -0.008971 0.006075 -0.007408 
-0.012265 0.001735 -0.011370 -0.004917 
-0.007674 0.007360 -0.009950 0.003748 
0.001046 0.004617 0.000673 0.004686 
-0.002456 -0.007913 -0.000460 -0.008273 
0.002296 0.004210 0.001943 0.004384 
0.004909 0.005186 0.003887 0.005990 
-0.004091 0.003516 -0.004434 0.003072 
0.004584 0.004809 0.003771 0.005470 
0.000048 0.004706 -0.000325 0.004695 
0.001040 0.003187 0.000911 0.003226 
-0.003800 0.001035 -0.003851 0.000823 
-0.000331 -0.000387 -0.000331 -0.000387 
-0.000762 0.004689 -0.001137 0.004612 
0.001758 -0.003741 0.001983 -0.003627 
-0.001920 -0.000703 -0.001909 -0.000732 
0.010556 -0.004271 0.011352 0.000901 
-0.000470 -0.010810 0.003966 -0.010067 
0.003820 -0.002584 0.004005 -0.002287 
0.009214 -0.004542 0.010239 -0.000828 
-0.007806 -0.001269 -0.007330 -0.002969 
-0.006336 0.003917 -0.006983 0.002591 
0.001374 -0.004350 0.001694 -0.004236 
0.000469 -0.007104 0.001742 -0.006903 
-0.008970 -0.000950 -0.008321 -0.003483 
-0.003681 0.008891 -0.006372 0.007212 
-0.007543 0.009343 -0.011170 0.004409 
-0.005005 0.005139 -0.005861 0.004136 
-0.009003 -0.002553 -0.007779 -0.005203 
0.003974 0.002814 0.003721 0.003141 
0.002761 0.009346 -0.000510 0.009732 
0.002879 0.011565 -0.003109 0.011505 
-0.001138 -0.000378 -0.001136 -0.000384 
-0.001260 -0.002043 -0.001218 -0.002069 
0.003878 0.005535 0.002927 0.006092 
-0.000206 0.002510 -0.000263 0.002504 
-0.002233 0.000156 -0.002235 0.000116 
0.004100 -0.003312 0.004408 -0.002889 
-0.003598 -0.004458 -0.003052 -0.004849 
-0.004540 -0.001129 -0.004438 -0.001480 
-0.002591 0.005042 -0.003152 0.004711 
-0.003698 -0.001714 -0.003590 -0.001930 
-0.004788 -0.001862 -0.004592 -0.002305 
-0.007769 0.009220 -0.011322 0.004144 
-0.003584 0.006850 -0.004955 0.005934 
-0.006942 0.000252 -0.006882 -0.000943 
-0.004340 -0.004841 -0.003562 -0.005440 
-0.004231 -0.002905 -0.003939 -0.003290 
0.007283 0.003206 0.006378 0.004759 
-0.008077 -0.001500 -0.007484 -0.003386 
0.004489 0.006577 0.002896 0.007417 
0.007473 -0.005229 0.008677 -0.002809 
-0.000415 0.000556 -0.000416 0.000556 
0.008149 0.004102 0.006588 0.006311 
0.008254 0.004149 0.006626 0.006438 
0.008761 0.004513 0.006702 0.007225 
0.001982 0.003133 0.001825 0.003226 
0.006989 0.004430 0.005706 0.005992 
0.010065 -0.007502 0.012516 -0.000966 
-0.004709 0.001995 -0.004875 0.001546 
0.002011 0.012778 -0.005535 0.011691 
-0.000610 0.003486 -0.000766 0.003455 
-0.000004 -0.005924 0.000737 -0.005878 
-0.007285 -0.000591 -0.007041 -0.001963 
-0.004962 -0.005471 -0.003807 -0.006329 
0.006075 0.001332 0.005833 0.002157 
0.006447 -0.004423 0.007252 -0.002920 
0.004068 0.000312 0.004043 0.000553 
-0.004824 -0.003028 -0.004441 -0.003566 
0.000378 -0.003483 0.000530 -0.003463 
-0.005553 -0.003081 -0.005053 -0.003848 
0.002144 0.006666 0.000948 0.006938 
0.000032 -0.009848 0.003377 -0.009251 
-0.004145 -0.004992 -0.003350 -0.005557 
-0.001898 -0.009466 0.001303 -0.009566 
-0.011616 0.007754 -0.013883 -0.001518 
-0.007264 0.006427 -0.008979 0.003669 
-0.002300 -0.001147 -0.002272 -0.001201 
-0.000301 -0.000575 -0.000300 -0.000576 
0.004791 0.002464 0.004510 0.002947 
0.000078 -0.004850 0.000486 -0.004826 
-0.002488 0.002909 -0.002637 0.002775 
-0.001954 0.001484 -0.001985 0.001442 
0.001524 0.011131 -0.003483 0.010681 
0.007833 -0.009991 0.012012 -0.004109 
0.002295 -0.004713 0.002747 -0.004466 
-0.004602 0.004056 -0.005105 0.003402 
0.001096 0.002282 0.001043 0.002306 
-0.005135 0.003082 -0.005487 0.002400 
-0.009629 0.002620 -0.009938 -0.000901 
-0.004744 0.006679 -0.006195 0.005360 
0.001128 -0.001714 0.001154 -0.001697 
-0.000272 0.003936 -0.000491 0.003915 
0.007179 0.002227 0.006586 0.003623 
0.000505 0.006870 -0.000663 0.006856 
-0.004936 0.007546 -0.006892 0.005815 
0.001441 0.000033 0.001441 0.000044 
-0.007993 -0.008641 -0.002924 -0.011402 
-0.007965 -0.005332 -0.005819 -0.007616 
-0.003262 -0.004205 -0.002820 -0.004513 
0.001617 0.000770 0.001608 0.000788 
0.002277 -0.004529 0.002683 -0.004301 
0.000217 -0.001334 0.000226 -0.001332 
-0.004410 0.003883 -0.004854 0.003310 
-0.002278 0.005370 -0.002913 0.005054 
0.007851 0.002006 0.007169 0.003778 
0.002247 0.001231 0.002218 0.001283 
-0.000318 0.001662 -0.000335 0.001658 
-0.005445 -0.000755 -0.005332 -0.001338 
0.004078 -0.003288 0.004380 -0.002873 
-0.007740 0.009082 -0.011185 0.004157 
-0.004650 0.003859 -0.005113 0.003221 
0.001314 -0.004011 0.001567 -0.003919 
-0.002188 -0.009323 0.000932 -0.009531 
0.001446 0.005701 0.000731 0.005836 
0.004532 0.002495 0.004273 0.002917 
0.004037 0.001100 0.003961 0.001351 
0.003385 -0.008199 0.005528 -0.006937 
-0.009225 -0.002257 -0.008034 -0.005065 
0.003783 -0.002980 0.004017 -0.002656 
0.005264 -0.004892 0.006073 -0.003842 
0.000321 -0.002288 0.000365 -0.002282 
-0.007758 0.004723 -0.008796 0.002264 
0.009029 0.000893 0.008382 0.003475 
-0.009759 -0.008399 -0.003402 -0.012419 
-0.009034 0.004332 -0.009980 0.000882 
-0.003714 -0.003790 -0.003314 -0.004144 
0.000772 -0.001660 0.000792 -0.001651 
0.008613 -0.008328 0.011593 -0.003025 
-0.001636 -0.011432 0.003794 -0.010907 
-0.010881 -0.008044 -0.003732 -0.013006 
-0.007470 -0.003140 -0.006535 -0.004792 
0.000732 -0.003095 0.000843 -0.003066 
-0.004529 -0.005041 -0.003644 -0.005714 
0.006179 -0.001753 0.006370 -0.000826 
-0.004729 -0.001387 -0.004591 -0.001792 
0.010974 -0.001764 0.010674 0.003096 
0.001474 -0.000819 0.001482 -0.000804 
-0.000321 0.006506 -0.001301 0.006383 
0.004666 0.000485 0.004614 0.000850 
-0.001578 -0.001579 -0.001550 -0.001607 
0.002953 0.003632 0.002660 0.003852 
0.000170 -0.000539 0.000171 -0.000539 
0.003501 -0.005674 0.004355 -0.005048 
0.002689 0.001291 0.002646 0.001376 
-0.003785 -0.000680 -0.003744 -0.000879 
-0.003498 -0.001438 -0.003420 -0.001615 
0.001609 0.005790 0.000850 0.005949 
0.007216 -0.005827 0.008642 -0.003368 
-0.009601 -0.006761 -0.005257 -0.010500 
-0.002733 -0.005376 -0.002013 -0.005685 
0.003096 0.002601 0.002939 0.002777 
0.007785 0.003549 0.006601 0.005443 
0.011169 -0.001684 0.010769 0.003408 
0.000465 -0.002642 0.000533 -0.002629 
-0.005959 -0.004112 -0.005089 -0.005151 
-0.000044 0.002782 -0.000121 0.002780 
0.004328 -0.007313 0.006052 -0.005966 
-0.003841 -0.009505 -0.000085 -0.010252 
-0.008049 0.001610 -0.008201 -0.000357 
-0.007678 -0.002252 -0.006966 -0.003935 
-0.001895 -0.008292 0.000290 -0.008501 
-0.003044 -0.012551 0.004531 -0.012094 
0.004941 -0.004157 0.005504 -0.003377 
0.003169 0.003284 0.002916 0.003510 
-0.002511 -0.001074 -0.002482 -0.001140 
0.007474 -0.000413 0.007407 0.001082 
-0.002111 -0.010823 0.002645 -0.010705 
0.000736 0.006647 -0.000332 0.006680 
0.011052 0.001369 0.009396 0.005978 
0.008834 0.000400 0.008380 0.002822 
0.001849 -0.001519 0.001880 -0.001481 
0.001441 -0.001228 0.001457 -0.001209 
-0.008604 0.006119 -0.010304 0.002300 
-0.002525 0.002049 -0.002601 0.001952 
-0.000839 0.001111 -0.000847 0.001105 
0.004787 0.001689 0.004612 0.002122 
-0.001660 -0.002705 -0.001561 -0.002764 
0.000614 -0.000753 0.000617 -0.000750 
0.003886 -0.007109 0.005432 -0.006010 
0.003407 -0.003117 0.003634 -0.002849 
-0.004279 -0.009194 -0.000688 -0.010117 
-0.009699 0.001237 -0.009552 -0.002086 
-0.002113 0.006208 -0.003039 0.005811 
0.005737 -0.001191 0.005840 -0.000479 
-0.000233 -0.005077 0.000236 -0.005076 
0.000406 -0.000419 0.000407 -0.000418 
0.004986 -0.000687 0.005028 -0.000233 
-0.003811 -0.005700 -0.002803 -0.006258 
-0.008903 0.006260 -0.010689 0.002048 
0.008441 0.000654 0.007999 0.002773 
0.001308 -0.010760 0.005583 -0.009291 
0.002979 -0.001501 0.003037 -0.001382 
0.003169 0.003331 0.002908 0.003561 
-0.008106 0.000707 -0.008046 -0.001213 
-0.006544 0.008376 -0.009310 0.005129 
-0.002462 -0.001017 -0.002435 -0.001079 
-0.007252 -0.004702 -0.005754 -0.006449 
-0.002617 0.001340 -0.002657 0.001259 
0.007452 0.001379 0.007014 0.002870 
0.000269 -0.002637 0.000335 -0.002629 
-0.000840 0.011138 -0.005564 0.009685 
0.000163 0.005895 -0.000569 0.005869 
0.002423 0.009038 -0.000479 0.009345 
0.009054 0.002038 0.008011 0.004687 
0.007242 0.000947 0.006931 0.002303 
0.007919 0.004990 0.005996 0.007187 
0.008167 0.004331 0.006486 0.006588 
0.002917 0.006059 0.001904 0.006450 
-0.002315 0.003748 -0.002570 0.003579 
-0.000328 0.002359 -0.000376 0.002352 
-0.008440 0.007905 -0.011130 0.003135 
0.000473 0.005702 -0.000196 0.005718 
-0.000790 0.003036 -0.000897 0.003006 
0.005469 0.004721 0.004498 0.005654 
-0.003084 0.005531 -0.003842 0.005034 
0.002756 0.000407 0.002743 0.000483 
-0.003459 -0.005325 -0.002658 -0.005766 
0.002388 0.004096 0.002051 0.004275 
0.002728 0.002895 0.002560 0.003044 
0.007895 0.003192 0.006812 0.005110 
-0.000935 -0.001615 -0.000915 -0.001626 
-0.004192 -0.004901 -0.003419 -0.005468 
-0.005589 -0.009060 -0.001565 -0.010529 
-0.009901 0.007817 -0.012553 0.001250 
0.002538 0.011721 -0.003555 0.011453 
-0.002876 0.007304 -0.004402 0.006499 
-0.003244 0.000982 -0.003282 0.000847 
-0.004422 0.007283 -0.006143 0.005904 
0.002254 0.006492 0.001131 0.006778 
0.007683 -0.008934 0.011012 -0.004195 
-0.003503 0.002848 -0.003702 0.002586 
0.011417 0.008290 0.003229 0.013735 
0.003215 0.004840 0.002609 0.005192 
-0.003470 -0.000121 -0.003462 -0.000270 
-0.008030 -0.001778 -0.007371 -0.003650 
-0.005183 0.004854 -0.005969 0.003846 
-0.002063 0.006321 -0.003032 0.005917 
-0.004990 0.007206 -0.006757 0.005582 
-0.004228 -0.000841 -0.004163 -0.001120 
-0.002006 0.003878 -0.002265 0.003732 
-0.001208 0.003159 -0.001336 0.003107 
-0.007903 0.008693 -0.011078 0.003911 
0.003538 0.009725 -0.000352 0.010343 
0.002957 0.006031 0.001950 0.006428 
0.000218 -0.000362 0.000218 -0.000362 
-0.009738 0.002426 -0.009969 -0.001161 
-0.005695 -0.000996 -0.005536 -0.001668 
-0.002801 -0.004588 -0.002313 -0.004853 
-0.004159 -0.002708 -0.003905 -0.003064 
0.001512 0.011512 -0.003998 0.010901 
-0.007953 0.002127 -0.008232 0.000156 
-0.012507 0.002628 -0.011883 -0.004704 
-0.006709 0.009767 -0.010582 0.005333 
0.002820 0.001540 0.002761 0.001643 
0.002438 -0.002478 0.002543 -0.002370 
-0.001964 0.001462 -0.001995 0.001419 
-0.004061 -0.002723 -0.003814 -0.003060 
-0.002869 -0.008621 -0.000237 -0.009083 
-0.002589 -0.011601 0.003349 -0.011405 
0.000284 -0.009964 0.003732 -0.009243 
0.004344 -0.003402 0.004688 -0.002910 
0.002729 -0.006720 0.003937 -0.006091 
-0.009108 -0.001204 -0.008339 -0.003857 
-0.005982 -0.002918 -0.005447 -0.003824 
-0.001021 0.004852 -0.001443 0.004744 
0.001613 0.001114 0.001597 0.001136 
0.000409 0.005077 -0.000064 0.005093 
-0.000124 -0.004997 0.000323 -0.004988 
0.004275 0.000329 0.004244 0.000609 
0.003238 -0.009130 0.006064 -0.007554 
0.002272 -0.004093 0.002586 -0.003903 
0.001435 -0.003292 0.001585 -0.003222 
-0.003297 0.009203 -0.006190 0.007566 
0.006788 -0.004119 0.007537 -0.002498 
-0.005501 -0.008946 -0.001641 -0.010373 
-0.005100 -0.003253 -0.004632 -0.003890 
0.002072 0.000128 0.002070 0.000160 
-0.010701 0.005418 -0.011982 -0.000549 
-0.003387 0.007137 -0.004882 0.006211 
-0.006534 -0.000557 -0.006371 -0.001551 
-0.003527 -0.003339 -0.003234 -0.003624 
-0.000867 -0.003297 -0.000729 -0.003330 
0.001549 0.001282 0.001530 0.001304 
0.002801 -0.005688 0.003587 -0.005228 
-0.005198 0.003040 -0.005547 0.002343 
-0.001434 0.011564 -0.006665 0.009558 
-0.002119 0.006087 -0.002997 0.005706 
0.005599 0.000825 0.005468 0.001460 
-0.000668 -0.010009 0.002899 -0.009603 
-0.009194 0.006987 -0.011376 0.001988 
-0.002011 -0.000114 -0.002009 -0.000143 
0.001100 -0.003723 0.001299 -0.003658 
0.004979 0.000171 0.004944 0.000612 
-0.000250 0.000637 -0.000252 0.000637 
0.000751 -0.005564 0.001372 -0.005444 
0.003425 -0.009018 0.006183 -0.007405 
-0.009103 0.003375 -0.009707 0.000174 
-0.000840 0.010530 -0.004864 0.009377 
0.004762 0.000647 0.004693 0.001038 
-0.005024 -0.001454 -0.004858 -0.001937 
0.004414 0.001055 0.004324 0.001377 
-0.007370 -0.008121 -0.003313 -0.010455 
-0.010764 0.002829 -0.010938 -0.002057 
0.000186 0.001770 0.000166 0.001772 
0.003328 -0.009712 0.006669 -0.007805 
0.001126 -0.007308 0.002524 -0.006950 
-0.005013 -0.009896 -0.000320 -0.011089 
-0.008935 0.005168 -0.010216 0.001476 
0.007668 0.009997 0.001091 0.012551 
0.007224 -0.010504 0.011804 -0.004814 
0.007678 -0.000786 0.007671 0.000855 
0.007766 0.003652 0.006547 0.005547 
0.001678 0.002067 0.001625 0.002109 
0.004096 0.005393 0.003161 0.005990 
-0.000548 -0.000302 -0.000548 -0.000303 
0.004393 0.001635 0.004251 0.001975 
0.001819 -0.006619 0.002903 -0.006220 
-0.004450 -0.001879 -0.004277 -0.002244 
-0.001293 -0.003161 -0.001160 -0.003212 
-0.001741 -0.002383 -0.001666 -0.002436 
-0.002458 -0.007748 -0.000577 -0.008108 
0.001080 0.010975 -0.003644 0.010408 
0.012370 -0.000506 0.010822 0.006014 
0.006298 -0.000717 0.006336 0.000192 
0.002215 -0.004229 0.002552 -0.004035 
-0.006417 -0.007696 -0.003304 -0.009459 
-0.007420 0.000138 -0.007304 -0.001317 
-0.004685 -0.004542 -0.003942 -0.005200 
-0.008721 0.000989 -0.008661 -0.001421 
0.010791 0.007201 0.004819 0.012045 
0.008338 0.003458 0.006993 0.005707 
-0.000713 0.001534 -0.000728 0.001526 
-0.007275 0.007384 -0.009513 0.004118 
-0.002590 -0.002456 -0.002476 -0.002571 
-0.008183 -0.003967 -0.006672 -0.006180 
-0.004405 -0.000574 -0.004354 -0.000883 
-0.001305 0.003712 -0.001508 0.003634 
0.009593 -0.000834 0.009342 0.002334 
-0.003929 -0.006717 -0.002394 -0.007405 
-0.002583 -0.002567 -0.002458 -0.002686 
-0.007130 -0.001877 -0.006633 -0.003219 
0.007577 0.000409 0.007334 0.001949 
0.005579 -0.007362 0.007533 -0.005346 
0.002793 -0.000008 0.002792 0.000070 
-0.001724 -0.001637 -0.001691 -0.001672 
-0.009485 0.006433 -0.011369 0.001443 
0.003828 -0.003357 0.004123 -0.002988 
-0.002077 -0.000685 -0.002065 -0.000720 
-0.004347 -0.003670 -0.003894 -0.004148 
-0.006451 0.004692 -0.007343 0.003116 
-0.000723 0.004310 -0.001016 0.004251 
-0.005464 -0.004545 -0.004559 -0.005452 
-0.002806 0.005032 -0.003382 0.004664 
0.006540 -0.002238 0.006825 -0.001094 
-0.007025 -0.007885 -0.003412 -0.009994 
-0.006458 0.007944 -0.008918 0.005029 
-0.001057 0.002948 -0.001160 0.002909 
-0.007795 0.005660 -0.009213 0.002812 
-0.000126 0.010767 -0.004453 0.009804 
-0.000091 -0.007985 0.001716 -0.007799 
0.003229 0.005285 0.002476 0.005677 
0.003285 0.004821 0.002675 0.005184 
-0.004355 -0.001321 -0.004246 -0.001640 
-0.005435 -0.001649 -0.005209 -0.002264 
-0.003541 0.000365 -0.003554 0.000204 
-0.002703 0.001929 -0.002777 0.001821 
0.003257 0.011615 -0.002948 0.011697 
0.001363 0.000662 0.001357 0.000674 
0.003334 -0.002754 0.003511 -0.002525 
0.007124 -0.000854 0.007160 0.000464 
0.000650 -0.002847 0.000736 -0.002826 
-0.001935 0.004166 -0.002244 0.004009 
0.004529 0.007388 0.002407 0.008325 
0.010940 -0.006376 0.012649 0.000578 
-0.003661 0.003818 -0.004024 0.003433 
-0.000798 0.011950 -0.006559 0.010021 
0.009339 0.009846 0.001362 0.013501 
0.011575 -0.000341 0.010427 0.005037 
0.000308 -0.011116 0.005035 -0.009915 
-0.007755 -0.003848 -0.006460 -0.005764 
-0.001838 -0.001271 -0.001815 -0.001304 
-0.001188 -0.002933 -0.001083 -0.002974 
-0.004249 -0.004271 -0.003661 -0.004785 
-0.001988 0.002647 -0.002090 0.002567 
-0.002893 -0.003783 -0.002577 -0.004005 
0.003275 -0.000414 0.003289 -0.000286 
0.000452 -0.003341 0.000587 -0.003320 
-0.007637 -0.003891 -0.006365 -0.005741 
-0.000256 -0.000314 -0.000256 -0.000314 
-0.003996 0.003052 -0.004255 0.002679 
0.009438 0.007039 0.004954 0.010681 
0.003113 0.007244 0.001440 0.007752 
0.002313 0.011301 -0.003120 0.011105 
0.001540 0.007689 -0.000174 0.007839 
0.011614 -0.000732 0.010620 0.004758 
0.003714 -0.008335 0.005996 -0.006879 
-0.004295 -0.001278 -0.004192 -0.001582 
0.006886 0.008051 0.003194 0.010101 
-0.005378 0.000895 -0.005443 0.000319 
0.003954 -0.002193 0.004103 -0.001899 
0.004175 -0.004401 0.004717 -0.003815 
0.003301 0.003519 0.002997 0.003781 
-0.007938 -0.000232 -0.007685 -0.002001 
0.011608 0.008409 0.002977 0.014021 
0.012757 -0.001136 0.011253 0.006116 
0.007751 0.000277 0.007513 0.001925 
0.001480 0.002586 0.001397 0.002632 
0.008638 0.002125 0.007701 0.004452 
0.000618 -0.001834 0.000643 -0.001826 
-0.007977 -0.004191 -0.006444 -0.006299 
-0.007919 0.003459 -0.008551 0.001247 
-0.000091 0.006688 -0.001155 0.006588 
0.009582 0.000625 0.008863 0.003693 
0.002320 -0.006282 0.003293 -0.005831 
-0.006724 0.002642 -0.007097 0.001348 
-0.000503 -0.005812 0.000206 -0.005830 
-0.011862 0.002439 -0.011489 -0.003828 
-0.007492 -0.001173 -0.007095 -0.002678 
0.004337 0.003407 0.003942 0.003858 
-0.004808 0.002604 -0.005059 0.002076 
0.002404 0.012147 -0.004279 0.011620 
0.001266 0.005391 0.000669 0.005498 
0.002317 -0.003295 0.002504 -0.003155 
-0.003271 0.006644 -0.004503 0.005879 
0.003533 0.003882 0.003134 0.004211 
0.000500 0.004661 0.000132 0.004686 
-0.000015 -0.004582 0.000328 -0.004570 
-0.004953 0.003456 -0.005361 0.002783 
-0.003244 0.002594 -0.003398 0.002389 
0.002377 0.001848 0.002316 0.001924 
-0.003544 -0.003860 -0.003149 -0.004189 
0.002855 0.009163 -0.000262 0.009593 
0.005380 0.002535 0.005017 0.003193 
-0.003018 0.002254 -0.003128 0.002098 
0.005577 0.010639 -0.000397 0.012005 
0.008899 -0.004492 0.009906 -0.001115 
-0.003576 -0.002606 -0.003385 -0.002850 
-0.001131 0.011132 -0.005839 0.009545 
-0.000959 0.008099 -0.002840 0.007645 
0.003794 0.002745 0.003567 0.003034 
-0.000522 -0.008110 0.001390 -0.008007 
-0.001242 -0.009493 0.001880 -0.009388 
-0.011233 -0.000139 -0.010048 -0.005025 
-0.003920 0.008215 -0.006148 0.006712 
0.001074 -0.000520 0.001077 -0.000514 
-0.004221 -0.000178 -0.004201 -0.000447 
-0.000391 -0.007573 0.001164 -0.007493 
-0.004138 -0.004600 -0.003471 -0.005122 
-0.004226 0.005859 -0.005239 0.004973 
-0.001678 0.002368 -0.001748 0.002316 
-0.006500 0.002201 -0.006777 0.001081 
0.010213 0.007187 0.004863 0.011503 
0.011243 0.000531 0.009876 0.005398 
0.002647 0.001562 0.002593 0.001651 
-0.001829 -0.006840 -0.000580 -0.007057 
-0.007225 0.000031 -0.007105 -0.001311 
-0.001383 0.003400 -0.001545 0.003329 
0.005757 0.000198 0.005693 0.000878 
-0.003140 -0.003368 -0.002876 -0.003596 
-0.004458 0.003419 -0.004815 0.002895 
-0.007458 0.007872 -0.010022 0.004142 
0.004743 0.001653 0.004575 0.002074 
0.003000 -0.006326 0.004057 -0.005706 
0.004745 -0.004737 0.005442 -0.003916 
0.005401 0.004998 0.004339 0.005944 
0.005321 -0.004461 0.006008 -0.003482 
-0.004214 0.002838 -0.004457 0.002438 
0.001710 -0.002033 0.001761 -0.001989 
-0.005737 -0.001319 -0.005530 -0.002018 
-0.004351 -0.004330 -0.003730 -0.004875 
0.001150 0.000842 0.001144 0.000850 
-0.005776 -0.008687 -0.002048 -0.010229 
-0.009599 0.006115 -0.011320 0.001183 
-0.004850 0.007646 -0.006853 0.005918 
-0.000152 -0.000171 -0.000152 -0.000171 
0.001056 -0.007826 0.002761 -0.007399 
-0.005455 -0.001988 -0.005176 -0.002630 
0.006504 0.004055 0.005516 0.005322 
-0.002844 -0.004581 -0.002353 -0.004851 
-0.001050 0.000648 -0.001053 0.000643 
-0.002087 0.008036 -0.003985 0.007284 
0.010257 -0.005835 0.011799 -0.000228 
-0.003272 -0.009311 0.000102 -0.009868 
-0.007148 -0.000666 -0.006905 -0.001964 
-0.010992 -0.000192 -0.009901 -0.004778 
-0.001097 0.000774 -0.001102 0.000767 
-0.006152 -0.010805 0.000437 -0.012426 
-0.008005 -0.004652 -0.006228 -0.006850 
0.001507 -0.005284 0.002068 -0.005091 
0.000497 0.001147 0.000491 0.001150 
0.002252 -0.001954 0.002313 -0.001882 
0.004250 -0.001690 0.004364 -0.001368 
-0.009834 -0.007656 -0.004319 -0.011690 
-0.002080 -0.007449 -0.000452 -0.007721 
0.005086 -0.004793 0.005841 -0.003836 
-0.000513 0.003590 -0.000682 0.003562 
0.002627 0.000962 0.002599 0.001035 
0.002104 -0.002640 0.002210 -0.002553 
0.005956 -0.001127 0.006053 -0.000337 
-0.001016 -0.008064 0.000899 -0.008078 
-0.007403 -0.003338 -0.006418 -0.004975 
0.003139 0.004866 0.002534 0.005207 
0.003826 -0.009042 0.006656 -0.007217 
0.004637 -0.004791 0.005337 -0.003997 
0.003187 -0.008322 0.005391 -0.007096 
-0.001386 -0.007432 0.000151 -0.007559 
0.001778 -0.007989 0.003622 -0.007339 
-0.001059 -0.006140 -0.000199 -0.006227 
-0.008574 0.002489 -0.008928 -0.000023 
0.000086 0.001671 0.000070 0.001671 
0.004849 -0.006825 0.006390 -0.005409 
0.001300 -0.009100 0.003949 -0.008301 
-0.006588 -0.005832 -0.004744 -0.007410 
-0.008981 0.007540 -0.011477 0.002406 
-0.000716 0.008652 -0.002994 0.008149 
-0.002111 0.002503 -0.002205 0.002420 
-0.004889 0.005227 -0.005760 0.004249 
-0.004682 0.002798 -0.004952 0.002285 
0.005127 0.003457 0.004608 0.004123 
-0.008069 -0.003668 -0.006736 -0.005762 
-0.003680 0.004302 -0.004148 0.003853 
0.004707 -0.001252 0.004796 -0.000849 
0.001987 -0.006030 0.002833 -0.005682 
0.001547 0.003084 0.001414 0.003147 
0.007373 0.003379 0.006383 0.005004 
0.002166 0.004534 0.001749 0.004711 
-0.001876 -0.002251 -0.001806 -0.002308 
-0.001236 -0.002091 -0.001192 -0.002117 
-0.002145 -0.009721 0.001361 -0.009861 
0.003613 -0.002813 0.003813 -0.002535 
-0.009220 -0.008158 -0.003691 -0.011745 
-0.008461 0.003977 -0.009274 0.001183 
-0.003285 0.008346 -0.005518 0.007071 
-0.004351 0.005501 -0.005247 0.004655 
-0.001088 0.004401 -0.001408 0.004309 
0.009343 0.006774 0.005198 0.010304 
0.012377 -0.002780 0.011897 0.004403 
0.003479 -0.000732 0.003509 -0.000574 
-0.000434 0.002849 -0.000519 0.002835 
0.002908 -0.009118 0.005687 -0.007698 
0.001198 -0.000248 0.001200 -0.000242 
-0.001418 -0.005866 -0.000645 -0.006001 
-0.006118 0.004597 -0.006940 0.003225 
0.002098 0.008595 -0.000359 0.008840 
0.005861 0.003373 0.005234 0.004282 
0.002642 -0.009917 0.006104 -0.008250 
0.002454 -0.006910 0.003729 -0.006314 
-0.001545 -0.000009 -0.001545 -0.000022 
0.003532 0.003379 0.003231 0.003668 
0.001986 -0.009960 0.005443 -0.008574 
-0.006853 -0.007068 -0.004045 -0.008975 
-0.000948 0.005622 -0.001594 0.005474 
0.005183 -0.000465 0.005204 0.000039 
-0.003755 0.009181 -0.006689 0.007325 
0.011424 -0.003863 0.011834 0.002325 
-0.001753 0.001780 -0.001792 0.001740 
0.004651 -0.001047 0.004721 -0.000666 
0.004196 -0.003664 0.004576 -0.003177 
0.005936 0.001524 0.005678 0.002305 
0.004424 0.000134 0.004404 0.000444 
0.001135 -0.011187 0.005908 -0.009567 
0.002481 0.003462 0.002251 0.003616 
0.006149 0.006743 0.003900 0.008250 
0.004368 0.004238 0.003770 0.004777 
0.003808 -0.007795 0.005743 -0.006502 
0.004325 -0.006011 0.005413 -0.005053 
-0.003217 -0.006915 -0.001720 -0.007430 
-0.001345 0.003850 -0.001571 0.003763 
-0.004996 -0.000366 -0.004944 -0.000813 
0.000421 0.011067 -0.004319 0.010199 
0.002063 0.000561 0.002054 0.000595 
-0.004740 -0.008334 -0.001796 -0.009418 
-0.006147 -0.005158 -0.004808 -0.006425 
-0.004514 0.003041 -0.004810 0.002546 
0.003330 0.003812 0.002967 0.004101 
-0.003962 -0.001762 -0.003835 -0.002024 
-0.005546 0.002549 -0.005836 0.001790 
0.005744 0.006659 0.003708 0.007974 
0.008499 -0.006657 0.010467 -0.002646 
0.002218 -0.006003 0.003071 -0.005615 
-0.000866 -0.001950 -0.000834 -0.001964 
-0.004891 0.004160 -0.005449 0.003397 
0.002150 0.011416 -0.003393 0.011110 
0.004496 0.003745 0.004005 0.004266 
-0.005019 0.003222 -0.005387 0.002559 
-0.003103 -0.002479 -0.002958 -0.002650 
-0.000929 0.002110 -0.000969 0.002091 
0.002030 -0.010049 0.005577 -0.008602 
0.000912 0.006471 -0.000083 0.006534 
0.000230 0.002040 0.000199 0.002044 
-0.008080 0.005414 -0.009419 0.002426 
-0.002560 0.009405 -0.005547 0.008014 
-0.000377 0.000158 -0.000377 0.000158 
-0.009217 -0.006621 -0.005314 -0.010027 
-0.006968 -0.004334 -0.005733 -0.005871 
0.000857 0.004072 0.000603 0.004118 
-0.000248 0.002738 -0.000322 0.002730 
-0.007157 0.001005 -0.007219 -0.000341 
-0.008264 -0.001936 -0.007498 -0.003977 
-0.009420 -0.003573 -0.007537 -0.006685 
0.001092 -0.005339 0.001652 -0.005193 
0.002642 -0.010159 0.006340 -0.008366 
-0.003990 -0.000870 -0.003931 -0.001106 
-0.000750 0.006716 -0.001832 0.006504 
0.003518 0.000966 0.003468 0.001132 
0.004950 -0.000957 0.005017 -0.000503 
0.006019 -0.002868 0.006397 -0.001879 
0.004333 0.004147 0.003765 0.004669 
-0.000208 0.001637 -0.000224 0.001635 
0.005247 -0.006122 0.006516 -0.004749 
-0.001246 -0.000859 -0.001239 -0.000869 
0.003370 0.003797 0.003006 0.004091 
-0.000063 -0.002899 0.000025 -0.002899 
-0.005931 0.001742 -0.006113 0.000918 
0.000140 0.007462 -0.001339 0.007342 
-0.001582 0.009953 -0.005014 0.008742 
0.000756 -0.000146 0.000756 -0.000145 
-0.004205 0.003110 -0.004489 0.002684 
0.008043 0.004862 0.006135 0.007120 
0.004364 0.004587 0.003664 0.005163 
-0.001437 0.003914 -0.001677 0.003817 
-0.000973 -0.000254 -0.000972 -0.000258 
0.006592 0.000007 0.006512 0.001027 
-0.003889 -0.003566 -0.003516 -0.003935 
-0.002833 -0.002401 -0.002711 -0.002538 
-0.000577 -0.002068 -0.000542 -0.002077 
0.007569 -0.009597 0.011401 -0.004406 
0.008845 -0.000633 0.008673 0.001846 
0.008017 0.005420 0.005791 0.007753 
-0.002536 0.006761 -0.003746 0.006174 
0.000937 0.010130 -0.002791 0.009783 
0.008491 0.000497 0.008081 0.002652 
0.004124 -0.008074 0.006286 -0.006533 
-0.005222 -0.005012 -0.004197 -0.005897 
-0.003079 0.008143 -0.005147 0.007022 
0.002407 0.008543 -0.000062 0.008875 
0.008528 0.001430 0.007847 0.003632 
0.000832 0.000722 0.000829 0.000726 
-0.001221 0.002334 -0.001279 0.002303 
0.000634 -0.004434 0.000950 -0.004377 
0.000386 -0.002758 0.000463 -0.002746 
-0.004960 -0.005369 -0.003850 -0.006213 
0.010721 0.007029 0.005026 0.011794 
0.005369 0.001074 0.005224 0.001643 
-0.003845 0.004225 -0.004311 0.003749 
0.003421 0.004595 0.002860 0.004964 
0.007331 0.010369 0.000493 0.012689 
0.007512 -0.003447 0.008123 -0.001528 
0.000151 -0.006251 0.001021 -0.006169 
-0.001441 0.002043 -0.001486 0.002010 
0.002986 0.002782 0.002815 0.002954 
0.008154 -0.009545 0.011992 -0.003714 
-0.000153 -0.010959 0.004424 -0.010027 
0.001902 -0.006544 0.002957 -0.006139 
-0.007252 0.002850 -0.007696 0.001221 
0.005284 -0.002706 0.005583 -0.002021 
-0.000584 -0.000610 -0.000582 -0.000612 
0.001432 0.001105 0.001419 0.001122 
-0.006212 -0.003167 -0.005570 -0.004194 
-0.003176 0.003376 -0.003426 0.003122 
-0.006472 0.009331 -0.009947 0.005477 
-0.004583 0.004268 -0.005135 0.003585 
0.001093 -0.003481 0.001257 -0.003425 
-0.000207 -0.005456 0.000375 -0.005447 
-0.002024 0.003893 -0.002287 0.003745 
-0.001286 0.001733 -0.001315 0.001711 
-0.009327 0.005444 -0.010732 0.001200 
0.001251 0.001448 0.001232 0.001464 
0.003251 -0.005908 0.004165 -0.005304 
0.003290 -0.000362 0.003302 -0.000233 
0.004006 0.003950 0.003535 0.004377 
0.003278 -0.008777 0.005828 -0.007336 
0.005011 0.001069 0.004888 0.001534 
0.001435 -0.000219 0.001436 -0.000208 
-0.000942 0.006659 -0.002002 0.006420 
0.006564 0.005480 0.004924 0.006991 
-0.000989 0.002931 -0.001089 0.002896 
0.000233 -0.000500 0.000233 -0.000500 
0.005908 0.007224 0.003410 0.008687 
0.001367 0.000775 0.001361 0.000787 
-0.001858 0.005300 -0.002443 0.005057 
-0.001858 -0.001247 -0.001835 -0.001280 
-0.003325 -0.003147 -0.003080 -0.003387 
-0.010509 0.001432 -0.010231 -0.002796 
-0.005058 0.008510 -0.007673 0.006256 
-0.000211 0.002193 -0.000249 0.002189 
0.000943 -0.001945 0.000975 -0.001929 
0.004668 -0.003177 0.004999 -0.002625 
0.001593 -0.004561 0.001968 -0.004412 
0.000498 0.000305 0.000498 0.000305 
-0.008865 -0.000927 -0.008250 -0.003375 
-0.005820 0.003372 -0.006287 0.002390 
-0.001328 -0.006074 -0.000478 -0.006199 
-0.009651 -0.003596 -0.007633 -0.006914 
-0.001693 -0.001614 -0.001661 -0.001647 
0.003185 -0.002945 0.003376 -0.002724 
-0.000452 -0.012965 0.006966 -0.010943 
0.003580 0.003818 0.003190 0.004150 
-0.000362 0.001738 -0.000382 0.001734 
-0.006818 -0.000069 -0.006712 -0.001196 
-0.006705 0.000949 -0.006770 -0.000159 
0.002719 0.008199 0.000461 0.008626 
-0.001521 0.005346 -0.002101 0.005145 
-0.007445 0.001217 -0.007538 -0.000313 
-0.005013 0.007850 -0.007169 0.005945 
-0.007498 -0.001592 -0.007001 -0.003121 
-0.007273 0.010267 -0.011645 0.004765 
0.004295 -0.002906 0.004554 -0.002481 
0.001952 -0.004802 0.002404 -0.004592 
-0.003326 0.006998 -0.004740 0.006129 
0.011791 -0.001569 0.011074 0.004341 
0.006423 0.000667 0.006252 0.001614 
0.003201 -0.004357 0.003638 -0.003999 
-0.008133 -0.003604 -0.006803 -0.005732 
-0.006783 0.004056 -0.007513 0.002453 
0.006215 0.003573 0.005458 0.004648 
0.003664 -0.002534 0.003834 -0.002268 
0.001654 0.008479 -0.000640 0.008615 
0.004901 0.005993 0.003514 0.006898 
0.004978 -0.006154 0.006221 -0.004894 
-0.011107 0.000577 -0.010285 -0.004233 
0.000596 0.005086 0.000117 0.005120 
0.007604 -0.007984 0.010259 -0.004040 
0.003635 -0.008201 0.005813 -0.006832 
0.001882 -0.004069 0.002169 -0.003923 
0.000083 -0.007895 0.001826 -0.007682 
-0.004979 -0.002515 -0.004669 -0.003053 
0.000639 0.006705 -0.000452 0.006721 
0.004258 -0.007773 0.006246 -0.006288 
-0.011766 0.001924 -0.011215 -0.004045 
-0.010278 0.001672 -0.010147 -0.002339 
-0.003127 -0.009147 0.000046 -0.009667 
-0.002737 -0.011904 0.003698 -0.011642 
-0.011626 -0.007840 -0.003800 -0.013498 
-0.012448 -0.000392 -0.010376 -0.006888 
-0.001450 -0.001576 -0.001424 -0.001600 
0.003841 -0.003040 0.004087 -0.002700 
0.001444 -0.005132 0.001957 -0.004959 
0.003850 0.000390 0.003823 0.000595 
0.003966 -0.006905 0.005417 -0.005837 
-0.003838 -0.004549 -0.003232 -0.004997 
-0.003963 0.005397 -0.004774 0.004695 
-0.004822 -0.003698 -0.004293 -0.004301 
0.003130 0.009027 0.000070 0.009554 
-0.003391 0.001515 -0.003461 0.001346 
-0.003100 0.005507 -0.003852 0.005010 
-0.000466 -0.000005 -0.000466 -0.000005 
0.004308 0.001065 0.004222 0.001366 
0.001374 -0.003844 0.001600 -0.003755 
0.000785 -0.004227 0.001062 -0.004165 
-0.006492 -0.001888 -0.006099 -0.002919 
-0.007601 -0.003953 -0.006315 -0.005789 
-0.006136 -0.001749 -0.005817 -0.002621 
-0.002976 -0.004313 -0.002539 -0.004584 
-0.007656 -0.003390 -0.006576 -0.005183 
-0.001806 -0.008043 0.000182 -0.008241 
-0.004380 -0.009422 -0.000510 -0.010378 
-0.009908 -0.002152 -0.008473 -0.005569 
-0.007093 0.006706 -0.008926 0.003950 
-0.001305 0.008403 -0.003410 0.007790 
0.002643 -0.000110 0.002645 -0.000043 
-0.009453 0.005203 -0.010750 0.000936 
-0.003219 0.008419 -0.005495 0.007144 
0.000880 0.007948 -0.000944 0.007940 
0.009059 -0.004726 0.010159 -0.001097 
0.004836 -0.002799 0.005118 -0.002243 
0.003671 -0.007295 0.005290 -0.006221 
0.000164 0.007892 -0.001584 0.007733 
0.002860 0.008894 -0.000009 0.009342 
0.004771 -0.001933 0.004933 -0.001473 
0.005103 -0.004305 0.005722 -0.003441 
-0.000895 0.002251 -0.000942 0.002232 
0.000227 -0.004118 0.000477 -0.004097 
0.004523 0.002719 0.004231 0.003155 
-0.003005 -0.013576 0.006341 -0.012375 
-0.002209 0.000296 -0.002214 0.000256 
-0.005331 0.004306 -0.005975 0.003355 
0.003904 0.003311 0.003577 0.003662 
-0.003170 -0.006655 -0.001825 -0.007142 
-0.006395 0.002455 -0.006715 0.001352 
0.002047 -0.000915 0.002063 -0.000878 
0.001870 -0.002780 0.001980 -0.002703 
0.001941 -0.011556 0.007159 -0.009276 
-0.003972 -0.008102 -0.001479 -0.008901 
0.000189 0.011334 -0.004856 0.010242 
0.004440 0.003218 0.004069 0.003676 
-0.001797 0.005494 -0.002439 0.005240 
0.007358 -0.002898 0.007817 -0.001194 
-0.006301 -0.004174 -0.005323 -0.005366 
0.001120 0.002652 0.001041 0.002684 
0.001905 -0.007932 0.003721 -0.007260 
0.000800 -0.004065 0.001048 -0.004008 
0.002367 -0.005894 0.003190 -0.005493 
0.003236 0.000574 0.003211 0.000699 
0.000368 -0.004539 0.000703 -0.004499 
-0.002417 -0.002896 -0.002266 -0.003015 
0.000208 0.009148 -0.002499 0.008802 
0.012007 -0.002266 0.011490 0.004160 
-0.003866 -0.003805 -0.003445 -0.004189 
-0.004276 -0.005056 -0.003434 -0.005661 
-0.000282 -0.010526 0.003804 -0.009818 
-0.006782 0.002128 -0.007054 0.000875 
0.011347 -0.000397 0.010339 0.004692 
0.005918 -0.006913 0.007678 -0.004885 
0.001924 0.002179 0.001857 0.002236 
0.001607 -0.008107 0.003520 -0.007478 
-0.008462 -0.003909 -0.006862 -0.006308 
-0.001696 -0.002462 -0.001617 -0.002515 
-0.003422 -0.002395 -0.003266 -0.002604 
-0.001539 -0.004168 -0.001242 -0.004266 
-0.001833 -0.007605 -0.000139 -0.007821 
0.003514 -0.008719 0.006049 -0.007195 
0.000846 -0.001194 0.000855 -0.001187 
0.002641 0.005095 0.002024 0.005370 
0.003386 -0.001923 0.003486 -0.001737 
-0.000162 0.005349 -0.000707 0.005305 
0.005534 0.005476 0.004227 0.006538 
-0.000478 0.004536 -0.000813 0.004488 
0.004028 0.004599 0.003379 0.005095 
-0.002283 0.005929 -0.003112 0.005539 
0.001445 0.007913 -0.000408 0.008033 
0.010790 0.000452 0.009682 0.004784 
0.004270 0.005959 0.003053 0.006665 
0.003374 0.004089 0.002947 0.004407 
-0.001097 -0.009821 0.002330 -0.009604 
-0.010741 0.006268 -0.012433 -0.000308 
-0.003749 0.004248 -0.004211 0.003791 
-0.009821 -0.002247 -0.008384 -0.005588 
-0.007722 -0.000856 -0.007359 -0.002490 
-0.002988 -0.000086 -0.002984 -0.000182 
0.008632 0.003807 0.007007 0.006318 
0.008185 -0.002450 0.008540 -0.000255 
0.004155 0.004183 0.003605 0.004666 
0.004419 0.006011 0.003144 0.006766 
0.003992 -0.006323 0.005168 -0.005404 
-0.000238 -0.005424 0.000334 -0.005419 
-0.009876 -0.000954 -0.008942 -0.004300 
-0.000639 0.000778 -0.000642 0.000776 
-0.003281 -0.008046 -0.001016 -0.008630 
-0.007715 0.006762 -0.009660 0.003454 
-0.002296 0.002293 -0.002380 0.002205 
-0.003840 -0.005131 -0.003048 -0.005638 
-0.008659 -0.006964 -0.004853 -0.009996 
-0.011974 -0.000024 -0.010423 -0.005895 
0.004373 -0.003495 0.004736 -0.002984 
-0.001315 -0.012276 0.005241 -0.011179 
-0.005342 -0.001609 -0.005130 -0.002193 
-0.000692 -0.004809 -0.000284 -0.004850 
-0.001872 -0.008143 0.000198 -0.008353 
-0.005872 -0.005700 -0.004353 -0.006930 
-0.003533 0.005964 -0.004501 0.005272 
0.004443 0.002574 0.004181 0.002981 
0.003503 -0.000105 0.003505 0.000048 
0.004728 -0.008415 0.007220 -0.006407 
-0.003240 0.000239 -0.003247 0.000116 
0.007397 0.003786 0.006247 0.005479 
0.002686 0.006072 0.001699 0.006418 
0.001713 0.008092 -0.000298 0.008266 
0.008230 -0.004591 0.009252 -0.001792 
-0.000014 -0.004398 0.000289 -0.004388 
-0.002305 0.003849 -0.002575 0.003673 
-0.001315 0.003399 -0.001475 0.003332 
0.000215 0.000295 0.000215 0.000295 
-0.001271 0.005403 -0.001857 0.005231 
-0.005535 -0.000020 -0.005499 -0.000625 
0.003552 0.011777 -0.003021 0.011924 
0.006168 0.006278 0.004216 0.007725 
-0.000256 -0.011038 0.004428 -0.010114 
-0.003371 -0.004829 -0.002748 -0.005209 
0.002547 -0.000012 0.002547 0.000047 
-0.002428 -0.001240 -0.002394 -0.001304 
-0.007550 0.002646 -0.007954 0.000864 
0.007765 0.005463 0.005635 0.007642 
0.006471 0.000865 0.006264 0.001838 
0.008502 0.002666 0.007415 0.004941 
-0.000588 0.000231 -0.000588 0.000230 
-0.002410 0.005470 -0.003088 0.005118 
-0.001663 -0.002890 -0.001546 -0.002953 
-0.000041 -0.002982 0.000054 -0.002982 
0.000132 -0.006530 0.001123 -0.006434 
-0.000002 0.003090 -0.000108 0.003088 
0.004436 -0.004254 0.004968 -0.003618 
0.000833 -0.002841 0.000922 -0.002813 
-0.002383 0.005606 -0.003103 0.005241 
0.006065 -0.001542 0.006221 -0.000681 
0.001065 -0.007035 0.002314 -0.006728 
-0.001041 -0.008099 0.000902 -0.008116 
-0.011379 0.000191 -0.010265 -0.004913 
-0.000712 0.007966 -0.002499 0.007597 
0.004360 0.004402 0.003717 0.004957 
-0.001716 -0.000901 -0.001704 -0.000924 
-0.002285 -0.002385 -0.002191 -0.002472 
0.002913 -0.001802 0.002986 -0.001678 
0.001064 0.005774 0.000346 0.005861 
0.008124 -0.001418 0.008227 0.000580 
0.008444 0.000041 0.008160 0.002169 
0.008625 -0.000742 0.008513 0.001568 
0.002173 -0.007560 0.003779 -0.006899 
-0.001032 0.008735 -0.003378 0.008121 
0.008197 0.003047 0.007070 0.005147 
-0.001474 0.000057 -0.001474 0.000045 
-0.001140 0.003324 -0.001286 0.003271 
-0.009196 0.005386 -0.010575 0.001315 
-0.002849 0.008256 -0.004968 0.007183 
-0.004948 0.006259 -0.006232 0.004981 
0.002978 0.005883 0.002031 0.006273 
0.003848 -0.005413 0.004650 -0.004742 
-0.004055 -0.000688 -0.004006 -0.000932 
-0.002296 0.003773 -0.002553 0.003604 
-0.001008 0.002528 -0.001075 0.002501 
-0.004943 0.004158 -0.005507 0.003377 
0.004002 -0.003317 0.004303 -0.002916 
-0.010494 -0.001575 -0.009037 -0.005561 
-0.005190 0.000941 -0.005258 0.000421 
0.003104 0.002020 0.003001 0.002169 
-0.001318 0.003638 -0.001510 0.003562 
0.004422 -0.004198 0.004940 -0.003575 
-0.008675 0.001803 -0.008835 -0.000671 
0.000186 0.003128 0.000076 0.003133 
0.002115 -0.003468 0.002316 -0.003337 
0.002387 -0.005942 0.003229 -0.005530 
0.003050 0.001419 0.002990 0.001542 
0.003025 -0.007028 0.004419 -0.006246 
-0.012594 0.003961 -0.012538 -0.004134 
-0.005285 0.007133 -0.007060 0.005382 
0.010184 0.007383 0.004640 0.011692 
0.011660 -0.001498 0.010976 0.004211 
0.007546 0.000515 0.007284 0.002037 
0.003165 0.002003 0.003061 0.002160 
0.002682 0.000503 0.002667 0.000574 
-0.000104 0.000242 -0.000105 0.000242 
-0.004817 -0.009956 -0.000146 -0.011059 
-0.010403 -0.001917 -0.008835 -0.005817 
-0.006845 0.007214 -0.008919 0.004397 
-0.000902 0.006440 -0.001861 0.006231 
-0.002214 0.005334 -0.002832 0.005032 
0.007165 0.001566 0.006734 0.002907 
-0.005838 -0.002739 -0.005368 -0.003573 
0.003809 -0.002610 0.003997 -0.002312 
-0.000200 -0.011571 0.005155 -0.010361 
-0.001592 -0.010269 0.002393 -0.010113 
-0.004396 -0.003731 -0.003923 -0.004227 
-0.006366 -0.003276 -0.005662 -0.004381 
-0.003965 0.003527 -0.004300 0.003111 
-0.008700 0.005894 -0.010298 0.002094 
0.008883 0.000342 0.008435 0.002805 
0.001527 -0.001198 0.001543 -0.001178 
-0.001576 0.007043 -0.002853 0.006630 
-0.000777 0.002811 -0.000863 0.002786 
0.001115 -0.002940 0.001219 -0.002899 
-0.004171 0.007572 -0.006023 0.006202 
0.005727 0.002406 0.005342 0.003171 
0.000576 -0.002543 0.000637 -0.002528 
-0.007391 -0.003418 -0.006382 -0.005058 
0.009029 0.000871 0.008389 0.003452 
-0.003743 0.002877 -0.003960 0.002570 
-0.003711 0.008792 -0.006328 0.007143 
-0.002598 -0.000533 -0.002584 -0.000598 
0.000723 -0.007182 0.002041 -0.006923 
-0.000954 0.000007 -0.000954 0.000003 
0.000707 -0.000471 0.000708 -0.000469 
0.003328 0.002948 0.003111 0.003176 
0.003484 0.001902 0.003372 0.002095 
0.011617 -0.001971 0.011153 0.003800 
0.003507 0.003582 0.003171 0.003883 
-0.004311 0.003701 -0.004709 0.003180 
-0.003114 0.002555 -0.003257 0.002370 
-0.000964 0.000424 -0.000965 0.000421 
-0.001233 -0.008519 0.001041 -0.008545 
-0.004922 -0.000541 -0.004855 -0.000970 
0.007939 0.007298 0.004314 0.009883 
0.004638 0.005375 0.003600 0.006119 
-0.008907 0.002234 -0.009168 -0.000511 
0.004651 -0.001848 0.004797 -0.001425 
-0.003783 -0.009999 0.000502 -0.010679 
-0.009070 0.000658 -0.008868 -0.002014 
-0.003182 0.006379 -0.004282 0.005699 
-0.003354 -0.001317 -0.003289 -0.001471 
0.003779 0.007601 0.001718 0.008313 
-0.005531 0.000915 -0.005599 0.000289 
-0.001229 0.000894 -0.001236 0.000883 
-0.008709 -0.007973 -0.003836 -0.011167 
-0.008771 0.004697 -0.009856 0.001365 
-0.003876 -0.001849 -0.003745 -0.002101 
-0.008479 -0.005624 -0.005870 -0.008311 
-0.002934 -0.005717 -0.002061 -0.006086 
-0.005048 -0.001758 -0.004842 -0.002264 
-0.011694 0.001902 -0.011167 -0.003959 
-0.002137 -0.007167 -0.000671 -0.007448 
-0.002689 -0.001450 -0.002640 -0.001539 
-0.005321 0.004400 -0.005990 0.003433 
-0.002204 -0.000772 -0.002189 -0.000815 
0.002926 -0.005417 0.003632 -0.004971 
-0.005661 -0.003506 -0.005037 -0.004356 
0.004007 -0.002762 0.004226 -0.002413 
-0.005568 -0.009812 -0.000688 -0.011261 
0.000315 0.008337 -0.001748 0.008158 
0.008286 0.003614 0.006893 0.005848 
-0.003158 0.005008 -0.003759 0.004574 
-0.002149 0.009422 -0.005119 0.008197 
0.011267 -0.001512 0.010760 0.003670 
0.001711 0.000689 0.001702 0.000709 
0.007628 0.006808 0.004615 0.009124 
-0.003817 0.001951 -0.003937 0.001697 
0.004032 0.011668 -0.002601 0.012068 
0.002359 0.000983 0.002335 0.001038 
-0.002489 -0.008902 0.000304 -0.009239 
-0.007604 -0.000286 -0.007383 -0.001844 
-0.003781 -0.000654 -0.003741 -0.000852 
-0.007507 0.009038 -0.010893 0.004403 
-0.005142 0.003944 -0.005674 0.003131 
0.002301 -0.002541 0.002405 -0.002442 
-0.000296 -0.000980 -0.000292 -0.000981 
0.005301 0.002442 0.004965 0.003068 
0.003888 0.004359 0.003329 0.004800 
0.001617 0.009224 -0.001308 0.009273 
0.004988 0.004374 0.004241 0.005102 
-0.000360 -0.001961 -0.000332 -0.001966 
0.007542 0.010466 0.000379 0.012895 
0.010405 0.000074 0.009607 0.003997 
0.004876 0.004401 0.004142 0.005098 
0.001163 0.001351 0.001148 0.001364 
0.004147 -0.002963 0.004404 -0.002565 
-0.002327 0.002067 -0.002398 0.001985 
0.003415 -0.006250 0.004486 -0.005532 
-0.002035 0.001141 -0.002057 0.001101 
0.006174 0.001743 0.005851 0.002630 
0.011087 -0.000340 0.010176 0.004415 
0.008964 0.003591 0.007295 0.006327 
0.005807 0.002002 0.005485 0.002765 
-0.003721 0.006100 -0.004767 0.005323 
0.012517 -0.002399 0.011780 0.004862 
0.001981 0.008518 -0.000393 0.008737 
-0.000502 0.012175 -0.006598 0.010245 
-0.005193 0.004322 -0.005826 0.003421 
-0.004869 0.003537 -0.005285 0.002879 
0.000814 -0.002811 0.000900 -0.002784 
-0.007382 0.008918 -0.010663 0.004510 
-0.004176 0.007556 -0.006018 0.006190 
-0.007979 0.009258 -0.011581 0.003906 
0.004235 0.006441 0.002782 0.007189 
0.004402 0.002464 0.004160 0.002854 
-0.000196 -0.000439 -0.000196 -0.000439 
-0.004447 -0.001316 -0.004333 -0.001654 
0.004869 -0.003745 0.005328 -0.003057 
-0.008519 -0.000934 -0.007984 -0.003114 
-0.001162 0.005183 -0.001678 0.005039 
0.005576 0.002256 0.005239 0.002957 
0.003173 -0.004078 0.003547 -0.003757 
-0.012153 0.001554 -0.011239 -0.004880 
-0.000632 0.005661 -0.001283 0.005550 
0.006923 0.001612 0.006521 0.002830 
0.009338 0.003001 0.007779 0.005974 
0.008042 -0.010554 0.012714 -0.003796 
0.000474 -0.011290 0.005403 -0.009924 
-0.000985 -0.009092 0.001737 -0.008979 
-0.007170 -0.003393 -0.006232 -0.004908 
-0.008025 0.000572 -0.007942 -0.001284 
-0.005538 0.007614 -0.007635 0.005509 
-0.003833 0.009003 -0.006633 0.007194 
0.004581 0.003533 0.004127 0.004054 
0.002828 -0.002496 0.002951 -0.002349 
0.005727 -0.004467 0.006463 -0.003314 
0.003477 0.000939 0.003430 0.001099 
0.006524 0.000850 0.006315 0.001845 
0.001433 0.000147 0.001432 0.000157 
0.004424 0.008108 0.001784 0.009062 
0.001317 0.002967 0.001204 0.003015 
0.006726 0.010525 0.000134 0.012490 
0.004926 0.004759 0.004062 0.005515 
-0.004977 0.005579 -0.005986 0.004479 
-0.002351 0.004086 -0.002668 0.003887 
-0.004193 0.000291 -0.004203 0.000026 
-0.006267 0.007436 -0.008379 0.004936 
-0.001733 0.004162 -0.002030 0.004025 
0.001559 -0.004829 0.001996 -0.004665 
-0.000780 0.005741 -0.001462 0.005606 
-0.004707 -0.000437 -0.004657 -0.000812 
-0.003895 0.006009 -0.004925 0.005199 
0.004074 0.000461 0.004039 0.000705 
-0.009752 -0.004054 -0.007412 -0.007523 
-0.004114 0.008798 -0.006795 0.006941 
-0.002253 -0.000610 -0.002241 -0.000653 
-0.000207 -0.004212 0.000061 -0.004216 
0.000421 -0.000729 0.000423 -0.000728 
-0.007059 0.007262 -0.009193 0.004248 
-0.002031 0.004699 -0.002462 0.004489 
-0.007634 0.001626 -0.007805 -0.000063 
0.009868 0.007531 0.004465 0.011583 
-0.000779 0.002061 -0.000815 0.002047 
-0.004750 0.006292 -0.006020 0.005090 
0.004278 0.003214 0.003927 0.003634 
0.000500 -0.002905 0.000590 -0.002888 
0.003443 0.002662 0.003255 0.002889 
-0.000800 -0.000747 -0.000797 -0.000751 
0.001615 0.002279 0.001551 0.002323 
-0.001447 -0.000382 -0.001444 -0.000393 
0.003401 -0.002916 0.003601 -0.002664 
0.007087 -0.006287 0.008708 -0.003731 
0.001572 -0.000187 0.001573 -0.000173 
-0.001649 -0.001281 -0.001629 -0.001307 
-0.000836 -0.006981 0.000405 -0.007020 
-0.007282 -0.000640 -0.007028 -0.002011 
0.003737 -0.003682 0.004081 -0.003297 
0.007213 -0.001963 0.007459 -0.000492 
0.000228 -0.002210 0.000267 -0.002206 
-0.008560 -0.002906 -0.007360 -0.005248 
-0.003648 -0.005806 -0.002625 -0.006335 
-0.003334 0.005208 -0.004013 0.004705 
0.012731 -0.001824 0.011585 0.005583 
0.006606 -0.010425 0.011052 -0.005494 
0.004189 -0.007508 0.006006 -0.006153 
-0.001256 -0.010574 0.003016 -0.010212 
-0.007335 -0.006181 -0.004944 -0.008219 
0.001529 -0.001944 0.001571 -0.001910 
0.003091 -0.002631 0.003240 -0.002444 
0.001677 0.006024 0.000821 0.006199 
0.001262 -0.000542 0.001266 -0.000534 
0.001349 0.000983 0.001339 0.000997 
-0.000011 -0.008497 0.002159 -0.008218 
0.001167 -0.007944 0.002951 -0.007467 
-0.000545 -0.006729 0.000554 -0.006728 
-0.008322 0.002578 -0.008708 0.000253 
-0.001311 0.007614 -0.002894 0.007164 
0.002718 0.008354 0.000339 0.008778 
0.001300 -0.007149 0.002619 -0.006778 
-0.010368 0.006820 -0.012404 0.000386 
-0.000848 0.000526 -0.000850 0.000523 
0.001792 -0.006440 0.002793 -0.006073 
-0.001554 -0.007363 -0.000042 -0.007525 
-0.009432 -0.002871 -0.007890 -0.005912 
0.004706 0.005106 0.003760 0.005838 
0.006263 -0.008023 0.008742 -0.005212 
0.003000 0.000564 0.002980 0.000664 
0.003203 -0.000839 0.003234 -0.000713 
0.005638 -0.006793 0.007289 -0.004980 
-0.006437 -0.002956 -0.005806 -0.004057 
0.009805 0.007847 0.004092 0.011873 
0.008191 0.004012 0.006655 0.006237 
-0.002709 -0.005015 -0.002109 -0.005295 
-0.008303 0.010099 -0.012595 0.003506 
0.010336 0.007795 0.004138 0.012267 
0.008208 -0.005511 0.009599 -0.002368 
0.003311 -0.008402 0.005587 -0.007095 
0.003804 -0.007505 0.005563 -0.006313 
0.006977 -0.009394 0.010575 -0.005009 
-0.004776 0.003338 -0.005145 0.002735 
0.003734 0.008985 0.000538 0.009715 
0.003451 -0.003908 0.003814 -0.003555 
-0.008665 0.003199 -0.009225 0.000449 
-0.001703 0.006108 -0.002560 0.005801 
-0.002161 0.008466 -0.004364 0.007570 
0.004153 0.002985 0.003856 0.003360 
-0.004766 -0.001520 -0.004611 -0.001940 
0.001296 0.000935 0.001287 0.000947 
-0.007163 -0.003755 -0.006098 -0.005312 
-0.004543 0.004086 -0.005046 0.003445 
0.001728 -0.007882 0.003499 -0.007271 
-0.012139 -0.000208 -0.010387 -0.006285 
-0.007653 -0.003045 -0.006697 -0.004794 
-0.010493 0.006444 -0.012313 0.000106 
0.001928 0.010983 -0.002984 0.010744 
-0.002943 0.005508 -0.003681 0.005046 
0.002934 0.002596 0.002788 0.002753 
0.002281 0.001987 0.002214 0.002060 
-0.000727 0.006427 -0.001677 0.006247 
-0.004042 0.008190 -0.006270 0.006641 
-0.006153 0.001259 -0.006269 0.000382 
0.004480 0.003889 0.003957 0.004420 
-0.000447 -0.008859 0.002030 -0.008634 
-0.005160 -0.005882 -0.003759 -0.006863 
-0.003959 -0.000142 -0.003944 -0.000363 
0.005941 0.001291 0.005719 0.002063 
-0.003203 -0.008375 -0.000696 -0.008940 
-0.007434 0.008962 -0.010754 0.004465 
-0.005652 0.006217 -0.007026 0.004608 
-0.001850 0.005519 -0.002503 0.005255 
0.003250 0.000574 0.003226 0.000700 
-0.000247 0.000316 -0.000247 0.000316 
-0.004335 -0.003279 -0.003965 -0.003718 
-0.000187 -0.004779 0.000204 -0.004778 
-0.002057 0.004602 -0.002466 0.004397 
0.006629 0.006843 0.004101 0.008600 
0.006337 0.002206 0.005901 0.003194 
0.007825 0.005513 0.005635 0.007737 
0.004381 -0.004487 0.004967 -0.003828 
-0.008453 -0.002405 -0.007477 -0.004619 
0.003449 0.005621 0.002536 0.006087 
-0.002080 -0.002219 -0.002005 -0.002287 
-0.004491 0.006749 -0.005939 0.005518 
-0.005202 0.005590 -0.006247 0.004392 
-0.001930 0.001328 -0.001955 0.001290 
-0.000467 0.001564 -0.000482 0.001559 
0.005948 -0.002837 0.006315 -0.001883 
0.004423 -0.008308 0.006791 -0.006517 
-0.006647 -0.003078 -0.005938 -0.004289 
-0.002900 0.001570 -0.002959 0.001456 
-0.003131 0.004323 -0.003554 0.003983 
0.003967 0.000667 0.003922 0.000895 
0.003110 0.000798 0.003079 0.000912 
0.007142 -0.008612 0.010166 -0.004673 
0.003733 0.002017 0.003595 0.002253 
0.006762 -0.000150 0.006696 0.000954 
0.001919 -0.001897 0.001968 -0.001846 
-0.006512 0.000860 -0.006567 -0.000151 
-0.001377 0.003065 -0.001500 0.003007 
0.000736 0.009496 -0.002329 0.009235 
0.010881 -0.006239 0.012532 0.000526 
0.004724 -0.007058 0.006368 -0.005620 
0.003238 -0.009150 0.006080 -0.007565 
-0.005392 -0.002741 -0.004989 -0.003421 
0.001802 0.006307 0.000815 0.006508 
0.008636 -0.005451 0.010029 -0.001929 
0.003884 0.003053 0.003603 0.003380 
-0.002443 -0.005037 -0.001864 -0.005278 
-0.007804 -0.006578 -0.004875 -0.008968 
0.001790 -0.002972 0.001916 -0.002893 
0.004089 0.001438 0.003984 0.001710 
-0.000481 -0.003362 -0.000342 -0.003379 
-0.008162 0.002345 -0.008490 0.000186 
-0.001791 0.001294 -0.001813 0.001263 
-0.006656 -0.002826 -0.006014 -0.004014 
-0.003530 0.001962 -0.003638 0.001753 
0.001909 -0.004270 0.002237 -0.004108 
-0.001111 -0.006582 -0.000053 -0.006675 
-0.000971 0.001035 -0.000979 0.001028 
0.001760 -0.005424 0.002377 -0.005184 
-0.001027 -0.001303 -0.001014 -0.001313 
-0.003101 -0.004178 -0.002683 -0.004458 
-0.001447 0.001781 -0.001480 0.001754 
-0.000136 -0.008389 0.001958 -0.008159 
-0.007534 0.005064 -0.008680 0.002658 
0.006841 0.003357 0.006002 0.004695 
-0.002155 -0.001227 -0.002127 -0.001274 
-0.000463 0.007666 -0.002057 0.007399 
-0.003392 0.004460 -0.003870 0.004052 
-0.002550 0.004909 -0.003071 0.004601 
0.005109 0.002282 0.004822 0.002838 
0.002031 0.006054 0.001130 0.006284 
0.001323 -0.005515 0.001947 -0.005327 
-0.005289 0.006408 -0.006694 0.004922 
0.002285 0.002974 0.002133 0.003085 
-0.002710 0.004429 -0.003123 0.004147 
0.008994 -0.003761 0.009734 -0.000548 
0.004209 -0.007443 0.005989 -0.006103 
0.002827 0.000052 0.002825 0.000133 
0.008245 0.002922 0.007149 0.005041 
0.003987 0.005549 0.003010 0.006134 
0.007668 -0.000072 0.007514 0.001530 
-0.002840 -0.012031 0.003825 -0.011755 
-0.001082 0.001357 -0.001097 0.001345 
-0.003731 0.000410 -0.003747 0.000222 
-0.001875 -0.002640 -0.001775 -0.002709 
0.003566 -0.007209 0.005123 -0.006199 
0.003182 -0.003489 0.003450 -0.003224 
-0.000466 0.002803 -0.000547 0.002788 
0.003976 -0.003761 0.004355 -0.003314 
-0.009173 -0.001217 -0.008379 -0.003925 
-0.007391 0.010727 -0.012189 0.004598 
-0.003546 0.003344 -0.003816 0.003031 
-0.002546 -0.003695 -0.002274 -0.003869 
0.002127 0.002292 0.002045 0.002365 
0.008002 -0.001962 0.008239 0.000018 
-0.006340 -0.003617 -0.005541 -0.004752 
0.001877 0.008048 -0.000124 0.008263 
0.004055 -0.005918 0.005070 -0.005076 
-0.005240 -0.002819 -0.004842 -0.003458 
0.004268 0.003500 0.003862 0.003943 
-0.005518 -0.008814 -0.001787 -0.010245 
-0.006649 -0.000173 -0.006539 -0.001219 
0.000443 0.006483 -0.000538 0.006476 
0.004417 0.003891 0.003902 0.004407 
-0.001198 0.002918 -0.001301 0.002874 
-0.008467 -0.000332 -0.008105 -0.002471 
-0.005117 -0.001649 -0.004920 -0.002168 
-0.001119 0.000577 -0.001122 0.000571 
0.000697 -0.002790 0.000779 -0.002768 
0.006875 0.001573 0.006489 0.002764 
0.008656 -0.002978 0.009149 -0.000291 
0.003560 -0.008441 0.005895 -0.007011 
0.004269 -0.004190 0.004769 -0.003611 
0.006618 0.004753 0.005314 0.006176 
0.001308 0.003788 0.001088 0.003857 
-0.003439 -0.003365 -0.003149 -0.003638 
0.002699 0.005057 0.002087 0.005338 
0.011328 0.001282 0.009552 0.006223 
0.004645 0.003549 0.004178 0.004089 
0.000848 0.000097 0.000847 0.000099 
0.005746 0.001268 0.005546 0.001968 
0.007342 -0.008578 0.010368 -0.004470 
-0.002277 -0.011240 0.003063 -0.011051 
0.002998 -0.007558 0.004685 -0.006646 
-0.009523 -0.003040 -0.007858 -0.006179 
-0.002949 0.003831 -0.003258 0.003571 
0.007248 -0.002413 0.007591 -0.000859 
0.000184 -0.003380 0.000322 -0.003370 
0.004667 0.000169 0.004640 0.000532 
-0.006286 0.002782 -0.006664 0.001686 
-0.000643 -0.005431 -0.000059 -0.005468 
-0.001557 -0.002410 -0.001485 -0.002455 
0.006262 -0.002941 0.006671 -0.001832 
-0.001019 -0.007514 0.000537 -0.007564 
-0.012714 0.001794 -0.011566 -0.005577 
-0.006391 0.006356 -0.007944 0.004259 
-0.000580 0.004558 -0.000922 0.004501 
0.000550 -0.001652 0.000568 -0.001646 
-0.000618 -0.002368 -0.000567 -0.002380 
0.002413 0.003971 0.002099 0.004145 
-0.002474 -0.007561 -0.000715 -0.007923 
-0.002634 -0.001276 -0.002593 -0.001356 
-0.000540 -0.009201 0.002236 -0.008941 
-0.000231 -0.002182 -0.000193 -0.002185 
0.002674 0.003768 0.002379 0.003961 
-0.006808 0.000642 -0.006819 -0.000499 
-0.000570 0.006267 -0.001449 0.006124 
-0.005144 0.005225 -0.006048 0.004146 
0.001723 -0.002929 0.001842 -0.002856 
0.005493 -0.000114 0.005474 0.000479 
0.004613 -0.007057 0.006239 -0.005670 
-0.001668 -0.000834 -0.001658 -0.000855 
0.000565 0.006483 -0.000420 0.006494 
0.002499 0.000394 0.002489 0.000451 
-0.001673 0.002215 -0.001733 0.002168 
0.001918 -0.001353 0.001944 -0.001315 
0.000279 0.002501 0.000223 0.002507 
-0.001176 0.009574 -0.004239 0.008665 
-0.004868 0.002949 -0.005176 0.002366 
-0.008772 -0.000726 -0.008239 -0.003097 
-0.003529 -0.004534 -0.002971 -0.004918 
-0.009041 -0.000704 -0.008449 -0.003294 
0.004609 0.009654 0.000387 0.010691 
0.000082 -0.008932 0.002593 -0.008548 
-0.001155 -0.000670 -0.001151 -0.000677 
0.008161 0.000808 0.007734 0.002728 
0.005302 -0.001267 0.005406 -0.000697 
-0.011454 -0.000519 -0.009977 -0.005651 
-0.005349 0.005156 -0.006256 0.004007 
0.003067 -0.003548 0.003336 -0.003296 
-0.009333 -0.002133 -0.008150 -0.005023 
0.004086 -0.002521 0.004279 -0.002176 
-0.001016 -0.012803 0.006277 -0.011205 
-0.000379 -0.009683 0.002833 -0.009267 
-0.002032 0.000397 -0.002037 0.000366 
0.004971 0.002475 0.004668 0.003007 
0.004493 -0.004769 0.005170 -0.004026 
-0.012027 -0.000254 -0.010327 -0.006170 
-0.007558 0.002090 -0.007831 0.000391 
-0.000048 0.003573 -0.000211 0.003567 
-0.009084 -0.003274 -0.007512 -0.006066 
0.003600 0.005892 0.002549 0.006417 
0.009239 -0.003734 0.009961 -0.000288 
-0.001995 -0.008931 0.000728 -0.009122 
-0.009961 0.007606 -0.012481 0.001133 
0.002097 0.010505 -0.002268 0.010470 
-0.005486 0.005218 -0.006433 0.003992 
-0.007783 0.002507 -0.008155 0.000592 
-0.004246 0.004680 -0.004869 0.004028 
0.003233 -0.000781 0.003261 -0.000652 
-0.000076 -0.002469 -0.000022 -0.002470 
-0.002382 0.001758 -0.002436 0.001683 
-0.002568 0.009508 -0.005647 0.008069 
-0.000400 0.009927 -0.003807 0.009177 
0.007204 0.003350 0.006272 0.004877 
0.005195 0.002642 0.004837 0.003252 
-0.000408 -0.003420 -0.000263 -0.003435 
-0.003544 0.000887 -0.003582 0.000716 
0.004442 0.011417 -0.002019 0.012083 
0.003294 0.002863 0.003091 0.003081 
-0.005040 -0.003718 -0.004471 -0.004386 
-0.001562 -0.003208 -0.001414 -0.003276 
-0.000836 -0.001998 -0.000803 -0.002012 
0.004987 0.001080 0.004865 0.001539 
-0.003339 0.008955 -0.006035 0.007410 
0.008569 0.004187 0.006782 0.006706 
0.004809 -0.000405 0.004826 -0.000003 
0.001969 -0.002386 0.002049 -0.002317 
0.008108 -0.000748 0.008057 0.001177 
0.000913 -0.012419 0.007314 -0.010078 
0.004117 -0.006097 0.005213 -0.005191 
-0.002121 -0.000331 -0.002116 -0.000366 
0.009572 0.002308 0.008218 0.005423 
0.005715 0.001663 0.005460 0.002371 
0.001005 -0.008409 0.003105 -0.007879 
