0.008850 0.009545 -0.000228 0.013014 
-0.011327 0.017763 -0.011357 -0.017744 
0.003287 0.022545 -0.018424 -0.013403 
-0.007934 0.014783 -0.016466 -0.003219 
-0.005019 0.014029 -0.014526 0.003317 
0.004128 0.003047 0.003737 0.003516 
0.009778 -0.001270 0.009391 0.003008 
-0.000756 -0.013671 0.009740 -0.009623 
-0.014270 0.015509 -0.008045 -0.019479 
-0.019730 -0.000171 0.003847 -0.019352 
-0.006175 -0.014190 0.009624 -0.012119 
-0.007911 -0.012560 0.006230 -0.013473 
0.006060 0.002356 0.005503 0.003464 
0.013541 0.011694 -0.009915 0.014893 
-0.007603 -0.006346 -0.004150 -0.008992 
-0.001440 -0.005132 -0.000772 -0.005274 
0.005777 -0.011675 0.012259 -0.004404 
0.002787 -0.018213 0.018305 0.002103 
-0.017409 -0.015274 0.023160 0.000025 
0.007229 -0.009196 0.011220 -0.003308 
-0.003304 0.011368 -0.009388 0.007211 
-0.011037 -0.002650 -0.007764 -0.008281 
0.007005 -0.007899 0.009947 -0.003540 
-0.020171 0.004984 0.002833 -0.020584 
0.001649 -0.003622 0.001903 -0.003495 
0.017252 -0.008934 0.006551 0.018290 
0.002378 0.013340 -0.008232 0.010763 
0.022750 -0.014141 -0.024038 0.011820 
0.003386 -0.011307 0.009392 -0.007149 
-0.005227 0.003860 -0.005864 0.002799 
0.008239 -0.005450 0.009777 -0.001414 
-0.017143 -0.004409 0.001697 -0.017619 
-0.002575 0.019595 -0.018735 -0.006292 
-0.005479 0.004515 -0.006356 0.003162 
-0.008004 0.000755 -0.007883 -0.001580 
-0.004532 -0.006700 -0.002384 -0.007729 
-0.003947 -0.001827 -0.003777 -0.002157 
0.017983 0.013177 -0.021519 0.005826 
0.016098 0.000419 0.005876 0.014993 
0.007373 0.002363 0.006473 0.004249 
0.009688 0.018258 -0.020496 0.002663 
0.025860 -0.004373 -0.025692 0.005271 
0.009035 0.004991 0.005699 0.008606 
0.000674 -0.013335 0.010082 -0.008755 
0.006486 -0.009068 0.010318 -0.004223 
-0.003778 -0.013944 0.009061 -0.011251 
-0.015462 -0.001551 -0.005767 -0.014430 
-0.001061 -0.003515 -0.000845 -0.003573 
0.000088 0.003634 -0.000129 0.003633 
0.012429 -0.007290 0.013230 0.005708 
-0.001702 0.008605 -0.004531 0.007511 
0.010389 -0.020717 0.005752 0.022451 
-0.002770 -0.012155 0.005733 -0.011070 
-0.011525 0.006780 -0.012866 -0.003641 
0.014822 -0.003975 0.010674 0.011025 
0.008083 -0.009020 0.011921 -0.002140 
-0.015904 -0.004931 -0.000298 -0.016649 
0.010631 0.027801 0.014122 -0.026201 
-0.008630 -0.014527 0.011560 -0.012324 
-0.012503 0.006826 -0.013026 -0.005766 
-0.010077 0.013306 -0.015760 -0.005497 
0.003376 -0.004835 0.004090 -0.004247 
0.004420 -0.009027 0.007945 -0.006156 
0.010209 -0.000566 0.009349 0.004139 
0.003879 0.003055 0.003519 0.003463 
0.010555 -0.010805 0.014696 0.003493 
0.014486 0.003518 0.004815 0.014108 
0.000569 -0.006111 0.001595 -0.005926 
-0.011285 -0.017754 0.020837 -0.002898 
0.003204 0.004194 0.002652 0.004563 
0.022484 -0.006149 -0.013471 0.019023 
-0.017309 0.027337 0.027056 0.017745 
-0.010315 -0.020818 0.021335 0.009197 
0.002900 0.006271 0.001491 0.006746 
0.004249 -0.016134 0.016658 -0.000935 
-0.009769 -0.004234 -0.006442 -0.008477 
0.006878 0.011559 -0.003721 0.012925 
0.007362 0.008556 0.001521 0.011184 
0.003923 0.008387 0.000466 0.009248 
0.002047 -0.012851 0.010376 -0.007854 
-0.005426 -0.002348 -0.004990 -0.003172 
0.008061 0.002607 0.006811 0.005038 
0.009752 -0.001569 0.009489 0.002740 
-0.008633 -0.006779 -0.003876 -0.010270 
0.001214 0.000413 0.001211 0.000422 
0.007866 -0.006917 0.010209 -0.002345 
-0.007859 -0.018527 0.019920 -0.002864 
0.007876 0.025265 -0.007331 -0.025428 
-0.012096 0.018787 -0.006916 -0.021247 
-0.002720 0.002595 -0.002880 0.002416 
0.011335 0.009315 -0.001308 0.014613 
0.009257 0.004228 0.006356 0.007948 
0.005543 -0.008728 0.008962 -0.005157 
-0.011548 0.014073 -0.014889 -0.010475 
-0.004781 0.006379 -0.006391 0.004765 
0.004080 -0.002976 0.004395 -0.002487 
0.005061 0.002138 0.004723 0.002806 
0.004201 -0.004532 0.004916 -0.003744 
0.003986 -0.002127 0.004165 -0.001751 
-0.011433 -0.014218 0.013416 -0.012364 
-0.007280 0.017778 -0.016998 -0.008952 
-0.004564 0.016006 -0.016629 0.000698 
-0.000900 -0.006666 0.000471 -0.006710 
-0.011421 -0.001630 -0.008497 -0.007805 
-0.005831 0.005598 -0.007207 0.003660 
-0.003464 -0.002413 -0.003259 -0.002684 
0.015967 -0.003405 0.008906 0.013683 
0.005094 0.006880 0.002581 0.008162 
-0.010131 0.011336 -0.014893 -0.003056 
-0.008834 -0.001314 -0.007804 -0.004344 
-0.006652 0.014567 -0.016012 -0.000253 
-0.005640 -0.003661 -0.004780 -0.004728 
-0.014942 0.007351 -0.011658 -0.011891 
-0.007501 0.015499 -0.016807 -0.003740 
0.013340 -0.001066 0.009980 0.008915 
-0.017733 -0.021559 0.008530 0.026579 
0.011889 -0.008622 0.013812 0.004990 
0.020691 -0.009830 -0.007979 0.021473 
-0.006118 -0.012093 0.004790 -0.012678 
-0.012484 -0.009962 0.004026 -0.015456 
-0.007101 0.001868 -0.007342 0.000100 
-0.001994 0.007177 -0.003711 0.006458 
-0.003426 0.008881 -0.006676 0.006784 
0.008934 0.011737 -0.004808 0.013945 
-0.013280 -0.022228 0.015714 0.020579 
0.002023 -0.004636 0.002543 -0.004372 
-0.009336 -0.000003 -0.008621 -0.003584 
-0.016976 -0.001888 -0.002424 -0.016908 
-0.000879 0.006278 -0.001998 0.006016 
0.013494 -0.007724 0.013074 0.008416 
0.001330 0.010383 -0.003761 0.009769 
-0.006199 0.005174 -0.007434 0.003152 
-0.011140 -0.014724 0.014369 -0.011594 
-0.008435 0.000702 -0.008220 -0.002017 
-0.008015 0.003337 -0.008669 0.000470 
-0.015901 0.015127 -0.003407 -0.021681 
-0.000535 0.017369 -0.017109 0.003045 
0.005122 -0.019783 0.017220 0.011003 
-0.014014 -0.015560 0.019855 -0.006655 
0.003459 -0.016753 0.017089 -0.000779 
-0.005696 0.008845 -0.009239 0.005033 
-0.007020 0.003883 -0.007838 0.001709 
-0.013101 -0.002553 -0.007245 -0.011210 
-0.002555 0.005862 -0.003588 0.005293 
0.010293 0.011963 -0.006353 0.014446 
-0.007501 0.014243 -0.016040 -0.001355 
-0.000934 -0.013429 0.009165 -0.009859 
0.004681 -0.016693 0.017306 0.001042 
-0.008470 0.002246 -0.008729 -0.000767 
-0.001688 -0.001026 -0.001670 -0.001056 
-0.001078 0.007808 -0.003198 0.007204 
-0.003270 0.006668 -0.004813 0.005656 
0.002956 0.006002 0.001691 0.006473 
-0.006792 0.002248 -0.007126 0.000632 
0.011666 0.012703 -0.009747 0.014229 
-0.007006 0.009252 -0.011036 0.003589 
-0.010720 0.013359 -0.015565 -0.007149 
-0.009859 -0.005571 -0.005202 -0.010058 
0.003709 0.027676 0.006819 -0.027078 
-0.005148 0.015239 -0.016039 0.001227 
0.006016 -0.000277 0.005981 0.000707 
-0.028598 0.002410 0.025263 0.013619 
-0.002873 0.022260 -0.015100 -0.016606 
0.011168 0.020366 -0.021703 -0.008274 
0.023195 0.010681 -0.024833 -0.005951 
-0.001344 0.000505 -0.001349 0.000492 
-0.012098 -0.021746 0.018735 0.016379 
-0.004020 0.001435 -0.004124 0.001100 
-0.002869 0.003176 -0.003122 0.002928 
0.000831 -0.010176 0.005357 -0.008692 
-0.022650 0.001235 0.014591 -0.017368 
-0.001393 -0.013221 0.008496 -0.010225 
-0.026986 0.002657 0.027027 0.002203 
-0.018487 -0.001237 0.000860 -0.018508 
0.009557 0.009147 0.000223 0.013227 
0.023941 -0.015282 -0.028341 0.001878 
0.019094 0.000249 -0.001698 0.019020 
0.022255 -0.017494 -0.027806 0.005308 
0.022472 -0.001283 -0.013807 0.017776 
0.005474 0.016792 -0.015690 0.008110 
0.002257 -0.014350 0.013006 -0.006471 
-0.018784 0.030146 0.000993 0.035505 
-0.020568 -0.004119 0.012088 -0.017143 
-0.023038 0.007472 0.016769 -0.017475 
0.001125 0.018938 -0.018971 0.000089 
-0.008778 -0.003926 -0.006431 -0.007148 
-0.013430 -0.016915 0.021402 -0.002907 
-0.018834 -0.008191 0.013917 -0.015104 
-0.019888 0.017486 0.020330 -0.016970 
-0.002203 -0.007852 0.000219 -0.008153 
0.008475 0.012913 -0.007361 0.013579 
0.002415 -0.009103 0.005774 -0.007440 
-0.003323 -0.005276 -0.002350 -0.005775 
-0.005182 0.002428 -0.005483 0.001638 
-0.002061 -0.007529 0.000063 -0.007806 
0.005777 0.029412 0.019814 -0.022491 
0.011671 0.001740 0.008415 0.008272 
0.013422 0.005219 0.003748 0.013905 
0.019590 0.003209 -0.007205 0.018498 
0.007857 -0.015173 0.016654 0.003822 
0.016923 -0.004744 0.007629 0.015833 
-0.001592 -0.005580 -0.000728 -0.005757 
-0.021578 0.016310 0.023937 -0.012596 
-0.001070 -0.007484 0.000876 -0.007509 
-0.009766 0.012178 -0.015281 -0.003188 
0.002846 0.002556 0.002671 0.002738 
-0.006493 0.006118 -0.008231 0.003443 
0.011144 0.009349 -0.001205 0.014497 
0.011536 0.006981 0.002751 0.013200 
-0.002878 0.009855 -0.007074 0.007440 
0.017985 0.003969 -0.003269 0.018125 
0.003054 -0.009398 0.006774 -0.007195 
0.008900 0.014801 -0.012460 0.011960 
-0.005948 -0.005412 -0.004138 -0.006895 
-0.017893 0.008711 -0.004635 -0.019354 
0.001907 0.008321 -0.000885 0.008491 
0.012230 -0.012813 0.014535 0.010123 
-0.000300 -0.002567 -0.000223 -0.002575 
-0.012141 0.009680 -0.014204 -0.006273 
0.009615 -0.015221 0.016160 0.007936 
0.006109 -0.009414 0.010219 -0.004641 
-0.006612 0.011484 -0.012822 0.003346 
0.022064 0.008956 -0.023361 0.004615 
0.012740 0.009513 -0.003351 0.015543 
-0.013938 0.007918 -0.012819 -0.009625 
-0.006042 0.006241 -0.007781 0.003862 
-0.004054 -0.001971 -0.003856 -0.002335 
-0.002896 0.005753 -0.003917 0.005113 
-0.001173 0.005018 -0.001765 0.004842 
-0.000570 -0.011069 0.005347 -0.009709 
-0.011423 -0.002967 -0.007490 -0.009121 
-0.001410 0.003175 -0.001581 0.003094 
0.012817 -0.001983 0.010659 0.007389 
0.003787 -0.001893 0.003928 -0.001580 
-0.013074 0.004387 -0.011862 -0.007033 
-0.006916 0.009588 -0.011241 0.003659 
-0.010665 -0.003223 -0.007318 -0.008400 
0.024216 0.007445 -0.025296 -0.001409 
0.012298 -0.024905 -0.019955 0.019321 
-0.016029 0.008712 -0.009774 -0.015405 
-0.008537 0.005237 -0.009968 0.000972 
0.014346 -0.023547 -0.020521 0.018417 
0.012273 -0.013856 0.014140 0.011945 
0.003461 0.005361 0.002422 0.005903 
0.013581 -0.009098 0.013336 0.009453 
0.000758 -0.008056 0.003073 -0.007486 
-0.002581 0.008086 -0.005030 0.006837 
0.004069 -0.008472 0.007041 -0.006226 
-0.011898 -0.006973 -0.002493 -0.013563 
-0.003483 0.009046 -0.006899 0.006809 
0.007571 -0.014640 0.016336 0.002192 
-0.015276 -0.017921 0.022940 0.005317 
-0.006935 0.000746 -0.006931 -0.000784 
0.015655 0.020365 -0.018728 -0.017580 
0.014386 0.004295 0.003899 0.014498 
0.013549 -0.009901 0.013452 0.010033 
0.013023 -0.004874 0.012100 0.006851 
-0.000844 -0.026622 -0.000823 0.026623 
0.003013 -0.010391 0.007843 -0.007453 
0.006264 -0.006856 0.008399 -0.003963 
-0.010363 0.016439 -0.014897 -0.012479 
-0.007679 0.007997 -0.010740 0.002749 
-0.014491 -0.000224 -0.008263 -0.011906 
-0.013192 0.006701 -0.012849 -0.007337 
-0.007066 -0.008364 -0.001744 -0.010810 
0.007052 0.002889 0.006061 0.004619 
0.006235 0.014368 -0.010072 0.011995 
0.017122 -0.011144 0.005307 0.019728 
0.001269 -0.009715 0.005233 -0.008283 
-0.004746 -0.012150 0.005033 -0.012035 
-0.010709 0.013162 -0.015544 -0.006805 
0.018780 0.000914 -0.001400 0.018750 
-0.035284 -0.014284 -0.030397 -0.022914 
-0.010717 -0.003671 -0.006956 -0.008941 
-0.002466 0.003585 -0.002763 0.003361 
0.007441 0.005919 0.004479 0.008387 
0.002718 0.001168 0.002669 0.001275 
-0.008424 -0.013317 0.008336 -0.013372 
-0.007731 0.018491 -0.016082 -0.011961 
-0.006236 0.008102 -0.009239 0.004379 
0.014046 0.008542 -0.003204 0.016124 
-0.023889 -0.011556 0.023421 0.012478 
-0.019664 0.012076 0.006453 -0.022155 
-0.023104 0.011825 0.021820 -0.014055 
-0.024441 0.008749 0.023470 -0.011094 
-0.017437 -0.012765 0.019899 -0.008427 
0.008103 0.003583 0.006355 0.006173 
-0.017137 0.012031 -0.004218 -0.020509 
-0.013867 0.017739 -0.004216 -0.022118 
0.006796 -0.008103 0.009868 -0.003802 
0.013908 0.003750 0.005213 0.013428 
0.003064 -0.002021 0.003181 -0.001831 
0.003388 -0.007567 0.005537 -0.006170 
0.002699 -0.000818 0.002726 -0.000720 
-0.014479 -0.010610 0.008869 -0.015606 
0.003675 0.011154 -0.003523 0.011203 
0.017340 -0.012028 0.003485 0.020813 
-0.000400 0.009505 -0.004145 0.008563 
0.013584 0.013791 -0.015337 0.011811 
0.022017 -0.017655 -0.027538 0.006171 
0.009114 0.009504 -0.000246 0.013166 
0.003124 0.006662 0.001418 0.007220 
0.001891 -0.014365 0.012772 -0.006841 
-0.022891 -0.004859 0.020978 -0.010370 
-0.013407 0.011673 -0.013471 -0.011600 
-0.002233 0.000490 -0.002244 0.000437 
-0.001531 0.009489 -0.005244 0.008054 
0.021708 -0.011926 -0.015912 0.018982 
0.002642 -0.011742 0.009242 -0.007710 
-0.016627 -0.010303 0.012779 -0.014809 
-0.000279 0.005535 -0.001041 0.005443 
0.003731 0.001983 0.003559 0.002277 
0.013692 -0.014815 0.010674 0.017118 
-0.024960 -0.005163 0.025488 -0.000091 
0.006359 -0.001346 0.006499 -0.000116 
-0.000053 -0.008718 0.002885 -0.008227 
-0.011509 -0.018160 0.021475 -0.001031 
-0.003129 0.002511 -0.003303 0.002277 
-0.016894 0.007502 -0.007965 -0.016681 
0.010475 -0.014130 0.015726 0.007879 
-0.016984 -0.017408 0.023027 0.007826 
0.005428 0.007765 0.001926 0.009276 
-0.001484 0.000385 -0.001488 0.000369 
0.006197 0.004555 0.004774 0.006030 
0.007362 0.004124 0.005681 0.006240 
-0.023327 -0.011789 0.023954 0.010455 
-0.001966 0.022895 -0.014288 -0.017997 
-0.007324 0.013347 -0.015221 0.000336 
-0.002535 0.017352 -0.017524 0.000647 
-0.009207 0.003969 -0.010015 -0.000472 
-0.006047 -0.009330 -0.000186 -0.011116 
-0.007249 -0.016958 0.016696 -0.007833 
-0.016739 -0.013925 0.020760 -0.006568 
0.002994 -0.011513 0.009270 -0.007455 
0.003655 0.002847 0.003362 0.003187 
0.007454 0.003889 0.005857 0.006031 
0.010979 -0.002869 0.010750 0.003635 
0.003575 -0.007030 0.005384 -0.005763 
0.019087 -0.016771 -0.014847 0.020619 
0.023088 -0.007503 -0.017018 0.017313 
0.017997 0.010301 -0.016129 0.013033 
-0.002842 -0.001738 -0.002751 -0.001878 
-0.019514 0.001664 0.001498 -0.019528 
0.006870 0.007130 0.003153 0.009386 
0.017775 -0.005519 0.005629 0.017740 
-0.016852 -0.008875 0.009993 -0.016214 
-0.002108 0.026115 0.001027 -0.026180 
0.003611 0.013187 -0.007459 0.011459 
0.015281 -0.005226 0.010677 0.012118 
-0.023231 -0.009408 0.024983 0.002009 
-0.010806 0.026950 0.025150 -0.014511 
0.006440 0.004758 0.004813 0.006399 
-0.014643 -0.008100 0.003311 -0.016403 
-0.003158 -0.004921 -0.002364 -0.005348 
-0.009889 0.011099 -0.014687 -0.002296 
0.014730 0.016032 -0.021445 0.003752 
0.002602 0.015068 -0.011834 0.009683 
-0.000953 -0.021410 0.019212 0.009499 
-0.009066 -0.020966 0.021233 0.008421 
0.013424 -0.011014 0.013560 0.010847 
0.004151 -0.001480 0.004265 -0.001111 
-0.026143 0.006617 0.026819 -0.002826 
-0.028769 0.009350 0.023579 0.018949 
-0.019069 0.000394 0.000983 -0.019048 
-0.021945 0.002130 0.011109 -0.019045 
0.006014 0.003299 0.005183 0.004494 
-0.005203 0.000660 -0.005245 0.000010 
0.010951 -0.004937 0.011701 0.002717 
0.012708 -0.007287 0.013200 0.006353 
-0.000762 -0.014025 0.010428 -0.009409 
-0.005556 -0.004641 -0.004313 -0.005815 
-0.015236 0.003085 -0.009765 -0.012096 
0.006161 0.003941 0.005039 0.005301 
0.010326 -0.005831 0.011772 0.001433 
0.014864 -0.007459 0.011775 0.011745 
0.004982 -0.009203 0.008753 -0.005735 
0.012208 0.003085 0.007184 0.010341 
-0.004848 -0.009705 0.000739 -0.010823 
-0.011627 0.008380 -0.013679 -0.004280 
0.006260 -0.001216 0.006377 -0.000052 
-0.006432 -0.011078 0.002734 -0.012515 
0.005071 -0.002099 0.005309 -0.001392 
0.009360 -0.015443 0.016285 0.007804 
-0.015094 -0.023228 0.006909 0.026826 
-0.003323 -0.030443 -0.025522 0.016924 
-0.017357 -0.025437 -0.015906 0.026369 
0.000550 -0.022130 0.017388 0.013700 
0.010775 -0.008129 0.013288 0.002370 
0.009978 -0.015038 0.015957 0.008430 
0.010584 0.005360 0.005334 0.010597 
0.003441 0.000027 0.003434 0.000211 
0.004244 -0.003527 0.004687 -0.002912 
0.005038 -0.003018 0.005445 -0.002200 
0.004180 0.000827 0.004098 0.001166 
-0.014151 -0.000327 -0.008485 -0.011330 
-0.007149 -0.000517 -0.006839 -0.002147 
0.002450 0.006854 0.000755 0.007240 
0.008875 -0.002580 0.009194 0.000949 
-0.001059 0.011555 -0.007470 0.008879 
0.003561 0.000790 0.003507 0.001003 
0.002521 -0.001943 0.002607 -0.001826 
-0.008417 0.004403 -0.009473 0.000707 
0.005499 -0.016302 0.017133 0.001570 
-0.015842 -0.016435 0.022824 0.000356 
-0.000427 -0.017000 0.016296 -0.004861 
-0.008616 0.020592 -0.010603 -0.019642 
0.022732 0.001298 -0.016768 0.015404 
0.014894 -0.008536 0.011829 0.012441 
0.009129 0.007067 0.003523 0.010995 
0.003169 0.009578 -0.001409 0.009990 
0.010673 -0.007283 0.012766 0.001999 
-0.014411 -0.012688 0.013989 -0.013152 
0.005393 0.001077 0.005196 0.001801 
0.014849 -0.011770 0.011001 0.015427 
0.021245 -0.008740 -0.009416 0.020954 
-0.014067 -0.026448 -0.012287 0.027321 
-0.018327 -0.015675 0.023670 0.004619 
0.002723 -0.005297 0.003533 -0.004795 
-0.002017 -0.000120 -0.002015 -0.000157 
-0.003900 0.010560 -0.008998 0.006765 
0.011244 0.013394 -0.011037 0.013566 
-0.000662 -0.003985 -0.000367 -0.004023 
-0.018422 -0.008032 0.012391 -0.015822 
-0.009991 -0.012274 0.006855 -0.014264 
0.011537 -0.002730 0.010908 0.004643 
-0.006500 -0.006911 -0.003238 -0.008918 
-0.007800 0.018586 -0.015905 -0.012383 
-0.015713 0.010589 -0.009779 -0.016229 
-0.019065 0.012132 0.003795 -0.022276 
0.011180 -0.004257 0.011489 0.003336 
-0.019495 -0.007456 0.014413 -0.015098 
-0.000253 0.012390 -0.008115 0.009366 
0.000884 0.003847 0.000612 0.003899 
0.012979 -0.014686 0.012368 0.015203 
0.001432 -0.014907 0.013406 -0.006676 
-0.004243 -0.023737 0.015394 0.018559 
0.000110 0.004538 -0.000313 0.004528 
-0.009659 -0.000263 -0.008705 -0.004193 
0.009361 0.000945 0.008255 0.004514 
-0.006798 -0.023478 0.016212 0.018292 
-0.024699 0.007402 0.023436 -0.010751 
0.006647 -0.012650 0.014096 -0.002344 
-0.000730 0.014655 -0.012521 0.007652 
-0.002992 -0.007379 -0.000785 -0.007924 
0.007617 -0.002224 0.007935 0.000003 
-0.002718 -0.006583 -0.001152 -0.007028 
-0.006002 0.001600 -0.006189 0.000535 
-0.000435 -0.014215 0.010987 -0.009030 
-0.006299 0.019135 -0.016850 -0.011041 
-0.009217 0.007912 -0.012136 0.000521 
-0.001105 0.001992 -0.001152 0.001965 
0.012804 -0.003492 0.011456 0.006701 
-0.017544 -0.008706 0.011416 -0.015914 
-0.008782 -0.005064 -0.005586 -0.008460 
-0.009913 0.004295 -0.010728 -0.001275 
-0.008777 0.011202 -0.014230 -0.000120 
0.004715 0.005771 0.003135 0.006760 
0.004177 -0.009678 0.008317 -0.006475 
0.000209 -0.007171 0.001856 -0.006930 
-0.020212 -0.003099 0.009259 -0.018232 
-0.004062 0.011225 -0.009986 0.006542 
-0.016916 -0.006181 0.004359 -0.017475 
-0.002131 -0.003862 -0.001783 -0.004034 
-0.003604 -0.003484 -0.003186 -0.003869 
-0.000690 -0.000652 -0.000688 -0.000655 
-0.002660 -0.021274 0.019903 0.007971 
-0.000548 0.026776 0.003163 -0.026594 
-0.006158 -0.009333 -0.000207 -0.011180 
0.005785 -0.001779 0.005999 -0.000801 
0.010020 -0.000677 0.009296 0.003800 
-0.025177 -0.007002 0.025536 0.005551 
-0.009965 0.026851 0.022760 -0.017386 
-0.013892 -0.006225 -0.001563 -0.015143 
-0.003660 -0.001340 -0.003560 -0.001588 
-0.011378 0.018964 -0.008455 -0.020435 
0.013856 -0.000358 0.009233 0.010337 
0.006263 -0.018603 0.017281 0.009309 
-0.015433 -0.004178 -0.002419 -0.015804 
-0.009708 0.019845 -0.010248 -0.019571 
-0.006906 -0.001790 -0.006316 -0.003317 
-0.005338 0.002628 -0.005688 0.001745 
-0.005849 -0.012234 0.005087 -0.012570 
-0.017129 0.005971 -0.007397 -0.016563 
-0.008733 -0.019082 0.020984 -0.000233 
-0.022521 -0.006933 0.022254 -0.007749 
-0.019064 0.016695 0.014520 -0.020768 
0.000469 -0.007329 0.002222 -0.006999 
0.013299 0.012944 -0.012740 0.013495 
-0.007008 0.010140 -0.011846 0.003405 
0.005988 -0.003324 0.006553 -0.001990 
0.007621 0.009602 -0.000096 0.012259 
-0.002222 0.011182 -0.008044 0.008079 
0.002785 0.003397 0.002479 0.003627 
-0.005503 0.005224 -0.006661 0.003634 
0.010700 -0.024353 -0.012000 0.023739 
-0.018102 -0.014889 0.023429 0.000652 
0.011488 -0.014727 0.014671 0.011559 
-0.011983 -0.025372 0.000757 0.028049 
0.003347 -0.018972 0.018514 0.005324 
0.014227 -0.006540 0.012210 0.009803 
0.013144 -0.007001 0.012981 0.007298 
0.008936 -0.008791 0.012507 -0.000846 
-0.003449 -0.012466 0.006038 -0.011439 
0.003762 -0.010600 0.008897 -0.006882 
0.005804 -0.002649 0.006190 -0.001544 
0.002427 -0.018580 0.018542 0.002705 
-0.002581 0.016319 -0.016251 0.002976 
-0.011846 0.008293 -0.013663 -0.004736 
-0.014085 -0.018675 0.022639 0.005884 
-0.017724 -0.006681 0.007552 -0.017371 
-0.009601 0.011249 -0.014677 -0.001822 
-0.006984 0.009684 -0.011398 0.003553 
0.006165 0.019503 -0.020452 -0.000257 
-0.014610 0.002141 -0.009864 -0.010988 
-0.011155 -0.005644 -0.004828 -0.011532 
-0.004864 -0.001284 -0.004686 -0.001831 
0.009607 0.022703 -0.017636 -0.017224 
0.027009 -0.004129 -0.027239 -0.002139 
0.016353 0.012319 -0.016867 0.011606 
-0.001773 0.012598 -0.009731 0.008196 
-0.014610 -0.008315 0.003717 -0.016395 
0.005549 0.024285 -0.013305 -0.021060 
-0.015007 0.018363 0.001982 -0.023632 
-0.002536 -0.007817 -0.000071 -0.008218 
0.005739 0.008377 0.001366 0.010062 
0.010708 0.007822 0.001925 0.013121 
-0.012623 -0.003433 -0.006640 -0.011271 
0.000732 -0.004801 0.001238 -0.004696 
-0.007685 -0.016953 0.016906 -0.007787 
0.004335 0.001658 0.004153 0.002072 
0.003259 -0.006567 0.004742 -0.005591 
-0.010005 -0.002965 -0.007419 -0.007338 
-0.007672 0.003600 -0.008419 0.000968 
0.003444 -0.004002 0.003920 -0.003537 
-0.013567 0.004921 -0.011970 -0.008062 
-0.014707 0.016274 -0.005080 -0.021339 
0.017301 0.015476 -0.023207 -0.000507 
-0.005739 -0.001422 -0.005444 -0.002307 
0.010422 -0.008406 0.013275 0.001749 
0.007470 0.001942 0.006685 0.003858 
0.015082 -0.002467 0.009587 0.011902 
-0.009931 -0.016468 0.017374 -0.008245 
0.002068 0.000443 0.002059 0.000484 
-0.000148 0.007135 -0.001771 0.006913 
0.000917 0.012152 -0.006834 0.010090 
0.005177 -0.000138 0.005156 0.000489 
-0.013825 0.007434 -0.012781 -0.009112 
0.000676 0.004322 0.000301 0.004364 
0.002609 -0.016909 0.017030 -0.001635 
-0.018682 0.012089 0.002027 -0.022160 
-0.009464 0.000303 -0.008818 -0.003449 
-0.002814 -0.007915 -0.000192 -0.008398 
0.011941 -0.004232 0.011745 0.004750 
-0.002466 -0.013713 0.008963 -0.010667 
-0.014285 -0.001469 -0.007345 -0.012339 
-0.001596 0.009613 -0.005449 0.008078 
0.013982 0.003819 0.005042 0.013589 
0.004971 -0.010011 0.009553 -0.005801 
0.012389 -0.008839 0.013856 0.006295 
-0.000691 0.007573 -0.002623 0.007137 
-0.004173 -0.005803 -0.002735 -0.006604 
-0.009258 -0.008846 -0.000865 -0.012776 
-0.003331 -0.007735 -0.000726 -0.008390 
0.000851 0.009134 -0.002599 0.008798 
0.007969 -0.008457 0.011376 -0.002369 
0.014679 -0.015771 0.006275 0.020611 
-0.020852 0.021742 0.029783 0.004529 
-0.012182 -0.002705 -0.007542 -0.009942 
-0.012621 -0.001125 -0.008700 -0.009212 
-0.006849 -0.001495 -0.006352 -0.002966 
-0.003534 -0.004610 -0.002794 -0.005093 
-0.012804 0.008927 -0.013761 -0.007367 
0.011931 0.016745 -0.019757 0.005692 
0.009915 0.012861 -0.008270 0.013976 
-0.008171 -0.000145 -0.007759 -0.002565 
0.000779 -0.006172 0.001841 -0.005942 
0.007740 -0.003757 0.008545 -0.001009 
-0.002606 -0.000846 -0.002576 -0.000934 
0.007727 0.005960 0.004538 0.008640 
0.003681 -0.004047 0.004193 -0.003514 
-0.000680 0.009536 -0.004449 0.008462 
0.012746 -0.014618 0.012871 0.014508 
-0.029592 0.009267 0.019328 0.024249 
-0.016918 0.019165 0.012996 -0.022015 
0.016340 -0.007042 0.009268 0.015189 
0.004034 -0.007119 0.005971 -0.005594 
0.004318 0.002227 0.004057 0.002674 
0.019557 0.006103 -0.012026 0.016586 
-0.004395 0.000176 -0.004394 -0.000208 
-0.000799 0.002696 -0.000894 0.002666 
0.010250 -0.003268 0.010512 0.002285 
0.000153 0.015181 -0.013022 0.007805 
-0.027357 -0.020311 -0.031366 0.013307 
0.010399 -0.009729 0.014050 0.002322 
0.014354 0.011023 -0.009666 0.015301 
0.001821 0.007130 0.000040 0.007359 
-0.012262 0.011100 -0.014516 -0.007928 
0.023307 -0.024207 -0.013602 -0.030728 
0.012566 -0.018442 0.006471 0.021357 
0.007404 -0.012844 0.014803 -0.000817 
-0.003372 0.018728 -0.018471 -0.004575 
-0.013492 0.007766 -0.013087 -0.008430 
-0.018114 0.010247 -0.002687 -0.020637 
0.023112 0.016889 -0.010632 -0.026578 
-0.012630 0.012685 -0.014145 -0.010970 
-0.011941 -0.001812 -0.008332 -0.008744 
-0.013998 0.009018 -0.012948 -0.010470 
-0.013659 0.012335 -0.012885 -0.013141 
-0.007864 -0.002777 -0.006621 -0.005071 
0.006077 0.003145 0.005282 0.004350 
0.000533 -0.009212 0.003950 -0.008339 
-0.016043 0.005518 -0.009609 -0.013982 
-0.014039 0.010829 -0.012818 -0.012249 
-0.009685 0.015453 -0.016081 -0.008603 
-0.010654 0.003745 -0.010975 -0.002662 
-0.003376 -0.003817 -0.002906 -0.004185 
-0.000878 0.015153 -0.013517 0.006906 
0.018749 -0.001309 0.000848 0.018776 
0.016651 -0.004539 0.008148 0.015214 
-0.003657 -0.025385 0.007918 0.024394 
0.013794 -0.016790 0.006862 0.020618 
0.004908 -0.017145 0.017648 0.002567 
0.000754 -0.008396 0.003363 -0.007729 
-0.004519 0.009881 -0.008914 0.006212 
0.001660 0.005512 0.000820 0.005697 
0.020847 0.009841 -0.022023 0.006817 
-0.014960 0.008125 -0.011721 -0.012346 
0.002156 -0.008579 0.004991 -0.007303 
0.011536 -0.008055 0.013504 0.003949 
0.005469 0.007579 0.002136 0.009098 
0.012124 -0.027329 -0.028909 0.007623 
0.000817 0.002424 0.000745 0.002447 
-0.002936 -0.013632 0.008617 -0.010964 
0.021545 0.010366 -0.023762 0.002654 
-0.007660 -0.003296 -0.006267 -0.005502 
-0.015509 -0.008684 0.006370 -0.016594 
0.004017 -0.010521 0.009078 -0.006664 
-0.027918 0.005513 0.027004 0.008980 
0.002536 -0.019176 0.018739 0.004795 
-0.013949 0.000667 -0.009393 -0.010334 
-0.014126 0.019605 0.002893 -0.023990 
0.008057 -0.001986 0.008278 0.000575 
0.004077 -0.003679 0.004539 -0.003091 
-0.003850 0.010171 -0.008492 0.006794 
0.007718 -0.009908 0.012318 -0.002453 
-0.013947 -0.020297 0.020783 0.013212 
-0.021353 0.021455 0.029612 0.006278 
0.003218 0.000917 0.003168 0.001078 
0.016791 0.008931 -0.009969 0.016197 
0.000477 0.002005 0.000438 0.002014 
0.004610 0.012808 -0.006424 0.012002 
0.005468 -0.011571 0.011839 -0.004861 
-0.008892 -0.014845 0.012566 -0.011897 
-0.005170 0.019657 -0.017305 -0.010661 
-0.004101 -0.009498 0.000783 -0.010316 
0.008571 -0.015906 0.016657 0.007002 
-0.013999 -0.017278 0.022234 -0.000409 
-0.014995 0.016390 -0.003799 -0.021887 
0.014288 -0.007832 0.012487 0.010467 
0.015659 -0.014306 0.005848 0.020388 
-0.001640 0.009860 -0.005776 0.008158 
-0.007233 0.004468 -0.008283 0.001913 
0.010562 -0.015738 0.015172 0.011360 
0.000212 -0.014623 0.012150 -0.008140 
-0.013015 -0.021255 0.019297 0.015774 
-0.004383 0.027345 0.012819 -0.024548 
0.001174 0.016380 -0.014966 0.006761 
-0.007444 0.000018 -0.007217 -0.001826 
-0.018201 -0.013822 0.022652 -0.003032 
0.006331 0.006482 0.003552 0.008336 
0.012400 0.012648 -0.010599 0.014192 
-0.000257 0.009954 -0.004542 0.008861 
0.009852 -0.000175 0.008994 0.004025 
0.005986 0.007984 0.001920 0.009793 
0.012857 0.000954 0.008750 0.009469 
-0.003222 -0.003526 -0.002843 -0.003839 
-0.003900 0.002119 -0.004073 0.001764 
-0.003829 0.003053 -0.004137 0.002621 
0.001566 -0.009373 0.005155 -0.007983 
-0.004922 0.006642 -0.006707 0.004833 
0.001441 -0.026033 0.000420 0.026069 
-0.018958 -0.009918 0.017753 -0.011941 
0.006392 -0.011185 0.012299 -0.003832 
0.004219 -0.017395 0.017783 0.002039 
-0.008515 0.012820 -0.015335 -0.001312 
-0.010191 0.011935 -0.015212 -0.003856 
0.000092 -0.011341 0.006301 -0.009430 
-0.003853 -0.012902 0.006792 -0.011627 
-0.007371 0.014080 -0.015871 -0.000829 
0.014934 0.013723 -0.017389 0.010439 
0.012379 0.021769 -0.018415 -0.016971 
-0.000173 0.023036 -0.015486 -0.017055 
-0.015005 0.017393 -0.001069 -0.022946 
-0.000751 -0.007412 0.001110 -0.007366 
0.028624 -0.010557 -0.023156 -0.019866 
0.024184 -0.006473 -0.021046 0.013559 
-0.006048 0.012634 -0.013612 0.003305 
0.004847 -0.006780 0.006703 -0.004953 
0.005667 0.011319 -0.003247 0.012234 
0.002145 0.000282 0.002139 0.000327 
-0.008387 0.007260 -0.010955 0.001743 
-0.000613 -0.009538 0.003262 -0.008983 
-0.012881 -0.003607 -0.006291 -0.011804 
-0.006578 0.001790 -0.006807 0.000380 
-0.006765 0.011450 -0.012923 0.003140 
-0.006988 -0.004613 -0.005204 -0.006560 
-0.009668 -0.003780 -0.006778 -0.007862 
0.008979 0.022547 -0.018398 -0.015828 
0.013516 0.016130 -0.020292 0.005576 
-0.011117 0.009890 -0.014329 -0.004009 
-0.008877 -0.008790 -0.001067 -0.012447 
-0.014678 0.005099 -0.011304 -0.010661 
0.014112 -0.010491 0.012779 0.012080 
-0.007648 0.018320 -0.016332 -0.011286 
0.013400 -0.004207 0.011696 0.007776 
-0.000320 -0.016915 0.016177 -0.004951 
0.011032 -0.001069 0.009940 0.004904 
0.017193 -0.005179 0.007111 0.016488 
0.013120 -0.015961 0.010366 0.017873 
0.009949 0.003176 0.007264 0.007505 
0.007105 0.005168 0.004912 0.007284 
0.016421 -0.000922 0.006484 0.015114 
-0.006193 -0.026167 0.002906 0.026733 
0.002471 0.008547 -0.000676 0.008871 
0.022908 0.004238 -0.020363 0.011319 
-0.010303 0.001754 -0.009905 -0.003335 
-0.008298 -0.011706 0.004422 -0.013651 
-0.008863 0.019133 -0.013580 -0.016130 
-0.010158 -0.014372 0.012422 -0.012467 
0.012968 -0.001570 0.010397 0.007907 
0.008752 -0.007282 0.011318 -0.001233 
0.007717 -0.001265 0.007769 0.000887 
-0.016568 0.003899 -0.008064 -0.014989 
-0.002434 0.000282 -0.002440 0.000216 
-0.007194 -0.005657 -0.004596 -0.007914 
0.011547 0.005379 0.004984 0.011722 
-0.025277 -0.012742 0.016599 0.022929 
-0.019121 0.005241 -0.001249 -0.019787 
-0.011429 -0.007499 -0.001990 -0.013524 
0.005246 0.027336 0.004655 -0.027443 
-0.007153 0.018093 -0.016930 -0.009586 
0.000018 -0.001441 0.000031 -0.001441 
-0.007050 0.000587 -0.007002 -0.001008 
0.008637 0.001334 0.007677 0.004176 
0.003659 -0.001083 0.003722 -0.000841 
-0.002514 0.012686 -0.010528 0.007512 
-0.008082 0.007745 -0.010974 0.002205 
0.020773 0.004469 -0.013364 0.016519 
-0.027435 -0.016235 -0.012761 0.029213 
0.012596 -0.007398 0.013261 0.006126 
0.000838 0.012248 -0.007057 0.010046 
0.003645 0.004511 0.002920 0.005010 
-0.005434 0.011550 -0.011781 0.004914 
-0.008185 0.017195 -0.016607 -0.009321 
0.006291 0.010727 -0.002080 0.012261 
-0.006306 0.002370 -0.006656 0.001037 
0.003251 -0.000290 0.003261 -0.000134 
0.014422 -0.014279 0.009568 0.017898 
0.019539 -0.015037 -0.012225 0.021411 
-0.009889 0.015330 -0.015964 -0.008829 
0.003180 -0.006836 0.004812 -0.005804 
-0.022464 0.011012 0.017951 -0.017426 
-0.015159 -0.005039 -0.001553 -0.015898 
-0.016724 -0.001153 -0.003866 -0.016312 
-0.000557 -0.000540 -0.000555 -0.000541 
0.006195 -0.008599 0.009592 -0.004506 
-0.010076 -0.003928 -0.006723 -0.008470 
-0.001670 0.013608 -0.011318 0.007738 
0.002113 0.006018 0.000978 0.006302 
0.012556 -0.000915 0.010075 0.007549 
0.002503 0.002454 0.002363 0.002589 
0.005097 -0.001762 0.005284 -0.001079 
-0.003928 -0.001890 -0.003751 -0.002220 
-0.007543 -0.011328 0.003354 -0.013189 
0.017638 0.022023 -0.006197 -0.027526 
-0.013072 0.006209 -0.012683 -0.006969 
0.000369 -0.009894 0.004572 -0.008782 
-0.014508 -0.010899 0.009649 -0.015368 
0.011294 -0.002506 0.010717 0.004357 
0.005424 0.008406 0.001208 0.009931 
0.007954 -0.012271 0.014617 -0.000437 
-0.004560 -0.012877 0.006578 -0.011972 
-0.017876 0.012195 -0.001181 -0.021607 
-0.001487 -0.011831 0.005894 -0.010365 
-0.007345 -0.019391 0.020735 0.000189 
-0.002117 0.005945 -0.003147 0.005470 
-0.001129 0.017991 -0.018012 0.000728 
0.002973 -0.015201 0.014823 -0.004491 
-0.016792 0.031096 0.005188 0.034957 
-0.002619 0.013747 -0.012294 0.006685 
-0.013056 0.018989 -0.003237 -0.022815 
-0.012989 -0.014030 0.015026 -0.011823 
-0.014601 -0.018282 0.022793 0.005281 
-0.020700 -0.000625 0.007996 -0.019104 
-0.023858 0.018786 0.028460 0.010590 
-0.011330 -0.002829 -0.007614 -0.008854 
-0.008982 -0.006688 -0.003991 -0.010463 
-0.012413 -0.008918 0.001636 -0.015196 
0.009544 -0.012921 0.015638 0.003676 
-0.001283 0.013253 -0.010406 0.008306 
0.009265 -0.027441 -0.023933 0.016311 
0.002940 -0.014965 0.014446 -0.004889 
-0.000921 0.003758 -0.001173 0.003687 
0.008434 -0.002115 0.008655 0.000831 
-0.007971 0.002431 -0.008332 -0.000146 
0.005639 0.004549 0.004413 0.005746 
0.002123 0.001023 0.002096 0.001076 
0.005766 -0.011787 0.012379 -0.004353 
0.001640 -0.001294 0.001666 -0.001262 
-0.007737 -0.001644 -0.006972 -0.003736 
-0.008683 0.001515 -0.008675 -0.001562 
0.009627 0.014013 -0.010997 0.012965 
-0.000419 -0.020295 0.019566 0.005408 
-0.021198 0.014379 0.018313 -0.017910 
-0.007453 -0.013874 0.009244 -0.012751 
0.006383 0.005237 0.004496 0.006925 
0.017498 -0.010175 0.004950 0.019626 
-0.005578 -0.023026 0.017708 0.015739 
0.007068 0.003274 0.005918 0.005065 
-0.007043 -0.002983 -0.006020 -0.004719 
0.007153 0.002476 0.006282 0.004224 
-0.005946 -0.020065 0.020779 0.002487 
-0.012841 -0.001197 -0.008568 -0.009640 
-0.011300 0.014340 -0.015048 -0.010338 
-0.017215 0.016449 0.005360 -0.023199 
-0.026603 0.009853 0.028097 0.003916 
-0.024076 0.000248 0.020729 -0.012248 
-0.001783 -0.023307 0.015936 0.017101 
-0.001317 0.011951 -0.008307 0.008693 
-0.001192 -0.001388 -0.001171 -0.001406 
0.013575 -0.013147 0.012564 0.014116 
-0.022194 -0.005896 0.020150 -0.011014 
0.018191 -0.004600 0.004247 0.018277 
0.013741 -0.021896 -0.010939 0.023422 
0.007682 -0.011750 0.013966 -0.001424 
0.010167 -0.002425 0.010103 0.002679 
-0.007094 -0.000198 -0.006867 -0.001793 
-0.001932 0.018532 -0.018537 -0.001879 
-0.008114 0.002213 -0.008399 -0.000448 
0.001454 0.000777 0.001444 0.000795 
0.005915 0.005806 0.003860 0.007335 
0.000067 -0.003406 0.000246 -0.003398 
0.003000 0.007152 0.000971 0.007695 
-0.008538 -0.013694 0.009359 -0.013147 
-0.007212 -0.015920 0.014258 -0.010107 
-0.021193 -0.008008 0.020278 -0.010103 
-0.009496 0.009607 -0.013501 -0.000445 
-0.001094 0.003596 -0.001321 0.003519 
0.013739 -0.013693 0.011818 0.015382 
-0.001306 -0.002059 -0.001250 -0.002093 
-0.005069 -0.002700 -0.004612 -0.003423 
0.001928 -0.012757 0.010121 -0.008001 
-0.012090 0.002226 -0.010785 -0.005898 
-0.000083 0.018638 -0.018638 -0.000048 
0.003301 -0.020411 0.017939 0.010280 
-0.022026 -0.010836 0.024531 0.000912 
0.005896 -0.006882 0.007990 -0.004277 
-0.006071 0.006753 -0.008112 0.004081 
-0.011692 0.014886 -0.014314 -0.012386 
-0.001173 0.020200 -0.019101 -0.006677 
-0.007322 -0.006813 -0.003613 -0.009325 
-0.017937 0.007245 -0.005057 -0.018672 
0.001780 0.000867 0.001764 0.000898 
0.012064 -0.001417 0.010359 0.006344 
-0.008503 -0.002783 -0.006969 -0.005610 
0.011357 0.019060 -0.022040 -0.002547 
0.006396 0.015432 -0.012741 0.010804 
0.015699 0.008748 -0.006938 0.016578 
0.015658 -0.009510 0.010356 0.015111 
0.014325 -0.005115 0.011614 0.009822 
0.017527 -0.004479 0.006083 0.017037 
0.016237 -0.004028 0.008743 0.014263 
0.006097 0.007289 0.002706 0.009109 
-0.003505 0.011776 -0.010142 0.006935 
-0.003504 0.005007 -0.004294 0.004348 
-0.002973 0.015716 -0.015579 0.003621 
-0.001663 0.000201 -0.001665 0.000180 
0.006273 0.011440 -0.003444 0.012584 
0.021910 -0.007822 -0.011776 0.020064 
-0.005169 0.000837 -0.005233 0.000193 
0.005780 -0.003521 0.006380 -0.002259 
-0.015479 -0.003553 -0.003249 -0.015545 
0.009063 -0.003751 0.009800 0.000412 
0.012403 -0.007808 0.013451 0.005819 
0.015797 -0.014369 0.005268 0.020695 
-0.009989 0.002187 -0.009891 -0.002597 
-0.014400 -0.005221 -0.002491 -0.015114 
-0.015482 -0.000426 -0.006874 -0.013879 
0.007251 0.022217 -0.019543 -0.012815 
0.024122 -0.008024 -0.021755 0.013154 
-0.002842 0.009959 -0.007152 0.007490 
-0.006091 0.010245 -0.011012 0.004562 
-0.000074 0.011819 -0.007031 0.009500 
0.012427 0.007021 0.001941 0.014141 
-0.012506 -0.020581 0.021104 0.011602 
0.008135 0.005386 0.005150 0.008286 
0.019355 -0.021972 -0.029079 0.003440 
0.023411 -0.003074 -0.017209 0.016166 
-0.014491 0.009692 -0.012355 -0.012299 
-0.013591 0.018439 -0.003119 -0.022693 
-0.000846 0.008772 -0.003808 0.007947 
0.015992 0.009025 -0.008249 0.016406 
-0.010326 0.014767 -0.015762 -0.008734 
-0.006023 0.004009 -0.006794 0.002487 
-0.001557 0.009301 -0.005070 0.007952 
-0.010267 0.007273 -0.012521 -0.001240 
0.012162 0.019992 -0.021935 -0.008152 
0.016045 0.011128 -0.013418 0.014186 
0.007440 0.012130 -0.005072 0.013296 
-0.004430 -0.004667 -0.003485 -0.005410 
-0.007767 0.016179 -0.016970 -0.005840 
-0.007564 0.019210 -0.015393 -0.013759 
-0.008496 -0.014774 0.012106 -0.011996 
-0.009455 0.006986 -0.011755 0.000143 
0.025034 -0.007618 -0.024629 0.008838 
0.009437 0.026371 0.001619 -0.027962 
-0.003917 0.020563 -0.017318 -0.011758 
0.020017 0.022724 0.008312 -0.029120 
-0.004745 0.009696 -0.008973 0.006000 
0.010874 0.004268 0.006406 0.009768 
-0.007984 0.005682 -0.009633 0.001801 
-0.012933 0.010235 -0.013981 -0.008750 
-0.028740 0.011871 0.020902 0.023022 
-0.021695 0.002998 0.009687 -0.019642 
-0.016279 -0.013500 0.019230 -0.008801 
0.008767 -0.013214 0.015678 0.002381 
-0.010879 -0.005321 -0.005306 -0.010886 
-0.008720 0.020920 -0.009381 -0.020632 
-0.005181 -0.012000 0.004653 -0.012214 
0.000892 0.005916 -0.000072 0.005982 
0.002776 0.003352 0.002479 0.003577 
0.009130 0.012495 -0.006740 0.013931 
-0.009492 -0.003187 -0.007141 -0.007018 
-0.001159 -0.005584 -0.000329 -0.005693 
0.003457 -0.013675 0.012852 -0.005811 
0.003853 -0.008020 0.006416 -0.006165 
-0.003525 -0.007854 -0.000749 -0.008576 
0.009280 0.024188 -0.011885 -0.023020 
0.000522 -0.013546 0.010349 -0.008757 
-0.018447 -0.005707 0.007756 -0.017684 
0.001036 -0.000510 0.001039 -0.000504 
0.000791 -0.007565 0.002719 -0.007104 
0.000195 0.028732 0.015751 -0.024031 
0.014748 0.014702 -0.019187 0.008093 
-0.012114 0.009735 -0.014229 -0.006250 
0.001059 -0.009328 0.004592 -0.008188 
-0.006566 -0.002745 -0.005773 -0.004162 
0.001546 -0.003855 0.001841 -0.003723 
-0.010912 -0.014821 0.014363 -0.011508 
0.000484 0.005917 -0.000460 0.005919 
0.018913 0.008391 -0.014557 0.014705 
-0.002198 0.000070 -0.002199 0.000022 
0.013363 -0.007704 0.013137 0.008083 
-0.019798 -0.008495 0.017280 -0.012866 
0.009476 0.025836 -0.002006 -0.027445 
-0.007297 0.010067 -0.012061 0.003020 
0.002980 -0.013674 0.012467 -0.006359 
-0.000201 0.004438 -0.000595 0.004403 
0.003139 -0.001201 0.003196 -0.001040 
0.002478 -0.007889 0.004758 -0.006763 
-0.009560 -0.021068 0.021118 0.009449 
0.001433 0.023806 -0.014105 -0.019231 
0.013137 0.014904 -0.017333 0.009709 
0.001238 -0.009265 0.004705 -0.008077 
0.000327 0.006352 -0.000833 0.006305 
-0.002281 -0.008859 0.001149 -0.009075 
-0.023435 0.009628 0.020436 -0.014975 
-0.006179 0.020289 -0.015424 -0.014558 
-0.002931 -0.005489 -0.001932 -0.005915 
-0.007838 -0.013462 0.008389 -0.013126 
-0.002624 -0.013940 0.009381 -0.010639 
-0.026161 0.002658 0.026108 -0.003142 
0.002342 0.015340 -0.012494 0.009202 
0.019729 -0.011181 -0.005307 0.022047 
-0.028117 -0.014836 -0.010531 0.029996 
-0.013128 -0.023234 0.011353 0.024151 
0.011876 0.006147 0.003767 0.012831 
0.004351 0.003803 0.003730 0.004414 
0.009076 0.008597 0.001331 0.012430 
-0.004060 -0.005429 -0.002854 -0.006149 
-0.000298 0.001118 -0.000305 0.001116 
0.008113 -0.008376 0.011458 -0.002170 
-0.006502 0.000930 -0.006559 -0.000346 
0.000374 -0.007156 0.002009 -0.006878 
-0.005364 -0.007272 -0.002382 -0.008717 
-0.013666 -0.002121 -0.007264 -0.011768 
0.025012 0.009746 -0.023755 -0.012502 
0.008706 -0.024445 -0.006213 0.025195 
0.001005 0.000713 0.001000 0.000720 
0.005174 -0.008086 0.008001 -0.005304 
-0.020907 -0.002244 0.010685 -0.018110 
-0.009030 0.009790 -0.013315 0.000327 
-0.007540 -0.000836 -0.007072 -0.002746 
-0.013083 0.016561 -0.009393 -0.018899 
0.024769 -0.022877 -0.010719 -0.031968 
0.018657 -0.013102 -0.003730 0.022491 
-0.005510 0.013463 -0.014175 0.003268 
-0.000526 0.021339 -0.018612 -0.010450 
-0.007058 0.007167 -0.009496 0.003318 
-0.013325 -0.004386 -0.004994 -0.013109 
-0.004545 0.002882 -0.004882 0.002265 
0.004180 0.008194 0.000823 0.009161 
0.012900 -0.011274 0.014068 0.009777 
-0.016642 -0.002188 -0.002800 -0.016550 
-0.012571 -0.002693 -0.007400 -0.010513 
-0.004642 0.008842 -0.008028 0.005939 
0.010499 -0.015608 0.015316 0.010921 
-0.014626 -0.017629 0.022777 0.002436 
0.000439 0.003942 0.000158 0.003963 
-0.005816 -0.005630 -0.003921 -0.007081 
0.008162 0.027104 0.005200 -0.027825 
-0.004476 -0.006097 -0.002769 -0.007039 
0.010964 -0.001669 0.010196 0.004365 
-0.015304 0.014247 -0.007088 -0.019671 
-0.006443 0.012491 -0.013768 0.002826 
-0.006002 0.003551 -0.006631 0.002158 
-0.015103 -0.000404 -0.007416 -0.013163 
0.001761 0.004321 0.001328 0.004473 
0.011800 -0.013288 0.014848 0.009765 
-0.022275 0.000293 0.013612 -0.017634 
0.001462 0.017835 -0.017515 0.003665 
-0.008465 0.007378 -0.011108 0.001649 
-0.002855 0.017079 -0.017294 0.000881 
0.016678 0.006602 -0.004600 0.017338 
-0.020606 -0.005588 0.014595 -0.015582 
0.008705 0.000892 0.007887 0.003791 
0.012713 0.014488 -0.015763 0.011092 
-0.012569 -0.001610 -0.008338 -0.009542 
-0.011221 -0.003477 -0.007082 -0.009373 
-0.002369 0.009932 -0.006618 0.007776 
0.009426 0.014640 -0.012456 0.012166 
0.025073 -0.009668 -0.026050 0.006600 
-0.001659 0.005971 -0.002665 0.005595 
0.004401 -0.016284 0.016864 -0.000366 
0.002981 -0.003317 0.003267 -0.003036 
-0.005241 0.000998 -0.005326 0.000317 
-0.002708 0.008764 -0.005765 0.007134 
0.019014 0.003253 -0.005318 0.018543 
-0.008232 -0.025832 0.003518 0.026883 
0.008826 0.005288 0.005403 0.008757 
0.017793 0.006705 -0.007797 0.017342 
0.023042 -0.007105 -0.016545 0.017542 
0.002368 -0.019828 0.018765 0.006828 
-0.021922 -0.005945 0.019403 -0.011808 
-0.009539 0.002454 -0.009679 -0.001825 
-0.007240 -0.005020 -0.005075 -0.007201 
-0.004358 -0.006920 -0.002102 -0.007903 
-0.008441 0.002557 -0.008805 -0.000504 
-0.007270 0.008775 -0.010912 0.003285 
-0.000307 -0.007449 0.001553 -0.007291 
-0.000562 -0.001690 -0.000538 -0.001698 
-0.003122 -0.009971 0.001970 -0.010261 
-0.019787 0.012352 0.007527 -0.022078 
0.008040 -0.004469 0.009126 -0.001149 
0.012305 0.020030 -0.021882 -0.008591 
0.019520 -0.023677 -0.029879 -0.006992 
0.027109 -0.016687 -0.020198 -0.024605 
0.015078 0.011568 -0.012456 0.014353 
0.012964 0.009076 -0.002695 0.015594 
0.010113 -0.021722 0.002701 0.023808 
-0.002429 -0.013142 0.007808 -0.010847 
-0.009518 0.007409 -0.012062 0.000052 
0.021201 -0.005743 -0.007401 0.020681 
-0.000496 0.020421 -0.019271 -0.006776 
0.007081 -0.002466 0.007473 -0.000608 
0.014295 -0.009723 0.012619 0.011818 
0.012261 -0.001214 0.010259 0.006824 
-0.009004 0.017657 -0.015474 -0.012385 
0.018734 -0.026485 -0.025698 -0.019800 
0.010168 -0.018396 0.012573 0.016845 
0.009688 -0.000864 0.009175 0.003228 
0.005532 0.006715 0.002961 0.008181 
0.012884 -0.018582 0.005068 0.022037 
0.001602 0.004723 0.001062 0.004873 
-0.013827 0.006948 -0.012631 -0.008940 
-0.001835 0.011343 -0.007889 0.008355 
0.004134 0.012815 -0.006535 0.011773 
0.011164 -0.013685 0.015307 0.008811 
0.004159 -0.005889 0.005414 -0.004760 
-0.004874 0.013752 -0.014066 0.003874 
-0.014434 -0.001673 -0.006989 -0.012740 
-0.010715 0.023819 0.009253 -0.024424 
-0.011089 0.003058 -0.010888 -0.003711 
0.014947 -0.008751 0.011750 0.012726 
0.000423 0.010215 -0.004268 0.009290 
0.020413 0.008104 -0.018309 0.012130 
0.000627 0.002588 0.000544 0.002607 
-0.004457 -0.012885 0.006614 -0.011922 
0.004380 0.017425 -0.016820 0.006315 
0.015965 0.001113 0.005404 0.015064 
-0.005518 0.005483 -0.006794 0.003790 
-0.004001 -0.005724 -0.002654 -0.006459 
-0.005096 0.019973 -0.017036 -0.011605 
0.007248 0.008466 0.001633 0.011024 
-0.001482 0.003254 -0.001667 0.003164 
-0.006218 0.002936 -0.006699 0.001552 
0.012240 0.009246 -0.002124 0.015192 
0.010273 0.006978 0.003403 0.011944 
-0.007142 0.005981 -0.008885 0.002799 
0.026716 -0.003944 -0.027005 -0.000154 
0.004575 -0.018060 0.018074 0.004520 
-0.000653 0.005343 -0.001344 0.005212 
0.013263 0.015928 -0.019642 0.006617 
0.002009 0.011341 -0.004737 0.010499 
0.012561 -0.002762 0.011092 0.006509 
-0.012558 -0.010726 0.005940 -0.015410 
-0.013594 -0.011948 0.010656 -0.014628 
-0.010392 0.022451 0.001390 -0.024701 
0.002775 0.012220 -0.005852 0.011081 
-0.006367 -0.003846 -0.005218 -0.005301 
-0.008530 0.002283 -0.008794 -0.000800 
-0.002170 -0.012365 0.006433 -0.010780 
-0.013495 -0.004642 -0.004484 -0.013548 
-0.000242 0.011211 -0.006235 0.009321 
-0.002518 0.001907 -0.002601 0.001791 
-0.009792 0.011511 -0.014905 -0.002490 
0.023843 -0.009629 -0.022067 0.013200 
0.014616 -0.018568 -0.001113 0.023604 
-0.000683 -0.000612 -0.000680 -0.000615 
-0.011353 -0.009882 0.002526 -0.014838 
-0.004878 0.001322 -0.004998 0.000752 
0.002624 0.007178 0.000662 0.007614 
0.014381 -0.005554 0.011743 0.009987 
-0.009037 0.001330 -0.008892 -0.002089 
-0.005796 0.011504 -0.012080 0.004474 
0.002748 0.016457 -0.014807 0.007690 
-0.003656 -0.008374 -0.000316 -0.009132 
-0.011995 -0.012863 0.010596 -0.014038 
-0.005200 -0.022190 0.019489 0.011816 
0.006029 0.001840 0.005604 0.002886 
0.000312 -0.014397 0.011782 -0.008279 
0.000969 0.011653 -0.005957 0.010062 
-0.000204 -0.000482 -0.000204 -0.000482 
-0.009162 -0.005537 -0.005222 -0.009345 
-0.017472 -0.002127 -0.000890 -0.017578 
0.001481 -0.006747 0.002890 -0.006274 
-0.019461 0.000390 0.002337 -0.019324 
0.007567 0.028837 0.017230 -0.024330 
-0.003973 0.018449 -0.018286 -0.004667 
0.000605 -0.003423 0.000791 -0.003385 
-0.005604 -0.013183 0.007177 -0.012397 
-0.015765 0.005491 -0.010068 -0.013316 
0.015102 -0.003594 0.010189 0.011712 
-0.007481 0.002685 -0.007934 0.000471 
-0.012187 0.003154 -0.011266 -0.005617 
0.014163 0.009212 -0.004914 0.016165 
-0.002493 -0.021437 0.019732 0.008743 
-0.010565 -0.001488 -0.008468 -0.006491 
-0.014107 0.007735 -0.012635 -0.009959 
-0.013629 0.014465 -0.011254 -0.016382 
-0.000947 -0.013658 0.009602 -0.009759 
-0.026949 0.000232 0.026722 0.003500 
-0.021621 0.011131 0.014220 -0.019726 
0.006125 -0.009493 0.010309 -0.004620 
0.001963 0.007244 0.000077 0.007505 
-0.007726 0.001875 -0.007942 -0.000377 
-0.009271 -0.014639 0.012328 -0.012177 
-0.019467 0.024486 0.029065 0.011564 
-0.016652 0.018438 0.009233 -0.023065 
0.019651 -0.012948 -0.008020 0.022124 
0.002833 0.005601 0.001796 0.006014 
0.007628 0.000207 0.007312 0.002183 
0.000609 -0.001035 0.000615 -0.001031 
0.011432 -0.007037 0.012966 0.003480 
-0.013393 -0.012550 0.011876 -0.013995 
-0.010341 0.007012 -0.012420 -0.001362 
0.006570 -0.002467 0.006952 -0.000957 
-0.007372 -0.016889 0.016605 -0.007992 
0.007730 -0.008341 0.011048 -0.002695 
-0.015990 -0.020816 0.016605 0.020328 
-0.017922 0.016083 0.007499 -0.022883 
0.004292 -0.011475 0.010539 -0.006247 
-0.011473 -0.005531 -0.004829 -0.011786 
-0.009853 0.016731 -0.015288 -0.011970 
0.002312 -0.005395 0.003120 -0.004971 
-0.004817 -0.018646 0.019046 -0.002851 
-0.008568 -0.013990 0.010136 -0.012899 
-0.017504 0.003221 -0.005635 -0.016882 
-0.000226 0.019866 -0.019374 -0.004400 
0.004694 0.010725 -0.002400 0.011458 
-0.003799 0.002322 -0.003991 0.001973 
-0.007754 0.012671 -0.014850 0.000371 
-0.003725 0.013679 -0.013074 0.005484 
0.007065 -0.002583 0.007489 -0.000713 
-0.022452 0.008606 0.015013 -0.018782 
-0.003868 0.010790 -0.009240 0.006783 
0.009617 -0.011278 0.014701 0.001883 
0.005092 -0.007942 0.007793 -0.005317 
0.001146 0.008744 -0.001932 0.008604 
0.017557 -0.004787 0.006092 0.017148 
-0.001241 0.006782 -0.002658 0.006362 
-0.002667 -0.006749 -0.001001 -0.007188 
-0.002425 -0.006249 -0.001115 -0.006610 
-0.014888 -0.008276 0.004165 -0.016517 
-0.010210 -0.023312 0.014976 0.020576 
-0.020646 0.024335 0.026499 0.017784 
-0.002954 0.019243 -0.018637 -0.005630 
0.010588 0.015286 -0.015189 0.010727 
-0.000063 0.008868 -0.003143 0.008292 
-0.001356 0.011928 -0.008306 0.008668 
0.019348 -0.011976 -0.004819 0.022238 
0.010207 -0.020440 0.007207 0.021680 
0.000757 0.009497 -0.003091 0.009012 
0.005840 0.002228 0.005358 0.003218 
-0.018262 -0.013027 0.021739 -0.005534 
0.012295 -0.009243 0.014020 0.006327 
-0.013238 0.010909 -0.013762 -0.010240 
0.001068 0.011073 -0.004966 0.009954 
0.019430 0.010088 -0.019233 0.010458 
0.006984 -0.005947 0.008692 -0.002932 
-0.011133 -0.016787 0.019096 -0.006410 
-0.013427 -0.011531 0.009306 -0.015055 
0.004947 -0.001971 0.005158 -0.001323 
0.002657 -0.005798 0.003671 -0.005215 
-0.012049 -0.014794 0.015637 -0.010933 
-0.018225 0.002040 -0.002982 -0.018095 
0.005447 0.004149 0.004454 0.005201 
-0.000111 0.003360 -0.000282 0.003350 
0.011950 0.016500 -0.019318 0.006469 
-0.014345 -0.026257 -0.011693 0.027540 
0.008730 0.012151 -0.005663 0.013850 
-0.010769 -0.011679 0.006113 -0.014663 
-0.006324 -0.021344 0.020679 0.008242 
-0.001030 0.000943 -0.001039 0.000934 
0.011293 -0.010575 0.014644 0.004991 
-0.024581 -0.010686 0.023351 0.013159 
0.010350 -0.009777 0.014059 0.002249 
0.017609 0.006427 -0.006711 0.017503 
0.011250 0.002633 0.007773 0.008548 
-0.007118 -0.019607 0.020837 0.000960 
0.000401 -0.011189 0.006340 -0.009228 
-0.014210 -0.011125 0.009653 -0.015248 
0.011033 0.001338 0.008652 0.006975 
0.002446 0.014210 -0.010022 0.010367 
0.023735 0.008646 -0.025159 -0.002263 
-0.002048 -0.004003 -0.001675 -0.004173 
-0.018623 -0.003866 0.005034 -0.018342 
-0.007562 -0.000242 -0.007249 -0.002167 
-0.006011 0.012768 -0.013737 0.003235 
0.000927 0.008356 -0.001742 0.008225 
-0.010190 -0.002361 -0.007851 -0.006911 
-0.013470 0.010236 -0.013541 -0.010141 
0.017131 0.003145 0.000334 0.017414 
0.001197 -0.016387 0.015797 -0.004519 
0.006925 -0.005511 0.008405 -0.002771 
-0.007472 -0.003984 -0.005816 -0.006154 
-0.004410 0.011766 -0.011033 0.006014 
0.021103 0.007323 -0.018996 0.011753 
0.019227 -0.007284 0.000486 0.020555 
-0.011338 0.008606 -0.013734 -0.003739 
-0.010943 -0.001441 -0.008574 -0.006950 
0.002856 -0.006842 0.004449 -0.005930 
-0.014451 -0.016704 0.022016 -0.001779 
0.014176 -0.002043 0.010148 0.010107 
0.009962 0.009417 -0.000482 0.013700 
0.000212 0.016178 -0.014892 0.006325 
0.022744 0.013331 -0.022778 -0.013274 
-0.015244 0.009044 -0.011245 -0.013702 
-0.020347 0.010236 0.006866 -0.021717 
-0.018065 0.008910 -0.003933 -0.019755 
0.010276 -0.007298 0.012540 0.001257 
0.013071 0.010815 -0.006923 0.015488 
-0.014080 0.012582 -0.012016 -0.014566 
-0.014131 0.014298 -0.010283 -0.017273 
-0.017262 0.010462 -0.005491 -0.019424 
-0.005835 -0.013663 0.008307 -0.012318 
-0.010714 -0.017443 0.019937 -0.004646 
-0.005143 0.005536 -0.006385 0.004042 
0.000771 0.004988 0.000193 0.005044 
0.007099 -0.001757 0.007313 -0.000007 
0.012866 -0.009155 0.013799 0.007676 
-0.023315 -0.013765 0.020664 0.017495 
0.010216 0.015830 -0.016152 0.009698 
0.003700 0.000424 0.003667 0.000655 
0.000266 -0.011804 0.007166 -0.009384 
-0.006086 0.002634 -0.006486 0.001381 
0.003618 0.002398 0.003401 0.002697 
-0.000760 -0.006968 0.000792 -0.006964 
-0.015322 0.012567 -0.009222 -0.017540 
0.008694 0.011668 -0.004521 0.013831 
0.012307 0.016493 -0.019665 0.006065 
-0.007563 -0.002100 -0.006695 -0.004096 
0.005303 0.004755 0.004084 0.005835 
0.017720 -0.005877 0.005819 0.017739 
0.012703 0.005126 0.004565 0.012915 
-0.004084 0.001562 -0.004204 0.001204 
0.002077 0.003497 0.001810 0.003642 
0.003182 -0.006124 0.004415 -0.005304 
-0.017303 0.000550 -0.004267 -0.016778 
-0.006945 0.009809 -0.011474 0.003578 
-0.010728 -0.015894 0.016793 -0.009257 
-0.015084 -0.020398 0.019414 0.016331 
-0.010546 -0.022905 0.016269 0.019266 
0.018566 -0.010020 0.001170 0.021065 
0.015606 0.018732 -0.022269 -0.009927 
0.020247 0.008790 -0.019026 0.011190 
0.007037 -0.011803 0.013518 -0.002465 
-0.003384 -0.009342 0.000976 -0.009888 
-0.013185 0.001910 -0.010543 -0.008145 
0.011070 0.019573 -0.022046 -0.004429 
0.009156 0.009583 -0.000408 0.013248 
0.013787 -0.001391 0.009980 0.009613 
0.001195 0.001764 0.001159 0.001788 
0.002152 0.005123 0.001419 0.005373 
0.002293 -0.007556 0.004303 -0.006621 
0.003227 -0.001703 0.003323 -0.001506 
-0.017831 -0.002746 0.000939 -0.018017 
0.016983 -0.027419 -0.027659 -0.016590 
0.009239 0.013854 -0.010265 0.013112 
0.009507 0.010544 -0.002495 0.013977 
0.017334 -0.002335 0.005551 0.016586 
0.024718 -0.006316 -0.022949 0.011146 
0.002067 -0.007128 0.003758 -0.006400 
-0.001467 -0.006641 -0.000058 -0.006801 
0.008806 -0.001194 0.008669 0.001956 
0.018500 -0.006567 0.003347 0.019343 
-0.018993 -0.023267 -0.007374 0.029115 
-0.020629 -0.014649 0.023616 0.009079 
0.002057 0.001949 0.001985 0.002023 
-0.011850 0.019098 -0.006745 -0.021440 
0.001894 -0.011276 0.007852 -0.008312 
0.004116 -0.004846 0.004928 -0.004018 
-0.008666 0.000836 -0.008443 -0.002121 
-0.007901 0.006761 -0.010150 0.002264 
-0.006001 0.011615 -0.012402 0.004136 
0.015819 0.023250 -0.004687 -0.027728 
-0.014331 0.009689 -0.012574 -0.011880 
-0.001383 -0.010181 0.003444 -0.009680 
0.000685 -0.000101 0.000685 -0.000100 
-0.003467 0.014141 -0.013559 0.005305 
-0.003068 0.006564 -0.004524 0.005659 
-0.001619 0.021796 -0.017255 -0.013415 
-0.002583 -0.000576 -0.002564 -0.000657 
0.008866 -0.009831 0.013224 -0.000602 
0.000867 -0.000453 0.000869 -0.000449 
0.017019 0.001472 0.002832 0.016846 
-0.019835 -0.018497 0.016190 0.021759 
0.007959 0.007412 0.003076 0.010432 
-0.000125 -0.009092 0.003201 -0.008511 
0.007151 0.013201 -0.007481 0.013017 
0.016705 0.004494 -0.000753 0.017283 
0.001698 0.004970 0.001067 0.005142 
-0.007491 0.002924 -0.008015 0.000643 
0.019564 0.002234 -0.005709 0.018846 
0.009058 0.003325 0.006912 0.006734 
-0.004952 0.011208 -0.010888 0.005622 
-0.004605 -0.008190 -0.001064 -0.009336 
-0.008879 -0.004297 -0.006207 -0.007667 
-0.013533 0.017045 -0.007077 -0.020582 
0.001023 0.011894 -0.006320 0.010128 
0.001637 -0.000435 0.001643 -0.000413 
0.001359 -0.000982 0.001371 -0.000964 
0.000920 -0.011215 0.006843 -0.008932 
-0.009245 -0.002250 -0.007588 -0.005740 
0.003485 -0.008484 0.006383 -0.006587 
-0.009069 0.011288 -0.014460 -0.000767 
-0.012350 0.007714 -0.013416 -0.005660 
-0.017429 -0.010172 0.014431 -0.014106 
-0.010868 0.003514 -0.010988 -0.003118 
-0.006898 -0.006247 -0.003995 -0.008405 
-0.007600 -0.013895 0.009362 -0.012775 
-0.021375 -0.010057 0.023235 -0.004263 
0.011179 -0.012815 0.015293 0.007438 
0.012445 0.005654 0.004046 0.013056 
-0.008998 0.001062 -0.008772 -0.002271 
-0.010400 0.011505 -0.015025 -0.003846 
0.016479 0.009744 -0.011100 0.015598 
-0.005155 0.008660 -0.008457 0.005482 
-0.011243 0.017100 -0.012682 -0.016062 
0.014424 0.014721 -0.018755 0.008546 
-0.019132 0.018881 0.021282 -0.016419 
0.022670 0.018464 -0.004890 -0.028826 
-0.000526 -0.003475 -0.000332 -0.003499 
0.013979 -0.002971 0.010810 0.009348 
0.012200 0.016260 -0.019108 0.006936 
0.006885 -0.025137 -0.005019 0.025576 
0.013717 -0.009052 0.013216 0.009768 
-0.009249 0.000646 -0.008805 -0.002903 
-0.014343 0.013845 -0.010310 -0.017063 
-0.002615 0.012768 -0.010744 0.007377 
0.010873 -0.001367 0.010018 0.004442 
0.008086 0.004473 0.005809 0.007186 
0.018272 0.012050 -0.020203 0.008421 
0.017435 0.003050 -0.000307 0.017697 
-0.005838 -0.015880 0.013669 -0.009971 
-0.000067 0.029248 0.019383 -0.021904 
0.006019 -0.006101 0.007679 -0.003808 
-0.013991 -0.022226 0.014572 0.021850 
0.002330 -0.008147 0.004805 -0.006980 
-0.000372 -0.010825 0.005150 -0.009529 
-0.015295 -0.008973 0.006577 -0.016468 
-0.004568 0.002896 -0.004909 0.002269 
0.003553 0.004288 0.002920 0.004741 
-0.010103 -0.017571 0.019701 -0.004764 
0.008200 0.026836 0.003311 -0.027865 
0.004182 0.024291 -0.013263 -0.020776 
-0.031088 0.010535 0.005647 0.032335 
-0.020375 -0.004595 0.012159 -0.016983 
-0.021225 0.016547 0.023186 -0.013664 
-0.011015 0.021005 -0.002790 -0.023554 
-0.004028 -0.009560 0.000905 -0.010335 
0.006782 -0.011486 0.012976 -0.003090 
-0.012655 -0.000218 -0.009340 -0.008541 
-0.001910 -0.010181 0.003052 -0.009898 
0.000904 -0.017322 0.017125 -0.002760 
-0.014588 0.006231 -0.011791 -0.010611 
-0.000604 0.005113 -0.001210 0.005004 
-0.015537 0.010842 -0.010046 -0.016063 
0.021233 0.000609 -0.010106 0.018684 
0.011583 0.010540 -0.004255 0.015072 
-0.005315 0.005586 -0.006606 0.003976 
-0.004793 0.006026 -0.006216 0.004543 
0.007804 -0.006185 0.009712 -0.002196 
0.003432 -0.009456 0.007253 -0.006971 
-0.007962 0.000870 -0.007879 -0.001441 
-0.011375 0.015051 -0.014623 -0.011919 
-0.017772 0.008213 -0.005269 -0.018856 
-0.004074 0.003059 -0.004404 0.002561 
-0.016368 0.006250 -0.009144 -0.014946 
-0.017552 0.011182 -0.003766 -0.020467 
-0.013681 -0.009784 0.005415 -0.015924 
-0.018452 -0.002779 0.002813 -0.018447 
-0.014632 0.014937 -0.007986 -0.019324 
-0.000781 0.016789 -0.016291 0.004133 
-0.000621 0.010880 -0.006094 0.009034 
0.001791 -0.009196 0.005203 -0.007791 
0.002419 0.028373 0.012017 -0.025816 
0.000782 0.008641 -0.002145 0.008407 
0.018274 0.012944 -0.021638 0.005766 
0.003870 -0.021137 0.016494 0.013773 
0.008215 -0.010860 0.013567 -0.001166 
-0.007994 -0.006655 -0.003935 -0.009629 
0.018238 -0.001113 0.002256 0.018132 
0.015437 -0.012654 0.008826 0.017903 
0.004532 0.000067 0.004506 0.000487 
0.018040 -0.010952 0.002207 0.020989 
-0.001267 -0.000370 -0.001264 -0.000380 
-0.002933 -0.006887 -0.001115 -0.007402 
0.016986 -0.000534 0.004986 0.016247 
-0.023200 0.012318 0.022881 -0.012901 
0.001910 -0.004986 0.002534 -0.004699 
-0.008249 0.005754 -0.009942 0.001525 
0.020068 -0.003458 -0.002670 0.020188 
-0.016109 -0.004904 0.000090 -0.016839 
-0.005732 -0.000433 -0.005604 -0.001281 
-0.001848 -0.009303 0.001979 -0.009276 
-0.004384 -0.010179 0.001635 -0.010962 
-0.017046 -0.013042 0.019702 -0.008514 
-0.011833 0.003422 -0.011327 -0.004839 
0.025464 0.005051 -0.025835 -0.002538 
0.002966 0.003209 0.002678 0.003453 
0.010253 0.015090 -0.014364 0.011248 
-0.001516 -0.015832 0.013771 -0.007956 
-0.010676 0.002499 -0.010432 -0.003377 
-0.002124 0.000233 -0.002129 0.000189 
-0.005749 -0.010265 0.001346 -0.011688 
0.000288 -0.007368 0.002071 -0.007077 
0.004403 -0.009570 0.008460 -0.006277 
0.004478 -0.000809 0.004534 -0.000388 
-0.001337 -0.009018 0.002062 -0.008880 
-0.003954 -0.004406 -0.003210 -0.004975 
0.012169 0.002193 0.007984 0.009441 
-0.005737 -0.021726 0.020219 0.009803 
-0.007213 0.001922 -0.007465 0.000065 
-0.019411 0.001935 0.000946 -0.019484 
-0.009148 -0.007003 -0.003602 -0.010943 
0.001474 0.014954 -0.011969 0.009085 
0.011217 -0.025251 -0.018311 0.020691 
0.002484 -0.018048 0.018180 0.001183 
0.006545 0.004705 0.004904 0.006397 
-0.012348 -0.012921 0.011237 -0.013898 
-0.011606 -0.000530 -0.009212 -0.007079 
-0.002857 -0.003786 -0.002458 -0.004056 
-0.011997 0.004247 -0.011764 -0.004853 
-0.014420 0.004457 -0.011256 -0.010054 
-0.018401 0.015745 0.008767 -0.022576 
-0.011324 -0.016775 0.019247 -0.006260 
0.003845 0.007613 0.001183 0.008446 
0.004487 -0.000451 0.004509 -0.000037 
0.006333 -0.000377 0.006297 0.000774 
0.006657 0.012049 -0.004733 0.012926 
0.011507 0.000817 0.009028 0.007181 
0.007715 0.010986 -0.002688 0.013152 
0.018214 -0.006346 0.004320 0.018797 
-0.004228 0.005663 -0.005388 0.004573 
0.013285 0.016694 -0.020962 0.003971 
0.013234 -0.020189 -0.001702 0.024080 
0.006052 0.007610 0.002357 0.009433 
0.015808 0.002500 0.004070 0.015478 
-0.019486 -0.008077 0.015591 -0.014208 
0.007655 0.025222 -0.007751 -0.025193 
0.004366 0.019616 -0.020084 -0.000687 
-0.013168 0.011810 -0.013732 -0.011150 
-0.010085 0.001943 -0.009853 -0.002899 
-0.006312 0.002618 -0.006721 0.001239 
0.023356 -0.008656 -0.019142 0.015938 
-0.015311 -0.016793 0.022719 0.000509 
0.018793 -0.004227 0.002235 0.019132 
0.001807 0.003143 0.001617 0.003244 
0.002436 -0.008477 0.005206 -0.007121 
-0.006733 -0.013663 0.008474 -0.012657 
-0.016770 0.013695 -0.002984 -0.021445 
0.001574 -0.006499 0.002846 -0.006051 
-0.012840 -0.005557 -0.003844 -0.013452 
-0.003612 0.019310 -0.018405 -0.006867 
-0.009270 0.003658 -0.009939 -0.000724 
-0.012744 -0.008035 0.000253 -0.015063 
-0.021725 0.010994 0.014506 -0.019555 
-0.010321 0.021771 -0.001855 -0.024022 
-0.010273 -0.017632 0.019925 -0.004406 
-0.021410 -0.007843 0.020606 -0.009761 
0.004386 0.007066 0.002003 0.008072 
-0.020928 0.009147 0.008325 -0.021268 
-0.019830 0.011388 0.006094 -0.022041 
-0.012029 -0.007336 -0.001778 -0.013977 
-0.000221 0.004410 -0.000608 0.004374 
-0.002462 -0.000419 -0.002450 -0.000488 
0.010361 -0.003422 0.010652 0.002367 
-0.003414 -0.016118 0.014015 -0.008662 
-0.001548 0.005937 -0.002531 0.005590 
0.017753 -0.004125 0.005364 0.017419 
0.005430 0.007708 0.001986 0.009217 
0.014459 0.013458 -0.015964 0.011633 
0.007942 -0.012377 0.014702 -0.000346 
0.005599 -0.005586 0.006935 -0.003804 
-0.002733 0.005871 -0.003789 0.005252 
-0.002166 0.006595 -0.003539 0.005972 
-0.000525 -0.002308 -0.000467 -0.002321 
0.008134 0.000490 0.007626 0.002871 
0.003047 0.017611 -0.017078 0.005271 
0.025432 0.006935 -0.025454 -0.006856 
0.014137 -0.004244 0.011362 0.009421 
-0.021514 -0.010562 0.023868 -0.002176 
-0.010600 -0.012991 0.009263 -0.013976 
0.000150 -0.002506 0.000221 -0.002501 
-0.001528 -0.005345 -0.000770 -0.005505 
-0.008303 0.014501 -0.016342 -0.003488 
0.016791 -0.002922 0.007122 0.015484 
0.007765 -0.015043 0.016591 0.003365 
0.011037 0.002988 0.007504 0.008627 
-0.003068 0.002089 -0.003192 0.001894 
-0.002555 0.011832 -0.009287 0.007764 
-0.003774 -0.001483 -0.003654 -0.001759 
0.001754 -0.007788 0.003893 -0.006969 
-0.003198 -0.007468 -0.000864 -0.008077 
0.003590 0.006216 0.002060 0.006876 
0.008009 -0.008362 0.011345 -0.002317 
-0.003486 -0.007605 -0.000949 -0.008312 
-0.000853 0.006238 -0.001951 0.005986 
0.010319 -0.009518 0.013891 0.002029 
-0.002874 -0.012579 0.006494 -0.011150 
-0.013876 -0.015113 0.018798 -0.008222 
-0.008307 0.021833 -0.007204 -0.022221 
0.010370 0.006546 0.003957 0.011607 
0.008015 0.013099 -0.007578 0.013357 
-0.008655 -0.005934 -0.004775 -0.009344 
-0.008075 -0.003781 -0.006232 -0.006377 
0.007103 0.001812 0.006459 0.003465 
0.011509 0.009123 -0.001080 0.014646 
0.011572 -0.013057 0.015061 0.008806 
0.008710 -0.010996 0.014027 -0.000171 
0.011871 -0.013604 0.014705 0.010476 
-0.010570 -0.009897 0.001859 -0.014360 
0.013804 0.011457 -0.009763 0.015050 
0.012393 -0.002592 0.011001 0.006267 
-0.002014 0.005844 -0.002988 0.005411 
-0.004393 0.008456 -0.007400 0.006004 
-0.002247 0.017910 -0.018044 -0.000460 
0.008552 0.017106 -0.017742 0.007139 
-0.001237 0.008121 -0.003617 0.007375 
0.014512 0.007838 -0.002514 0.016301 
0.003503 -0.007216 0.005424 -0.005910 
-0.007075 0.002188 -0.007396 0.000386 
-0.001747 0.006474 -0.003017 0.005989 
0.000580 0.004254 0.000224 0.004287 
-0.007155 0.015652 -0.016882 -0.003345 
0.000062 -0.009737 0.004100 -0.008832 
-0.015537 0.013145 -0.007968 -0.018727 
-0.003015 -0.008021 -0.000239 -0.008565 
0.001381 0.003237 0.001198 0.003309 
0.002284 0.009645 -0.002077 0.009691 
0.007813 -0.014128 0.016044 0.001798 
-0.012532 0.011612 -0.014375 -0.009234 
-0.005819 0.003671 -0.006466 0.002353 
0.000278 -0.007782 0.002372 -0.007417 
0.003996 -0.009659 0.008095 -0.006613 
0.006997 0.001969 0.006333 0.003567 
-0.003780 -0.024720 0.011300 0.022309 
-0.001141 0.026126 -0.000240 -0.026150 
0.006212 0.012164 -0.004944 0.012732 
0.023178 -0.010727 -0.020653 0.015025 
0.009882 -0.019889 0.009715 0.019971 
0.008201 0.000760 0.007590 0.003198 
0.007040 0.003282 0.005897 0.005056 
0.002751 -0.003848 0.003125 -0.003551 
0.005234 0.001784 0.004938 0.002488 
-0.020781 -0.005506 0.015052 -0.015349 
-0.014267 0.014378 -0.009837 -0.017706 
0.001945 0.016867 -0.015745 0.006354 
-0.003685 0.009605 -0.007690 0.006834 
0.002252 0.011659 -0.005123 0.010713 
0.012269 -0.002980 0.011189 0.005849 
-0.016939 0.004878 -0.007631 -0.015890 
-0.000826 -0.010999 0.005040 -0.009811 
-0.021836 -0.010795 0.024358 -0.000065 
-0.012081 -0.007610 -0.001253 -0.014224 
-0.010084 -0.007193 -0.003163 -0.011976 
-0.011800 0.006532 -0.012819 -0.004191 
-0.006353 0.011754 -0.012880 0.003551 
-0.001537 0.016959 -0.016780 0.002895 
0.008482 -0.018437 0.015249 0.013392 
0.004045 -0.011523 0.010349 -0.006483 
-0.001627 0.013624 -0.011311 0.007766 
0.000894 -0.000425 0.000896 -0.000421 
-0.005707 -0.009104 -0.000413 -0.010737 
0.005015 0.021977 -0.019785 -0.010803 
0.005989 0.002708 0.005350 0.003818 
0.003176 -0.008637 0.006170 -0.006827 
-0.012012 0.009760 -0.014258 -0.006022 
0.004197 -0.017901 0.018068 0.003407 
0.005141 0.007024 0.002486 0.008342 
0.012086 0.014760 -0.015602 0.010978 
-0.010767 -0.002598 -0.007789 -0.007874 
-0.002095 -0.012575 0.006868 -0.010740 
0.003411 0.005590 0.002271 0.006142 
-0.000340 0.000800 -0.000343 0.000799 
0.001676 -0.006086 0.002738 -0.005688 
0.017863 -0.011115 0.002692 0.020866 
-0.006417 -0.025022 0.009557 0.023998 
0.010373 0.013855 -0.011286 0.013122 
-0.000212 0.012836 -0.008852 0.009298 
0.006041 0.007252 0.002718 0.009039 
-0.005848 0.011647 -0.012293 0.004327 
-0.015030 -0.009815 0.008019 -0.016060 
0.003161 0.009523 -0.001343 0.009944 
0.022437 -0.016324 -0.026560 0.008027 
0.008856 0.013748 -0.009709 0.013160 
-0.009185 0.019764 -0.011602 -0.018449 
0.001418 -0.014181 0.012122 -0.007495 
-0.016922 -0.003617 -0.000136 -0.017303 
-0.007619 0.009943 -0.012255 0.002590 
-0.000769 0.008747 -0.003708 0.007960 
-0.008245 0.006196 -0.010176 0.001684 
0.014351 -0.002581 0.010342 0.010279 
0.007644 0.011156 -0.003022 0.013182 
-0.013128 0.006914 -0.012953 -0.007237 
-0.017585 0.010535 -0.004328 -0.020037 
0.001374 0.017678 -0.017270 0.004015 
-0.011834 0.010585 -0.014569 -0.006312 
-0.016019 -0.004952 -0.000021 -0.016767 
-0.011666 -0.006051 -0.004037 -0.012507 
-0.016076 0.014577 -0.003895 -0.021348 
0.002016 0.024662 -0.010935 -0.022197 
-0.019554 0.013971 0.009739 -0.021970 
0.008515 -0.008996 0.012298 -0.001481 
-0.005746 0.014528 -0.015557 0.001432 
-0.013012 -0.001532 -0.008221 -0.010202 
0.007746 -0.009103 0.011663 -0.002615 
-0.017821 0.006811 -0.005493 -0.018270 
-0.005464 -0.012509 0.005686 -0.012409 
-0.017132 0.003564 -0.006700 -0.016166 
0.013579 0.000437 0.008803 0.010349 
0.015559 -0.013731 0.007095 0.019501 
-0.006679 0.009548 -0.010957 0.003964 
0.014469 0.021345 -0.017274 -0.019145 
0.008483 -0.027341 -0.021702 0.018668 
0.008810 0.003375 0.006787 0.006553 
0.015211 -0.003952 0.010237 0.011925 
0.009044 0.018627 -0.020629 0.001787 
0.025150 -0.011053 -0.027175 0.004027 
-0.000460 0.003422 -0.000644 0.003392 
-0.004293 -0.005768 -0.002842 -0.006604 
-0.010782 0.004715 -0.011502 -0.002491 
-0.011862 -0.000901 -0.008983 -0.007800 
0.012707 0.021885 -0.017712 -0.018075 
-0.015306 0.009404 -0.011074 -0.014145 
0.002303 -0.006593 0.003688 -0.005931 
-0.000122 0.007401 -0.001931 0.007146 
0.013557 -0.009558 0.013417 0.009754 
0.016824 -0.001367 0.006027 0.015766 
0.009586 0.009931 -0.001279 0.013744 
0.007114 0.001927 0.006433 0.003597 
-0.010502 0.000665 -0.009534 -0.004452 
0.028054 -0.002505 -0.026436 -0.009718 
0.010678 -0.019999 0.007344 0.021448 
0.004509 0.002298 0.004214 0.002803 
0.004722 0.007192 0.002100 0.008343 
-0.001859 -0.009765 0.002538 -0.009611 
0.003341 -0.002103 0.003481 -0.001863 
-0.005695 -0.009653 0.000385 -0.011201 
0.004710 -0.004034 0.005336 -0.003159 
0.017810 -0.008746 0.004895 0.019228 
0.015972 -0.020745 -0.015008 0.021453 
0.012894 -0.018473 0.005356 0.021882 
0.002686 0.007807 0.000194 0.008254 
0.008550 0.008403 0.001731 0.011863 
-0.010269 -0.025639 0.002136 0.027536 
0.023048 -0.007162 -0.016607 0.017513 
0.014060 0.014390 -0.017495 0.009935 
-0.008300 0.007458 -0.010999 0.001883 
-0.000942 0.014618 -0.012584 0.007497 
-0.007965 0.001831 -0.008150 -0.000619 
0.011937 0.022384 -0.016823 -0.018988 
0.007257 0.018176 -0.019096 0.004286 
0.013904 0.020690 -0.019935 -0.014967 
0.009521 0.003806 0.006728 0.007738 
0.012096 0.006295 0.003389 0.013208 
-0.000988 -0.003613 -0.000758 -0.003668 
-0.003241 0.000451 -0.003259 0.000294 
0.001946 -0.018406 0.018447 0.001511 
-0.015329 0.013727 -0.007800 -0.019042 
0.004210 0.002179 0.003967 0.002594 
0.009886 0.004620 0.006124 0.009031 
-0.004708 -0.020374 0.020584 0.003680 
-0.004844 0.029646 0.026711 -0.013742 
0.003973 -0.002880 0.004262 -0.002432 
0.013852 -0.005108 0.011920 0.008711 
0.019411 -0.008480 -0.000928 0.021162 
-0.022488 -0.021466 -0.012533 0.028450 
-0.019054 -0.010891 0.019792 -0.009485 
-0.009894 -0.008543 -0.001134 -0.013023 
-0.008387 -0.001424 -0.007486 -0.004041 
-0.014415 0.017258 -0.003629 -0.022192 
-0.001085 0.015562 -0.014356 0.006104 
0.010265 0.018623 -0.021253 0.000688 
0.006731 0.004933 0.004875 0.006773 
0.006345 -0.006122 0.008063 -0.003566 
0.007968 -0.008344 0.011291 -0.002374 
0.008270 0.001683 0.007314 0.004212 
0.009915 -0.004653 0.010894 0.001126 
-0.008093 0.003979 -0.008982 0.000808 
0.018029 0.006187 -0.007435 0.017551 
0.000985 0.013167 -0.008634 0.009989 
0.029031 -0.004413 -0.024204 -0.016626 
0.023075 -0.002941 -0.015795 0.017077 
-0.009313 0.010211 -0.013813 -0.000432 
0.008165 0.010706 -0.002241 0.013276 
-0.004289 0.005924 -0.005582 0.004726 
-0.003525 0.020973 -0.017078 -0.012673 
0.004536 0.009690 -0.000847 0.010666 
-0.011393 -0.002418 -0.007930 -0.008530 
0.008370 -0.000384 0.008073 0.002245 
0.000646 0.004523 0.000217 0.004564 
-0.006562 0.007137 -0.008919 0.003800 
0.004868 -0.003579 0.005389 -0.002731 
-0.023362 0.006998 0.017903 -0.016560 
0.017890 0.018025 -0.021511 -0.013499 
-0.010448 -0.001015 -0.008696 -0.005880 
0.004729 -0.000528 0.004758 -0.000043 
-0.003149 -0.006465 -0.001567 -0.007019 
-0.004326 0.019788 -0.017801 -0.009665 
-0.008381 0.010094 -0.013054 0.001315 
-0.013920 0.015936 -0.008268 -0.019478 
0.020218 -0.028283 -0.007026 -0.034049 
0.012504 0.007030 0.001850 0.014225 
-0.001811 0.006565 -0.003136 0.006045 
0.001876 0.002023 0.001806 0.002086 
-0.004225 0.000984 -0.004293 0.000622 
0.011964 -0.000339 0.009750 0.006942 
0.001149 0.001508 0.001124 0.001526 
0.006753 0.009838 -0.000495 0.011923 
-0.014144 0.002099 -0.010204 -0.010017 
-0.008858 -0.004261 -0.006227 -0.007606 
0.008829 -0.016242 0.016477 0.008381 
0.000939 -0.003723 0.001185 -0.003652 
-0.001007 -0.001847 -0.000970 -0.001866 
-0.011002 -0.013081 0.009934 -0.013909 
-0.013389 0.009138 -0.013488 -0.008992 
-0.011056 -0.019610 0.022042 0.004577 
-0.015634 -0.016150 0.022440 -0.001303 
0.004660 0.005782 0.003091 0.006753 
-0.017014 0.008874 -0.007269 -0.017759 
-0.006720 -0.007931 -0.002217 -0.010156 
0.008754 0.012447 -0.006383 0.013814 
-0.006817 -0.024546 0.011794 0.022581 
-0.020325 -0.024869 -0.023749 0.021623 
-0.008979 -0.017224 0.018265 -0.006611 
-0.016188 -0.010577 0.012408 -0.014831 
-0.018942 -0.004101 0.006442 -0.018279 
0.004284 -0.004558 0.005018 -0.003734 
0.003749 -0.001762 0.003874 -0.001467 
0.012028 0.010881 -0.005602 0.015221 
0.001116 0.002750 0.001006 0.002792 
-0.000637 -0.004581 -0.000192 -0.004621 
-0.013094 -0.013046 0.012678 -0.013451 
-0.002341 -0.011799 0.005315 -0.010791 
-0.007480 -0.015974 0.014523 -0.010011 
-0.007455 0.014340 -0.016099 -0.001427 
0.007860 0.010467 -0.001694 0.012980 
0.012279 0.002296 0.007866 0.009705 
-0.009875 -0.006585 -0.004029 -0.011165 
0.009842 0.029773 0.026046 -0.017461 
-0.006195 0.011431 -0.012379 0.003975 
-0.000041 -0.008082 0.002311 -0.007745 
-0.014312 -0.012074 0.012255 -0.014157 
-0.013363 0.006114 -0.012557 -0.007634 
0.015017 -0.001658 0.009142 0.012028 
0.003023 -0.020131 0.018331 0.008852 
0.003035 -0.005816 0.004102 -0.005120 
0.006650 -0.002312 0.006998 -0.000778 
-0.000731 -0.018810 0.018824 -0.000173 
-0.011512 0.009195 -0.014047 -0.004446 
0.020934 -0.026902 -0.012449 -0.031733 
0.016966 -0.014734 0.000119 0.022471 
-0.011033 0.014724 -0.015173 -0.010406 
0.022614 0.015171 -0.019002 -0.019506 
0.017018 -0.021215 -0.020882 0.017426 
-0.000322 -0.010477 0.004706 -0.009366 
-0.016557 -0.014892 0.021950 -0.003754 
-0.007522 -0.018575 0.019839 -0.002830 
-0.014014 -0.018685 0.022633 0.005769 
0.005500 0.008498 0.001127 0.010060 
0.015691 0.002436 0.004357 0.015270 
-0.007908 0.002625 -0.008332 0.000058 
-0.001648 0.011823 -0.008413 0.008469 
0.015644 0.007746 -0.004577 0.016846 
-0.000448 0.012102 -0.007796 0.009267 
0.009188 -0.004319 0.010149 0.000265 
-0.008898 0.007604 -0.011659 0.001034 
-0.000829 0.004915 -0.001374 0.004791 
-0.011943 -0.001499 -0.008564 -0.008458 
0.000971 0.016054 -0.014391 0.007182 
-0.017535 -0.012524 0.019637 -0.008871 
-0.008866 0.023357 0.001001 -0.024963 
-0.015378 0.004292 -0.010184 -0.012295 
0.006609 0.019655 -0.020714 -0.000974 
0.025148 -0.010403 -0.026731 0.005107 
-0.012469 0.004266 -0.011839 -0.005789 
0.013062 -0.000478 0.009696 0.008765 
0.006755 0.008592 0.001382 0.010841 
0.013523 0.011018 -0.008166 0.015414 
0.012640 0.017950 -0.021953 0.000167 
-0.004064 -0.001266 -0.003947 -0.001594 
0.011571 -0.002306 0.010714 0.004940 
-0.014646 -0.011763 0.012097 -0.014372 
-0.018567 -0.000753 0.000544 -0.018574 
0.000712 -0.002148 0.000761 -0.002131 
0.012806 -0.006070 0.012670 0.006349 
-0.017215 -0.000905 -0.003020 -0.016973 
0.014119 0.022803 -0.011597 -0.024183 
-0.006228 0.014620 -0.015886 0.000436 
0.004013 0.010207 -0.001841 0.010812 
0.007796 0.002098 0.006852 0.004269 
-0.003567 -0.001428 -0.003464 -0.001662 
-0.015733 -0.001163 -0.005748 -0.014692 
0.005026 -0.000714 0.005075 -0.000125 
-0.002043 0.010171 -0.006557 0.008038 
0.018489 -0.002017 0.002175 0.018471 
0.010259 -0.012916 0.015608 0.005332 
0.016007 0.003561 0.002246 0.016244 
-0.007241 -0.013534 0.008320 -0.012899 
-0.010071 0.009409 -0.013704 -0.001465 
0.014763 -0.006483 0.011683 0.011111 
-0.002641 -0.000612 -0.002619 -0.000699 
0.007162 0.014720 -0.011248 0.011894 
-0.004079 0.008069 -0.006716 0.006053 
-0.003130 0.001147 -0.003184 0.000989 
0.001982 0.008064 -0.000584 0.008283 
0.006257 -0.007444 0.008779 -0.004183 
-0.006356 -0.022792 0.018310 0.014988 
-0.007810 -0.002879 -0.006545 -0.005143 
-0.004148 0.005181 -0.005090 0.004259 
-0.002817 0.004090 -0.003255 0.003751 
0.004520 -0.003597 0.005009 -0.002877 
0.005514 -0.000720 0.005561 0.000054 
0.002128 -0.017449 0.017553 -0.000947 
0.011754 0.001298 0.008720 0.007987 
0.012616 -0.008099 0.013536 0.006446 
-0.000542 0.000182 -0.000542 0.000181 
-0.003841 0.003134 -0.004165 0.002689 
-0.005603 0.004171 -0.006379 0.002845 
0.016118 0.013698 -0.019345 0.008556 
-0.004844 -0.025737 0.005967 0.025500 
0.003359 -0.014737 0.014372 -0.004681 
-0.012183 -0.018803 0.022240 0.002714 
-0.004490 -0.000674 -0.004408 -0.001088 
0.012766 0.007049 0.001539 0.014502 
0.003210 -0.023456 0.010808 0.021064 
0.016676 -0.006242 0.008491 0.015650 
-0.002473 -0.006030 -0.001278 -0.006391 
-0.017246 -0.004942 0.002892 -0.017706 
0.001706 -0.002784 0.001838 -0.002699 
0.005797 -0.003336 0.006349 -0.002105 
-0.003791 -0.008572 -0.000184 -0.009371 
-0.009088 0.016078 -0.016346 -0.008596 
-0.005610 0.012851 -0.013510 0.003755 
-0.007967 0.001358 -0.008017 -0.001016 
-0.008875 -0.002133 -0.007470 -0.005245 
0.004039 -0.009116 0.007596 -0.006459 
-0.004569 -0.008302 -0.000923 -0.009431 
0.004098 0.002891 0.003744 0.003337 
0.001316 -0.010080 0.005710 -0.008410 
-0.011463 -0.000931 -0.008954 -0.007218 
-0.006043 0.006999 -0.008234 0.004208 
0.000093 -0.006775 0.001486 -0.006611 
-0.015729 -0.005263 -0.000090 -0.016586 
0.003272 0.013870 -0.009022 0.011031 
0.008140 -0.005392 0.009647 -0.001502 
0.003030 0.005124 0.002174 0.005541 
0.009985 0.014464 -0.012496 0.012359 
-0.003260 0.012484 -0.010907 0.006892 
0.003142 0.003801 0.002707 0.004122 
0.011818 0.006454 0.003357 0.013041 
0.013399 0.014697 -0.017223 0.009945 
-0.006919 -0.008066 -0.002100 -0.010417 
0.000207 0.011778 -0.006739 0.009661 
0.001344 0.007568 -0.000699 0.007654 
0.004918 0.011324 -0.003397 0.011869 
0.009749 -0.018576 0.013036 0.016437 
-0.003479 -0.016238 0.014275 -0.008486 
0.012348 -0.000437 0.009805 0.007517 
0.019311 -0.014450 -0.009703 0.022081 
0.019155 0.004541 -0.007887 0.018037 
-0.002768 -0.005272 -0.001892 -0.005646 
-0.023461 0.011239 0.022420 -0.013194 
0.003594 -0.003986 0.004081 -0.003486 
-0.010906 0.009387 -0.014029 -0.003202 
-0.004462 -0.010674 0.002396 -0.011319 
-0.004457 -0.019175 0.019662 -0.000962 
0.007471 0.000258 0.007170 0.002116 
0.000692 0.004651 0.000225 0.004697 
0.003592 -0.010392 0.008467 -0.007015 
-0.017552 0.014439 0.001674 -0.022666 
0.021386 0.024429 0.025441 -0.020172 
0.005053 0.023764 -0.015374 -0.018812 
0.000897 -0.010301 0.005578 -0.008707 
0.004845 0.005013 0.003637 0.005948 
0.008456 -0.017851 0.015917 0.011696 
-0.014110 0.006870 -0.012405 -0.009612 
0.015970 0.007502 -0.004781 0.016984 
-0.001674 -0.012556 0.007070 -0.010510 
-0.003238 -0.000102 -0.003229 -0.000255 
0.015778 -0.001756 0.008208 0.013589 
-0.020053 -0.004762 0.011311 -0.017230 
-0.002440 0.003092 -0.002650 0.002913 
0.006403 0.014066 -0.009372 0.012289 
0.010118 -0.000405 0.009233 0.004158 
0.001117 0.007376 -0.000753 0.007422 
-0.010685 0.001327 -0.009917 -0.004193 
-0.008140 -0.001627 -0.007251 -0.004041 
0.006145 0.002788 0.005446 0.003984 
0.003465 -0.005891 0.004622 -0.005035 
0.015312 -0.012359 0.009453 0.017258 
0.002022 -0.010800 0.007330 -0.008185 
-0.017952 -0.013292 0.021639 -0.005543 
-0.000675 -0.019702 0.019492 0.002950 
0.008349 0.003141 0.006711 0.005877 
0.011983 0.008613 -0.000532 0.014748 
-0.012871 0.003648 -0.011528 -0.006787 
-0.000887 -0.002156 -0.000834 -0.002177 
0.011187 -0.018664 0.009721 0.019468 
-0.001501 0.002946 -0.001645 0.002869 
0.004996 0.004919 0.003790 0.005899 
0.016719 -0.008665 0.008147 0.016977 
-0.012391 -0.016373 0.019526 -0.006352 
-0.023057 0.008987 0.018151 -0.016821 
0.003208 -0.009525 0.007077 -0.007137 
-0.016103 0.011069 -0.008474 -0.017607 
-0.002535 0.004273 -0.002994 0.003965 
0.009971 -0.013487 0.015832 0.005537 
-0.001451 -0.006805 0.000060 -0.006957 
0.000889 0.002137 0.000838 0.002158 
-0.006711 0.015910 -0.017003 -0.003006 
-0.009915 -0.000151 -0.008888 -0.004397 
-0.016264 -0.005689 0.001833 -0.017133 
0.001305 -0.000752 0.001313 -0.000739 
-0.013609 -0.015313 0.018854 -0.008013 
-0.005958 0.024385 -0.001405 -0.025063 
0.000350 0.014098 -0.010810 0.009057 
-0.007322 0.002031 -0.007598 0.000074 
0.002416 -0.000036 0.002416 0.000028 
-0.005757 -0.008368 -0.001383 -0.010063 
0.009290 0.001060 0.008167 0.004552 
-0.012869 -0.006898 -0.001688 -0.014503 
-0.010061 -0.002116 -0.007964 -0.006502 
-0.013644 -0.012681 0.012629 -0.013692 
0.003311 0.000616 0.003275 0.000785 
-0.002317 0.007754 -0.004476 0.006742 
-0.009268 0.010038 -0.013660 -0.000243 
0.017364 0.005736 -0.004676 0.017679 
-0.018366 0.011342 -0.000421 -0.021582 
0.004447 -0.000867 0.004508 -0.000452 
0.014406 -0.003782 0.010946 0.010101 
-0.006544 -0.018409 0.019192 -0.003659 
-0.000291 0.002130 -0.000335 0.002123 
-0.000177 0.003697 -0.000406 0.003679 
0.001065 -0.001783 0.001100 -0.001762 
0.006450 0.008398 0.001567 0.010472 
0.005802 -0.005247 0.007014 -0.003464 
0.003530 0.012138 -0.005370 0.011444 
0.016079 0.014400 -0.020575 0.006524 
-0.003939 0.021381 -0.015965 -0.014757 
-0.013060 0.020565 0.002544 -0.024228 
-0.020578 -0.002981 0.010433 -0.017986 
-0.004002 0.013144 -0.012530 0.005636 
0.017992 -0.005504 0.004997 0.018139 
-0.011797 -0.002334 -0.007950 -0.009023 
-0.010724 -0.005744 -0.004857 -0.011154 
0.008212 0.001126 0.007476 0.003580 
0.009302 -0.008245 0.012425 -0.000341 
-0.015167 0.020778 0.011829 -0.022844 
-0.012208 0.014584 -0.013787 -0.013102 
0.000934 -0.009835 0.005041 -0.008496 
-0.022311 0.010297 0.016275 -0.018410 
0.000576 -0.009918 0.004795 -0.008700 
-0.019567 -0.008188 0.016040 -0.013879 
-0.014575 -0.007202 0.001329 -0.016203 
0.002799 -0.003123 0.003038 -0.002891 
0.008619 0.005161 0.005467 0.008429 
-0.004623 -0.018917 0.019381 -0.001899 
-0.007685 0.024484 0.003498 -0.025422 
-0.003654 0.009652 -0.007705 0.006866 
-0.002354 0.000077 -0.002355 0.000018 
-0.024076 0.015664 0.028722 0.000221 
0.016788 -0.001574 0.006257 0.015658 
0.005558 -0.017077 0.017599 0.003576 
-0.016748 -0.004184 0.000343 -0.017259 
0.008328 0.026221 -0.000844 -0.027499 
0.025127 -0.004079 -0.023681 0.009341 
-0.007126 0.015361 -0.016721 -0.002674 
-0.007209 0.016413 -0.017155 -0.005202 
-0.006907 0.004746 -0.008042 0.002355 
0.004322 -0.002616 0.004595 -0.002101 
-0.004084 -0.002859 -0.003738 -0.003299 
-0.004713 0.001411 -0.004839 0.000888 
0.009405 0.014311 -0.011588 0.012610 
0.013140 0.008847 -0.002447 0.015651 
0.016567 -0.005378 0.008571 0.015163 
0.001372 0.001293 0.001351 0.001315 
-0.005007 -0.001032 -0.004851 -0.001615 
-0.008245 0.004754 -0.009456 0.001082 
0.016479 0.009791 -0.011211 0.015548 
-0.000438 0.002052 -0.000478 0.002043 
-0.015267 0.004025 -0.010205 -0.012047 
-0.006866 0.007948 -0.009829 0.003701 
-0.012046 -0.004150 -0.006174 -0.011144 
0.002775 0.007938 0.000142 0.008408 
0.011759 0.023587 -0.011863 -0.023534 
0.014831 0.000804 0.007384 0.012887 
0.005747 -0.001027 0.005837 -0.000133 
0.001123 -0.003066 0.001269 -0.003009 
0.016193 -0.011667 0.007700 0.018413 
-0.018899 -0.013409 0.023059 -0.002297 
0.001410 -0.006333 0.002582 -0.005952 
-0.004398 0.008379 -0.007341 0.005972 
0.018515 -0.010252 0.001131 0.021134 
0.014205 -0.005643 0.011913 0.009576 
-0.015703 -0.007016 0.003170 -0.016904 
