0.006083 0.008988 0.000665 0.010833 
-0.011994 0.017099 -0.010975 -0.017770 
0.004596 0.024512 -0.012143 -0.021784 
-0.009782 0.017155 -0.014917 -0.012942 
-0.005561 0.014345 -0.015259 0.001969 
0.002771 0.002413 0.002619 0.002578 
0.009148 -0.001677 0.009095 0.001945 
-0.000501 -0.011423 0.005962 -0.009756 
-0.013101 0.014517 -0.012216 -0.015269 
-0.016168 -0.000146 -0.005954 -0.015032 
-0.005750 -0.011575 0.003769 -0.012363 
-0.005703 -0.012890 0.006556 -0.012478 
0.005132 0.002074 0.004795 0.002764 
0.012482 0.009952 -0.004059 0.015439 
-0.006425 -0.005974 -0.003996 -0.007810 
-0.000214 -0.006030 0.000779 -0.005983 
0.007612 -0.012277 0.014410 -0.001014 
0.001543 -0.017889 0.017951 -0.000428 
-0.018619 -0.012921 0.022177 -0.004670 
0.007707 -0.008689 0.011298 -0.002693 
-0.004615 0.010803 -0.010066 0.006057 
-0.008171 -0.003053 -0.006658 -0.005635 
0.005926 -0.008334 0.009075 -0.004712 
-0.017667 0.003362 -0.005199 -0.017216 
0.006264 -0.006332 0.008091 -0.003723 
0.014775 -0.008462 0.011941 0.012137 
0.000994 0.012136 -0.006776 0.010117 
0.021565 -0.012309 -0.016080 0.018921 
0.003868 -0.010586 0.009007 -0.006775 
-0.008030 0.005588 -0.009635 0.001697 
0.006198 -0.005322 0.007502 -0.003234 
-0.016512 -0.006621 0.004309 -0.017260 
-0.001339 0.021842 -0.017284 -0.013422 
-0.007958 0.003445 -0.008651 0.000588 
-0.006883 -0.000869 -0.006532 -0.002338 
-0.007429 -0.006045 -0.004356 -0.008530 
-0.003400 -0.001026 -0.003335 -0.001218 
0.017163 0.011331 -0.016478 0.012306 
0.015831 -0.001422 0.007837 0.013828 
0.009418 0.002814 0.007337 0.006541 
0.010004 0.016519 -0.017592 0.007968 
0.024610 -0.003196 -0.022011 0.011462 
0.008887 0.007521 0.002928 0.011268 
0.004677 -0.012905 0.012800 -0.004956 
0.007998 -0.008233 0.011244 -0.002312 
-0.005084 -0.013253 0.007380 -0.012126 
-0.016816 -0.001953 -0.002638 -0.016723 
-0.002437 -0.003406 -0.002159 -0.003588 
-0.002570 0.001097 -0.002607 0.001006 
0.012166 -0.004506 0.011909 0.005148 
-0.001019 0.009936 -0.005257 0.008493 
0.013763 -0.018708 0.001464 0.023179 
-0.001338 -0.012973 0.008077 -0.010239 
-0.011110 0.007510 -0.013085 -0.002932 
0.016548 -0.006274 0.008701 0.015411 
0.008873 -0.012526 0.015252 0.001734 
-0.014366 -0.005231 -0.002471 -0.015088 
0.011673 0.027158 0.011836 -0.027087 
-0.011002 -0.015116 0.015259 -0.010803 
-0.012902 0.007956 -0.013385 -0.007113 
-0.010744 0.012278 -0.015302 -0.005659 
0.005133 -0.005642 0.006426 -0.004109 
0.000885 -0.009640 0.004778 -0.008419 
0.011419 0.004174 0.006361 0.010362 
0.000765 0.004028 0.000456 0.004075 
0.008893 -0.010933 0.014092 0.000170 
0.015775 0.004149 0.001757 0.016217 
-0.001003 -0.002793 -0.000890 -0.002830 
-0.009096 -0.018227 0.020132 -0.003111 
0.002200 0.004227 0.001754 0.004431 
0.024921 -0.006797 -0.023948 0.009684 
-0.014185 0.027689 0.030776 0.004549 
-0.008680 -0.018667 0.020512 -0.001760 
-0.000410 0.005114 -0.001016 0.005029 
0.001903 -0.016222 0.015844 -0.003965 
-0.011654 -0.003678 -0.006782 -0.010166 
0.005541 0.012266 -0.005198 0.012415 
0.007415 0.009147 0.000624 0.011758 
0.002556 0.008714 -0.000801 0.009046 
0.000866 -0.013031 0.009718 -0.008725 
-0.004557 -0.002413 -0.004234 -0.002943 
0.008066 0.004068 0.006050 0.006708 
0.012675 -0.003675 0.011537 0.006408 
-0.009129 -0.006142 -0.004586 -0.010002 
0.001105 0.001511 0.001081 0.001529 
0.006637 -0.008162 0.009744 -0.003967 
-0.010180 -0.015874 0.016274 -0.009528 
0.009495 0.024761 -0.008372 -0.025162 
-0.010236 0.018124 -0.012832 -0.016389 
0.000987 0.001395 0.000968 0.001408 
0.009333 0.013793 -0.010237 0.013137 
0.009707 0.005678 0.005077 0.010035 
0.006146 -0.010759 0.011613 -0.004320 
-0.011037 0.010769 -0.014712 -0.004621 
-0.004654 0.005091 -0.005635 0.003977 
0.002908 -0.002369 0.003053 -0.002178 
0.006962 -0.001744 0.007177 -0.000087 
0.004058 -0.005354 0.005061 -0.004419 
0.007443 -0.001840 0.007665 0.000184 
-0.013845 -0.015600 0.019763 -0.006668 
-0.006594 0.018848 -0.016784 -0.010818 
-0.002240 0.014417 -0.013124 0.006374 
0.001142 -0.008723 0.004069 -0.007799 
-0.009690 0.000427 -0.008999 -0.003618 
-0.006819 0.005876 -0.008473 0.003037 
-0.004292 -0.000381 -0.004245 -0.000741 
0.015880 -0.003146 0.008856 0.013552 
0.004583 0.007672 0.001570 0.008798 
-0.008428 0.007665 -0.011264 0.001702 
-0.009482 -0.000816 -0.008369 -0.004532 
-0.006243 0.015986 -0.017003 -0.002328 
-0.006451 -0.002184 -0.005854 -0.003482 
-0.013288 0.009722 -0.013619 -0.009252 
-0.005693 0.014834 -0.015860 0.000958 
0.012567 -0.001844 0.010587 0.007017 
-0.018514 -0.021304 0.006913 0.027364 
0.012696 -0.008214 0.013537 0.006739 
0.020669 -0.013975 -0.015207 0.019780 
-0.006159 -0.013197 0.007293 -0.012606 
-0.012003 -0.011130 0.006238 -0.015134 
-0.007320 0.002262 -0.007657 0.000259 
-0.003186 0.006551 -0.004654 0.005604 
-0.003495 0.008776 -0.006665 0.006693 
0.010433 0.011152 -0.004582 0.014568 
-0.011749 -0.020927 0.020737 0.012082 
-0.000470 -0.006457 0.000757 -0.006430 
-0.012478 0.001499 -0.010400 -0.007056 
-0.016441 -0.001553 -0.003938 -0.016038 
-0.000035 0.004442 -0.000431 0.004421 
0.014748 -0.006044 0.011529 0.011004 
0.001729 0.009442 -0.002249 0.009332 
-0.005560 0.002973 -0.006003 0.001929 
-0.011768 -0.013679 0.012497 -0.013017 
-0.008359 0.000657 -0.008144 -0.001994 
-0.007292 0.003442 -0.007978 0.001176 
-0.012349 0.014408 -0.013631 -0.013201 
0.000128 0.018098 -0.018019 0.001693 
0.004241 -0.018380 0.018188 0.005000 
-0.015675 -0.015634 0.021933 -0.003014 
0.004425 -0.018070 0.018081 0.004380 
-0.006938 0.006162 -0.008761 0.003060 
-0.009265 0.004063 -0.010103 -0.000510 
-0.012972 -0.003731 -0.006055 -0.012063 
-0.000795 0.005270 -0.001465 0.005124 
0.009052 0.012303 -0.006268 0.013929 
-0.006378 0.012735 -0.013994 0.002651 
-0.000895 -0.010873 0.004815 -0.009789 
0.002756 -0.016336 0.016355 -0.002640 
-0.009416 0.002365 -0.009550 -0.001748 
-0.000850 -0.001407 -0.000833 -0.001418 
-0.003921 0.007998 -0.006484 0.006107 
0.000454 0.006900 -0.001040 0.006836 
0.004274 0.006171 0.002577 0.007050 
-0.005972 0.001869 -0.006208 0.000786 
0.010443 0.011677 -0.005844 0.014534 
-0.008957 0.007751 -0.011810 0.000918 
-0.010310 0.014493 -0.015768 -0.008229 
-0.010843 -0.002912 -0.007548 -0.008311 
0.004864 0.027968 0.009411 -0.026783 
-0.005166 0.015484 -0.016309 0.000676 
0.007096 0.000992 0.006676 0.002601 
-0.028580 0.000402 0.024424 0.014848 
-0.006337 0.020694 -0.014303 -0.016242 
0.013414 0.023160 -0.010930 -0.024431 
0.022033 0.008112 -0.022493 0.006732 
0.002783 0.001228 0.002729 0.001344 
-0.011008 -0.023300 0.013992 0.021640 
-0.006094 0.004348 -0.006991 0.002678 
0.000901 0.002977 0.000770 0.003014 
0.002491 -0.012626 0.010433 -0.007535 
-0.021154 0.001243 0.008354 -0.019474 
-0.000049 -0.012766 0.008558 -0.009473 
-0.026229 0.002566 0.026243 -0.002419 
-0.016978 -0.001610 -0.002690 -0.016841 
0.007045 0.008593 0.001410 0.011022 
0.022063 -0.010850 -0.016050 0.018625 
0.022120 0.001852 -0.015057 0.016310 
0.021594 -0.016189 -0.023884 0.012568 
0.021533 -0.002283 -0.009383 0.019515 
0.007665 0.016626 -0.016206 0.008518 
0.003062 -0.014137 0.013269 -0.005759 
-0.017177 0.031231 0.000848 0.035633 
-0.020641 -0.002747 0.010458 -0.018006 
-0.023761 0.008258 0.020636 -0.014385 
0.003756 0.018593 -0.018784 0.002641 
-0.009109 -0.002972 -0.007131 -0.006400 
-0.012619 -0.017238 0.021169 -0.002871 
-0.017886 -0.009082 0.013263 -0.015049 
-0.019610 0.017850 0.020390 -0.016955 
-0.001626 -0.006538 -0.000257 -0.006733 
0.006343 0.012636 -0.006029 0.012789 
0.003500 -0.010971 0.009090 -0.007070 
-0.002036 -0.001943 -0.001965 -0.002015 
-0.003712 0.000343 -0.003726 0.000109 
-0.001846 -0.007105 -0.000073 -0.007341 
0.007234 0.027269 0.005764 -0.027617 
0.009227 0.002628 0.007371 0.006140 
0.010599 0.006029 0.004521 0.011325 
0.017395 0.001400 0.001923 0.017345 
0.009001 -0.014751 0.016347 0.005603 
0.015879 -0.009207 0.009899 0.015457 
-0.002314 -0.005903 -0.001206 -0.006224 
-0.021900 0.013976 0.020661 -0.015750 
-0.001043 -0.007214 0.000707 -0.007254 
-0.006341 0.013087 -0.014354 0.002335 
0.003122 0.001235 0.003055 0.001393 
-0.007495 0.003677 -0.008266 0.001167 
0.010766 0.006547 0.003784 0.012018 
0.011605 0.007136 0.002419 0.013407 
-0.003767 0.007660 -0.006047 0.006025 
0.017146 0.005021 -0.002853 0.017636 
0.004568 -0.008099 0.007314 -0.005741 
0.010808 0.014113 -0.012479 0.012659 
-0.007621 -0.006203 -0.004275 -0.008847 
-0.014379 0.006362 -0.011989 -0.010173 
0.003390 0.006553 0.001687 0.007182 
0.012363 -0.011483 0.014459 0.008698 
-0.001788 -0.001882 -0.001730 -0.001935 
-0.015039 0.008348 -0.011559 -0.012737 
0.007765 -0.015561 0.016795 0.004512 
0.005774 -0.009131 0.009591 -0.004971 
-0.007596 0.012531 -0.014633 0.000775 
0.019766 0.007892 -0.016153 0.013859 
0.010858 0.011150 -0.004977 0.014746 
-0.011824 0.009679 -0.014235 -0.005555 
-0.005609 0.006202 -0.007262 0.004145 
-0.003734 -0.001486 -0.003616 -0.001755 
-0.003946 0.007268 -0.005975 0.005718 
-0.000320 0.007905 -0.002520 0.007500 
-0.000234 -0.011867 0.006883 -0.009669 
-0.010139 -0.001354 -0.008402 -0.005834 
-0.000205 0.003104 -0.000341 0.003092 
0.013376 -0.002202 0.010629 0.008413 
0.004739 -0.004423 0.005490 -0.003446 
-0.011869 0.003623 -0.011423 -0.004851 
-0.011258 0.008313 -0.013555 -0.003481 
-0.009581 -0.000836 -0.008411 -0.004663 
0.025657 0.005140 -0.025838 -0.004137 
0.013953 -0.024742 -0.024322 0.014673 
-0.017720 0.008051 -0.005393 -0.018701 
-0.007318 0.006383 -0.009305 0.002776 
0.012505 -0.022009 -0.006965 0.024337 
0.013049 -0.012976 0.013440 0.012571 
0.003770 0.004880 0.002877 0.005454 
0.014052 -0.010397 0.012820 0.011883 
-0.000465 -0.006353 0.000704 -0.006331 
-0.003166 0.009105 -0.006610 0.007016 
0.001737 -0.007353 0.003560 -0.006664 
-0.012696 -0.006817 -0.001970 -0.014275 
-0.005658 0.006548 -0.007516 0.004291 
0.008463 -0.014131 0.016149 0.003243 
-0.015503 -0.016944 0.022896 0.001793 
-0.005230 0.004494 -0.006069 0.003272 
0.013833 0.021954 -0.015761 -0.020614 
0.013757 0.004614 0.004193 0.013891 
0.014193 -0.010193 0.012656 0.012048 
0.012573 -0.004675 0.012024 0.005947 
-0.000173 -0.024402 0.010620 0.021971 
0.001790 -0.009678 0.005733 -0.008000 
0.005003 -0.007749 0.007550 -0.005299 
-0.010481 0.015471 -0.015349 -0.010659 
-0.004558 0.007967 -0.007197 0.005695 
-0.013748 0.000617 -0.009456 -0.009999 
-0.013649 0.010043 -0.013315 -0.010482 
-0.007332 -0.009890 0.000602 -0.012297 
0.006154 0.001903 0.005690 0.003019 
0.005717 0.013050 -0.006918 0.012456 
0.015481 -0.010171 0.010418 0.015316 
0.000493 -0.010039 0.004879 -0.008788 
-0.006264 -0.014441 0.010302 -0.011901 
-0.012187 0.014109 -0.014058 -0.012246 
0.018736 0.000583 -0.000984 0.018719 
-0.034321 -0.013992 -0.035081 -0.011958 
-0.011727 -0.004843 -0.005516 -0.011426 
0.000161 0.001570 0.000143 0.001572 
0.009088 0.006687 0.003970 0.010562 
0.001229 -0.000502 0.001233 -0.000492 
-0.010650 -0.011955 0.006731 -0.014527 
-0.008783 0.018979 -0.013890 -0.015635 
-0.006211 0.008924 -0.009897 0.004503 
0.014575 0.008024 -0.003089 0.016348 
-0.023195 -0.010438 0.024862 0.005371 
-0.018254 0.011784 -0.000109 -0.021727 
-0.021212 0.013174 0.016061 -0.019119 
-0.028197 0.005558 0.026399 0.011360 
-0.016664 -0.012103 0.017098 -0.011482 
0.008852 0.001309 0.007811 0.004365 
-0.017895 0.009914 -0.003668 -0.020126 
-0.013723 0.018893 -0.000993 -0.023330 
0.008424 -0.008619 0.011937 -0.001666 
0.012874 0.004015 0.005798 0.012176 
0.003401 -0.000143 0.003404 0.000035 
0.001642 -0.008779 0.004641 -0.007631 
0.002523 0.000046 0.002521 0.000119 
-0.013877 -0.009613 0.005411 -0.015990 
0.003607 0.011874 -0.004866 0.011416 
0.017497 -0.012091 0.002671 0.021099 
-0.002318 0.008180 -0.004827 0.006999 
0.014291 0.015510 -0.020148 0.006230 
0.022802 -0.017077 -0.028325 0.003041 
0.008528 0.008184 0.002034 0.011643 
0.004749 0.005108 0.003518 0.006023 
0.002830 -0.014385 0.013488 -0.005745 
-0.021368 -0.002685 0.013133 -0.017068 
-0.015727 0.013145 -0.007284 -0.019159 
-0.003231 0.002306 -0.003387 0.002069 
0.000280 0.011674 -0.006535 0.009678 
0.022187 -0.012688 -0.019533 0.016484 
0.002024 -0.011851 0.008824 -0.008166 
-0.017132 -0.009831 0.012994 -0.014876 
-0.002899 0.005121 -0.003664 0.004605 
0.003864 0.001470 0.003738 0.001764 
0.015104 -0.014855 0.006547 0.020148 
-0.025837 -0.003255 0.026000 0.001475 
0.007248 -0.002698 0.007706 -0.000659 
0.001723 -0.008135 0.004147 -0.007208 
-0.011145 -0.014946 0.014994 -0.011081 
-0.003061 0.003228 -0.003338 0.002941 
-0.017110 0.010316 -0.005992 -0.019059 
0.012101 -0.014883 0.013648 0.013479 
-0.016739 -0.016985 0.023230 0.005389 
0.004732 0.008096 0.001220 0.009298 
-0.001201 -0.000026 -0.001201 -0.000034 
0.007691 0.004395 0.005680 0.006798 
0.007866 0.002180 0.006862 0.004421 
-0.023128 -0.013906 0.020644 0.017381 
0.000837 0.023564 -0.014417 -0.018658 
-0.007909 0.013736 -0.015786 -0.001425 
-0.003077 0.018650 -0.018480 -0.003971 
-0.009147 0.004930 -0.010391 0.000052 
-0.002432 -0.010714 0.003494 -0.010415 
-0.006714 -0.017931 0.018463 -0.005070 
-0.017252 -0.014057 0.021748 -0.004721 
0.004711 -0.015460 0.016094 -0.001476 
0.002199 0.003997 0.001813 0.004186 
0.006896 0.005312 0.004705 0.007323 
0.013488 -0.002506 0.010760 0.008511 
0.002778 -0.006588 0.004217 -0.005774 
0.017778 -0.014454 -0.002868 0.022733 
0.024127 -0.007852 -0.021774 0.013026 
0.020192 0.010335 -0.021406 0.007502 
-0.000381 -0.003620 -0.000163 -0.003636 
-0.018788 0.003216 -0.001788 -0.018977 
0.004222 0.009337 -0.000523 0.010234 
0.016021 -0.003773 0.008945 0.013816 
-0.018756 -0.010688 0.018821 -0.010575 
-0.003936 0.029414 0.024679 -0.016481 
0.003577 0.015442 -0.012522 0.009718 
0.014571 -0.005318 0.011452 0.010461 
-0.025001 -0.007851 0.025225 0.007097 
-0.011534 0.022875 0.007555 -0.024479 
0.006232 0.002132 0.005696 0.003309 
-0.013685 -0.011031 0.008546 -0.015360 
-0.004889 -0.002666 -0.004467 -0.003324 
-0.009275 0.014787 -0.016274 -0.006311 
0.015373 0.017367 -0.022959 -0.003287 
0.002981 0.011672 -0.004775 0.011060 
-0.001461 -0.022684 0.017295 0.014750 
-0.008023 -0.017896 0.019005 -0.004840 
0.015983 -0.011702 0.008162 0.018049 
0.004783 -0.001795 0.004962 -0.001218 
-0.025940 0.005630 0.026195 -0.004296 
-0.028733 0.011026 0.021795 0.021729 
-0.019362 -0.002551 0.005555 -0.018723 
-0.021660 0.003014 0.009667 -0.019616 
0.003925 0.002231 0.003702 0.002583 
-0.006453 0.001538 -0.006629 0.000229 
0.010619 -0.004553 0.011324 0.002294 
0.013752 -0.003896 0.011382 0.008646 
-0.000536 -0.015569 0.013630 -0.007544 
-0.001256 -0.002651 -0.001151 -0.002698 
-0.014678 0.005944 -0.011570 -0.010813 
0.003516 0.002817 0.003243 0.003128 
0.009449 -0.006718 0.011593 -0.000104 
0.015988 -0.006322 0.009820 0.014112 
0.005815 -0.005827 0.007304 -0.003797 
0.012941 0.000922 0.008719 0.009607 
-0.006018 -0.011264 0.003139 -0.012379 
-0.009301 0.009548 -0.013330 -0.000088 
0.004093 -0.000712 0.004136 -0.000391 
-0.004998 -0.013916 0.008900 -0.011808 
0.005556 -0.002055 0.005811 -0.001149 
0.008642 -0.013869 0.016027 0.003188 
-0.014862 -0.024163 0.001317 0.028338 
-0.003216 -0.027539 -0.006199 0.027024 
-0.014713 -0.023386 0.006675 0.026811 
0.000328 -0.020035 0.019338 0.005248 
0.011339 -0.009013 0.013924 0.003990 
0.010872 -0.012939 0.015416 0.006925 
0.012661 0.004015 0.005948 0.011876 
0.004327 -0.001610 0.004462 -0.001185 
0.003706 -0.001373 0.003793 -0.001107 
0.004815 -0.003515 0.005317 -0.002697 
0.004934 0.002745 0.004487 0.003427 
-0.014933 -0.002399 -0.005540 -0.014073 
-0.005369 0.003056 -0.005815 0.002087 
0.003401 0.006025 0.002025 0.006616 
0.010329 -0.002514 0.010236 0.002869 
-0.000548 0.010350 -0.005326 0.008891 
0.002053 -0.002126 0.002135 -0.002044 
0.003349 -0.002869 0.003588 -0.002563 
-0.008101 0.003561 -0.008833 0.000524 
0.006798 -0.017337 0.017333 0.006808 
-0.014530 -0.013029 0.015116 -0.012344 
0.001429 -0.016506 0.016091 -0.003948 
-0.007214 0.017734 -0.017013 -0.008781 
0.022666 0.002751 -0.018056 0.013974 
0.016759 -0.008599 0.007974 0.017066 
0.009197 0.007502 0.002916 0.011505 
0.003941 0.010114 -0.001755 0.010712 
0.013147 -0.008331 0.013406 0.007908 
-0.013212 -0.012119 0.010534 -0.014508 
0.005696 0.000293 0.005591 0.001126 
0.012802 -0.010946 0.014106 0.009205 
0.021751 -0.012147 -0.016656 0.018526 
-0.017542 -0.025672 -0.018563 0.024944 
-0.019175 -0.013552 0.023471 -0.000661 
0.000755 -0.006292 0.001881 -0.006052 
0.000181 0.001676 0.000159 0.001679 
-0.003456 0.009108 -0.006938 0.006838 
0.010198 0.014219 -0.012120 0.012621 
-0.003011 -0.005936 -0.001767 -0.006417 
-0.018398 -0.007520 0.011343 -0.016322 
-0.008435 -0.013397 0.008593 -0.013296 
0.009286 -0.003191 0.009764 0.001037 
-0.006661 -0.004396 -0.005134 -0.006110 
-0.006954 0.016552 -0.017217 -0.005091 
-0.016634 0.008935 -0.008183 -0.017016 
-0.018610 0.012660 0.002861 -0.022326 
0.008076 -0.006906 0.010423 -0.002068 
-0.017557 -0.008673 0.011467 -0.015873 
0.000002 0.014129 -0.011106 0.008734 
0.000620 0.006468 -0.000621 0.006468 
0.012035 -0.015761 0.012890 0.015069 
0.000539 -0.018074 0.018050 -0.001073 
-0.002649 -0.022744 0.017675 0.014556 
0.001294 0.004498 0.000842 0.004604 
-0.012009 0.004031 -0.011651 -0.004972 
0.010833 -0.000219 0.009447 0.005307 
-0.008723 -0.022359 0.018852 0.014852 
-0.024704 0.008858 0.024516 -0.009367 
0.004653 -0.010663 0.009941 -0.006042 
-0.001323 0.013813 -0.011431 0.007867 
-0.003765 -0.005212 -0.002728 -0.005822 
0.008013 -0.001177 0.008007 0.001222 
-0.001518 -0.008035 0.000948 -0.008122 
-0.004117 0.001861 -0.004271 0.001473 
0.002163 -0.014537 0.013269 -0.006318 
-0.005134 0.016835 -0.017454 -0.002262 
-0.008289 0.006076 -0.010156 0.001575 
-0.000973 0.001798 -0.001007 0.001779 
0.014139 -0.001101 0.009533 0.010500 
-0.016858 -0.007458 0.006930 -0.017081 
-0.007704 -0.002779 -0.006519 -0.004958 
-0.011190 0.002067 -0.010463 -0.004475 
-0.009065 0.008968 -0.012739 0.000551 
0.005809 0.005466 0.004015 0.006891 
0.002872 -0.009517 0.006710 -0.007335 
0.000465 -0.007876 0.002639 -0.007435 
-0.018893 -0.002213 0.003506 -0.018696 
-0.001820 0.008286 -0.004379 0.007266 
-0.015397 -0.005897 0.000441 -0.016481 
-0.004215 -0.003890 -0.003590 -0.004473 
-0.003611 -0.002335 -0.003403 -0.002629 
0.002489 -0.001290 0.002533 -0.001201 
-0.005408 -0.023129 0.017281 0.016296 
-0.000614 0.027594 0.009012 -0.026088 
-0.004088 -0.011700 0.004364 -0.011600 
0.006536 -0.002166 0.006848 -0.000723 
0.007766 -0.002265 0.008089 0.000103 
-0.022466 -0.007355 0.022632 -0.006827 
-0.012296 0.025008 0.020643 -0.018720 
-0.014040 -0.003156 -0.005754 -0.013189 
-0.001403 -0.002490 -0.001310 -0.002540 
-0.011036 0.020274 -0.005234 -0.022482 
0.012172 0.002796 0.007440 0.010031 
0.004647 -0.017645 0.017900 0.003542 
-0.014945 -0.004218 -0.003130 -0.015210 
-0.008265 0.018518 -0.015348 -0.013253 
-0.009220 -0.003816 -0.006633 -0.007455 
-0.001269 0.001828 -0.001310 0.001799 
-0.006232 -0.011111 0.002833 -0.012421 
-0.016814 0.007471 -0.008085 -0.016527 
-0.006658 -0.017961 0.018497 -0.004981 
-0.018069 -0.007722 0.010811 -0.016408 
-0.019079 0.015969 0.012732 -0.021376 
0.001989 -0.006157 0.003114 -0.005672 
0.013231 0.015338 -0.018469 0.008321 
-0.004994 0.012049 -0.011977 0.005164 
0.003472 -0.005472 0.004445 -0.004716 
0.009477 0.007780 0.002463 0.012011 
-0.002293 0.011799 -0.009003 0.007964 
0.005105 0.004307 0.004136 0.005244 
-0.005551 0.005352 -0.006776 0.003681 
0.013088 -0.021158 -0.005356 0.024295 
-0.016666 -0.017621 0.022888 0.008023 
0.010551 -0.012758 0.015482 0.005867 
-0.011753 -0.023639 0.011361 0.023830 
0.000680 -0.019853 0.019240 0.004943 
0.013477 -0.008630 0.013290 0.008916 
0.012311 -0.004173 0.011767 0.005524 
0.008987 -0.010523 0.013838 0.000052 
-0.001709 -0.013668 0.009240 -0.010215 
0.004129 -0.011793 0.010803 -0.006279 
0.003584 -0.004648 0.004263 -0.004034 
0.003779 -0.018545 0.018322 0.004744 
-0.004991 0.018929 -0.017847 -0.008046 
-0.011178 0.007757 -0.013241 -0.003130 
-0.011680 -0.017450 0.020721 -0.003401 
-0.018695 -0.007394 0.011963 -0.016158 
-0.007796 0.010904 -0.013280 0.001817 
-0.004899 0.011581 -0.011301 0.005515 
0.006676 0.017175 -0.016950 0.007226 
-0.015336 0.004164 -0.010136 -0.012239 
-0.012579 -0.005401 -0.004256 -0.013011 
-0.005424 -0.001765 -0.005106 -0.002543 
0.011509 0.022754 -0.015707 -0.020087 
0.024186 -0.005645 -0.020830 0.013525 
0.015160 0.010282 -0.009505 0.015658 
-0.000331 0.014446 -0.011912 0.008180 
-0.012153 -0.006452 -0.003069 -0.013412 
0.003131 0.022873 -0.017534 -0.015017 
-0.013835 0.021144 0.008211 -0.023897 
-0.001801 -0.009254 0.001970 -0.009219 
0.005369 0.008832 0.000642 0.010316 
0.011847 0.008804 -0.000820 0.014738 
-0.012895 -0.003497 -0.006371 -0.011744 
0.002355 -0.004232 0.002791 -0.003958 
-0.011365 -0.018179 0.021416 -0.001002 
0.006318 0.002747 0.005586 0.004033 
0.002009 -0.006344 0.003234 -0.005816 
-0.010463 -0.004584 -0.006132 -0.009637 
-0.007305 0.002949 -0.007837 0.000806 
0.003913 -0.003543 0.004328 -0.003022 
-0.011130 0.004689 -0.011665 -0.003132 
-0.014372 0.015846 -0.006957 -0.020230 
0.016935 0.018879 -0.020749 -0.014583 
-0.004820 -0.000843 -0.004701 -0.001360 
0.010901 -0.006919 0.012680 0.002436 
0.008061 0.002532 0.006838 0.004963 
0.014206 -0.001916 0.010018 0.010253 
-0.010822 -0.017460 0.020076 -0.004353 
0.000551 0.000163 0.000550 0.000164 
-0.001446 0.007958 -0.003707 0.007188 
-0.001608 0.011974 -0.008624 0.008461 
0.004035 -0.000950 0.004096 -0.000633 
-0.013129 0.007348 -0.013090 -0.007418 
0.001887 0.005719 0.000925 0.005951 
0.001894 -0.017365 0.017413 -0.001387 
-0.019423 0.013533 0.008336 -0.022156 
-0.007290 0.000382 -0.007170 -0.001373 
-0.001313 -0.010155 0.003478 -0.009631 
0.009651 -0.005458 0.011078 0.000469 
-0.002612 -0.013566 0.008629 -0.010789 
-0.012405 -0.002621 -0.007512 -0.010214 
-0.000533 0.013189 -0.009739 0.008910 
0.013187 0.002516 0.007194 0.011335 
0.005813 -0.011452 0.012048 -0.004448 
0.012922 -0.009501 0.013825 0.008131 
-0.001404 0.003973 -0.001719 0.003847 
-0.003678 -0.006151 -0.002160 -0.006833 
-0.010804 -0.009324 0.000913 -0.014241 
-0.000559 -0.009274 0.003019 -0.008787 
0.003007 0.007441 0.000739 0.007991 
0.007201 -0.008826 0.010888 -0.003349 
0.014836 -0.013311 0.009588 0.017475 
-0.023108 0.020874 0.027058 0.015414 
-0.010503 -0.002986 -0.007471 -0.007963 
-0.011578 -0.001493 -0.008575 -0.007921 
-0.006659 -0.001846 -0.006107 -0.003232 
-0.003311 -0.004767 -0.002547 -0.005214 
-0.013606 0.009316 -0.013308 -0.009737 
0.012233 0.017252 -0.020875 0.003388 
0.010973 0.012545 -0.008570 0.014295 
-0.007322 0.000497 -0.007225 -0.001287 
0.002369 -0.007283 0.004199 -0.006405 
0.009599 -0.001750 0.009451 0.002424 
-0.000907 -0.004336 -0.000519 -0.004399 
0.007852 0.005267 0.005141 0.007935 
0.001911 -0.001867 0.001970 -0.001804 
-0.004701 0.009777 -0.009019 0.006029 
0.010221 -0.015081 0.015730 0.009189 
-0.026026 0.009245 0.027610 -0.000726 
-0.016905 0.016065 0.003109 -0.023113 
0.017137 -0.008696 0.006894 0.017939 
0.006840 -0.006636 0.008923 -0.003346 
0.002851 0.003201 0.002574 0.003427 
0.019773 0.008285 -0.016908 0.013181 
-0.003307 0.001073 -0.003361 0.000890 
-0.001465 0.004887 -0.002030 0.004681 
0.008909 -0.003925 0.009734 0.000141 
0.000235 0.016333 -0.015193 0.006000 
-0.028692 -0.018980 -0.032477 0.011346 
0.007626 -0.011764 0.013942 -0.001470 
0.014041 0.007833 -0.001754 0.015982 
0.003464 0.008109 0.000452 0.008806 
-0.013130 0.009629 -0.013721 -0.008766 
0.025326 -0.022399 -0.008589 -0.032701 
0.009604 -0.021049 0.006568 0.022185 
0.006352 -0.013786 0.015110 -0.001441 
-0.003905 0.018929 -0.018314 -0.006177 
-0.012612 0.006595 -0.012901 -0.006010 
-0.016928 0.010168 -0.006673 -0.018586 
0.026078 0.019728 0.023002 -0.023241 
-0.010266 0.014177 -0.015805 -0.007522 
-0.011330 0.001010 -0.009997 -0.005427 
-0.013635 0.007359 -0.012849 -0.008658 
-0.015887 0.012509 -0.007596 -0.018739 
-0.008067 -0.002171 -0.006992 -0.004572 
0.007215 0.000738 0.006837 0.002421 
0.001117 -0.007687 0.003151 -0.007100 
-0.016510 0.004312 -0.008283 -0.014919 
-0.014073 0.012707 -0.011865 -0.014790 
-0.011532 0.014186 -0.014812 -0.010716 
-0.010725 0.002893 -0.010626 -0.003237 
-0.005021 -0.001814 -0.004745 -0.002446 
-0.002173 0.015755 -0.015252 0.004510 
0.018164 -0.001491 0.002680 0.018027 
0.017496 -0.003271 0.005601 0.016895 
-0.005205 -0.024251 0.013289 0.020943 
0.012879 -0.015787 0.011103 0.017083 
0.005677 -0.015993 0.016923 0.001277 
0.000239 -0.009935 0.004514 -0.008853 
-0.004519 0.009045 -0.008085 0.006072 
0.004761 0.006863 0.002391 0.008004 
0.020052 0.008746 -0.018516 0.011651 
-0.015080 0.008883 -0.011476 -0.013215 
0.001278 -0.007522 0.003195 -0.006929 
0.010308 -0.009148 0.013657 0.001852 
0.004570 0.005658 0.003096 0.006581 
0.012080 -0.026772 -0.027282 0.010880 
0.000248 0.003841 -0.000010 0.003849 
-0.003564 -0.012093 0.005297 -0.011441 
0.020228 0.010401 -0.021574 0.007206 
-0.009657 -0.003215 -0.007158 -0.007235 
-0.014989 -0.005241 -0.001458 -0.015811 
0.007060 -0.015003 0.016472 0.001899 
-0.027343 0.004020 0.027222 0.004771 
0.001127 -0.018176 0.018210 -0.000113 
-0.012737 0.000176 -0.009564 -0.008413 
-0.013427 0.017883 -0.005130 -0.021766 
0.009724 -0.003715 0.010327 0.001309 
0.004624 -0.006513 0.006289 -0.004925 
-0.006075 0.008047 -0.009019 0.004507 
0.005722 -0.007635 0.008302 -0.004701 
-0.013243 -0.018848 0.022474 0.005053 
-0.021004 0.022601 0.028982 0.010583 
0.001244 0.002251 0.001176 0.002288 
0.016314 0.010059 -0.011542 0.015301 
0.002596 0.002128 0.002484 0.002258 
0.003633 0.010501 -0.002494 0.010828 
0.003908 -0.013431 0.012878 -0.005461 
-0.005722 -0.015516 0.012809 -0.010460 
-0.004875 0.017015 -0.017555 -0.002254 
-0.000712 -0.009170 0.002770 -0.008771 
0.007408 -0.015138 0.016607 0.002874 
-0.012975 -0.016784 0.020834 -0.003999 
-0.013303 0.019977 0.001347 -0.023963 
0.015723 -0.005284 0.010016 0.013222 
0.016878 -0.014098 0.001654 0.021929 
-0.001826 0.009144 -0.005197 0.007742 
-0.007837 0.002968 -0.008372 0.000367 
0.007811 -0.019375 0.014705 0.014838 
0.000920 -0.015931 0.014939 -0.005609 
-0.008829 -0.018898 0.020845 -0.000759 
-0.003691 0.027195 0.010845 -0.025211 
-0.001351 0.015476 -0.014367 0.005909 
-0.006127 -0.000694 -0.005917 -0.001734 
-0.020063 -0.012730 0.023757 -0.000426 
0.002765 0.006770 0.001060 0.007236 
0.010191 0.014780 -0.013569 0.011756 
-0.001301 0.012557 -0.009277 0.008563 
0.009157 0.000882 0.008162 0.004243 
0.004292 0.009288 -0.000424 0.010223 
0.015088 0.004378 0.002658 0.015484 
-0.004630 -0.003727 -0.003976 -0.004417 
-0.003661 -0.000817 -0.003602 -0.001048 
-0.003870 0.004417 -0.004510 0.003761 
0.001650 -0.009061 0.004927 -0.007781 
-0.004113 0.005050 -0.005002 0.004172 
0.000073 -0.025762 0.003373 0.025541 
-0.019540 -0.009169 0.017915 -0.012040 
0.006876 -0.012930 0.014556 -0.001611 
0.002059 -0.018889 0.018715 0.003285 
-0.007574 0.014989 -0.016537 -0.002924 
-0.011362 0.011007 -0.014780 -0.005639 
0.000240 -0.013063 0.009298 -0.009178 
-0.003879 -0.010986 0.003171 -0.011211 
-0.007300 0.014419 -0.016108 -0.001315 
0.015771 0.013778 -0.018980 0.008850 
0.011696 0.020585 -0.021293 -0.010351 
0.000150 0.022665 -0.016577 -0.015458 
-0.015068 0.018316 0.002268 -0.023609 
-0.002624 -0.010581 0.003173 -0.010429 
0.029948 -0.012103 -0.011638 -0.030132 
0.023588 -0.003508 -0.018051 0.015584 
-0.007691 0.010457 -0.012787 0.002236 
0.005066 -0.007406 0.007375 -0.005111 
0.006944 0.009000 0.000814 0.011338 
0.002328 0.000969 0.002299 0.001035 
-0.006676 0.003922 -0.007484 0.001987 
-0.000423 -0.008469 0.002311 -0.008159 
-0.012299 -0.003287 -0.006926 -0.010682 
-0.006215 0.003197 -0.006765 0.001755 
-0.007073 0.011802 -0.013553 0.002370 
-0.009489 -0.000734 -0.008408 -0.004459 
-0.010910 -0.002536 -0.007828 -0.008011 
0.010483 0.022953 -0.015959 -0.019547 
0.012242 0.015054 -0.016567 0.010101 
-0.012883 0.009067 -0.013739 -0.007709 
-0.005950 -0.009811 0.000590 -0.011459 
-0.014217 0.004933 -0.011586 -0.009603 
0.013231 -0.010591 0.013730 0.009936 
-0.008002 0.017527 -0.016529 -0.009900 
0.011057 -0.001539 0.010164 0.004616 
0.001180 -0.016364 0.015771 -0.004521 
0.010350 0.001306 0.008499 0.006051 
0.017308 -0.007183 0.006827 0.017452 
0.014283 -0.015699 0.007521 0.019847 
0.012115 0.004406 0.005827 0.011499 
0.003640 0.005780 0.002346 0.006416 
0.016793 -0.003343 0.007275 0.015500 
-0.006583 -0.026657 -0.000892 0.027443 
0.004367 0.009359 -0.000482 0.010316 
0.019718 0.008112 -0.016424 0.013596 
-0.008689 0.001302 -0.008609 -0.001754 
-0.008580 -0.012556 0.006594 -0.013703 
-0.005184 0.021073 -0.015049 -0.015636 
-0.012033 -0.014745 0.015554 -0.010966 
0.012455 -0.004703 0.012033 0.005697 
0.009462 -0.009332 0.013287 0.000291 
0.008628 -0.006768 0.010887 -0.001316 
-0.016851 0.006216 -0.008014 -0.016074 
-0.001115 0.000890 -0.001123 0.000880 
-0.005731 -0.007302 -0.002520 -0.008934 
0.012642 0.006338 0.002808 0.013860 
-0.026992 -0.010615 0.014557 0.025087 
-0.016416 0.002735 -0.007698 -0.014755 
-0.014031 -0.007047 0.000185 -0.015700 
0.004520 0.028489 0.013097 -0.025700 
-0.009148 0.018897 -0.013420 -0.016145 
0.000272 0.000844 0.000269 0.000845 
-0.005591 0.000439 -0.005596 -0.000359 
0.006965 0.001174 0.006525 0.002705 
0.003151 -0.001139 0.003205 -0.000977 
-0.004886 0.009799 -0.009248 0.005862 
-0.009865 0.006528 -0.011815 -0.000585 
0.019194 0.004784 -0.008544 0.017841 
-0.027393 -0.017308 -0.018526 0.026584 
0.012493 -0.006091 0.012681 0.005688 
0.002637 0.011783 -0.005149 0.010922 
0.002983 0.005267 0.002071 0.005687 
-0.006534 0.010977 -0.012225 0.003707 
-0.008146 0.016303 -0.016803 -0.007058 
0.004394 0.009181 -0.000235 0.010175 
-0.004198 0.001433 -0.004309 0.001054 
0.006325 -0.003461 0.006958 -0.001890 
0.015159 -0.014287 0.007346 0.019492 
0.018569 -0.015810 -0.009924 0.022278 
-0.009714 0.015328 -0.016043 -0.008480 
0.000471 -0.008374 0.003072 -0.007805 
-0.023283 0.009644 0.019963 -0.015381 
-0.017261 -0.004292 0.001890 -0.017686 
-0.013520 -0.000388 -0.008849 -0.010230 
-0.000073 0.000888 -0.000076 0.000888 
0.008229 -0.007964 0.011278 -0.001991 
-0.008913 -0.002840 -0.007125 -0.006061 
-0.002482 0.012742 -0.010604 0.007488 
-0.000017 0.004028 -0.000313 0.004016 
0.011203 -0.001250 0.010077 0.005052 
-0.000887 0.000523 -0.000890 0.000519 
0.001634 -0.000600 0.001642 -0.000578 
-0.006661 -0.000394 -0.006447 -0.001720 
-0.005676 -0.008473 -0.001210 -0.010126 
0.015313 0.023584 -0.003775 -0.027865 
-0.012228 0.008073 -0.013556 -0.005562 
0.001116 -0.012963 0.009801 -0.008558 
-0.016428 -0.011522 0.015276 -0.013011 
0.009856 0.000371 0.008756 0.004541 
0.004582 0.007158 0.002038 0.008251 
0.009211 -0.009437 0.013186 -0.000126 
-0.003644 -0.009912 0.001611 -0.010437 
-0.016540 0.014984 -0.001114 -0.022290 
-0.002312 -0.010165 0.002768 -0.010050 
-0.003455 -0.021830 0.019545 0.010319 
-0.004642 0.006024 -0.006045 0.004616 
-0.000268 0.015368 -0.013614 0.007136 
0.003618 -0.018748 0.018393 0.005127 
-0.015981 0.031382 0.006736 0.034566 
-0.003209 0.014677 -0.014200 0.004907 
-0.012838 0.015843 -0.011114 -0.017097 
-0.011566 -0.014266 0.013762 -0.012161 
-0.010266 -0.017128 0.019054 -0.005975 
-0.022216 0.001001 0.013016 -0.018032 
-0.025792 0.018298 0.022640 0.022079 
-0.013035 -0.002681 -0.007131 -0.011236 
-0.008536 -0.005405 -0.005227 -0.008646 
-0.009376 -0.008594 -0.001218 -0.012660 
0.007004 -0.013323 0.015025 -0.000905 
-0.002043 0.012459 -0.009770 0.007997 
0.009605 -0.025584 -0.015465 0.022531 
0.002611 -0.013972 0.012669 -0.006445 
-0.001585 0.002110 -0.001651 0.002059 
0.006668 -0.004035 0.007513 -0.002071 
-0.008553 0.003329 -0.009178 -0.000097 
0.004761 0.005546 0.003293 0.006525 
0.003018 -0.001070 0.003064 -0.000929 
0.005819 -0.009292 0.009791 -0.004933 
0.003578 -0.000238 0.003586 -0.000029 
-0.007478 -0.001050 -0.006962 -0.002926 
-0.008053 0.001635 -0.008171 -0.000867 
0.010814 0.010623 -0.003707 0.014699 
-0.000320 -0.019310 0.019211 0.001978 
-0.021071 0.018555 0.026891 -0.008072 
-0.007452 -0.015840 0.014227 -0.010200 
0.007838 0.004787 0.005487 0.007365 
0.014476 -0.010972 0.012036 0.013603 
-0.006006 -0.021260 0.020634 0.007892 
0.007813 0.001822 0.006959 0.003992 
-0.005539 -0.002323 -0.005087 -0.003194 
0.007075 0.002189 0.006319 0.003862 
-0.003656 -0.018936 0.019229 -0.001469 
-0.013572 -0.004136 -0.005035 -0.013265 
-0.012013 0.015356 -0.013365 -0.014195 
-0.017348 0.017206 0.008449 -0.022926 
-0.028777 0.008736 0.023724 0.018482 
-0.023210 0.001083 0.017129 -0.015700 
-0.001350 -0.023675 0.014361 0.018870 
-0.000589 0.010849 -0.006037 0.009033 
-0.001306 -0.000330 -0.001303 -0.000341 
0.013448 -0.012992 0.012810 0.013621 
-0.023478 -0.004456 0.022312 -0.008559 
0.018405 -0.003875 0.003279 0.018521 
0.011577 -0.020070 0.004282 0.022770 
0.009084 -0.011105 0.014331 0.000682 
0.009890 -0.004643 0.010869 0.001113 
-0.007331 0.002557 -0.007749 0.000484 
-0.001223 0.018997 -0.018862 -0.002573 
-0.007029 0.005456 -0.008497 0.002641 
0.001502 -0.002565 0.001603 -0.002503 
0.002097 0.006511 0.000680 0.006806 
-0.000680 -0.004087 -0.000360 -0.004127 
0.002102 0.004557 0.001569 0.004767 
-0.005470 -0.014443 0.010170 -0.011623 
-0.007658 -0.016479 0.015862 -0.008865 
-0.019407 -0.008947 0.017138 -0.012767 
-0.011493 0.011415 -0.014876 -0.006411 
-0.000340 0.002738 -0.000434 0.002724 
0.012641 -0.010661 0.014196 0.008481 
-0.002488 -0.003099 -0.002260 -0.003269 
-0.004904 -0.003921 -0.004129 -0.004730 
0.001003 -0.010017 0.005339 -0.008535 
-0.011713 -0.000007 -0.009518 -0.006827 
-0.000258 0.017579 -0.017369 0.002723 
0.005399 -0.019787 0.016907 0.011613 
-0.023076 -0.009777 0.024923 0.002632 
0.009643 -0.007431 0.012173 0.000183 
-0.002838 0.007605 -0.004949 0.006434 
-0.011614 0.013547 -0.014918 -0.009790 
-0.002457 0.019275 -0.018743 -0.005124 
-0.005470 -0.006142 -0.003362 -0.007507 
-0.018387 0.005593 -0.003674 -0.018865 
-0.000344 -0.001503 -0.000328 -0.001506 
0.012603 -0.001640 0.010471 0.007202 
-0.008974 -0.005670 -0.005058 -0.009333 
0.013327 0.019140 -0.022377 -0.006575 
0.006041 0.011283 -0.003174 0.012398 
0.012950 0.009048 -0.002671 0.015570 
0.016421 -0.010957 0.007565 0.018234 
0.013786 -0.004490 0.011650 0.008631 
0.018422 -0.003006 0.002859 0.018446 
0.018516 -0.003452 0.002771 0.018630 
0.006368 0.008784 0.001017 0.010801 
-0.003871 0.011600 -0.010288 0.006610 
-0.000241 0.006057 -0.001241 0.005933 
-0.003208 0.016271 -0.016445 0.002147 
0.000707 0.002255 0.000650 0.002272 
0.007899 0.012733 -0.006681 0.013412 
0.023189 -0.008882 -0.018777 0.016249 
-0.005003 0.001400 -0.005136 0.000779 
0.006718 -0.004343 0.007679 -0.002241 
-0.017409 -0.007303 0.008067 -0.017069 
0.008032 -0.004231 0.009022 -0.001009 
0.014524 -0.008820 0.012286 0.011739 
0.017617 -0.016758 -0.008282 0.022860 
-0.007115 0.003840 -0.007926 0.001597 
-0.013220 -0.006893 -0.001236 -0.014858 
-0.017390 0.000315 -0.003763 -0.016981 
0.007825 0.020784 -0.021190 -0.006648 
0.025132 -0.007537 -0.024958 0.008094 
-0.002638 0.011615 -0.009075 0.007715 
-0.005013 0.009473 -0.009061 0.005725 
0.002127 0.008111 -0.000520 0.008369 
0.010121 0.007481 0.002704 0.012292 
-0.011513 -0.020607 0.021311 0.010149 
0.007713 0.005152 0.005176 0.007697 
0.019437 -0.023231 -0.029986 -0.004278 
0.021708 -0.002103 -0.010226 0.019264 
-0.013719 0.008773 -0.013132 -0.009630 
-0.012561 0.018620 -0.005818 -0.021695 
-0.001078 0.007932 -0.003305 0.007292 
0.016794 0.008746 -0.009636 0.016299 
-0.006298 0.016255 -0.017164 -0.003050 
-0.005633 0.002551 -0.005989 0.001541 
-0.001947 0.010601 -0.007009 0.008188 
-0.008064 0.008748 -0.011696 0.002184 
0.010610 0.021995 -0.018959 -0.015391 
0.012613 0.013071 -0.012079 0.013566 
0.006227 0.014203 -0.009711 0.012092 
-0.004528 -0.006030 -0.002841 -0.006985 
-0.009358 0.015110 -0.016264 -0.007169 
-0.006156 0.016150 -0.017097 -0.002531 
-0.005766 -0.014830 0.011150 -0.011352 
-0.010682 0.007909 -0.013115 -0.002160 
0.025384 -0.006966 -0.025370 0.007016 
0.007792 0.030016 0.025439 -0.017735 
-0.000228 0.020948 -0.019053 -0.008710 
0.017034 0.019984 -0.017375 -0.019688 
-0.005919 0.010605 -0.011217 0.004655 
0.010169 0.006133 0.004505 0.010988 
-0.007915 0.005617 -0.009530 0.001836 
-0.013361 0.011312 -0.013544 -0.011091 
-0.025561 0.013127 0.028509 0.003593 
-0.022681 0.002777 0.014247 -0.017864 
-0.015876 -0.014368 0.020268 -0.006908 
0.009050 -0.012181 0.015080 0.001690 
-0.009911 -0.004974 -0.005782 -0.009463 
-0.008851 0.020028 -0.011498 -0.018635 
-0.005200 -0.013927 0.008927 -0.011888 
0.003572 0.005948 0.002201 0.006580 
0.001824 0.003163 0.001630 0.003267 
0.009727 0.011954 -0.005904 0.014235 
-0.013431 -0.004488 -0.004717 -0.013352 
-0.002626 -0.004033 -0.002189 -0.004286 
0.005615 -0.011138 0.011495 -0.004844 
0.002813 -0.004474 0.003356 -0.004083 
-0.004006 -0.007209 -0.001630 -0.008085 
0.009593 0.022770 -0.017272 -0.017668 
-0.000150 -0.014198 0.011148 -0.008793 
-0.018352 -0.004475 0.005315 -0.018126 
0.000607 -0.000277 0.000607 -0.000275 
0.000473 -0.009039 0.003719 -0.008252 
0.001592 0.027632 0.007438 -0.026660 
0.016165 0.016676 -0.023101 -0.002403 
-0.014065 0.009330 -0.012853 -0.010940 
-0.000410 -0.007828 0.001758 -0.007639 
-0.008040 -0.003841 -0.006173 -0.006426 
0.000872 -0.006569 0.002153 -0.006267 
-0.010219 -0.016028 0.016671 -0.009132 
-0.000251 0.007817 -0.002381 0.007450 
0.018122 0.011259 -0.018481 0.010659 
-0.001360 -0.001526 -0.001331 -0.001552 
0.012121 -0.004987 0.012132 0.004960 
-0.016456 -0.008624 0.008515 -0.016513 
0.011887 0.026993 0.011093 -0.027329 
-0.007994 0.011016 -0.013538 0.001408 
0.002778 -0.010423 0.007645 -0.007610 
0.004487 0.000135 0.004456 0.000544 
0.004308 -0.002257 0.004525 -0.001783 
0.000313 -0.006455 0.001522 -0.006280 
-0.009333 -0.025771 0.002323 0.027311 
0.002984 0.024076 -0.013658 -0.020050 
0.013879 0.011524 -0.010138 0.014921 
0.000058 -0.007720 0.002116 -0.007424 
-0.000398 0.009005 -0.003612 0.008258 
-0.002841 -0.007918 -0.000201 -0.008410 
-0.022204 0.011371 0.017471 -0.017807 
-0.006709 0.022000 -0.009972 -0.020726 
-0.000539 -0.006780 0.000884 -0.006744 
-0.007897 -0.016216 0.015377 -0.009426 
-0.004136 -0.012597 0.006114 -0.011764 
-0.024550 0.003146 0.021801 -0.011719 
0.004930 0.015067 -0.011619 0.010785 
0.017335 -0.010346 0.005233 0.019497 
-0.028153 -0.014679 -0.010469 0.029974 
-0.015919 -0.020152 0.018806 0.017489 
0.011361 0.006637 0.003352 0.012724 
0.004182 0.003163 0.003756 0.003658 
0.010302 0.008001 0.001813 0.012918 
-0.006558 -0.006847 -0.003309 -0.008885 
-0.001239 0.002526 -0.001328 0.002480 
0.011142 -0.008472 0.013604 0.003295 
-0.007147 -0.001297 -0.006636 -0.002953 
-0.002309 -0.007457 -0.000188 -0.007804 
-0.002988 -0.006527 -0.001397 -0.007041 
-0.012355 -0.000535 -0.009164 -0.008304 
0.026467 0.011194 -0.015517 -0.024187 
0.009249 -0.022886 -0.000087 0.024684 
0.002046 -0.002947 0.002214 -0.002823 
0.004755 -0.010945 0.010381 -0.005885 
-0.020900 -0.005456 0.015476 -0.015069 
-0.012328 0.010194 -0.014272 -0.007225 
-0.008268 -0.002245 -0.007082 -0.004822 
-0.012698 0.015569 -0.011811 -0.016253 
0.021604 -0.023378 -0.025813 -0.018627 
0.018256 -0.012128 -0.000429 0.021914 
-0.004957 0.013014 -0.013183 0.004487 
0.002256 0.020433 -0.019996 -0.004768 
-0.008110 0.007664 -0.010951 0.002140 
-0.012041 -0.004392 -0.005880 -0.011389 
-0.003900 0.002255 -0.004090 0.001887 
0.004253 0.005880 0.002743 0.006719 
0.014355 -0.013090 0.010969 0.016034 
-0.015203 -0.003163 -0.004186 -0.014954 
-0.013473 -0.005416 -0.003355 -0.014128 
-0.003665 0.008327 -0.006460 0.006406 
0.009267 -0.016466 0.016013 0.010029 
-0.013905 -0.018392 0.022639 0.004372 
0.000563 0.009241 -0.002979 0.008766 
-0.007291 -0.007949 -0.002302 -0.010538 
0.008449 0.028040 0.012789 -0.026345 
-0.006291 -0.006347 -0.003636 -0.008164 
0.012132 -0.003893 0.011608 0.005255 
-0.013769 0.013905 -0.011465 -0.015858 
-0.004288 0.012444 -0.011828 0.005772 
-0.005054 0.004233 -0.005784 0.003163 
-0.013704 -0.002861 -0.006426 -0.012437 
0.002830 0.003795 0.002431 0.004063 
0.010996 -0.012111 0.015198 0.006051 
-0.020764 -0.001894 0.009815 -0.018396 
0.003164 0.017750 -0.017356 0.004882 
-0.008117 0.008321 -0.011425 0.002144 
-0.000531 0.016900 -0.016408 0.004084 
0.015553 0.007038 -0.002966 0.016811 
-0.020048 -0.004455 0.010892 -0.017411 
0.010263 0.002583 0.007714 0.007245 
0.011725 0.016269 -0.018676 0.007307 
-0.011606 -0.000377 -0.009290 -0.006967 
-0.010068 -0.004089 -0.006576 -0.008651 
-0.002351 0.008386 -0.005040 0.007103 
0.009110 0.013832 -0.010162 0.013078 
0.024052 -0.011176 -0.024538 0.010064 
-0.002208 0.005961 -0.003256 0.005459 
0.005431 -0.011376 0.011584 -0.004971 
0.002136 -0.002274 0.002235 -0.002178 
-0.003876 -0.000540 -0.003829 -0.000808 
-0.002555 0.011229 -0.008457 0.007817 
0.018663 0.000415 -0.000570 0.018659 
-0.009571 -0.026354 -0.002026 0.027965 
0.011176 0.007243 0.002543 0.013073 
0.016560 0.008083 -0.007549 0.016811 
0.022602 -0.010719 -0.018319 0.017034 
0.005130 -0.021040 0.015189 0.015436 
-0.022370 -0.008187 0.023250 -0.005187 
-0.010447 0.000601 -0.009473 -0.004445 
-0.005182 -0.005859 -0.003381 -0.007053 
-0.003692 -0.007165 -0.001454 -0.007928 
-0.008006 0.003358 -0.008668 0.000483 
-0.005359 0.009260 -0.009244 0.005386 
0.000937 -0.005823 0.001839 -0.005603 
0.000939 -0.000847 0.000945 -0.000840 
-0.002300 -0.010630 0.003452 -0.010314 
-0.019600 0.014677 0.011807 -0.021451 
0.010325 -0.004914 0.011309 0.001688 
0.011534 0.018899 -0.022024 -0.002266 
0.017479 -0.026001 -0.029668 -0.010068 
0.025900 -0.013730 -0.028293 -0.007672 
0.013541 0.012170 -0.011208 0.014346 
0.017010 0.007846 -0.008174 0.016856 
0.008968 -0.022563 0.002233 0.024177 
-0.002535 -0.012685 0.006881 -0.010953 
-0.008974 0.007075 -0.011395 0.000866 
0.020153 -0.002793 -0.003386 0.020062 
0.000725 0.017617 -0.017269 0.003559 
0.006469 -0.003495 0.007123 -0.001822 
0.013954 -0.011691 0.012627 0.013114 
0.008800 0.000095 0.008231 0.003115 
-0.006822 0.019736 -0.015451 -0.014047 
0.022613 -0.025500 -0.009880 -0.032619 
0.011585 -0.015410 0.014000 0.013254 
0.007265 -0.002884 0.007777 -0.000788 
0.005962 0.007116 0.002804 0.008850 
0.012645 -0.017129 0.009293 0.019155 
0.002241 0.004826 0.001605 0.005073 
-0.014277 0.006854 -0.012225 -0.010066 
-0.000024 0.013307 -0.009584 0.009231 
0.006498 0.013427 -0.007892 0.012658 
0.010825 -0.014336 0.015425 0.009208 
0.002843 -0.005931 0.003943 -0.005264 
-0.005238 0.012422 -0.012673 0.004600 
-0.014242 -0.003851 -0.004648 -0.014002 
-0.008593 0.023366 0.000481 -0.024891 
-0.009542 0.003155 -0.009954 -0.001386 
0.017197 -0.008838 0.006659 0.018152 
-0.001400 0.011119 -0.007172 0.008612 
0.021156 0.006060 -0.017275 0.013633 
-0.001920 0.002351 -0.002016 0.002269 
-0.003469 -0.011273 0.003842 -0.011151 
0.004002 0.015660 -0.012992 0.009616 
0.015441 0.001112 0.006212 0.014180 
-0.005511 0.003829 -0.006173 0.002633 
-0.005012 -0.007308 -0.002152 -0.008596 
-0.005644 0.017549 -0.017715 -0.005100 
0.005680 0.010330 -0.001492 0.011694 
-0.001083 0.003596 -0.001310 0.003520 
-0.005512 0.001867 -0.005732 0.001002 
0.012132 0.006827 0.002495 0.013695 
0.007610 0.004296 0.005702 0.006622 
-0.007918 0.007458 -0.010617 0.002367 
0.025151 -0.004423 -0.023895 0.009010 
0.003096 -0.016729 0.016964 -0.001296 
-0.002935 0.006101 -0.004130 0.005364 
0.013083 0.014249 -0.015766 0.011208 
0.001291 0.009007 -0.002099 0.008854 
0.013306 -0.001917 0.010488 0.008410 
-0.012781 -0.011905 0.009302 -0.014784 
-0.012623 -0.009819 0.003944 -0.015498 
-0.009655 0.019402 -0.011359 -0.018456 
0.002691 0.008895 -0.000905 0.009249 
-0.004533 -0.004725 -0.003536 -0.005511 
-0.011067 0.001754 -0.010268 -0.004485 
-0.004047 -0.010180 0.001804 -0.010806 
-0.013739 -0.004085 -0.004926 -0.013460 
-0.001730 0.011542 -0.008091 0.008411 
-0.003298 0.000609 -0.003324 0.000440 
-0.010057 0.012536 -0.015465 -0.004375 
0.023057 -0.011962 -0.021969 0.013859 
0.014551 -0.019124 -0.003006 0.023841 
-0.001316 0.000664 -0.001323 0.000651 
-0.012714 -0.010569 0.005845 -0.015466 
-0.008385 0.002491 -0.008732 -0.000506 
0.001019 0.006628 -0.000344 0.006697 
0.013581 -0.002515 0.010729 0.008698 
-0.011706 0.002484 -0.010828 -0.005094 
-0.004569 0.012370 -0.011992 0.005485 
0.001881 0.016936 -0.015913 0.006094 
-0.002717 -0.007508 -0.000465 -0.007971 
-0.009444 -0.013076 0.008477 -0.013722 
-0.007318 -0.023329 0.016428 0.018109 
0.007693 0.004351 0.005708 0.006748 
0.002622 -0.016576 0.016623 -0.002305 
0.003649 0.012321 -0.005708 0.011513 
-0.000559 -0.002349 -0.000497 -0.002363 
-0.010559 -0.005212 -0.005479 -0.010423 
-0.014789 -0.001406 -0.006808 -0.013204 
0.001574 -0.005246 0.002270 -0.004984 
-0.018854 -0.000368 0.001132 -0.018823 
0.006456 0.027526 0.006996 -0.027393 
-0.003892 0.020064 -0.017801 -0.010042 
0.000789 -0.003094 0.000931 -0.003054 
-0.005045 -0.011950 0.004604 -0.012126 
-0.016652 0.004430 -0.008040 -0.015241 
0.015325 -0.005329 0.010608 0.012277 
-0.005942 0.002932 -0.006404 0.001700 
-0.013381 0.002067 -0.010550 -0.008486 
0.012184 0.010667 -0.005349 0.015285 
0.000202 -0.024277 0.010833 0.021727 
-0.008823 -0.003245 -0.006860 -0.006428 
-0.012462 0.008017 -0.013510 -0.006086 
-0.012837 0.015347 -0.011805 -0.016154 
0.000428 -0.013182 0.009648 -0.008992 
-0.025996 0.001648 0.025828 -0.003384 
-0.021243 0.013057 0.015976 -0.019145 
0.006316 -0.006905 0.008494 -0.003927 
0.003909 0.004607 0.003097 0.005187 
-0.005179 0.002476 -0.005489 0.001678 
-0.011058 -0.016869 0.019224 -0.006106 
-0.017374 0.025947 0.029867 0.009117 
-0.016529 0.021477 0.020224 -0.018040 
0.020157 -0.013960 -0.012766 0.020934 
0.002393 0.004092 0.001965 0.004314 
0.008804 0.000044 0.008251 0.003070 
0.002526 -0.003102 0.002744 -0.002911 
0.012082 -0.007063 0.013105 0.004910 
-0.014993 -0.010999 0.010938 -0.015037 
-0.010704 0.007090 -0.012671 -0.002070 
0.007848 -0.003719 0.008640 -0.000874 
-0.007735 -0.019406 0.020882 0.000572 
0.006827 -0.009324 0.010919 -0.003785 
-0.013880 -0.021779 0.016375 0.019971 
-0.018494 0.020222 0.023089 -0.014760 
0.003773 -0.011393 0.009917 -0.006760 
-0.011484 -0.005762 -0.004499 -0.012034 
-0.011854 0.018338 -0.008649 -0.020050 
0.000633 -0.005759 0.001498 -0.005596 
-0.003796 -0.017134 0.016210 -0.006725 
-0.010455 -0.015845 0.016464 -0.009450 
-0.017183 0.001559 -0.005303 -0.016418 
-0.000029 0.019349 -0.019193 -0.002454 
0.002723 0.010865 -0.003556 0.010622 
-0.003478 0.003502 -0.003843 0.003097 
-0.005238 0.012255 -0.012464 0.004720 
-0.004057 0.015982 -0.016422 0.001486 
0.003592 -0.002915 0.003857 -0.002554 
-0.021380 0.007378 0.009118 -0.020698 
-0.003942 0.006212 -0.005333 0.005069 
0.008752 -0.010289 0.013497 -0.000529 
0.005061 -0.010115 0.009774 -0.005691 
0.001779 0.005845 0.000770 0.006061 
0.017282 -0.005376 0.006849 0.016753 
-0.001096 0.007062 -0.002686 0.006623 
-0.006232 -0.005671 -0.004119 -0.007351 
-0.000961 -0.005643 -0.000116 -0.005723 
-0.014121 -0.008234 0.002732 -0.016117 
-0.009060 -0.022945 0.016998 0.017878 
-0.021880 0.022769 0.026558 0.017083 
-0.003974 0.016882 -0.017339 -0.000407 
0.008260 0.018343 -0.019859 0.003209 
-0.001510 0.009726 -0.005501 0.008162 
-0.000177 0.009280 -0.003696 0.008514 
0.021122 -0.010582 -0.011196 0.020803 
0.009617 -0.019251 0.011792 0.018001 
0.001638 0.005742 0.000693 0.005931 
0.006786 0.002164 0.006115 0.003654 
-0.018712 -0.014263 0.023524 0.000424 
0.012527 -0.008072 0.013522 0.006265 
-0.013363 0.010036 -0.013588 -0.009728 
0.000976 0.013168 -0.008667 0.009961 
0.016956 0.005311 -0.002891 0.017532 
0.005562 -0.005833 0.007015 -0.003969 
-0.011392 -0.016257 0.018311 -0.007666 
-0.012828 -0.010527 0.005911 -0.015506 
0.003439 -0.003303 0.003760 -0.002932 
0.001167 -0.006233 0.002277 -0.005918 
-0.012621 -0.013640 0.013564 -0.012702 
-0.020617 0.001837 0.005755 -0.019883 
0.004554 0.006222 0.002734 0.007210 
0.000915 0.003882 0.000633 0.003938 
0.011745 0.018670 -0.022000 -0.001592 
-0.016665 -0.026899 -0.023583 0.021099 
0.007748 0.013362 -0.008147 0.013123 
-0.009374 -0.010445 0.002250 -0.013853 
-0.003372 -0.021771 0.019594 0.010070 
-0.000231 0.000943 -0.000235 0.000942 
0.013531 -0.012270 0.013047 0.012783 
-0.023106 -0.011313 0.024478 0.007918 
0.009332 -0.009476 0.013299 0.000112 
0.016839 0.006771 -0.005436 0.017317 
0.013230 0.001761 0.007877 0.010775 
-0.005000 -0.017404 0.016918 -0.006458 
0.000060 -0.010253 0.004755 -0.009084 
-0.017507 -0.010704 0.015895 -0.012979 
0.009369 0.002794 0.007332 0.006468 
0.000861 0.014012 -0.010374 0.009457 
0.024115 0.008617 -0.025225 -0.004412 
-0.003148 -0.006989 -0.001199 -0.007571 
-0.018904 -0.001410 0.002495 -0.018792 
-0.009648 -0.002797 -0.007422 -0.006769 
-0.007397 0.013895 -0.015728 -0.000647 
0.004877 0.007793 0.001612 0.009051 
-0.009053 -0.002573 -0.007328 -0.005905 
-0.014092 0.012273 -0.012109 -0.014234 
0.018704 0.003495 -0.004791 0.018415 
0.003644 -0.017659 0.017930 0.001906 
0.004601 -0.007964 0.007246 -0.005665 
-0.008991 -0.004540 -0.006043 -0.008058 
-0.005900 0.013140 -0.014092 0.002983 
0.022747 0.011501 -0.024562 -0.006812 
0.019170 -0.008930 -0.000418 0.021144 
-0.009399 0.007560 -0.012060 0.000219 
-0.013482 -0.001027 -0.008358 -0.010628 
0.002829 -0.003977 0.003242 -0.003649 
-0.013975 -0.016312 0.021098 -0.004028 
0.014515 -0.002469 0.010111 0.010702 
0.008998 0.009272 0.000181 0.012919 
-0.000034 0.014798 -0.012409 0.008063 
0.020321 0.014367 -0.023915 -0.006887 
-0.013214 0.007090 -0.012965 -0.007535 
-0.021009 0.011512 0.012079 -0.020688 
-0.017967 0.007852 -0.004674 -0.019043 
0.009962 -0.007725 0.012583 0.000763 
0.013586 0.008914 -0.003329 0.015905 
-0.014414 0.010467 -0.012285 -0.012900 
-0.015561 0.014758 -0.005216 -0.020802 
-0.019650 0.011019 0.004873 -0.021996 
-0.004082 -0.013086 0.007155 -0.011693 
-0.010897 -0.015181 0.015306 -0.010721 
-0.002082 0.004885 -0.002687 0.004580 
0.000059 0.005408 -0.000656 0.005368 
0.005382 -0.002714 0.005753 -0.001795 
0.011259 -0.009747 0.014264 0.004277 
-0.025560 -0.013030 0.014038 0.025021 
0.008021 0.016187 -0.015381 0.009474 
0.003332 -0.000346 0.003345 -0.000176 
0.001381 -0.011932 0.008352 -0.008632 
-0.007766 0.004567 -0.008889 0.001469 
0.003723 0.003774 0.003213 0.004216 
-0.004324 -0.006079 -0.002671 -0.006965 
-0.013777 0.011756 -0.012877 -0.012735 
0.010105 0.012688 -0.008053 0.014080 
0.010742 0.013994 -0.012098 0.012841 
-0.008915 -0.002734 -0.007182 -0.005947 
0.005507 0.004163 0.004487 0.005247 
0.016774 -0.004779 0.007898 0.015551 
0.013876 0.003111 0.005979 0.012902 
-0.006668 0.003353 -0.007294 0.001582 
0.002427 0.006341 0.001059 0.006706 
0.007667 -0.006322 0.009648 -0.002382 
-0.016792 0.000940 -0.005689 -0.015827 
-0.007051 0.009022 -0.010893 0.003529 
-0.008581 -0.014842 0.012389 -0.011850 
-0.016020 -0.019959 0.019225 0.016894 
-0.009106 -0.022970 0.016888 0.018036 
0.022422 -0.009824 -0.016355 0.018215 
0.015050 0.019326 -0.021655 -0.011449 
0.019242 0.008059 -0.014934 0.014566 
0.007384 -0.012588 0.014553 -0.001095 
-0.002692 -0.008393 0.000367 -0.008807 
-0.014509 0.001184 -0.009289 -0.011208 
0.008857 0.018599 -0.020513 0.001897 
0.009960 0.008490 0.001161 0.013035 
0.014230 -0.001284 0.009589 0.010592 
0.001677 0.002154 0.001603 0.002210 
0.000175 0.006290 -0.000950 0.006220 
0.001708 -0.006725 0.003122 -0.006196 
0.002375 -0.003956 0.002745 -0.003709 
-0.019525 -0.003310 0.007240 -0.018433 
0.019240 -0.026771 -0.022114 -0.024450 
0.006666 0.012576 -0.005942 0.012934 
0.010106 0.013003 -0.008862 0.013881 
0.017489 -0.001037 0.004152 0.017020 
0.026488 -0.005784 -0.027103 0.000700 
0.005576 -0.007961 0.008377 -0.004928 
0.001788 -0.006344 0.002995 -0.005872 
0.007271 0.001113 0.006783 0.002844 
0.017931 -0.008630 0.004441 0.019397 
-0.017740 -0.023843 -0.006507 0.028997 
-0.020540 -0.012193 0.023881 -0.000490 
0.003009 0.002444 0.002836 0.002643 
-0.012382 0.020057 -0.001669 -0.023512 
0.003425 -0.008729 0.006543 -0.006717 
0.005894 -0.005118 0.007067 -0.003317 
-0.008638 -0.001907 -0.007439 -0.004788 
-0.008938 0.006404 -0.010966 0.000811 
-0.006291 0.010305 -0.011291 0.004277 
0.012027 0.020323 -0.021545 -0.009668 
-0.014681 0.007537 -0.011965 -0.011365 
0.002245 -0.011561 0.008613 -0.008032 
0.001770 -0.001126 0.001792 -0.001090 
-0.002607 0.011272 -0.008567 0.007775 
-0.003973 0.006461 -0.005504 0.005219 
-0.004931 0.020429 -0.016507 -0.013006 
-0.001772 -0.000891 -0.001755 -0.000922 
0.005581 -0.010583 0.010841 -0.005062 
-0.001287 -0.002393 -0.001206 -0.002434 
0.018224 0.001333 -0.000276 0.018270 
-0.020065 -0.018977 0.013209 0.024254 
0.009053 0.006517 0.004169 0.010347 
-0.001533 -0.008832 0.001713 -0.008799 
0.007551 0.013006 -0.007194 0.013206 
0.017138 0.002082 0.001713 0.017179 
0.001859 0.003840 0.001537 0.003980 
-0.007960 0.000593 -0.007799 -0.001697 
0.019652 0.001126 -0.004720 0.019110 
0.008420 0.003820 0.006353 0.006718 
-0.006476 0.013171 -0.014538 0.002014 
-0.005565 -0.007875 -0.001858 -0.009463 
-0.007496 -0.005001 -0.005195 -0.007363 
-0.012344 0.017413 -0.009484 -0.019122 
-0.001048 0.010611 -0.006141 0.008717 
0.000846 -0.000726 0.000850 -0.000721 
0.005379 -0.002059 0.005627 -0.001231 
0.003853 -0.011799 0.010536 -0.006562 
-0.008888 -0.002897 -0.007083 -0.006101 
0.002379 -0.009562 0.006225 -0.007638 
-0.010436 0.013333 -0.015645 -0.006473 
-0.010570 0.007961 -0.013088 -0.001951 
-0.016241 -0.007819 0.006182 -0.016932 
-0.012239 0.003465 -0.011413 -0.005616 
-0.010109 -0.007481 -0.002709 -0.012281 
-0.005405 -0.015790 0.013403 -0.009946 
-0.021963 -0.013412 0.023627 0.010199 
0.012263 -0.009919 0.014222 0.006820 
0.012646 0.009251 -0.002700 0.015434 
-0.008981 0.001045 -0.008750 -0.002277 
-0.010997 0.010400 -0.014544 -0.004192 
0.014656 0.009870 -0.007473 0.016012 
-0.005202 0.008138 -0.008082 0.005288 
-0.013239 0.015964 -0.009948 -0.018198 
0.013691 0.018180 -0.022565 -0.002969 
-0.017831 0.019545 0.018413 -0.018999 
0.022679 0.019276 0.000191 -0.029764 
-0.001545 -0.001490 -0.001514 -0.001522 
0.011849 -0.002144 0.010692 0.005538 
0.013279 0.018193 -0.022417 -0.002192 
0.007659 -0.025460 -0.009208 0.024942 
0.012370 -0.007882 0.013466 0.005814 
-0.008262 -0.000200 -0.007809 -0.002707 
-0.014665 0.016120 -0.005422 -0.021107 
-0.004298 0.014914 -0.015216 0.003063 
0.009196 -0.002439 0.009406 0.001430 
0.007046 0.001460 0.006514 0.003058 
0.019367 0.012934 -0.023183 0.002214 
0.015765 0.003083 0.003324 0.015716 
-0.006034 -0.015145 0.011976 -0.011061 
-0.002640 0.026142 0.002293 -0.026175 
0.007019 -0.004984 0.008269 -0.002393 
-0.009747 -0.020970 0.021141 0.009369 
0.002754 -0.008890 0.005946 -0.007161 
0.003446 -0.010464 0.008406 -0.007120 
-0.011420 -0.010152 0.003244 -0.014932 
-0.005655 0.002361 -0.005973 0.001369 
0.003070 0.004419 0.002466 0.004783 
-0.009331 -0.017776 0.019557 -0.004536 
0.010143 0.025116 -0.005404 -0.026542 
0.007045 0.024382 -0.012262 -0.022220 
-0.031495 0.011035 0.000098 0.033372 
-0.020283 -0.002739 0.009118 -0.018324 
-0.022019 0.016787 0.026291 -0.008685 
-0.013104 0.022417 0.011122 -0.023464 
-0.004284 -0.008060 -0.001011 -0.009071 
0.006027 -0.012013 0.012889 -0.003808 
-0.010583 0.000472 -0.009474 -0.004740 
-0.002145 -0.008857 0.001260 -0.009025 
0.002330 -0.016714 0.016706 -0.002385 
-0.012245 0.003000 -0.011183 -0.005822 
-0.002056 0.005429 -0.002858 0.005053 
-0.015991 0.010993 -0.008731 -0.017330 
0.022260 -0.000292 -0.013678 0.017563 
0.008074 0.009490 0.000019 0.012460 
-0.006565 0.004406 -0.007535 0.002395 
-0.003831 0.008034 -0.006409 0.006176 
0.006119 -0.005622 0.007552 -0.003466 
0.003461 -0.011534 0.009785 -0.007019 
-0.006893 0.002887 -0.007397 0.001069 
-0.010379 0.014165 -0.015744 -0.007778 
-0.018304 0.008664 -0.003120 -0.020009 
-0.005159 0.003895 -0.005800 0.002854 
-0.017100 0.007583 -0.007329 -0.017211 
-0.018521 0.011735 0.000939 -0.021906 
-0.014083 -0.008220 0.002637 -0.016092 
-0.019669 -0.002590 0.006683 -0.018680 
-0.016082 0.014302 -0.004253 -0.021097 
-0.000748 0.016009 -0.014997 0.005650 
0.001743 0.012538 -0.007020 0.010533 
0.001326 -0.009284 0.004825 -0.008042 
0.003108 0.024872 -0.010200 -0.022896 
0.001081 0.007712 -0.001052 0.007716 
0.017982 0.010933 -0.017506 0.011681 
0.005102 -0.022653 0.010658 0.020630 
0.007537 -0.012335 0.014414 -0.001090 
-0.007629 -0.005790 -0.004642 -0.008377 
0.017344 -0.002984 0.005830 0.016605 
0.015614 -0.011613 0.009234 0.017129 
0.006592 0.000328 0.006399 0.001614 
0.018837 -0.013991 -0.006604 0.022516 
-0.003245 0.000334 -0.003257 0.000178 
-0.003036 -0.008236 -0.000035 -0.008778 
0.013470 -0.000812 0.009735 0.009345 
-0.023033 0.012017 0.021952 -0.013893 
0.001089 -0.005728 0.001955 -0.005493 
-0.007806 0.007579 -0.010583 0.002525 
0.018619 -0.004883 0.002847 0.019037 
-0.017725 -0.003317 0.001578 -0.017963 
-0.005443 0.003367 -0.005971 0.002305 
-0.004335 -0.008343 -0.000739 -0.009373 
-0.005682 -0.010926 0.002540 -0.012051 
-0.016275 -0.014563 0.021157 -0.005413 
-0.012970 0.000309 -0.009591 -0.008737 
0.025527 0.005902 -0.025698 -0.005107 
0.002471 0.004608 0.001883 0.004878 
0.012429 0.013780 -0.013651 0.012571 
-0.002291 -0.018293 0.018214 -0.002852 
-0.010168 0.001768 -0.009827 -0.003154 
-0.000551 -0.000724 -0.000548 -0.000726 
-0.001025 -0.010907 0.004767 -0.009864 
0.002129 -0.008286 0.004711 -0.007142 
0.003005 -0.010682 0.008206 -0.007471 
0.005571 -0.000187 0.005542 0.000597 
-0.002223 -0.008437 0.000761 -0.008691 
-0.003080 -0.008126 -0.000175 -0.008688 
0.012502 0.002777 0.007327 0.010503 
-0.008458 -0.022683 0.018074 0.016105 
-0.009075 0.002775 -0.009431 -0.001054 
-0.021827 0.002153 0.010718 -0.019135 
-0.009193 -0.007245 -0.003263 -0.011241 
0.000660 0.015207 -0.012862 0.008141 
0.011982 -0.025876 -0.023629 0.015963 
0.002511 -0.017471 0.017648 -0.000289 
0.007213 0.006769 0.003611 0.009209 
-0.011746 -0.013361 0.011635 -0.013457 
-0.011491 -0.000465 -0.009226 -0.006865 
-0.003417 -0.004722 -0.002653 -0.005190 
-0.012970 0.004344 -0.011839 -0.006852 
-0.014548 0.005764 -0.011636 -0.010463 
-0.016259 0.017734 0.005332 -0.023461 
-0.010586 -0.017023 0.019113 -0.006044 
0.006978 0.005657 0.004494 0.007778 
0.003344 -0.001443 0.003424 -0.001239 
0.007027 0.000826 0.006661 0.002385 
0.005325 0.010513 -0.001883 0.011634 
0.011243 0.001960 0.008250 0.007886 
0.006881 0.010307 -0.001328 0.012322 
0.018800 -0.005997 0.002266 0.019603 
-0.001329 0.004761 -0.001847 0.004585 
0.013683 0.013671 -0.015265 0.011879 
0.011358 -0.019730 0.006089 0.021937 
0.007286 0.008484 0.001593 0.011069 
0.013489 0.000640 0.008669 0.010354 
-0.020351 -0.007459 0.017103 -0.013315 
0.005918 0.026704 0.000830 -0.027339 
0.003203 0.020181 -0.020160 -0.003332 
-0.015015 0.012018 -0.010374 -0.016195 
-0.009609 0.003084 -0.009977 -0.001518 
-0.005707 0.003579 -0.006318 0.002339 
0.023182 -0.009001 -0.018865 0.016203 
-0.015854 -0.016063 0.022549 -0.000940 
0.020040 -0.004657 -0.002441 0.020429 
0.000487 0.002229 0.000434 0.002240 
0.001986 -0.007283 0.003780 -0.006534 
-0.005990 -0.012620 0.005965 -0.012632 
-0.016690 0.014392 -0.001796 -0.021965 
0.000196 -0.006856 0.001642 -0.006660 
-0.011084 -0.004537 -0.006078 -0.010320 
-0.002533 0.020801 -0.017972 -0.010774 
-0.007421 0.005092 -0.008754 0.002090 
-0.012504 -0.009982 0.004159 -0.015450 
-0.021555 0.008095 0.010475 -0.020505 
-0.009540 0.019408 -0.011587 -0.018260 
-0.008378 -0.017369 0.018212 -0.006341 
-0.021735 -0.008963 0.022805 -0.005719 
0.003998 0.005305 0.002864 0.005993 
-0.018740 0.007907 -0.001940 -0.020247 
-0.019725 0.013223 0.009116 -0.021928 
-0.012779 -0.005629 -0.003756 -0.013449 
-0.000007 0.006618 -0.001311 0.006487 
-0.000450 0.001659 -0.000472 0.001653 
0.007855 -0.003915 0.008720 -0.000993 
-0.002543 -0.015548 0.012930 -0.009001 
-0.002512 0.008266 -0.005112 0.006964 
0.017368 -0.006577 0.006715 0.017315 
0.005896 0.009547 -0.000193 0.011219 
0.016763 0.014368 -0.021525 0.004910 
0.010625 -0.013424 0.015584 0.007087 
0.008278 -0.004732 0.009481 -0.001021 
-0.003423 0.009700 -0.007512 0.007027 
-0.003214 0.006954 -0.004929 0.005865 
-0.000123 -0.003508 0.000073 -0.003510 
0.008012 0.003579 0.006306 0.006102 
0.001360 0.014441 -0.010987 0.009470 
0.026035 0.004906 -0.025825 -0.005914 
0.012828 -0.003617 0.011499 0.006740 
-0.022356 -0.010241 0.024580 0.000686 
-0.010263 -0.012573 0.007909 -0.014172 
-0.000184 -0.002626 -0.000101 -0.002631 
-0.000901 -0.004435 -0.000486 -0.004500 
-0.007952 0.013116 -0.015326 -0.000618 
0.015649 -0.005911 0.010308 0.013175 
0.010357 -0.013453 0.015694 0.006477 
0.012478 0.000874 0.008902 0.008786 
-0.005527 0.003737 -0.006164 0.002554 
-0.004413 0.010753 -0.009791 0.006264 
-0.000618 -0.004477 -0.000201 -0.004515 
-0.000052 -0.008165 0.002380 -0.007811 
-0.004731 -0.007350 -0.001956 -0.008519 
0.005341 0.008226 0.001368 0.009712 
0.007132 -0.009794 0.011656 -0.003305 
-0.006140 -0.007563 -0.002428 -0.009433 
0.000421 0.003255 0.000261 0.003271 
0.013193 -0.010661 0.013765 0.009910 
-0.004218 -0.010724 0.002593 -0.011228 
-0.013748 -0.015050 0.018544 -0.008463 
-0.008144 0.022187 -0.006046 -0.022848 
0.009366 0.005875 0.004876 0.009923 
0.008282 0.012348 -0.005940 0.013630 
-0.006695 -0.006726 -0.003476 -0.008830 
-0.007663 -0.003320 -0.006252 -0.005537 
0.005745 -0.001444 0.005901 -0.000517 
0.010127 0.007250 0.003039 0.012079 
0.012136 -0.014443 0.013924 0.012728 
0.012202 -0.009932 0.014245 0.006680 
0.012342 -0.012267 0.014462 0.009677 
-0.012959 -0.009767 0.004301 -0.015647 
0.013712 0.011544 -0.009894 0.014946 
0.012463 -0.000925 0.010072 0.007399 
-0.005447 0.005337 -0.006650 0.003734 
-0.003949 0.005641 -0.005061 0.004669 
-0.005979 0.017873 -0.017629 -0.006665 
0.007832 0.014848 -0.011943 0.011797 
-0.001548 0.010080 -0.005956 0.008279 
0.014697 0.007493 -0.002202 0.016349 
0.003836 -0.007480 0.005996 -0.005893 
-0.007537 0.001863 -0.007760 -0.000239 
-0.002885 0.007577 -0.004981 0.006397 
-0.001398 0.005409 -0.002146 0.005158 
-0.005462 0.015594 -0.016523 -0.000053 
-0.001063 -0.009902 0.003345 -0.009381 
-0.016450 0.012930 -0.005242 -0.020256 
-0.002569 -0.003026 -0.002347 -0.003201 
0.003122 0.004170 0.002587 0.004522 
0.001104 0.008963 -0.002207 0.008757 
0.008036 -0.015059 0.016581 0.004050 
-0.010147 0.012253 -0.015342 -0.004209 
-0.003847 0.003304 -0.004206 0.002834 
0.000836 -0.008790 0.003826 -0.007958 
0.006189 -0.009242 0.010155 -0.004537 
0.006116 0.003880 0.005030 0.005211 
-0.004171 -0.023399 0.016343 0.017258 
-0.000178 0.023280 -0.014602 -0.018132 
0.005190 0.009933 -0.000982 0.011164 
0.022619 -0.011881 -0.020071 0.015810 
0.011278 -0.017689 0.011493 0.017550 
0.009183 -0.002539 0.009432 0.001345 
0.006665 0.003469 0.005570 0.005043 
0.002663 -0.003071 0.002885 -0.002864 
0.004895 0.003512 0.004254 0.004266 
-0.019082 -0.005704 0.009844 -0.017313 
-0.014605 0.011421 -0.011612 -0.014454 
-0.000127 0.019492 -0.019251 -0.003054 
-0.001892 0.010262 -0.006527 0.008142 
0.003549 0.014333 -0.010014 0.010852 
0.009808 -0.003355 0.010238 0.001623 
-0.015753 0.005842 -0.010125 -0.013409 
-0.001917 -0.011281 0.004717 -0.010425 
-0.019555 -0.007874 0.015495 -0.014293 
-0.012874 -0.007046 -0.001378 -0.014611 
-0.012310 -0.007216 -0.001679 -0.014170 
-0.010401 0.005543 -0.011671 -0.001642 
-0.004553 0.012839 -0.012605 0.005167 
0.001362 0.018793 -0.018831 0.000647 
0.007038 -0.019540 0.015484 0.013841 
0.005689 -0.014720 0.015739 -0.001159 
-0.002482 0.011208 -0.008354 0.007873 
0.001177 -0.000345 0.001179 -0.000337 
-0.002744 -0.008127 0.000067 -0.008577 
0.004379 0.019778 -0.020207 -0.001433 
0.004778 0.004078 0.003977 0.004862 
0.002161 -0.009586 0.006019 -0.007767 
-0.012332 0.010246 -0.014283 -0.007283 
0.005183 -0.016638 0.017326 0.001865 
0.005576 0.007631 0.002120 0.009210 
0.015157 0.018231 -0.022768 -0.006611 
-0.011890 -0.000389 -0.009295 -0.007425 
-0.003069 -0.010582 0.002916 -0.010625 
0.003640 0.006412 0.001966 0.007107 
-0.001797 0.002918 -0.001949 0.002818 
0.003555 -0.006141 0.004852 -0.005178 
0.017349 -0.012315 0.002906 0.021076 
-0.006148 -0.026133 0.002863 0.026693 
0.007180 0.015569 -0.013429 0.010659 
-0.000353 0.010664 -0.005567 0.009102 
0.004324 0.007816 0.001280 0.008840 
-0.004261 0.012500 -0.011881 0.005768 
-0.015791 -0.008981 0.007767 -0.016423 
0.004926 0.009786 -0.000849 0.010923 
0.021261 -0.018242 -0.026808 0.008132 
0.008616 0.012390 -0.006213 0.013753 
-0.009336 0.020036 -0.010434 -0.019487 
-0.001313 -0.013753 0.009614 -0.009921 
-0.015687 -0.004405 -0.001529 -0.016222 
-0.009593 0.011206 -0.014639 -0.001812 
0.000151 0.007106 -0.001466 0.006955 
-0.010229 0.006478 -0.012048 -0.001206 
0.017410 0.000108 0.003306 0.017094 
0.007979 0.013013 -0.007394 0.013353 
-0.013378 0.007166 -0.012923 -0.007958 
-0.019487 0.014168 0.010061 -0.021892 
-0.000554 0.018284 -0.018287 0.000444 
-0.011334 0.010898 -0.014746 -0.005457 
-0.016463 -0.004796 0.000771 -0.017130 
-0.010941 -0.006217 -0.004156 -0.011878 
-0.015628 0.010800 -0.009772 -0.016290 
0.002377 0.024888 -0.009841 -0.022982 
-0.019968 0.016741 0.018838 -0.018003 
0.006454 -0.006186 0.008227 -0.003498 
-0.005942 0.015860 -0.016872 -0.001479 
-0.012410 -0.002211 -0.007872 -0.009845 
0.007149 -0.007537 0.009851 -0.003296 
-0.019295 0.006825 -0.000261 -0.020465 
-0.005621 -0.012681 0.006092 -0.012462 
-0.017842 -0.000358 -0.001917 -0.017743 
0.013054 0.002297 0.007490 0.010936 
0.014186 -0.016499 0.006139 0.020875 
-0.007621 0.010516 -0.012779 0.002318 
0.014817 0.020921 -0.018024 -0.018231 
0.006807 -0.026055 -0.010486 0.024804 
0.008504 0.006208 0.004465 0.009535 
0.012084 -0.002457 0.010889 0.005786 
0.008793 0.018478 -0.020323 0.002397 
0.024879 -0.009314 -0.025362 0.007904 
-0.000349 0.003854 -0.000610 0.003822 
-0.006335 -0.006823 -0.003241 -0.008728 
-0.011338 0.003406 -0.011148 -0.003985 
-0.010972 -0.001174 -0.008729 -0.006751 
0.012763 0.021468 -0.018789 -0.016453 
-0.016234 0.010409 -0.008488 -0.017316 
0.004033 -0.005689 0.005178 -0.004670 
0.000340 0.005377 -0.000368 0.005375 
0.014565 -0.009928 0.012158 0.012763 
0.019421 -0.001572 -0.001339 0.019439 
0.006465 0.010725 -0.002095 0.012346 
0.007254 0.002951 0.006166 0.004828 
-0.009165 0.000741 -0.008778 -0.002739 
0.027657 -0.001211 -0.026549 -0.007845 
0.012931 -0.018799 0.004086 0.022448 
0.004925 0.002011 0.004627 0.002624 
0.003847 0.006132 0.002297 0.006864 
-0.002963 -0.011800 0.005013 -0.011086 
0.004139 -0.001060 0.004212 -0.000714 
-0.003434 -0.010113 0.002013 -0.010489 
0.003262 -0.006632 0.004788 -0.005630 
0.018667 -0.009513 0.001113 0.020921 
0.011484 -0.018188 0.009969 0.019060 
0.013572 -0.016733 0.007525 0.020188 
0.003669 0.009796 -0.001434 0.010362 
0.006802 0.009579 -0.000093 0.011748 
-0.008498 -0.024988 0.008125 0.025111 
0.022313 -0.009512 -0.015480 0.018674 
0.016380 0.016826 -0.023198 -0.003646 
-0.007955 0.008738 -0.011583 0.002342 
0.001230 0.014993 -0.012179 0.008829 
-0.011824 0.000433 -0.009780 -0.006658 
0.012007 0.021091 -0.020293 -0.013312 
0.008264 0.017289 -0.017982 0.006621 
0.014307 0.020248 -0.020471 -0.013986 
0.011222 0.004606 0.005970 0.010560 
0.008982 0.005712 0.005018 0.009387 
-0.003925 -0.001993 -0.003735 -0.002330 
-0.003439 -0.001894 -0.003298 -0.002129 
0.002964 -0.017131 0.017378 -0.000519 
-0.015819 0.013281 -0.006812 -0.019499 
0.003196 0.003863 0.002736 0.004202 
0.009774 0.005846 0.004892 0.010285 
-0.004841 -0.018812 0.019301 -0.002188 
-0.005840 0.027252 0.015487 -0.023171 
0.003549 -0.001939 0.003683 -0.001671 
0.014078 -0.005373 0.011864 0.009290 
0.018902 -0.010198 -0.000528 0.021471 
-0.021663 -0.024413 -0.026731 0.018727 
-0.020422 -0.012561 0.023973 0.000350 
-0.013272 -0.006502 -0.001849 -0.014663 
-0.008132 -0.000369 -0.007659 -0.002758 
-0.013049 0.015701 -0.010837 -0.017302 
0.000177 0.018368 -0.018344 0.000946 
0.013472 0.020303 -0.020979 -0.012392 
0.004932 0.003166 0.004382 0.003892 
0.003641 -0.006662 0.005238 -0.005496 
0.007673 -0.009181 0.011660 -0.002681 
0.006967 0.002253 0.006220 0.003862 
0.010955 -0.001870 0.010276 0.004231 
-0.005820 0.001208 -0.005938 0.000265 
0.016997 0.005952 -0.004203 0.017511 
-0.000228 0.012624 -0.008517 0.009321 
0.027266 -0.004302 -0.027275 -0.004246 
0.023207 -0.004391 -0.016442 0.016956 
-0.010897 0.010946 -0.014786 -0.004466 
0.007180 0.009330 0.000327 0.011769 
-0.003940 0.003200 -0.004286 0.002720 
-0.003719 0.020240 -0.017757 -0.010400 
0.004309 0.008421 0.000638 0.009438 
-0.009229 -0.004096 -0.006436 -0.007781 
0.010157 0.002466 0.007767 0.006995 
0.002458 0.006112 0.001217 0.006475 
-0.007502 0.007752 -0.010384 0.002924 
0.003578 -0.003771 0.004012 -0.003306 
-0.027463 0.008356 0.027449 0.008402 
0.020069 0.018754 -0.014172 -0.023529 
-0.011870 -0.003538 -0.006850 -0.010319 
0.004971 -0.000448 0.004990 0.000115 
-0.002238 -0.006643 -0.000715 -0.006973 
-0.004437 0.021377 -0.015309 -0.015565 
-0.007182 0.007621 -0.009947 0.003275 
-0.014229 0.012542 -0.011675 -0.014948 
0.019182 -0.028620 -0.010642 -0.032768 
0.012968 0.006018 0.002983 0.013981 
-0.003617 0.004838 -0.004364 0.004177 
0.002464 0.002869 0.002273 0.003023 
-0.001355 -0.000082 -0.001354 -0.000094 
0.012715 0.001156 0.008623 0.009416 
0.003228 0.000854 0.003180 0.001016 
0.006492 0.009662 -0.000260 0.011638 
-0.012498 0.001171 -0.010212 -0.007300 
-0.010270 -0.005531 -0.005181 -0.010451 
0.010740 -0.017323 0.013195 0.015535 
-0.001967 -0.001504 -0.001924 -0.001558 
-0.000640 -0.001295 -0.000628 -0.001301 
-0.009574 -0.011446 0.004586 -0.014200 
-0.013350 0.008513 -0.013345 -0.008521 
-0.012713 -0.018243 0.022195 0.001356 
-0.018366 -0.013968 0.023003 -0.001817 
0.002966 0.006563 0.001355 0.007074 
-0.016696 0.008682 -0.008112 -0.016980 
-0.006638 -0.009146 -0.000554 -0.011288 
0.005237 0.012645 -0.006029 0.012287 
-0.004118 -0.024416 0.012527 0.021359 
-0.019786 -0.022324 -0.004912 0.029423 
-0.011630 -0.018564 0.021885 0.000965 
-0.019196 -0.008763 0.016197 -0.013525 
-0.016919 -0.003231 -0.000648 -0.017213 
0.003161 -0.005001 0.003911 -0.004439 
0.004978 -0.001329 0.005102 -0.000722 
0.012290 0.010240 -0.004474 0.015359 
-0.001294 0.005183 -0.001952 0.004973 
-0.000540 -0.002794 -0.000437 -0.002812 
-0.015475 -0.011076 0.012136 -0.014659 
-0.003773 -0.011088 0.003391 -0.011211 
-0.007878 -0.014337 0.010666 -0.012404 
-0.007398 0.016593 -0.017102 -0.006131 
0.006593 0.014910 -0.011557 0.011498 
0.011203 0.005680 0.004737 0.011633 
-0.011288 -0.005175 -0.005314 -0.011223 
0.008674 0.027006 0.005450 -0.027836 
-0.008711 0.011069 -0.014085 0.000071 
-0.001054 -0.008572 0.001848 -0.008436 
-0.014858 -0.014099 0.018154 -0.009485 
-0.015497 0.008658 -0.010776 -0.014107 
0.016123 -0.002435 0.008045 0.014183 
0.001478 -0.020263 0.018924 0.007391 
0.003426 -0.003176 0.003723 -0.002822 
0.007544 -0.003200 0.008156 -0.000793 
0.000210 -0.017973 0.017893 -0.001708 
-0.012131 0.007787 -0.013435 -0.005224 
0.020659 -0.028037 -0.005283 -0.034423 
0.019224 -0.014779 -0.010285 0.021959 
-0.009793 0.015434 -0.015966 -0.008900 
0.024391 0.016619 -0.004910 -0.029103 
0.015657 -0.023977 -0.026170 0.011626 
0.001846 -0.010274 0.006494 -0.008172 
-0.016605 -0.016761 0.023250 0.004012 
-0.005830 -0.018367 0.018903 -0.003744 
-0.012468 -0.019747 0.022037 0.007730 
0.005995 0.008350 0.001474 0.010173 
0.016214 0.002246 0.003556 0.015978 
-0.004596 -0.000140 -0.004561 -0.000579 
-0.000248 0.014508 -0.011978 0.008190 
0.016247 0.008598 -0.007946 0.016576 
-0.002025 0.013156 -0.010870 0.007682 
0.010705 -0.006326 0.012262 0.002065 
-0.007032 0.007450 -0.009662 0.003404 
-0.002145 0.004122 -0.002537 0.003892 
-0.009291 -0.000866 -0.008244 -0.004371 
-0.001273 0.013687 -0.011172 0.008008 
-0.015418 -0.013350 0.017459 -0.010542 
-0.007567 0.020430 -0.012942 -0.017526 
-0.015640 0.005020 -0.010055 -0.012990 
0.006755 0.020167 -0.021011 -0.003297 
0.026940 -0.009996 -0.027880 -0.006958 
-0.008833 0.004572 -0.009942 0.000293 
0.012124 0.001964 0.008160 0.009181 
0.008327 0.008269 0.001926 0.011576 
0.013979 0.012087 -0.011759 0.014257 
0.013085 0.019441 -0.022206 -0.007488 
-0.002883 -0.001868 -0.002779 -0.002020 
0.012916 -0.003387 0.011373 0.006996 
-0.013783 -0.010411 0.007170 -0.015714 
-0.015181 -0.002862 -0.004609 -0.014745 
0.000945 -0.003815 0.001210 -0.003740 
0.015571 -0.007213 0.010660 0.013448 
-0.018392 -0.000335 -0.000356 -0.018391 
0.015373 0.023625 -0.003330 -0.027989 
-0.007119 0.015120 -0.016561 -0.002247 
0.003732 0.009036 -0.000405 0.009768 
0.007784 0.002551 0.006664 0.004765 
-0.002809 -0.000648 -0.002782 -0.000753 
-0.012926 -0.001997 -0.007835 -0.010473 
0.004016 0.001233 0.003905 0.001550 
-0.001533 0.011633 -0.008040 0.008546 
0.018208 -0.002657 0.003321 0.018099 
0.012207 -0.013879 0.014152 0.011890 
0.015463 0.002281 0.004876 0.014851 
-0.005399 -0.014561 0.010446 -0.011492 
-0.011458 0.009554 -0.014191 -0.004600 
0.014134 -0.006475 0.012228 0.009599 
-0.001888 -0.000060 -0.001886 -0.000090 
0.004574 0.015349 -0.012269 0.010295 
-0.003284 0.009282 -0.006919 0.007004 
-0.002203 0.000501 -0.002214 0.000450 
0.002378 0.007247 0.000407 0.007617 
0.006784 -0.008789 0.010411 -0.003857 
-0.006672 -0.020175 0.020992 0.003301 
-0.007638 -0.002424 -0.006621 -0.004513 
-0.004080 0.006044 -0.005404 0.004896 
-0.002287 0.001000 -0.002314 0.000935 
0.004395 -0.001336 0.004503 -0.000910 
0.004623 -0.003161 0.005024 -0.002475 
0.003060 -0.018680 0.018493 0.004042 
0.010791 0.003130 0.007378 0.008474 
0.012416 -0.007970 0.013498 0.005957 
-0.001392 -0.000031 -0.001392 -0.000044 
-0.004132 0.001694 -0.004268 0.001314 
-0.005334 0.002625 -0.005684 0.001741 
0.016995 0.010321 -0.013790 0.014324 
-0.002938 -0.027391 -0.005209 0.027051 
0.003622 -0.014741 0.014564 -0.004279 
-0.010426 -0.021474 0.020233 0.012667 
-0.006131 -0.001396 -0.005785 -0.002466 
0.013532 0.007568 -0.000440 0.015498 
0.005556 -0.022594 0.010066 0.020977 
0.016704 -0.005999 0.008325 0.015674 
-0.001598 -0.006312 -0.000364 -0.006501 
-0.016766 -0.007416 0.006607 -0.017101 
0.003974 -0.006757 0.005678 -0.005405 
0.007683 -0.002309 0.008022 -0.000002 
-0.003438 -0.007065 -0.001353 -0.007740 
-0.011123 0.016175 -0.013987 -0.013773 
-0.004886 0.012534 -0.012497 0.004979 
-0.007401 0.000870 -0.007384 -0.001000 
-0.007939 0.000064 -0.007635 -0.002175 
0.003546 -0.008527 0.006498 -0.006562 
-0.004786 -0.007321 -0.002014 -0.008511 
0.003027 0.001553 0.002941 0.001709 
0.002204 -0.010370 0.006980 -0.007979 
-0.009789 0.000770 -0.009195 -0.003444 
-0.008437 0.006143 -0.010340 0.001413 
0.000392 -0.004668 0.000853 -0.004606 
-0.016442 -0.004149 -0.000350 -0.016954 
0.003620 0.013431 -0.008008 0.011374 
0.008114 -0.002362 0.008444 0.000341 
0.004531 0.006998 0.002140 0.008057 
0.008874 0.014541 -0.011822 0.012265 
-0.002370 0.013679 -0.012007 0.006969 
0.001128 0.004549 0.000670 0.004639 
0.009360 0.003664 0.006777 0.007423 
0.014397 0.011963 -0.012206 0.014192 
-0.009603 -0.007539 -0.002782 -0.011887 
0.000747 0.011542 -0.005961 0.009911 
0.000474 0.006739 -0.000920 0.006693 
0.001903 0.012445 -0.006756 0.010623 
0.009746 -0.018899 0.012297 0.017347 
-0.005173 -0.016799 0.015676 -0.007952 
0.012177 -0.003351 0.011349 0.005541 
0.016254 -0.018532 -0.008025 0.023307 
0.019431 0.005361 -0.010353 0.017295 
-0.002482 -0.005054 -0.001733 -0.005357 
-0.022835 0.011381 0.020247 -0.015526 
0.003391 -0.002149 0.003538 -0.001896 
-0.013075 0.008812 -0.013576 -0.008017 
-0.004606 -0.009696 0.000844 -0.010701 
-0.003404 -0.017482 0.016874 -0.005700 
0.007168 0.000497 0.006858 0.002145 
0.005845 0.005521 0.004002 0.006974 
0.003941 -0.013934 0.013628 -0.004897 
-0.016467 0.014260 -0.002917 -0.021587 
0.017895 0.026789 0.026619 -0.018147 
0.006911 0.022243 -0.019403 -0.012886 
0.002084 -0.011915 0.008976 -0.008108 
0.006354 0.006257 0.003740 0.008095 
0.009520 -0.015408 0.016156 0.008186 
-0.014458 0.009170 -0.012375 -0.011832 
0.013439 0.005781 0.002831 0.014353 
-0.003053 -0.011472 0.004387 -0.011031 
-0.002470 -0.001957 -0.002379 -0.002066 
0.014260 -0.003450 0.010854 0.009871 
-0.019837 -0.005370 0.011727 -0.016876 
-0.004249 0.002617 -0.004517 0.002122 
0.006063 0.013363 -0.007667 0.012512 
0.011544 0.002137 0.008116 0.008483 
0.001663 0.009989 -0.002990 0.009675 
-0.014442 0.003152 -0.010558 -0.010345 
-0.010995 -0.001252 -0.008686 -0.006857 
0.004472 0.001623 0.004283 0.002073 
0.004280 -0.004373 0.004957 -0.003587 
0.015509 -0.014952 0.005016 0.020950 
0.004423 -0.010636 0.009664 -0.006269 
-0.016348 -0.013716 0.019817 -0.007916 
-0.001284 -0.017942 0.017710 -0.003149 
0.006849 0.003940 0.005477 0.005695 
0.011511 0.007700 0.001550 0.013762 
-0.011595 0.002276 -0.010697 -0.005021 
0.000391 -0.003147 0.000534 -0.003125 
0.013700 -0.017589 0.005029 0.021720 
-0.001411 0.005602 -0.002239 0.005325 
0.003439 0.002460 0.003229 0.002730 
0.017172 -0.009418 0.006428 0.018500 
-0.013726 -0.017260 0.022035 -0.000863 
-0.024022 0.007786 0.021320 -0.013532 
0.002080 -0.010139 0.006570 -0.007997 
-0.018395 0.015498 0.008264 -0.022589 
-0.003646 0.002404 -0.003840 0.002080 
0.010432 -0.011888 0.015187 0.004416 
0.001338 -0.006527 0.002615 -0.006128 
0.001757 0.001184 0.001732 0.001220 
-0.007628 0.016297 -0.016999 -0.005902 
-0.007430 -0.001200 -0.006882 -0.003047 
-0.016373 -0.004201 -0.000422 -0.016898 
0.001531 0.000075 0.001531 0.000091 
-0.014566 -0.015573 0.020594 -0.005532 
-0.007864 0.023749 0.000352 -0.025014 
-0.000621 0.013273 -0.009954 0.008802 
-0.007809 0.002396 -0.008168 -0.000037 
0.002469 -0.000619 0.002486 -0.000546 
-0.005377 -0.008465 -0.001103 -0.009967 
0.008339 0.000022 0.007922 0.002606 
-0.015085 -0.006187 0.000375 -0.016300 
-0.006240 -0.004889 -0.004616 -0.006445 
-0.015128 -0.011587 0.012682 -0.014222 
0.002430 -0.002163 0.002531 -0.002044 
-0.003959 0.009361 -0.007757 0.006568 
-0.013002 0.011071 -0.013937 -0.009868 
0.017721 0.007382 -0.009100 0.016903 
-0.016661 0.011519 -0.006308 -0.019247 
0.004455 -0.001289 0.004559 -0.000849 
0.013325 -0.002505 0.010817 0.008175 
-0.004590 -0.017623 0.017269 -0.005779 
0.001919 0.003276 0.001702 0.003394 
0.000641 0.004820 0.000122 0.004861 
-0.000676 -0.000738 -0.000673 -0.000741 
0.004957 0.007224 0.002198 0.008482 
0.004608 -0.003951 0.005200 -0.003130 
0.001792 0.013139 -0.008144 0.010466 
0.018421 0.014878 -0.023606 -0.001857 
-0.001816 0.019812 -0.018921 -0.006148 
-0.013330 0.017276 -0.007003 -0.020667 
-0.019867 -0.002546 0.007328 -0.018641 
-0.001874 0.010857 -0.007273 0.008276 
0.019506 -0.005739 -0.000332 0.020330 
-0.015087 -0.001416 -0.006410 -0.013731 
-0.012441 -0.006382 -0.002927 -0.013673 
0.009658 -0.001204 0.009283 0.002924 
0.012856 -0.011723 0.014034 0.010283 
-0.014801 0.020197 0.008156 -0.023674 
-0.012537 0.014804 -0.012989 -0.014409 
0.003168 -0.008759 0.006281 -0.006877 
-0.022089 0.012003 0.017947 -0.017603 
-0.001454 -0.011437 0.005282 -0.010248 
-0.023192 -0.007877 0.024381 -0.002343 
-0.010260 -0.006594 -0.003900 -0.011556 
0.002960 -0.003010 0.003193 -0.002762 
0.007748 0.006550 0.003975 0.009334 
-0.004710 -0.017611 0.017268 -0.005843 
-0.008148 0.024326 0.004183 -0.025311 
-0.005001 0.011058 -0.010772 0.005589 
-0.002914 -0.000203 -0.002904 -0.000316 
-0.022874 0.012643 0.022264 -0.013690 
0.015945 -0.002031 0.008082 0.013894 
0.003835 -0.017484 0.017816 0.001734 
-0.014345 -0.002960 -0.005639 -0.013518 
0.008225 0.023985 -0.013441 -0.021501 
0.025700 -0.006884 -0.026098 0.005175 
-0.005516 0.015337 -0.016294 0.000356 
-0.009238 0.019155 -0.012751 -0.017020 
-0.007620 0.003650 -0.008385 0.001038 
0.004066 -0.003574 0.004503 -0.003004 
-0.004526 -0.002343 -0.004220 -0.002858 
-0.004813 0.002782 -0.005155 0.002083 
0.008546 0.016403 -0.016223 0.008883 
0.012374 0.010804 -0.005937 0.015317 
0.015754 -0.006751 0.010298 0.013701 
0.000676 0.001415 0.000660 0.001422 
-0.001824 -0.000442 -0.001817 -0.000471 
-0.010921 0.003746 -0.011116 -0.003119 
0.016319 0.009806 -0.010949 0.015575 
0.000535 0.004444 0.000130 0.004474 
-0.016836 0.002869 -0.006932 -0.015608 
-0.007150 0.006892 -0.009427 0.003125 
-0.015181 -0.005585 -0.000529 -0.016167 
0.002369 0.008298 -0.000511 0.008614 
0.010640 0.025054 -0.005034 -0.026750 
0.013731 0.000040 0.008987 0.010382 
0.005414 -0.002927 0.005834 -0.001959 
0.003928 -0.002857 0.004211 -0.002421 
0.015821 -0.011457 0.008820 0.017429 
-0.019701 -0.013431 0.023831 0.000787 
0.003169 -0.006376 0.004538 -0.005487 
-0.000809 0.009539 -0.004589 0.008402 
0.017370 -0.009411 0.005815 0.018881 
0.013104 -0.004198 0.011746 0.007167 
-0.017933 -0.006263 0.007400 -0.017495 
