0.005038 0.009665 -0.001174 0.010835 
-0.007244 0.017272 -0.015828 -0.010015 
0.002807 0.019168 -0.019175 -0.002759 
-0.002210 0.014276 -0.013397 0.005404 
-0.004486 0.010342 -0.009715 0.005719 
0.003176 0.003982 0.002640 0.004356 
0.006727 -0.002553 0.007155 -0.000763 
-0.000666 -0.011467 0.006443 -0.009509 
-0.010322 0.014466 -0.014531 -0.010231 
-0.013579 0.000120 -0.008391 -0.010677 
-0.006091 -0.010306 0.002098 -0.011786 
-0.005857 -0.010594 0.002651 -0.011811 
0.004564 0.000942 0.004437 0.001427 
0.011471 0.009093 -0.002345 0.014449 
-0.006143 -0.001309 -0.005772 -0.002477 
-0.002033 -0.006315 -0.000619 -0.006605 
0.003463 -0.007675 0.005892 -0.006015 
0.002310 -0.014688 0.014116 -0.004671 
-0.013377 -0.012768 0.014316 -0.011706 
0.009771 -0.008602 0.012929 0.001529 
-0.002933 0.009119 -0.006639 0.006905 
-0.005516 -0.000013 -0.005451 -0.000841 
0.005462 -0.006671 0.007498 -0.004257 
-0.013282 0.006496 -0.011964 -0.008686 
-0.000019 -0.003535 0.000200 -0.003530 
0.011270 -0.008830 0.013445 0.004920 
0.002089 0.010131 -0.003319 0.009797 
0.015146 -0.009662 0.009233 0.015411 
-0.000240 -0.009278 0.003622 -0.008546 
-0.003846 0.003688 -0.004325 0.003112 
0.003990 -0.004071 0.004591 -0.003379 
-0.010824 -0.000417 -0.008818 -0.006291 
0.001025 0.014534 -0.012110 0.008101 
-0.005179 0.004149 -0.005954 0.002930 
-0.006305 0.001426 -0.006463 0.000100 
-0.005238 -0.005392 -0.003544 -0.006630 
-0.005048 -0.001757 -0.004750 -0.002451 
0.014744 0.009376 -0.008499 0.015266 
0.013524 -0.000008 0.008348 0.010640 
0.006973 0.001944 0.006240 0.003669 
0.010991 0.012834 -0.010965 0.012856 
0.018021 -0.004107 0.001892 0.018386 
0.007401 0.003389 0.005913 0.005595 
-0.001770 -0.012539 0.007706 -0.010049 
0.002636 -0.006315 0.004017 -0.005540 
-0.005462 -0.009250 0.000411 -0.010734 
-0.009404 0.000312 -0.008647 -0.003711 
-0.001822 -0.004086 -0.001409 -0.004247 
-0.000836 0.003157 -0.001002 0.003108 
0.008528 -0.005565 0.010162 -0.000656 
0.001953 0.007906 -0.000703 0.008114 
0.007478 -0.017803 0.015089 0.012048 
-0.004316 -0.009067 0.000555 -0.010027 
-0.008100 0.005774 -0.009864 0.001281 
0.009712 -0.004289 0.010509 0.001508 
0.005922 -0.007393 0.008526 -0.004128 
-0.013222 -0.001515 -0.007286 -0.011137 
0.005714 0.019469 -0.019951 -0.003696 
-0.009063 -0.012146 0.007222 -0.013324 
-0.010846 0.007714 -0.012865 -0.003412 
-0.006300 0.009880 -0.011111 0.003720 
0.003375 -0.004496 0.004035 -0.003915 
0.001716 -0.007589 0.003882 -0.006743 
0.006869 0.001424 0.006322 0.003040 
0.003000 0.002259 0.002835 0.002463 
0.007843 -0.008057 0.011077 -0.001930 
0.013312 -0.002619 0.010221 0.008922 
-0.007147 -0.000184 -0.006873 -0.001968 
-0.011058 -0.009664 0.003144 -0.014345 
0.001663 0.005077 0.000931 0.005261 
0.014912 -0.007007 0.010170 0.012963 
-0.012648 0.019852 0.003991 -0.023198 
-0.012314 -0.009174 0.003614 -0.014924 
0.002174 0.003924 0.001772 0.004121 
0.000034 -0.012279 0.008367 -0.008987 
-0.006638 -0.000714 -0.006321 -0.002150 
0.006687 0.008567 0.000844 0.010835 
0.007500 0.005298 0.004706 0.007884 
0.001793 0.006530 0.000276 0.006766 
0.002025 -0.009182 0.005729 -0.007457 
-0.002636 -0.001960 -0.002528 -0.002098 
0.008459 0.001897 0.007190 0.004844 
0.009899 -0.001649 0.009482 0.003288 
-0.004269 -0.003354 -0.003736 -0.003940 
-0.000760 -0.000786 -0.000755 -0.000791 
0.005002 -0.005505 0.006305 -0.003946 
-0.009447 -0.012561 0.008598 -0.013157 
0.004641 0.018088 -0.018590 0.001763 
-0.007809 0.016874 -0.015602 -0.010114 
-0.003157 0.002000 -0.003288 0.001777 
0.007549 0.008854 0.000412 0.011628 
0.009162 0.002530 0.007165 0.006246 
0.003740 -0.007589 0.006142 -0.005819 
-0.006630 0.012041 -0.013627 0.001802 
-0.002646 0.003788 -0.003032 0.003488 
0.001722 -0.002185 0.001804 -0.002117 
0.004212 0.001947 0.003981 0.002384 
0.002582 -0.003760 0.002955 -0.003474 
0.004742 -0.000280 0.004744 0.000250 
-0.012186 -0.009504 0.004191 -0.014875 
-0.002185 0.015725 -0.015608 0.002907 
-0.001803 0.011667 -0.008821 0.007847 
-0.001829 -0.002076 -0.001749 -0.002143 
-0.008166 0.000952 -0.008025 -0.001784 
-0.008223 0.008252 -0.011573 0.001335 
-0.002211 -0.005029 -0.001437 -0.005302 
0.012439 -0.005350 0.011869 0.006516 
0.002820 0.006046 0.001430 0.006516 
-0.004488 0.007686 -0.007085 0.005386 
-0.005704 0.000325 -0.005682 -0.000598 
-0.004217 0.010759 -0.009936 0.005899 
-0.006032 0.002793 -0.006494 0.001417 
-0.009043 0.007178 -0.011545 0.000122 
-0.006173 0.010579 -0.011703 0.003613 
0.010718 0.001334 0.008249 0.006972 
-0.012839 -0.014272 0.017047 -0.008827 
0.008479 -0.007298 0.011141 -0.001013 
0.016307 -0.009760 0.005994 0.018035 
-0.005517 -0.010565 0.002630 -0.011625 
-0.008955 -0.006510 -0.003640 -0.010456 
-0.006837 0.002411 -0.007227 0.000570 
-0.002239 0.005044 -0.002972 0.004650 
-0.003468 0.005475 -0.004524 0.004640 
0.008216 0.008783 0.000427 0.012019 
-0.010485 -0.017043 0.019818 -0.002769 
0.000973 -0.002364 0.001049 -0.002331 
-0.005885 0.001246 -0.006013 0.000176 
-0.011975 -0.004068 -0.005512 -0.011382 
-0.000523 0.005536 -0.001362 0.005391 
0.010066 -0.004779 0.010979 0.001906 
0.003238 0.007252 0.000852 0.007896 
-0.006892 0.005356 -0.008381 0.002439 
-0.008234 -0.008001 -0.001680 -0.011357 
-0.005036 0.001094 -0.005136 0.000424 
-0.006088 0.002257 -0.006423 0.000946 
-0.009622 0.013572 -0.015211 -0.006738 
0.002738 0.014910 -0.012391 0.008734 
0.000115 -0.012053 0.008031 -0.008988 
-0.009707 -0.013203 0.010510 -0.012573 
0.003261 -0.013125 0.012342 -0.005529 
-0.004093 0.006097 -0.005558 0.004800 
-0.006607 0.003282 -0.007242 0.001404 
-0.010932 -0.001299 -0.008287 -0.007248 
-0.001173 0.005200 -0.001891 0.004984 
0.006728 0.010224 -0.001949 0.012083 
-0.004841 0.010356 -0.010107 0.005341 
-0.002145 -0.010436 0.003749 -0.009973 
0.004478 -0.009984 0.009294 -0.005775 
-0.003706 0.001337 -0.003798 0.001049 
-0.001326 -0.000086 -0.001325 -0.000098 
0.000571 0.005591 -0.000307 0.005612 
-0.002277 0.006348 -0.003638 0.005678 
0.003409 0.004061 0.002812 0.004495 
-0.003201 0.004398 -0.003809 0.003883 
0.007072 0.009987 -0.001533 0.012141 
-0.004236 0.007868 -0.006940 0.005629 
-0.008740 0.009865 -0.013178 -0.000194 
-0.009867 -0.000176 -0.008659 -0.004734 
0.005367 0.020783 -0.019244 -0.009508 
-0.000352 0.012391 -0.008802 0.008728 
0.004420 0.000074 0.004393 0.000501 
-0.019860 0.002229 0.005827 -0.019116 
-0.000600 0.018192 -0.018105 -0.001878 
0.010293 0.014835 -0.015276 0.009627 
0.019661 0.004961 -0.013267 0.015335 
0.001411 0.003395 0.001181 0.003481 
-0.011147 -0.014979 0.016532 -0.008680 
-0.004289 0.001137 -0.004379 0.000714 
-0.000307 0.001718 -0.000333 0.001713 
-0.000387 -0.008144 0.002268 -0.007832 
-0.014948 0.001764 -0.008072 -0.012704 
-0.004237 -0.010036 0.002040 -0.010701 
-0.020267 0.005281 0.007128 -0.019694 
-0.013777 0.002767 -0.009990 -0.009882 
0.008729 0.005828 0.004436 0.009512 
0.017301 -0.018758 -0.018817 0.017237 
0.017845 0.000504 -0.000647 0.017841 
0.013739 -0.015834 0.005183 0.020313 
0.018646 -0.003879 -0.000400 0.019041 
0.007246 0.011821 -0.005431 0.012758 
-0.000256 -0.009802 0.004266 -0.008828 
-0.014781 0.020176 0.013902 -0.020791 
-0.017709 -0.000115 -0.000190 -0.017708 
-0.018691 0.004891 0.000434 -0.019316 
0.001184 0.017099 -0.016849 0.003146 
-0.005622 -0.001041 -0.005381 -0.001934 
-0.013175 -0.011281 0.010185 -0.014039 
-0.013353 -0.004873 -0.003102 -0.013872 
-0.013837 0.011475 -0.011055 -0.014176 
-0.004976 -0.004260 -0.003965 -0.005214 
0.004701 0.009391 -0.000862 0.010466 
0.001283 -0.007258 0.003166 -0.006656 
-0.002495 -0.001170 -0.002450 -0.001263 
-0.003304 0.001471 -0.003393 0.001254 
-0.002547 -0.004419 -0.001958 -0.004709 
0.005255 0.019863 -0.019846 -0.005318 
0.010728 -0.001122 0.009606 0.004906 
0.009716 0.004324 0.005932 0.008826 
0.014379 0.000909 0.006646 0.012783 
0.005794 -0.011758 0.012661 -0.003392 
0.012498 -0.007311 0.012642 0.007059 
-0.002129 -0.003170 -0.001895 -0.003315 
-0.015857 0.010769 -0.006525 -0.018023 
-0.003000 -0.004387 -0.002359 -0.004763 
-0.005880 0.010967 -0.011845 0.003814 
0.001949 0.003053 0.001747 0.003174 
-0.004336 0.005266 -0.005425 0.004136 
0.010888 0.005094 0.004873 0.010989 
0.006640 0.002384 0.005858 0.003932 
-0.001950 0.006639 -0.003455 0.005995 
0.011925 0.000612 0.008675 0.008206 
0.005948 -0.007666 0.008759 -0.004173 
0.007429 0.009083 0.000040 0.011734 
-0.005291 -0.005375 -0.003587 -0.006634 
-0.013072 0.005661 -0.011785 -0.008004 
0.003309 0.004297 0.002650 0.004732 
0.009045 -0.009497 0.013104 0.000556 
-0.001256 -0.005071 -0.000561 -0.005195 
-0.009171 0.008959 -0.012810 -0.000519 
0.006231 -0.013124 0.014480 -0.001188 
0.006088 -0.012053 0.013234 -0.002681 
-0.004314 0.009812 -0.008922 0.005940 
0.019495 0.005969 -0.014420 0.014414 
0.009418 0.006034 0.004162 0.010382 
-0.008200 0.008054 -0.011408 0.001399 
-0.004491 0.003337 -0.004953 0.002603 
-0.002378 0.000252 -0.002384 0.000184 
-0.003230 0.003539 -0.003611 0.003150 
-0.000032 0.003972 -0.000342 0.003957 
0.000432 -0.008913 0.003824 -0.008062 
-0.007696 -0.001611 -0.006852 -0.003856 
-0.002798 0.002955 -0.003031 0.002716 
0.009838 -0.003207 0.010108 0.002210 
0.003730 -0.001798 0.003869 -0.001475 
-0.008722 0.004634 -0.009877 0.000050 
-0.005504 0.007186 -0.007894 0.004429 
-0.006764 -0.002172 -0.006016 -0.003778 
0.018938 0.001345 -0.005351 0.018216 
0.012221 -0.018826 0.001575 0.022390 
-0.009638 0.008567 -0.012835 -0.001251 
-0.007129 0.003848 -0.007985 0.001369 
0.008776 -0.018395 0.012150 0.016364 
0.006659 -0.011179 0.012765 -0.002520 
0.001421 0.003672 0.001135 0.003770 
0.010102 -0.007873 0.012663 0.001920 
0.000606 -0.005546 0.001450 -0.005388 
0.000644 0.007037 -0.001099 0.006981 
0.002669 -0.006956 0.004457 -0.005970 
-0.007514 -0.005225 -0.004770 -0.007811 
-0.003663 0.005147 -0.004603 0.004327 
0.003674 -0.011120 0.009845 -0.006342 
-0.012628 -0.012173 0.011567 -0.013184 
-0.005335 0.001619 -0.005520 0.000782 
0.012183 0.013615 -0.014575 0.011016 
0.015832 0.003098 0.001425 0.016069 
0.012017 -0.009376 0.013461 0.007150 
0.010667 -0.004673 0.011258 0.002982 
-0.001821 -0.021263 0.017615 0.012049 
-0.002681 -0.009553 0.002108 -0.009696 
0.004124 -0.005080 0.005101 -0.004098 
-0.007178 0.012485 -0.014397 0.000313 
-0.007936 0.008121 -0.011213 0.001789 
-0.011344 0.003632 -0.011003 -0.004562 
-0.011214 0.006217 -0.012218 -0.003889 
-0.004003 -0.004490 -0.003139 -0.005131 
0.004965 0.001501 0.004722 0.002147 
0.004924 0.010201 -0.002094 0.011132 
0.011117 -0.007766 0.012950 0.004023 
0.000415 -0.010083 0.005237 -0.008627 
-0.004807 -0.010411 0.002490 -0.011194 
-0.008028 0.010682 -0.013351 0.000559 
0.012878 -0.001965 0.010053 0.008285 
-0.025909 -0.007655 0.019560 0.018635 
-0.009303 0.002060 -0.009274 -0.002190 
0.002548 0.001752 0.002462 0.001871 
0.006194 0.003033 0.005315 0.004396 
0.003376 0.001691 0.003248 0.001925 
-0.010176 -0.008883 0.000685 -0.013490 
-0.003874 0.016796 -0.017096 -0.002194 
-0.003226 0.010457 -0.008520 0.006867 
0.010530 0.006779 0.002756 0.012216 
-0.017635 -0.005019 0.006662 -0.017082 
-0.013382 0.010218 -0.012294 -0.011504 
-0.013733 0.011529 -0.011226 -0.013982 
-0.022247 0.010344 0.020318 -0.013752 
-0.013611 -0.007702 0.002425 -0.015450 
0.005416 0.002586 0.004871 0.003506 
-0.008342 0.010298 -0.013251 0.000263 
-0.014538 0.013929 -0.006461 -0.019069 
0.008576 -0.007007 0.011041 -0.000858 
0.011168 0.000414 0.008857 0.006814 
0.004427 -0.004261 0.005142 -0.003364 
0.002126 -0.006997 0.003884 -0.006196 
0.001314 -0.001902 0.001363 -0.001867 
-0.011069 -0.005538 -0.004222 -0.011635 
0.007645 0.008584 0.000840 0.011464 
0.010069 -0.008684 0.013118 0.002173 
0.001662 0.005818 0.000585 0.006023 
0.012537 0.009671 -0.005103 0.014988 
0.016525 -0.012633 0.001665 0.020734 
0.006153 0.008847 0.000350 0.010770 
0.003511 0.005080 0.002495 0.005649 
0.000225 -0.011588 0.007332 -0.008977 
-0.018654 0.000195 0.002652 -0.018465 
-0.010949 0.009308 -0.013648 -0.004500 
-0.005503 0.003807 -0.006206 0.002504 
-0.002083 0.008382 -0.004970 0.007063 
0.015085 -0.006468 0.009819 0.013153 
-0.000807 -0.009378 0.003255 -0.008832 
-0.011988 -0.008114 0.000901 -0.014448 
-0.003733 0.003138 -0.004076 0.002678 
0.003404 0.002054 0.003233 0.002314 
0.008644 -0.011696 0.014450 0.001647 
-0.018483 -0.004433 0.008342 -0.017079 
0.004704 -0.002334 0.004978 -0.001672 
-0.000697 -0.008061 0.001908 -0.007863 
-0.012465 -0.014642 0.017362 -0.008266 
-0.001102 0.006108 -0.002241 0.005788 
-0.009289 0.008664 -0.012688 -0.000619 
0.005856 -0.013712 0.014878 -0.000982 
-0.011699 -0.012974 0.012261 -0.012444 
0.004789 0.004443 0.003750 0.005349 
-0.001352 0.001199 -0.001371 0.001177 
0.003863 0.003880 0.003247 0.004409 
0.006158 0.001157 0.005818 0.002326 
-0.016338 -0.008859 0.011055 -0.014940 
0.002380 0.019030 -0.019024 -0.002426 
-0.004197 0.011739 -0.011185 0.005507 
-0.002703 0.015389 -0.015351 0.002913 
-0.007675 0.004084 -0.008637 0.000994 
-0.003601 -0.006369 -0.001806 -0.007090 
-0.005473 -0.012386 0.006400 -0.011933 
-0.012583 -0.010279 0.006653 -0.014823 
-0.000902 -0.011635 0.006564 -0.009650 
0.002751 0.002090 0.002623 0.002249 
0.007145 -0.000027 0.006925 0.001761 
0.008744 -0.001313 0.008593 0.002087 
0.003615 -0.003366 0.003995 -0.002905 
0.010913 -0.016253 0.011876 0.015563 
0.022422 -0.005818 -0.017147 0.015574 
0.016170 0.005730 -0.003873 0.016713 
-0.001626 -0.001919 -0.001565 -0.001969 
-0.014973 0.002632 -0.008583 -0.012547 
0.005125 0.007750 0.001450 0.009178 
0.011629 -0.005989 0.012186 0.004754 
-0.012351 -0.003769 -0.005601 -0.011635 
-0.001998 0.019526 -0.017762 -0.008353 
0.003329 0.011347 -0.004684 0.010857 
0.012641 -0.002388 0.010371 0.007611 
-0.018157 -0.005601 0.009391 -0.016518 
-0.005461 0.016975 -0.016951 -0.005535 
0.004690 -0.000750 0.004745 -0.000222 
-0.013251 -0.005556 -0.002161 -0.014205 
-0.003633 -0.001900 -0.003462 -0.002196 
-0.006273 0.011889 -0.013200 0.002541 
0.010643 0.013333 -0.011852 0.012270 
0.001955 0.011363 -0.005408 0.010183 
-0.001025 -0.015012 0.013077 -0.007443 
-0.009869 -0.020646 0.019175 0.012488 
0.011151 -0.008210 0.013165 0.004294 
0.001248 -0.002015 0.001303 -0.001980 
-0.017907 0.007698 -0.001844 -0.019404 
-0.021678 0.013988 0.023583 -0.010461 
-0.016379 0.000639 -0.004512 -0.015758 
-0.016218 0.002323 -0.006128 -0.015195 
0.005036 -0.001978 0.005269 -0.001230 
-0.001568 -0.000341 -0.001563 -0.000361 
0.004825 -0.004449 0.005658 -0.003327 
0.011097 -0.008609 0.013344 0.004382 
-0.001113 -0.011493 0.006173 -0.009759 
-0.002451 -0.004502 -0.001846 -0.004782 
-0.009076 0.003944 -0.009868 -0.000743 
0.002954 0.001292 0.002884 0.001442 
0.007316 -0.006195 0.009295 -0.002347 
0.010898 -0.007792 0.012917 0.003553 
0.005717 -0.007961 0.008728 -0.004458 
0.010039 0.000006 0.008811 0.004812 
-0.004346 -0.006617 -0.002117 -0.007629 
-0.008779 0.006810 -0.011097 0.000536 
0.002729 -0.001823 0.002822 -0.001675 
-0.005240 -0.008357 -0.000769 -0.009834 
0.006766 -0.002145 0.007086 -0.000408 
0.005396 -0.011427 0.011920 -0.004197 
-0.011097 -0.015401 0.017407 -0.007571 
-0.008185 -0.024622 0.003297 0.025737 
-0.016203 -0.015932 0.022300 0.004365 
-0.001618 -0.016050 0.014966 -0.006018 
0.008744 -0.007397 0.011437 -0.000600 
0.008561 -0.011773 0.014473 0.001563 
0.009840 0.000636 0.008426 0.005122 
0.003564 -0.000153 0.003567 0.000071 
0.002010 -0.004394 0.002504 -0.004133 
0.004110 -0.003540 0.004580 -0.002905 
0.002553 0.000006 0.002552 0.000088 
-0.011899 0.001325 -0.009887 -0.006753 
-0.003834 0.000758 -0.003880 0.000466 
0.002033 0.005564 0.001040 0.005832 
0.007050 -0.002067 0.007346 -0.000131 
0.001272 0.009139 -0.002581 0.008859 
0.002328 0.002644 0.002161 0.002782 
0.002893 -0.001236 0.002950 -0.001093 
-0.003796 0.004411 -0.004479 0.003716 
0.001070 -0.012153 0.008963 -0.008277 
-0.009530 -0.011252 0.005392 -0.013724 
-0.000560 -0.012745 0.008810 -0.009227 
-0.004902 0.012201 -0.012429 0.004290 
0.018288 -0.000985 -0.000676 0.018302 
0.011684 -0.010596 0.013874 0.007504 
0.008601 0.003873 0.006126 0.007172 
0.001213 0.006708 -0.000349 0.006808 
0.009811 -0.006471 0.011693 0.001188 
-0.010727 -0.007487 -0.001486 -0.012996 
0.004968 0.001454 0.004732 0.002098 
0.010796 -0.009734 0.013830 0.004477 
0.016075 -0.013111 0.002554 0.020586 
-0.014882 -0.018299 0.020673 0.011357 
-0.015822 -0.009443 0.011136 -0.014679 
0.001209 -0.007537 0.003304 -0.006881 
-0.001003 -0.001051 -0.000992 -0.001062 
-0.003092 0.009219 -0.006921 0.006831 
0.011054 0.012484 -0.010125 0.013248 
-0.003257 -0.003178 -0.002914 -0.003495 
-0.015399 -0.007525 0.005699 -0.016164 
-0.008595 -0.010058 0.002107 -0.013061 
0.007539 -0.002658 0.007992 -0.000180 
-0.004673 -0.005528 -0.003098 -0.006542 
-0.004733 0.013364 -0.013788 0.003299 
-0.010863 0.013539 -0.014346 -0.009773 
-0.014298 0.008190 -0.011184 -0.012101 
0.007142 -0.003491 0.007870 -0.001121 
-0.015421 -0.005453 0.001542 -0.016284 
-0.002151 0.010484 -0.007448 0.007685 
0.003604 0.002956 0.003266 0.003326 
0.008229 -0.011456 0.014095 0.000530 
0.002251 -0.012214 0.010076 -0.007261 
-0.005893 -0.015665 0.014329 -0.008648 
0.001766 0.007121 -0.000173 0.007335 
-0.005288 0.003047 -0.005757 0.002025 
0.007346 0.001572 0.006627 0.003538 
-0.006986 -0.016886 0.017411 -0.005553 
-0.018814 0.003804 0.001053 -0.019166 
0.004502 -0.009312 0.008592 -0.005759 
-0.001590 0.009138 -0.005225 0.007663 
-0.004315 -0.001958 -0.004071 -0.002425 
0.005613 -0.001053 0.005709 -0.000137 
-0.001729 -0.005257 -0.000914 -0.005458 
-0.003467 0.002336 -0.003656 0.002028 
-0.001345 -0.009491 0.002965 -0.009116 
-0.004055 0.013293 -0.013201 0.004345 
-0.005849 0.008002 -0.008912 0.004338 
-0.001785 0.001138 -0.001809 0.001098 
0.008373 -0.002037 0.008545 0.001110 
-0.012777 -0.004256 -0.004629 -0.012646 
-0.007886 -0.004408 -0.005516 -0.007155 
-0.008226 0.004412 -0.009317 0.000566 
-0.005389 0.007436 -0.007943 0.004610 
0.004943 0.005067 0.003547 0.006126 
0.002654 -0.008187 0.005415 -0.006690 
0.002374 -0.005225 0.003192 -0.004770 
-0.013714 -0.000697 -0.007594 -0.011441 
-0.005113 0.009518 -0.009484 0.005175 
-0.013071 -0.003644 -0.005118 -0.012568 
-0.003510 -0.004860 -0.002594 -0.005404 
-0.003245 -0.001299 -0.003160 -0.001492 
0.000366 -0.002929 0.000492 -0.002911 
-0.005152 -0.015579 0.013934 -0.008666 
-0.000078 0.018548 -0.018373 -0.002546 
-0.008875 -0.008840 -0.000126 -0.012526 
0.004800 -0.001830 0.004998 -0.001189 
0.006461 -0.000852 0.006497 0.000516 
-0.018571 -0.002912 0.006184 -0.017752 
-0.005210 0.017389 -0.017035 -0.006270 
-0.010595 -0.003715 -0.006424 -0.009209 
-0.003514 -0.002514 -0.003267 -0.002828 
-0.006827 0.014645 -0.015955 -0.002553 
0.009305 -0.001208 0.008945 0.002836 
0.000884 -0.015323 0.014437 -0.005209 
-0.013318 -0.003699 -0.004784 -0.012968 
-0.009701 0.014387 -0.015110 -0.008532 
-0.004461 -0.000488 -0.004390 -0.000930 
-0.000112 0.001611 -0.000133 0.001609 
-0.007023 -0.010516 0.002554 -0.012385 
-0.012619 0.007097 -0.012520 -0.007270 
-0.013535 -0.013969 0.017373 -0.008746 
-0.016354 -0.003763 0.000844 -0.016760 
-0.013599 0.014849 -0.007688 -0.018610 
-0.001189 -0.006906 0.000510 -0.006989 
0.013025 0.010853 -0.008828 0.014474 
-0.005618 0.009765 -0.010287 0.004593 
0.004320 -0.002058 0.004525 -0.001556 
0.007217 0.006459 0.003557 0.009008 
-0.001134 0.008289 -0.003884 0.007410 
0.003091 0.004315 0.002461 0.004703 
-0.002125 0.003081 -0.002334 0.002926 
0.005207 -0.018346 0.016668 0.009267 
-0.011723 -0.010034 0.004806 -0.014664 
0.008717 -0.012030 0.014691 0.002214 
-0.011575 -0.016508 0.019876 -0.003384 
0.000418 -0.014730 0.013161 -0.006630 
0.011676 -0.006938 0.012625 0.005008 
0.008316 -0.004947 0.009651 -0.000704 
0.006431 -0.009623 0.010993 -0.003620 
-0.003735 -0.008120 -0.000317 -0.008932 
0.002227 -0.008543 0.005280 -0.007075 
0.004546 -0.003406 0.005030 -0.002639 
0.001200 -0.014365 0.012928 -0.006376 
-0.005647 0.011591 -0.012340 0.003736 
-0.011102 0.009722 -0.013813 -0.005191 
-0.011735 -0.013092 0.012619 -0.012243 
-0.014696 -0.002492 -0.004437 -0.014230 
-0.007237 0.013006 -0.014875 -0.000511 
-0.003462 0.010096 -0.008325 0.006679 
0.003726 0.014115 -0.010449 0.010195 
-0.011523 0.004278 -0.011355 -0.004706 
-0.007692 -0.005969 -0.004158 -0.008804 
-0.005652 -0.001438 -0.005331 -0.002366 
0.007564 0.013729 -0.010259 0.011851 
0.020374 -0.003271 -0.007641 0.019168 
0.016684 0.005692 -0.005165 0.016854 
0.001159 0.008534 -0.001984 0.008381 
-0.011520 -0.005720 -0.003683 -0.012323 
0.003956 0.017223 -0.017124 0.004364 
-0.007959 0.017556 -0.014799 -0.012350 
-0.003131 -0.005440 -0.002017 -0.005944 
0.006555 0.005957 0.003809 0.007997 
0.009554 0.007186 0.002585 0.011672 
-0.009388 -0.002308 -0.007369 -0.006258 
0.000089 -0.002601 0.000177 -0.002596 
-0.007490 -0.011693 0.005222 -0.012867 
0.004341 -0.000671 0.004385 -0.000253 
-0.000023 -0.005201 0.000672 -0.005158 
-0.007962 -0.002053 -0.006845 -0.004556 
-0.004846 0.002318 -0.005126 0.001604 
0.003018 -0.002453 0.003193 -0.002220 
-0.008934 0.004717 -0.010101 -0.000200 
-0.008153 0.013894 -0.015627 -0.003914 
0.013418 0.010686 -0.009100 0.014540 
-0.002603 -0.002991 -0.002363 -0.003184 
0.005908 -0.006031 0.007629 -0.003616 
0.004409 0.002304 0.004094 0.002826 
0.012422 -0.004545 0.011505 0.006525 
-0.008435 -0.011791 0.005914 -0.013236 
0.001319 0.000778 0.001310 0.000793 
0.001159 0.003515 0.000918 0.003585 
-0.000701 0.010085 -0.005504 0.008480 
0.003424 0.001564 0.003306 0.001800 
-0.009696 0.004793 -0.010737 -0.001299 
0.001687 0.004063 0.001290 0.004206 
-0.000316 -0.011784 0.007243 -0.009301 
-0.011601 0.012574 -0.013881 -0.010000 
-0.007597 -0.000397 -0.007174 -0.002529 
-0.003055 -0.008993 0.001131 -0.009430 
0.009671 -0.005260 0.010951 0.001124 
-0.004202 -0.010009 0.002011 -0.010668 
-0.012177 -0.001330 -0.008065 -0.009220 
-0.001962 0.008721 -0.005173 0.007290 
0.009559 0.000378 0.008428 0.004527 
0.003908 -0.008063 0.006726 -0.005920 
0.007671 -0.007348 0.010400 -0.002161 
-0.000826 0.004552 -0.001303 0.004439 
-0.004027 -0.002689 -0.003688 -0.003138 
-0.008461 -0.005822 -0.004427 -0.009267 
-0.001992 -0.005185 -0.001179 -0.005428 
0.001675 0.006156 0.000409 0.006366 
0.005936 -0.007353 0.008513 -0.004104 
0.010245 -0.013109 0.014880 0.007444 
-0.015654 0.018834 0.012231 -0.021217 
-0.010137 0.001865 -0.009702 -0.003480 
-0.011749 0.001762 -0.010126 -0.006212 
-0.001589 -0.001427 -0.001556 -0.001462 
-0.002936 -0.003561 -0.002544 -0.003851 
-0.010764 0.006850 -0.012394 -0.003029 
0.009486 0.011360 -0.005617 0.013693 
0.007377 0.008898 0.000351 0.011554 
-0.004530 0.001497 -0.004670 0.000978 
0.001369 -0.005604 0.002271 -0.005304 
0.006083 -0.005249 0.007424 -0.003071 
-0.000439 0.000339 -0.000440 0.000338 
0.005990 0.003013 0.005176 0.004261 
0.002505 -0.004975 0.003237 -0.004532 
-0.003496 0.004833 -0.004290 0.004145 
0.008020 -0.011905 0.014341 0.000613 
-0.019363 0.009168 0.005522 -0.020700 
-0.014395 0.014283 -0.006287 -0.019279 
0.011507 -0.006307 0.012319 0.004519 
0.004822 -0.003569 0.005378 -0.002657 
0.005864 -0.000837 0.005920 0.000189 
0.013701 0.002426 0.005882 0.012610 
-0.002991 0.000361 -0.003004 0.000226 
-0.002046 0.000927 -0.002068 0.000876 
0.007133 -0.001367 0.007244 0.000523 
0.001390 0.010449 -0.004281 0.009633 
-0.020426 -0.014830 0.020208 0.015125 
0.008766 -0.009381 0.012839 -0.000034 
0.012593 0.007165 0.000198 0.014487 
0.002085 0.007975 -0.000667 0.008216 
-0.006281 0.010413 -0.011633 0.003541 
0.015884 -0.019553 -0.015929 0.019517 
0.006440 -0.018264 0.015693 0.011347 
0.004101 -0.009427 0.008264 -0.006114 
-0.004778 0.013485 -0.013973 0.003071 
-0.009526 0.008853 -0.012954 -0.001157 
-0.013848 0.008275 -0.011798 -0.011002 
0.021084 0.013724 -0.021172 -0.013588 
-0.008345 0.011505 -0.014189 -0.000815 
-0.010046 0.002676 -0.010005 -0.002824 
-0.009195 0.007060 -0.011593 -0.000128 
-0.009425 0.011761 -0.014675 -0.003437 
-0.006039 -0.002003 -0.005519 -0.003166 
0.002986 0.000006 0.002983 0.000138 
0.000894 -0.007121 0.002662 -0.006665 
-0.011201 0.005616 -0.011922 -0.003859 
-0.009868 0.010391 -0.014027 -0.002932 
-0.005730 0.012434 -0.013389 0.002860 
-0.007835 0.004420 -0.008939 0.001012 
-0.002462 -0.001667 -0.002387 -0.001773 
0.003062 0.009349 -0.001596 0.009708 
0.017165 -0.002717 0.003990 0.016914 
0.013481 -0.004267 0.010960 0.008933 
-0.004638 -0.018737 0.019293 0.000623 
0.008265 -0.015622 0.015811 0.007897 
0.005023 -0.014090 0.014851 -0.001789 
0.001358 -0.007487 0.003420 -0.006797 
-0.002382 0.006978 -0.004152 0.006093 
0.002703 0.007780 -0.000013 0.008236 
0.014446 0.008153 -0.004998 0.015817 
-0.008944 0.007114 -0.011424 0.000285 
0.000320 -0.007735 0.002568 -0.007303 
0.007307 -0.007560 0.010174 -0.002650 
0.004056 -0.000649 0.004096 -0.000308 
0.008848 -0.019249 0.009921 0.018719 
-0.002023 0.000786 -0.002041 0.000738 
-0.004982 -0.007374 -0.001784 -0.008719 
0.015641 0.006702 -0.004513 0.016407 
-0.005564 -0.001011 -0.005335 -0.001876 
-0.013598 -0.004481 -0.003363 -0.013916 
0.004343 -0.011333 0.010792 -0.005552 
-0.018911 0.003965 0.001389 -0.019272 
0.000323 -0.014762 0.013172 -0.006672 
-0.007842 0.003561 -0.008598 0.000506 
-0.015722 0.016179 0.003387 -0.022304 
0.004446 -0.004826 0.005367 -0.003775 
0.004189 -0.003052 0.004557 -0.002469 
-0.002846 0.006737 -0.004511 0.005756 
0.003244 -0.006435 0.004775 -0.005397 
-0.012626 -0.013324 0.014498 -0.011258 
-0.012298 0.018896 -0.001052 -0.022521 
0.003722 -0.000540 0.003751 -0.000278 
0.014218 0.003702 0.003589 0.014247 
0.001565 0.004582 0.001023 0.004733 
0.003031 0.010467 -0.003287 0.010389 
0.001736 -0.009958 0.006346 -0.007868 
-0.007142 -0.010204 0.001957 -0.012300 
-0.000898 0.013434 -0.011066 0.007670 
-0.004389 -0.005241 -0.003069 -0.006108 
0.003533 -0.013623 0.013288 -0.004638 
-0.011685 -0.009790 0.004181 -0.014660 
-0.013938 0.012557 -0.009976 -0.015888 
0.010636 -0.006144 0.011977 0.002723 
0.010211 -0.009883 0.013832 0.003258 
-0.000090 0.003799 -0.000361 0.003783 
-0.004377 0.003471 -0.004859 0.002755 
0.008202 -0.013554 0.015472 0.003405 
-0.000266 -0.013385 0.010216 -0.008653 
-0.011089 -0.011669 0.008051 -0.013940 
-0.002358 0.021284 -0.014745 -0.015530 
0.000380 0.013126 -0.009648 0.008908 
-0.001873 0.001070 -0.001897 0.001026 
-0.014737 -0.006680 0.002444 -0.015994 
0.006610 0.001785 0.006022 0.003258 
0.008542 0.006437 0.003751 0.010016 
-0.001262 0.009187 -0.004946 0.007844 
0.010138 0.000251 0.008728 0.005163 
0.005957 0.007818 0.001687 0.009684 
0.010399 0.003922 0.006259 0.009184 
-0.000638 -0.000586 -0.000636 -0.000588 
-0.006564 0.000341 -0.006487 -0.001061 
-0.001662 0.003672 -0.001952 0.003526 
-0.000501 -0.006624 0.000948 -0.006575 
-0.004631 0.004487 -0.005451 0.003445 
-0.002674 -0.016928 0.016506 -0.004612 
-0.017308 -0.005929 0.007414 -0.016725 
0.003522 -0.010594 0.009005 -0.006599 
0.002507 -0.013479 0.012311 -0.006035 
-0.007950 0.010451 -0.013102 0.000871 
-0.007641 0.010508 -0.012919 0.001373 
-0.000742 -0.009280 0.003188 -0.008747 
-0.005622 -0.009613 0.000947 -0.011096 
-0.003949 0.010197 -0.008970 0.006255 
0.010057 0.010630 -0.004367 0.013967 
0.010523 0.014772 -0.015363 0.009639 
0.003511 0.019156 -0.019319 -0.002464 
-0.010837 0.015189 -0.013349 -0.013036 
-0.001287 -0.003024 -0.001123 -0.003088 
0.023197 -0.015519 -0.027683 -0.003543 
0.017893 -0.003230 0.002028 0.018069 
-0.007812 0.008789 -0.011610 0.001865 
0.003591 -0.002208 0.003771 -0.001883 
0.006308 0.007122 0.002597 0.009152 
0.001899 0.000926 0.001878 0.000968 
-0.004480 0.005101 -0.005518 0.003955 
-0.002481 -0.006244 -0.001035 -0.006639 
-0.009029 -0.004148 -0.006022 -0.007904 
-0.004524 0.003199 -0.004956 0.002476 
-0.002962 0.008237 -0.005803 0.006553 
-0.005439 -0.001889 -0.005057 -0.002752 
-0.007270 -0.000730 -0.006827 -0.002605 
0.009022 0.016560 -0.017971 0.005715 
0.011854 0.009966 -0.004818 0.014718 
-0.008583 0.006948 -0.011010 0.000844 
-0.006460 -0.005332 -0.004257 -0.007214 
-0.010959 0.003258 -0.010706 -0.004012 
0.007558 -0.008292 0.010978 -0.002318 
-0.003796 0.015261 -0.015644 0.001601 
0.008731 -0.003000 0.009193 0.000841 
-0.000919 -0.013031 0.009140 -0.009333 
0.007793 -0.002026 0.008034 0.000537 
0.012895 -0.004474 0.011350 0.007582 
0.012338 -0.011134 0.013389 0.009846 
0.008964 -0.001035 0.008651 0.002566 
0.006061 0.004547 0.004542 0.006065 
0.012364 -0.003002 0.010754 0.006800 
-0.007265 -0.018805 0.020104 0.001484 
0.005168 0.005273 0.003574 0.006461 
0.017940 0.004234 -0.006219 0.017352 
-0.005679 0.003651 -0.006352 0.002287 
-0.006686 -0.007747 -0.001965 -0.010043 
-0.008654 0.014479 -0.015681 -0.006217 
-0.008272 -0.008019 -0.001646 -0.011403 
0.010641 -0.001929 0.009961 0.004212 
0.005592 -0.007884 0.008523 -0.004558 
0.007033 -0.000512 0.006945 0.001218 
-0.009992 0.002028 -0.009695 -0.003155 
-0.005616 0.001625 -0.005809 0.000655 
-0.007357 -0.002099 -0.006450 -0.004115 
0.008635 0.004878 0.005347 0.008353 
-0.017234 -0.007489 0.010427 -0.015632 
-0.014681 0.002136 -0.008680 -0.012032 
-0.009530 -0.003914 -0.006278 -0.008168 
0.005745 0.021076 -0.018880 -0.010988 
-0.002219 0.016405 -0.016503 0.001304 
0.000149 0.000535 0.000149 0.000535 
-0.004614 0.000346 -0.004624 -0.000144 
0.005520 -0.001240 0.005647 -0.000352 
0.002169 -0.001311 0.002209 -0.001241 
-0.001826 0.009910 -0.006377 0.007802 
-0.003940 0.006532 -0.005634 0.005142 
0.013661 0.001003 0.007369 0.011546 
-0.022599 -0.013693 0.017203 0.020056 
0.005089 -0.006641 0.007043 -0.004516 
0.001444 0.009726 -0.003201 0.009297 
0.002155 0.004578 0.001559 0.004814 
-0.005133 0.008331 -0.008371 0.005067 
-0.005422 0.013981 -0.014939 0.001301 
0.003110 0.008523 -0.000525 0.009058 
-0.004149 0.001512 -0.004276 0.001105 
0.004180 0.001354 0.004031 0.001747 
0.011878 -0.014906 0.011823 0.014950 
0.015694 -0.010992 0.006805 0.017911 
-0.005335 0.015384 -0.016235 -0.001242 
0.000667 -0.005736 0.001601 -0.005548 
-0.016726 0.008797 -0.005327 -0.018132 
-0.013838 -0.000250 -0.007858 -0.011393 
-0.011007 0.000754 -0.009494 -0.005622 
0.001344 -0.000746 0.001353 -0.000730 
0.002986 -0.007154 0.004953 -0.005963 
-0.007638 -0.001306 -0.006920 -0.003487 
-0.002826 0.009765 -0.007248 0.007129 
0.003595 0.004752 0.002708 0.005307 
0.010078 -0.002966 0.010151 0.002706 
0.001485 0.002526 0.001377 0.002587 
0.003039 -0.002473 0.003218 -0.002235 
-0.004031 -0.000844 -0.003946 -0.001179 
-0.004787 -0.008936 0.000175 -0.010136 
0.012946 0.014710 -0.018121 0.007457 
-0.008679 0.007804 -0.011652 0.000671 
0.000228 -0.009232 0.003993 -0.008327 
-0.012559 -0.009405 0.004510 -0.015028 
0.009841 -0.003636 0.010300 0.001996 
0.003082 0.004790 0.002276 0.005221 
0.007140 -0.009351 0.011447 -0.002717 
-0.004299 -0.010502 0.002800 -0.010997 
-0.010545 0.008952 -0.013423 -0.003342 
-0.004899 -0.005111 -0.003492 -0.006158 
-0.005384 -0.016656 0.016348 -0.006257 
-0.001384 0.003920 -0.001714 0.003787 
-0.000090 0.013635 -0.010910 0.008178 
-0.000110 -0.010799 0.005806 -0.009106 
-0.011761 0.018998 -0.002543 -0.022199 
0.001856 0.013494 -0.009602 0.009661 
-0.008882 0.015683 -0.015330 -0.009477 
-0.009923 -0.011925 0.007412 -0.013628 
-0.010883 -0.011023 0.006168 -0.014209 
-0.017739 0.000361 -0.000562 -0.017734 
-0.015539 0.018974 0.012272 -0.021233 
-0.010869 0.001048 -0.009611 -0.005182 
-0.006521 -0.005786 -0.003937 -0.007778 
-0.009634 -0.006489 -0.003540 -0.011063 
0.006772 -0.008040 0.009967 -0.003340 
0.000966 0.008273 -0.001878 0.008115 
0.004720 -0.020963 0.012709 0.017327 
0.002952 -0.009247 0.006797 -0.006929 
0.001359 0.002910 0.001208 0.002976 
0.006545 -0.002705 0.007009 -0.001012 
-0.006301 0.001639 -0.006504 0.000290 
0.003618 0.003510 0.003149 0.003936 
0.002136 0.001559 0.002080 0.001632 
0.002808 -0.007475 0.004991 -0.006233 
0.002027 -0.000231 0.002032 -0.000189 
-0.006150 -0.000733 -0.005900 -0.001882 
-0.006525 0.002598 -0.006959 0.000943 
0.007858 0.009414 -0.000604 0.012248 
-0.002552 -0.014690 0.011945 -0.008923 
-0.016139 0.011005 -0.005379 -0.018779 
-0.008076 -0.010105 0.001992 -0.012781 
0.005228 0.006036 0.003094 0.007361 
0.012672 -0.010569 0.013099 0.010035 
-0.000427 -0.017926 0.017931 -0.000032 
0.002598 0.001382 0.002537 0.001492 
-0.006507 -0.000073 -0.006349 -0.001426 
0.006762 0.002645 0.005850 0.004302 
-0.004810 -0.012478 0.006621 -0.011619 
-0.010490 -0.000126 -0.008904 -0.005547 
-0.007217 0.013137 -0.014974 -0.000667 
-0.011222 0.015559 -0.012266 -0.014750 
-0.021433 0.011916 0.019221 -0.015229 
-0.020052 0.000368 0.007870 -0.018446 
-0.000504 -0.016912 0.016639 -0.003070 
0.000656 0.005261 -0.000081 0.005302 
0.000846 0.000618 0.000842 0.000622 
0.008987 -0.011952 0.014708 0.002702 
-0.015869 -0.004959 0.001683 -0.016541 
0.013853 -0.007979 0.011769 0.010819 
0.007601 -0.016063 0.016112 0.007497 
0.005446 -0.009175 0.009507 -0.004843 
0.004692 -0.001737 0.004871 -0.001143 
-0.006478 0.000938 -0.006530 -0.000447 
0.000727 0.016245 -0.015508 0.004892 
-0.005997 0.002679 -0.006429 0.001346 
0.002868 0.002281 0.002710 0.002467 
0.003317 0.002004 0.003159 0.002245 
-0.001278 -0.002362 -0.001193 -0.002406 
-0.000336 0.002309 -0.000399 0.002299 
-0.006590 -0.008449 -0.001002 -0.010669 
-0.009474 -0.012290 0.007927 -0.013340 
-0.015757 -0.004217 0.000142 -0.016311 
-0.008550 0.010663 -0.013661 -0.000415 
0.001566 0.004471 0.001060 0.004617 
0.009585 -0.009922 0.013660 0.001926 
-0.001255 -0.002793 -0.001124 -0.002849 
-0.003139 -0.001572 -0.003037 -0.001760 
-0.003523 -0.009751 0.001915 -0.010189 
-0.008500 0.001830 -0.008581 -0.001407 
0.002505 0.012256 -0.006788 0.010508 
0.002141 -0.013646 0.012315 -0.006256 
-0.016451 -0.009205 0.012140 -0.014422 
0.005858 -0.004908 0.007015 -0.003033 
-0.002470 0.004176 -0.002938 0.003860 
-0.007694 0.012623 -0.014757 -0.000874 
0.000331 0.014511 -0.012375 0.007586 
-0.006628 -0.005669 -0.004077 -0.007711 
-0.011847 0.005093 -0.011787 -0.005231 
0.002926 0.000285 0.002911 0.000410 
0.009667 -0.003248 0.010013 0.001937 
-0.006971 -0.002644 -0.005990 -0.004440 
0.010726 0.011111 -0.006207 0.014141 
0.004996 0.010839 -0.003226 0.011491 
0.012135 0.005711 0.003186 0.013028 
0.012917 -0.008178 0.012674 0.008550 
0.010174 -0.006078 0.011705 0.001856 
0.012807 -0.004406 0.011348 0.007393 
0.014884 -0.002823 0.008819 0.012317 
0.005344 0.006593 0.002704 0.008044 
-0.003020 0.008016 -0.005672 0.006418 
-0.003964 0.004963 -0.004871 0.004077 
0.000902 0.015002 -0.013101 0.007363 
0.001780 0.002831 0.001621 0.002925 
0.007305 0.007604 0.002245 0.010303 
0.016527 -0.004837 0.006492 0.015949 
-0.003069 0.001748 -0.003171 0.001555 
0.005173 -0.002392 0.005489 -0.001533 
-0.009377 -0.004100 -0.006109 -0.008211 
0.004574 -0.004602 0.005428 -0.003555 
0.012014 -0.012440 0.013461 0.010858 
0.010535 -0.009908 0.013894 0.004017 
-0.008468 0.003697 -0.009239 -0.000104 
-0.009324 -0.002651 -0.007142 -0.006554 
-0.011642 0.001193 -0.009813 -0.006377 
0.008240 0.016647 -0.017625 0.005864 
0.017546 -0.006175 0.003609 0.018247 
-0.000257 0.009330 -0.004135 0.008367 
-0.006441 0.009349 -0.010744 0.003669 
-0.000419 0.011334 -0.007081 0.008860 
0.010050 0.006714 0.003086 0.011686 
-0.010061 -0.015877 0.017416 -0.007068 
0.003991 -0.004252 0.004647 -0.003523 
0.014920 -0.017929 -0.005717 0.022614 
0.017106 -0.003093 0.004347 0.016831 
-0.011545 0.006667 -0.012492 -0.004656 
-0.009650 0.011864 -0.014737 -0.004088 
0.000725 0.005358 -0.000056 0.005406 
0.013463 0.009803 -0.006981 0.015120 
-0.005404 0.012748 -0.013512 0.003023 
-0.004693 0.002343 -0.004968 0.001684 
-0.000566 0.008391 -0.003412 0.007687 
-0.005434 0.009335 -0.009651 0.004850 
0.008956 0.015282 -0.015132 0.009207 
0.016203 0.005365 -0.003258 0.016754 
0.007490 0.007268 0.002692 0.010084 
-0.003679 -0.004236 -0.002976 -0.004757 
-0.007174 0.013232 -0.015034 -0.000726 
-0.006750 0.012750 -0.014406 0.000764 
-0.008084 -0.008069 -0.001594 -0.011311 
-0.007668 0.007814 -0.010728 0.002186 
0.018218 -0.005067 0.001336 0.018863 
0.013241 0.021018 -0.014974 -0.019821 
-0.003556 0.017144 -0.017306 -0.002657 
0.019644 0.014518 -0.021990 -0.010634 
0.000478 0.005563 -0.000384 0.005571 
0.006414 0.001325 0.005990 0.002648 
-0.004721 0.004561 -0.005580 0.003457 
-0.009761 0.011370 -0.014516 -0.003722 
-0.023083 0.011630 0.024701 -0.007612 
-0.016157 0.002627 -0.006445 -0.015047 
-0.013725 -0.008007 0.003281 -0.015547 
0.006515 -0.011128 0.012591 -0.002782 
-0.007312 -0.005773 -0.004240 -0.008295 
-0.006855 0.014837 -0.016064 -0.003011 
-0.007191 -0.005615 -0.004338 -0.008026 
0.000556 0.004137 0.000197 0.004170 
0.002046 0.001330 0.002006 0.001390 
0.006686 0.008614 0.000775 0.010876 
-0.006986 -0.000057 -0.006769 -0.001728 
-0.002873 -0.008113 0.000229 -0.008604 
0.000353 -0.010546 0.005827 -0.008797 
0.002057 -0.006193 0.003308 -0.005625 
-0.001256 -0.005595 -0.000332 -0.005725 
0.008094 0.015330 -0.014615 0.009323 
-0.001851 -0.008853 0.001790 -0.008866 
-0.014281 -0.001875 -0.005776 -0.013195 
-0.002221 -0.001464 -0.002168 -0.001541 
0.000945 -0.005545 0.001799 -0.005329 
0.003776 0.019411 -0.019476 -0.003427 
0.010853 0.010604 -0.005110 0.014287 
-0.010688 0.007242 -0.012570 -0.002946 
-0.000838 -0.005566 0.000042 -0.005629 
-0.007024 -0.003625 -0.005587 -0.005592 
-0.002230 -0.004689 -0.001586 -0.004944 
-0.012188 -0.013045 0.013143 -0.012083 
0.001715 0.004743 0.001106 0.004921 
0.015662 0.007919 -0.007207 0.016002 
-0.001485 0.001641 -0.001524 0.001604 
0.009522 -0.006160 0.011318 0.000714 
-0.012643 -0.004973 -0.003777 -0.013050 
0.007370 0.019211 -0.020313 -0.003284 
-0.007575 0.006208 -0.009575 0.002055 
0.003368 -0.008217 0.006244 -0.006315 
-0.000613 0.001299 -0.000626 0.001292 
0.002416 -0.000288 0.002423 -0.000217 
0.001365 -0.006493 0.002737 -0.006044 
-0.008362 -0.014767 0.013411 -0.010397 
0.001046 0.017971 -0.017996 0.000427 
0.012307 0.010024 -0.005603 0.014851 
0.001088 -0.008013 0.003582 -0.007250 
-0.001160 0.005501 -0.002004 0.005253 
-0.003224 -0.005645 -0.001981 -0.006191 
-0.015523 0.008018 -0.008915 -0.015026 
-0.002475 0.016805 -0.016986 -0.000081 
-0.002523 -0.006494 -0.000904 -0.006908 
-0.007440 -0.010059 0.001729 -0.012392 
-0.003245 -0.011413 0.004843 -0.010832 
-0.018438 0.002199 0.000344 -0.018566 
0.003249 0.012563 -0.007122 0.010847 
0.013218 -0.007189 0.012217 0.008784 
-0.021290 -0.009111 0.023083 -0.001863 
-0.011352 -0.020459 0.018843 0.013871 
0.010980 0.001719 0.008001 0.007714 
0.003176 0.003832 0.002683 0.004192 
0.009034 0.005395 0.004896 0.009313 
-0.002109 -0.001193 -0.002073 -0.001253 
0.000350 -0.002856 0.000467 -0.002839 
0.004686 -0.007508 0.007178 -0.005177 
-0.006965 -0.000340 -0.006683 -0.001992 
-0.002292 -0.003495 -0.001981 -0.003680 
-0.003420 -0.005214 -0.002359 -0.005773 
-0.010109 0.001743 -0.009634 -0.003522 
0.019215 0.003226 -0.008930 0.017317 
0.004223 -0.017885 0.017361 0.006023 
0.002195 -0.003457 0.002474 -0.003263 
0.004793 -0.008288 0.007942 -0.005346 
-0.014612 -0.001573 -0.005636 -0.013573 
-0.006512 0.007719 -0.009435 0.003602 
-0.006892 -0.001584 -0.006294 -0.003225 
-0.008425 0.013250 -0.015334 -0.003379 
0.015811 -0.018894 -0.013130 0.020847 
0.012867 -0.010827 0.012847 0.010852 
-0.003020 0.010117 -0.007879 0.007029 
0.001903 0.016291 -0.015381 0.005693 
-0.008263 0.006792 -0.010618 0.001294 
-0.012101 -0.001765 -0.007738 -0.009470 
-0.003498 0.001301 -0.003580 0.001057 
0.001600 0.005270 0.000793 0.005450 
0.010221 -0.009748 0.013764 0.003173 
-0.013252 0.001196 -0.009393 -0.009423 
-0.007231 -0.002063 -0.006379 -0.003982 
-0.001941 0.006046 -0.003102 0.005540 
0.002835 -0.013600 0.012744 -0.005529 
-0.008847 -0.013507 0.010545 -0.012228 
0.001483 0.004207 0.001062 0.004333 
-0.004071 -0.003365 -0.003569 -0.003893 
0.007973 0.018022 -0.019667 0.001251 
-0.005228 -0.002885 -0.004640 -0.003759 
0.007209 -0.006284 0.009232 -0.002494 
-0.011706 0.013219 -0.013522 -0.011355 
-0.003219 0.012118 -0.010803 0.006364 
-0.002055 0.001735 -0.002116 0.001660 
-0.011168 -0.003443 -0.006552 -0.009677 
0.001252 0.004778 0.000667 0.004894 
0.008549 -0.008569 0.012082 -0.000735 
-0.015029 0.002432 -0.008381 -0.012710 
0.002888 0.014045 -0.010441 0.009828 
-0.005549 0.007198 -0.007955 0.004396 
0.000315 0.013330 -0.010080 0.008729 
0.012607 0.005295 0.003343 0.013259 
-0.013234 -0.000808 -0.007907 -0.010643 
0.004927 -0.002600 0.005267 -0.001815 
0.009589 0.008660 0.000119 0.012920 
-0.009667 -0.000392 -0.008471 -0.004674 
-0.007495 -0.000900 -0.006948 -0.002953 
-0.000257 0.006515 -0.001613 0.006317 
0.012687 0.012069 -0.011395 0.013295 
0.019957 -0.003920 -0.005705 0.019522 
-0.002912 0.004577 -0.003546 0.004106 
0.004478 -0.009382 0.008638 -0.005785 
0.002884 -0.003116 0.003150 -0.002847 
-0.002685 -0.001847 -0.002584 -0.001985 
-0.002319 0.007237 -0.004268 0.006289 
0.014341 0.001007 0.006599 0.012772 
-0.008446 -0.016985 0.018381 -0.004688 
0.006006 -0.000275 0.005959 0.000799 
0.015196 0.006176 -0.002420 0.016223 
0.015772 -0.007024 0.008475 0.015043 
0.002440 -0.018433 0.017903 0.005023 
-0.017731 -0.005635 0.008119 -0.016740 
-0.008442 0.002733 -0.008847 -0.000682 
-0.006767 -0.004648 -0.004870 -0.006608 
-0.003011 -0.004252 -0.002414 -0.004617 
-0.005850 0.003809 -0.006592 0.002300 
-0.005900 0.003759 -0.006630 0.002233 
-0.001400 -0.004607 -0.000862 -0.004737 
-0.000233 -0.002017 -0.000191 -0.002021 
-0.005111 -0.006163 -0.002931 -0.007450 
-0.013129 0.009198 -0.012646 -0.009852 
0.006473 -0.003994 0.007338 -0.002002 
0.010385 0.015487 -0.016879 0.007926 
0.011128 -0.019038 0.004461 0.021596 
0.018535 -0.020156 -0.026500 0.006895 
0.011665 0.007280 0.001048 0.013710 
0.012020 0.006052 0.002769 0.013170 
0.007297 -0.018999 0.013466 0.015261 
-0.003262 -0.008788 0.000747 -0.009344 
-0.006802 0.005379 -0.008293 0.002535 
0.015082 -0.003913 0.009078 0.012663 
0.005625 0.013353 -0.008667 0.011611 
0.000884 -0.005740 0.001826 -0.005513 
0.007739 -0.007112 0.010309 -0.002047 
0.010528 -0.000163 0.009065 0.005357 
-0.002498 0.010666 -0.008043 0.007438 
0.012742 -0.018155 0.002053 0.022085 
0.005784 -0.019805 0.014044 0.015115 
0.009061 -0.001024 0.008713 0.002688 
0.003686 0.003493 0.003211 0.003934 
0.009272 -0.015615 0.015002 0.010234 
0.000051 0.005309 -0.000689 0.005264 
-0.010862 0.005798 -0.011897 -0.003174 
-0.001311 0.010010 -0.005989 0.008127 
0.005493 0.009987 -0.001598 0.011285 
0.008613 -0.012351 0.014862 0.002417 
0.002105 -0.006850 0.003761 -0.006100 
-0.003141 0.009145 -0.006896 0.006778 
-0.012253 0.002976 -0.010754 -0.006585 
-0.006122 0.017468 -0.016557 -0.008275 
-0.009979 0.004855 -0.010960 -0.001738 
0.009084 -0.006307 0.011059 -0.000013 
0.003707 0.003944 0.003098 0.004438 
0.017484 0.006177 -0.008433 0.016514 
0.000584 0.004046 0.000247 0.004081 
-0.002488 -0.009275 0.001858 -0.009422 
0.005184 0.010263 -0.002140 0.011297 
0.010304 0.001624 0.008010 0.006683 
-0.002726 0.002725 -0.002919 0.002517 
-0.003428 -0.004650 -0.002616 -0.005150 
-0.001352 0.013009 -0.010646 0.007598 
0.008181 0.011184 -0.004354 0.013155 
-0.003078 0.000268 -0.003087 0.000122 
-0.003915 0.003535 -0.004364 0.002964 
0.011636 0.007103 0.001389 0.013562 
0.008262 0.004508 0.005564 0.007591 
-0.004464 0.005283 -0.005579 0.004088 
0.017976 -0.004158 0.002058 0.018335 
-0.001682 -0.016420 0.015651 -0.005243 
-0.001388 0.004997 -0.002039 0.004768 
0.011895 0.010774 -0.006851 0.014513 
0.003191 0.010691 -0.003579 0.010567 
0.009798 -0.001917 0.009536 0.002956 
-0.009510 -0.007159 -0.002640 -0.011607 
-0.011715 -0.007608 -0.000395 -0.013963 
-0.008015 0.018600 -0.013088 -0.015457 
0.004360 0.006825 0.001953 0.007860 
-0.004540 -0.001112 -0.004393 -0.001596 
-0.007698 0.001069 -0.007671 -0.001247 
-0.003977 -0.008200 -0.000366 -0.009107 
-0.011650 -0.004096 -0.005673 -0.010969 
-0.000316 0.009373 -0.004242 0.008364 
-0.002250 0.002442 -0.002380 0.002315 
-0.006653 0.009190 -0.010817 0.003423 
0.017010 -0.011574 0.001467 0.020522 
0.008726 -0.015260 0.015597 0.008106 
-0.000483 -0.000102 -0.000483 -0.000103 
-0.009097 -0.010178 0.002629 -0.013396 
-0.004474 0.002878 -0.004832 0.002225 
0.000271 0.005273 -0.000458 0.005260 
0.009212 -0.003745 0.009890 0.001029 
-0.005724 0.003801 -0.006449 0.002371 
-0.004076 0.008904 -0.007697 0.006054 
0.002523 0.011627 -0.005574 0.010511 
-0.001600 -0.004996 -0.000906 -0.005167 
-0.010105 -0.010851 0.004936 -0.013982 
-0.003442 -0.016464 0.015649 -0.006167 
0.005066 0.002058 0.004707 0.002783 
0.002155 -0.012599 0.010606 -0.007133 
0.001571 0.006970 -0.000223 0.007142 
-0.002733 0.001026 -0.002774 0.000909 
-0.007379 -0.002041 -0.006486 -0.004068 
-0.013065 -0.001187 -0.007703 -0.010619 
-0.000088 -0.005840 0.000896 -0.005772 
-0.013961 0.002159 -0.009479 -0.010475 
0.005906 0.021303 -0.018495 -0.012109 
0.001632 0.013533 -0.009781 0.009493 
0.002241 -0.002741 0.002407 -0.002597 
-0.004147 -0.011658 0.005008 -0.011315 
-0.010827 0.005047 -0.011511 -0.003193 
0.010645 -0.004254 0.011046 0.003066 
-0.005565 0.003002 -0.006046 0.001849 
-0.009640 0.003031 -0.009901 -0.002019 
0.012250 0.004444 0.004853 0.012094 
-0.001631 -0.015930 0.014733 -0.006274 
-0.010852 -0.001299 -0.008282 -0.007131 
-0.009735 0.007363 -0.012156 -0.001102 
-0.008224 0.011530 -0.014149 -0.000599 
-0.003960 -0.008598 0.000117 -0.009466 
-0.021049 0.002989 0.010695 -0.018374 
-0.015674 0.009320 -0.008095 -0.016340 
0.003630 -0.007791 0.006178 -0.005976 
0.000099 0.004410 -0.000326 0.004400 
-0.004642 0.000862 -0.004708 0.000345 
-0.010813 -0.008952 0.001357 -0.013972 
-0.011768 0.019732 0.000251 -0.022973 
-0.016532 0.011703 -0.003117 -0.020013 
0.010127 -0.010256 0.014009 0.003389 
0.002522 0.004903 0.001758 0.005226 
0.006334 0.001332 0.005923 0.002608 
0.001462 -0.000670 0.001471 -0.000652 
0.008767 -0.006625 0.010975 -0.000538 
-0.010838 -0.009450 0.002440 -0.014170 
-0.006549 0.005342 -0.007994 0.002742 
0.005189 -0.004005 0.005917 -0.002819 
-0.004626 -0.012263 0.006171 -0.011563 
0.005856 -0.008729 0.009543 -0.004407 
-0.011691 -0.010683 0.006341 -0.014512 
-0.015915 0.012427 -0.004289 -0.019731 
-0.000272 -0.009278 0.003593 -0.008558 
-0.006683 -0.004515 -0.004909 -0.006399 
-0.006087 0.010156 -0.011177 0.003908 
-0.000642 -0.006390 0.000668 -0.006387 
-0.004652 -0.011618 0.004816 -0.011551 
-0.006086 -0.011914 0.005386 -0.012246 
-0.014148 0.003648 -0.010125 -0.010534 
0.000971 0.016913 -0.016581 0.003472 
0.004498 0.010413 -0.002581 0.011045 
-0.004552 0.003783 -0.005137 0.002940 
-0.005490 0.009742 -0.010126 0.004745 
-0.005196 0.009029 -0.009087 0.005095 
0.003995 -0.001153 0.004079 -0.000807 
-0.017111 0.008277 -0.004362 -0.018501 
-0.001982 0.005684 -0.002965 0.005239 
0.007043 -0.010132 0.012071 -0.002561 
0.001856 -0.008820 0.005162 -0.007389 
0.002118 0.006148 0.000793 0.006454 
0.014069 -0.003756 0.010254 0.010340 
0.000227 0.003998 -0.000091 0.004004 
-0.003964 -0.005523 -0.002607 -0.006279 
-0.002185 -0.005424 -0.001239 -0.005715 
-0.011934 -0.004415 -0.005123 -0.011647 
-0.013872 -0.016808 0.021701 0.002004 
-0.014971 0.015392 -0.001846 -0.021393 
0.002590 0.016211 -0.015157 0.006305 
0.008266 0.012983 -0.008773 0.012646 
-0.000582 0.006787 -0.002113 0.006476 
-0.001482 0.008928 -0.004885 0.007618 
0.014118 -0.010101 0.011171 0.013287 
0.005406 -0.018779 0.016116 0.011052 
0.000680 0.004777 0.000126 0.004823 
0.006631 0.002226 0.005903 0.003752 
-0.011514 -0.010346 0.005283 -0.014551 
0.010152 -0.009107 0.013392 0.002578 
-0.008392 0.010212 -0.013216 0.000231 
0.003257 0.009037 -0.001066 0.009546 
0.016168 0.004463 -0.001543 0.016701 
0.005343 -0.005825 0.006864 -0.003921 
-0.009578 -0.012791 0.009314 -0.012985 
-0.011023 -0.011151 0.006653 -0.014198 
0.005955 -0.002119 0.006256 -0.000907 
0.001389 -0.004730 0.001947 -0.004529 
-0.009072 -0.010285 0.002844 -0.013416 
-0.015114 0.001616 -0.007721 -0.013093 
0.004624 0.006060 0.002714 0.007123 
0.001860 0.001887 0.001793 0.001950 
0.010864 0.012737 -0.010554 0.012995 
-0.008747 -0.019058 0.020641 0.003694 
0.010212 0.012156 -0.008297 0.013536 
-0.011482 -0.009247 0.002695 -0.014494 
-0.003876 -0.013831 0.009779 -0.010521 
0.000493 0.001300 0.000481 0.001304 
0.009108 -0.010696 0.013960 0.001575 
-0.016512 -0.006211 0.005729 -0.016686 
0.010649 -0.009795 0.013850 0.004185 
0.012930 0.002533 0.006516 0.011452 
0.011106 0.001787 0.007946 0.007961 
-0.004418 -0.013014 0.007855 -0.011278 
-0.000279 -0.009780 0.004217 -0.008828 
-0.011813 -0.008830 0.002184 -0.014586 
0.005283 -0.000625 0.005319 0.000120 
0.005774 0.010784 -0.003023 0.011853 
0.017653 0.003894 -0.004737 0.017446 
-0.004154 -0.004017 -0.003436 -0.004647 
-0.014709 -0.002993 -0.003772 -0.014528 
-0.007972 -0.000854 -0.007304 -0.003306 
-0.004189 0.010335 -0.009391 0.006015 
0.001763 0.006750 0.000100 0.006975 
-0.007003 -0.001816 -0.006303 -0.003551 
-0.009430 0.009886 -0.013571 -0.001577 
0.016005 -0.001693 0.006164 0.014867 
0.000157 -0.014283 0.012184 -0.007455 
0.001920 -0.005875 0.002991 -0.005409 
-0.006138 -0.002873 -0.005332 -0.004184 
-0.002347 0.010297 -0.007402 0.007533 
0.016764 0.003038 -0.000788 0.017018 
0.013292 -0.004400 0.011134 0.008489 
-0.006684 0.008916 -0.010604 0.003424 
-0.009089 -0.000905 -0.007960 -0.004479 
0.000032 -0.006385 0.001312 -0.006249 
-0.011424 -0.009329 0.002809 -0.014479 
0.011585 -0.003880 0.011174 0.004940 
0.008845 0.008058 0.001466 0.011874 
0.000409 0.012473 -0.008404 0.009227 
0.018372 0.009072 -0.016875 0.011622 
-0.012314 0.008077 -0.012967 -0.006980 
-0.013334 0.009713 -0.012418 -0.010860 
-0.012521 0.007447 -0.012680 -0.007173 
0.007223 -0.005814 0.008980 -0.002311 
0.011523 0.009904 -0.004240 0.014590 
-0.010895 0.008056 -0.013049 -0.003651 
-0.010307 0.013222 -0.014842 -0.007794 
-0.012960 0.008473 -0.012703 -0.008853 
-0.003726 -0.009394 0.001293 -0.010023 
-0.009210 -0.011863 0.006629 -0.013476 
-0.004203 0.004319 -0.004908 0.003497 
0.003052 0.005101 0.002117 0.005555 
0.007131 -0.001569 0.007293 0.000347 
0.004703 -0.010331 0.009932 -0.005495 
-0.014896 -0.013188 0.017859 -0.008766 
0.009901 0.009800 -0.002369 0.013728 
0.005528 0.001335 0.005245 0.002200 
-0.000643 -0.009425 0.003450 -0.008794 
-0.006072 0.002089 -0.006370 0.000814 
0.004839 0.002794 0.004351 0.003506 
-0.000639 -0.006105 0.000505 -0.006118 
-0.009628 0.009718 -0.013551 -0.001867 
0.007681 0.007589 0.002291 0.010552 
0.010774 0.010189 -0.004040 0.014268 
-0.004376 -0.001199 -0.004232 -0.001639 
0.002824 0.002404 0.002654 0.002590 
0.013428 -0.005970 0.011686 0.008911 
0.008541 0.003853 0.006122 0.007093 
-0.002524 0.001114 -0.002565 0.001018 
0.000433 0.002407 0.000361 0.002419 
0.005484 -0.005613 0.006916 -0.003707 
-0.011606 0.000260 -0.009275 -0.006981 
-0.007426 0.011308 -0.013482 0.001123 
-0.010753 -0.011950 0.008369 -0.013726 
-0.013646 -0.015172 0.019818 -0.004863 
-0.012876 -0.018257 0.021424 0.006333 
0.016043 -0.007803 0.007709 0.016089 
0.015693 0.013816 -0.020237 0.005257 
0.014748 0.006082 -0.001292 0.015901 
0.004723 -0.011902 0.011888 -0.004759 
-0.003889 -0.008778 0.000380 -0.009593 
-0.009296 0.001652 -0.009111 -0.002480 
0.010138 0.009679 -0.002297 0.013827 
0.009695 0.006504 0.003503 0.011136 
0.010350 -0.002201 0.009957 0.003579 
0.001175 0.000870 0.001165 0.000882 
0.000509 0.005185 -0.000191 0.005207 
0.001261 -0.005218 0.001991 -0.004986 
0.001444 -0.002744 0.001573 -0.002672 
-0.013367 0.001615 -0.009593 -0.009448 
0.015157 -0.022277 -0.023402 0.013355 
0.007780 0.004033 0.005726 0.006634 
0.006985 0.009181 -0.000102 0.011536 
0.014863 -0.001324 0.007884 0.012669 
0.017412 -0.005839 0.004073 0.017907 
0.000302 -0.009367 0.004222 -0.008367 
-0.004474 -0.003604 -0.003828 -0.004284 
0.004698 0.000740 0.004586 0.001261 
0.013328 -0.009149 0.012437 0.010327 
-0.017987 -0.015132 0.022492 0.006826 
-0.019191 -0.006302 0.014027 -0.014534 
0.001212 0.001973 0.001159 0.002005 
-0.007275 0.012335 -0.014317 0.000315 
-0.001588 -0.007896 0.000987 -0.007994 
0.004422 -0.001327 0.004537 -0.000854 
-0.004614 -0.001963 -0.004334 -0.002521 
-0.007219 0.005762 -0.008947 0.002293 
-0.004158 0.009504 -0.008411 0.006072 
0.011730 0.016327 -0.019735 0.003831 
-0.007670 0.009125 -0.011752 0.001992 
-0.000088 -0.006876 0.001511 -0.006709 
0.000686 0.000061 0.000686 0.000063 
-0.000334 0.011886 -0.007917 0.008873 
-0.003140 0.005453 -0.004142 0.004736 
0.000731 0.015010 -0.013183 0.007214 
-0.000607 -0.001016 -0.000600 -0.001020 
0.002739 -0.008716 0.006010 -0.006881 
0.003280 -0.000513 0.003303 -0.000333 
0.012197 -0.003815 0.011179 0.006192 
-0.012720 -0.012614 0.012854 -0.012479 
0.008253 0.006580 0.003578 0.009931 
-0.000343 -0.004741 0.000189 -0.004750 
0.008140 0.009421 -0.000688 0.012431 
0.013538 0.001002 0.007485 0.011325 
0.002130 0.003368 0.001859 0.003524 
-0.004095 -0.000244 -0.004061 -0.000584 
0.014193 -0.001765 0.009007 0.011110 
0.005862 0.003590 0.004869 0.004852 
-0.002928 0.008943 -0.006450 0.006853 
-0.005578 -0.005642 -0.003578 -0.007082 
-0.007879 -0.004136 -0.005700 -0.006833 
-0.008798 0.016358 -0.014990 -0.010967 
0.001929 0.009832 -0.002995 0.009561 
0.000813 -0.000754 0.000818 -0.000749 
0.002947 -0.004350 0.003512 -0.003908 
0.002411 -0.007972 0.004956 -0.006693 
-0.006034 -0.001128 -0.005720 -0.002228 
0.000590 -0.008457 0.003501 -0.007721 
-0.007055 0.010825 -0.012744 0.002137 
-0.009821 0.008514 -0.012900 -0.001591 
-0.014775 -0.007289 0.003790 -0.016034 
-0.011776 0.003400 -0.010966 -0.005477 
-0.007053 -0.004103 -0.005344 -0.006167 
-0.009816 -0.011941 0.007352 -0.013598 
-0.015821 -0.006421 0.004374 -0.016505 
0.012217 -0.009359 0.013359 0.007641 
0.007616 0.005200 0.004824 0.007859 
-0.007024 0.002081 -0.007324 0.000163 
-0.008740 0.008225 -0.011991 0.000499 
0.013583 0.005223 0.002242 0.014379 
-0.005068 0.007524 -0.007635 0.004898 
-0.009462 0.015415 -0.014925 -0.010217 
0.009556 0.011561 -0.006167 0.013673 
-0.012310 0.017788 -0.004683 -0.021119 
0.017717 0.009252 -0.015527 0.012587 
-0.002881 -0.004955 -0.002040 -0.005357 
0.007352 -0.003224 0.007993 -0.000753 
0.007607 0.011851 -0.005636 0.012906 
0.003237 -0.019144 0.017362 0.008692 
0.011274 -0.007620 0.012904 0.004319 
-0.007463 -0.001575 -0.006707 -0.003631 
-0.012046 0.010340 -0.013624 -0.008150 
-0.000146 0.009288 -0.003983 0.008392 
0.008568 -0.002910 0.009021 0.000707 
0.004019 0.001350 0.003883 0.001702 
0.014975 0.008631 -0.007236 0.015697 
0.013271 0.002319 0.006444 0.011831 
-0.007584 -0.012002 0.005982 -0.012875 
-0.001038 0.020723 -0.016984 -0.011919 
0.002749 -0.004671 0.003397 -0.004223 
-0.009175 -0.015754 0.016402 -0.007958 
0.000251 -0.008728 0.003451 -0.008020 
-0.000440 -0.008988 0.003104 -0.008446 
-0.010230 -0.007157 -0.002336 -0.012265 
-0.005484 0.002972 -0.005951 0.001867 
0.003485 0.002988 0.003154 0.003334 
-0.010028 -0.014215 0.013460 -0.011020 
0.007351 0.020774 -0.019395 -0.010460 
0.004423 0.019182 -0.019539 -0.002401 
-0.022085 0.013725 0.024441 -0.008876 
-0.018501 -0.001857 0.004456 -0.018052 
-0.015302 0.016200 0.001678 -0.022221 
-0.005841 0.019449 -0.014667 -0.014044 
-0.003174 -0.008746 0.000750 -0.009274 
0.002427 -0.008231 0.005204 -0.006824 
-0.006660 0.002431 -0.007053 0.000714 
-0.003939 -0.010281 0.002560 -0.010708 
0.001792 -0.012432 0.010029 -0.007562 
-0.012655 0.005987 -0.012086 -0.007065 
0.000663 0.003033 0.000518 0.003062 
-0.010762 0.006786 -0.012360 -0.003016 
0.016108 -0.000829 0.005280 0.015240 
0.010397 0.008280 0.000308 0.013287 
-0.003342 0.003136 -0.003650 0.002772 
-0.003606 0.005759 -0.004818 0.004792 
0.003785 -0.006237 0.005279 -0.005035 
0.003252 -0.006952 0.005114 -0.005723 
-0.006326 0.000775 -0.006353 -0.000505 
-0.008749 0.013110 -0.015278 -0.003874 
-0.010810 0.006190 -0.012074 -0.003066 
-0.003774 0.003221 -0.004138 0.002738 
-0.014342 0.010865 -0.010386 -0.014693 
-0.012184 0.008133 -0.013031 -0.006693 
-0.012583 -0.007303 0.000052 -0.014548 
-0.015621 -0.000072 -0.005464 -0.014635 
-0.010091 0.012687 -0.014913 -0.006357 
-0.000043 0.014171 -0.011908 0.007682 
0.002965 0.010505 -0.003384 0.010378 
0.000732 -0.006987 0.002401 -0.006602 
0.001855 0.019747 -0.019038 -0.005561 
0.003193 0.009354 -0.001525 0.009765 
0.014729 0.009407 -0.008541 0.015247 
0.001911 -0.016381 0.016397 -0.001766 
0.006851 -0.010448 0.012200 -0.002692 
-0.006232 -0.005965 -0.003664 -0.007810 
0.011781 -0.001353 0.009905 0.006521 
0.019547 -0.015384 -0.018314 0.016833 
-0.000251 -0.005549 0.000597 -0.005523 
0.009122 -0.009456 0.013121 0.000679 
0.000076 0.001600 0.000055 0.001601 
-0.002436 -0.005835 -0.001240 -0.006201 
0.010396 -0.004746 0.011156 0.002480 
-0.018614 0.008018 0.001162 -0.020234 
0.002024 -0.003451 0.002291 -0.003279 
-0.006834 0.005908 -0.008607 0.002744 
0.014079 -0.004913 0.010750 0.010334 
-0.013268 -0.003239 -0.005411 -0.012540 
-0.003157 0.002081 -0.003296 0.001853 
-0.002986 -0.005330 -0.001955 -0.005789 
-0.007769 -0.010369 0.002429 -0.012727 
-0.011774 -0.011077 0.007445 -0.014349 
-0.007524 0.002769 -0.008013 0.000274 
0.021788 0.002670 -0.017703 0.012980 
0.002505 0.001947 0.002404 0.002070 
0.007683 0.009492 -0.000712 0.012191 
-0.001854 -0.011419 0.005567 -0.010141 
-0.006251 0.004388 -0.007242 0.002425 
-0.001832 -0.002354 -0.001726 -0.002433 
-0.004112 -0.006819 -0.001804 -0.007756 
0.000963 -0.005311 0.001717 -0.005117 
0.000556 -0.006883 0.002151 -0.006562 
0.003326 -0.001658 0.003431 -0.001427 
0.000968 -0.007217 0.002809 -0.006718 
-0.003091 -0.004046 -0.002548 -0.004408 
0.012583 -0.001062 0.009611 0.008190 
-0.002324 -0.020391 0.018885 0.008035 
-0.001115 0.003662 -0.001377 0.003572 
-0.014902 0.001223 -0.007754 -0.012785 
-0.009666 -0.003839 -0.006351 -0.008235 
0.001706 0.009345 -0.002501 0.009164 
0.006327 -0.019620 0.013661 0.015439 
0.001189 -0.012033 0.008863 -0.008225 
0.004610 0.001465 0.004409 0.001989 
-0.011086 -0.008594 0.000888 -0.013999 
-0.011103 0.001890 -0.010093 -0.004998 
-0.002014 -0.004718 -0.001383 -0.004940 
-0.010735 0.002681 -0.010349 -0.003916 
-0.009298 0.009511 -0.013259 -0.001058 
-0.016376 0.013423 -0.000768 -0.021161 
-0.007580 -0.012469 0.007105 -0.012745 
0.001575 0.007744 -0.000858 0.007856 
0.004398 -0.000857 0.004461 -0.000416 
0.003430 -0.000792 0.003472 -0.000580 
0.003613 0.009925 -0.002135 0.010345 
0.008092 0.000911 0.007365 0.003473 
0.009923 0.007490 0.001963 0.012276 
0.014867 -0.003664 0.009279 0.012180 
-0.002328 0.005749 -0.003374 0.005204 
0.013818 0.010108 -0.008401 0.014918 
0.009299 -0.016170 0.014566 0.011652 
0.005293 0.005924 0.003215 0.007264 
0.012045 0.000396 0.008799 0.008235 
-0.013762 -0.003925 -0.003934 -0.013759 
0.007128 0.019248 -0.020258 -0.003303 
0.003912 0.015487 -0.013583 0.008406 
-0.011197 0.009860 -0.013851 -0.005543 
-0.008622 0.002385 -0.008875 -0.001130 
-0.005095 0.002444 -0.005416 0.001611 
0.015328 -0.009130 0.009037 0.015383 
-0.012230 -0.018520 0.021295 0.006255 
0.012401 -0.001775 0.010083 0.007434 
0.003924 0.000189 0.003899 0.000488 
-0.000122 -0.006998 0.001563 -0.006822 
-0.004438 -0.009858 0.001679 -0.010680 
-0.010808 0.008224 -0.013113 -0.003534 
0.000386 -0.004506 0.000840 -0.004444 
-0.011005 -0.001893 -0.007875 -0.007916 
-0.001826 0.016061 -0.015949 0.002628 
-0.008049 0.004865 -0.009353 0.000990 
-0.011428 -0.004941 -0.004790 -0.011492 
-0.014656 0.009269 -0.010427 -0.013857 
-0.006432 0.016739 -0.016592 -0.006801 
-0.011852 -0.013399 0.013569 -0.011657 
-0.016659 -0.004444 0.002788 -0.017014 
0.001564 0.002936 0.001401 0.003017 
-0.011779 0.012039 -0.013815 -0.009635 
-0.018348 0.009363 0.001222 -0.020563 
-0.009568 -0.002099 -0.007547 -0.006245 
0.002896 0.006721 0.001032 0.007245 
0.000597 -0.001375 0.000612 -0.001369 
0.007829 -0.003759 0.008661 -0.000642 
-0.004440 -0.011267 0.004165 -0.011371 
-0.000614 0.006384 -0.001893 0.006128 
0.013026 -0.003109 0.010627 0.008150 
0.005112 0.006801 0.002400 0.008162 
0.010405 0.009837 -0.002875 0.014027 
0.005792 -0.012179 0.013143 -0.003021 
0.001224 -0.003892 0.001540 -0.003778 
-0.002366 0.005291 -0.003210 0.004826 
-0.002687 0.005411 -0.003617 0.004840 
0.001059 -0.003472 0.001284 -0.003396 
0.005765 -0.001532 0.005945 -0.000497 
0.007851 0.013548 -0.009959 0.012083 
0.018371 0.002597 -0.005038 0.017857 
0.009647 -0.003656 0.010177 0.001694 
-0.020270 -0.008906 0.021156 -0.006529 
-0.008131 -0.009512 0.000856 -0.012484 
0.000831 -0.001735 0.000863 -0.001719 
-0.001300 -0.002412 -0.001209 -0.002459 
-0.005630 0.010265 -0.010828 0.004452 
0.012920 -0.003009 0.010617 0.007953 
0.006156 -0.012856 0.014156 -0.001674 
0.009719 0.001029 0.008182 0.005345 
-0.002834 0.003496 -0.003170 0.003195 
-0.000697 0.008490 -0.003639 0.007702 
-0.001086 -0.001528 -0.001059 -0.001547 
0.000137 -0.006381 0.001413 -0.006224 
-0.003670 -0.005491 -0.002407 -0.006150 
0.003067 0.004556 0.002355 0.004962 
0.005644 -0.007737 0.008467 -0.004475 
-0.005020 -0.007747 -0.001405 -0.009124 
-0.000238 0.004802 -0.000785 0.004743 
0.005769 -0.007937 0.008768 -0.004403 
-0.003083 -0.009290 0.001503 -0.009672 
-0.013916 -0.010316 0.009108 -0.014735 
-0.006523 0.016343 -0.016573 -0.005914 
0.012539 0.005409 0.003243 0.013266 
0.007261 0.007510 0.002361 0.010176 
-0.005472 -0.003723 -0.004542 -0.004814 
-0.005751 -0.004695 -0.004272 -0.006071 
0.005927 -0.000243 0.005879 0.000788 
0.009288 0.007815 0.001711 0.012017 
0.008498 -0.011229 0.014057 0.000835 
0.008742 -0.010146 0.013387 0.000387 
0.007128 -0.008905 0.011049 -0.002836 
-0.009340 -0.005058 -0.005237 -0.009241 
0.014127 0.007272 -0.002455 0.015698 
0.009750 -0.002815 0.009883 0.002305 
-0.000490 0.004009 -0.000812 0.003956 
-0.003452 0.005673 -0.004600 0.004790 
-0.000408 0.014872 -0.013417 0.006429 
0.006705 0.012737 -0.007424 0.012332 
0.000210 0.006207 -0.000973 0.006134 
0.010857 0.005994 0.003718 0.011831 
0.002908 -0.007112 0.004835 -0.005972 
-0.005709 0.001341 -0.005854 0.000354 
-0.001682 0.005706 -0.002651 0.005325 
-0.001030 0.003116 -0.001195 0.003057 
-0.005033 0.011586 -0.011775 0.004574 
-0.005062 -0.006560 -0.002583 -0.007873 
-0.010389 0.010469 -0.014140 -0.004193 
-0.003020 -0.004135 -0.002459 -0.004492 
0.001433 0.001289 0.001409 0.001316 
0.002204 0.007152 0.000160 0.007483 
0.006366 -0.011731 0.013104 -0.002535 
-0.008035 0.010019 -0.012804 0.000997 
-0.003174 0.001179 -0.003236 0.000997 
0.001203 -0.005605 0.002096 -0.005335 
0.002017 -0.010135 0.006856 -0.007732 
0.004602 0.001502 0.004397 0.002024 
-0.005920 -0.017043 0.017274 -0.005206 
-0.000489 0.019620 -0.018353 -0.006955 
0.002560 0.009219 -0.001738 0.009409 
0.015737 -0.011460 0.006177 0.018461 
0.006752 -0.016937 0.016375 0.008019 
0.008378 -0.000738 0.008122 0.002183 
0.004555 0.000633 0.004464 0.001106 
0.003774 -0.000983 0.003837 -0.000697 
0.003898 0.000577 0.003842 0.000875 
-0.016881 -0.002260 -0.000014 -0.017031 
-0.010782 0.011055 -0.014321 -0.005775 
0.002579 0.013658 -0.009679 0.009975 
0.000714 0.008079 -0.001910 0.007882 
0.001699 0.010404 -0.003995 0.009756 
0.008112 -0.002626 0.008517 0.000401 
-0.009242 0.004516 -0.010262 -0.000716 
-0.003002 -0.004183 -0.002428 -0.004540 
-0.014207 -0.007493 0.003072 -0.015765 
-0.013560 -0.005487 -0.001842 -0.014512 
-0.007848 -0.004032 -0.005755 -0.006688 
-0.008218 0.006477 -0.010382 0.001306 
-0.004360 0.008365 -0.007511 0.005705 
0.000664 0.013255 -0.009726 0.009030 
0.005384 -0.014134 0.015083 -0.001113 
0.005234 -0.009215 0.009312 -0.005061 
0.000710 0.008826 -0.002685 0.008438 
0.000899 0.002216 0.000836 0.002240 
-0.003697 -0.006712 -0.001616 -0.007491 
0.006262 0.017309 -0.017881 0.004369 
0.004984 0.001278 0.004774 0.001919 
0.000964 -0.006673 0.002430 -0.006289 
-0.009835 0.007164 -0.012102 -0.001261 
0.000777 -0.011947 0.008376 -0.008554 
0.008077 0.000849 0.007377 0.003397 
0.010296 0.012964 -0.010494 0.012805 
-0.006542 -0.001279 -0.006105 -0.002677 
-0.002410 -0.009577 0.002315 -0.009601 
0.001838 0.003793 0.001498 0.003940 
0.000706 0.002158 0.000651 0.002175 
0.000715 -0.005121 0.001385 -0.004982 
0.014078 -0.014307 0.007229 0.018725 
-0.003398 -0.016852 0.016393 -0.005176 
0.009692 0.009033 -0.000649 0.013233 
0.001207 0.007962 -0.001369 0.007936 
0.006538 0.007968 0.001651 0.010174 
-0.007661 0.010356 -0.012801 0.001438 
-0.011178 -0.005767 -0.003847 -0.011975 
0.001926 0.007552 -0.000398 0.007783 
0.013907 -0.010990 0.011190 0.013747 
0.007852 0.009679 -0.001094 0.012415 
-0.005028 0.014500 -0.015309 0.001078 
-0.001192 -0.007580 0.001038 -0.007603 
-0.012042 -0.003194 -0.006434 -0.010668 
-0.006736 0.010145 -0.011799 0.003013 
-0.000683 0.009398 -0.004619 0.008213 
-0.006341 0.006206 -0.008224 0.003329 
0.010889 -0.002320 0.010237 0.004378 
0.005089 0.009871 -0.001494 0.011004 
-0.012186 0.007217 -0.012697 -0.006274 
-0.014864 0.007676 -0.010272 -0.013204 
0.002728 0.015060 -0.012722 0.008510 
-0.009477 0.013257 -0.015221 -0.005823 
-0.012982 -0.002396 -0.006616 -0.011424 
-0.011124 -0.004858 -0.005051 -0.011037 
-0.011548 0.013944 -0.013313 -0.012270 
0.003410 0.019492 -0.019410 -0.003849 
-0.019265 0.013480 0.012437 -0.019954 
0.007983 -0.004395 0.009074 -0.000836 
-0.002812 0.010793 -0.008533 0.007182 
-0.008121 0.000459 -0.007837 -0.002180 
0.004019 -0.006226 0.005545 -0.004917 
-0.009812 0.004724 -0.010785 -0.001506 
-0.002041 -0.005571 -0.001044 -0.005840 
-0.012242 0.001018 -0.009670 -0.007576 
0.009361 -0.000386 0.008652 0.003593 
0.013524 -0.011480 0.011640 0.013387 
-0.005244 0.008785 -0.008909 0.005031 
0.012418 0.014224 -0.016364 0.009420 
0.001981 -0.020596 0.016523 0.012455 
0.008267 0.004401 0.005646 0.007473 
0.011798 -0.002529 0.010530 0.005890 
0.011413 0.011395 -0.007766 0.014135 
0.021799 -0.007845 -0.015664 0.017069 
-0.002388 0.003302 -0.002651 0.003094 
-0.005827 -0.003039 -0.005049 -0.004207 
-0.008831 0.004034 -0.009702 -0.000374 
-0.008890 -0.000029 -0.008206 -0.003419 
0.012266 0.014164 -0.016018 0.009720 
-0.009857 0.009725 -0.013645 -0.002359 
0.001585 -0.005410 0.002414 -0.005094 
0.001645 0.004199 0.001214 0.004343 
0.013580 -0.011653 0.011442 0.013759 
0.014112 -0.000221 0.007965 0.011652 
0.010990 0.006418 0.003024 0.012362 
0.008126 0.000815 0.007422 0.003407 
-0.007668 -0.000270 -0.007266 -0.002463 
0.020276 -0.004445 -0.007077 0.019514 
0.007559 -0.015254 0.016133 0.005436 
0.005483 0.000628 0.005326 0.001445 
0.001375 0.004519 0.000868 0.004643 
-0.002674 -0.006236 -0.001195 -0.006679 
0.003386 -0.002576 0.003603 -0.002262 
-0.006046 -0.004941 -0.004303 -0.006515 
0.005016 -0.006046 0.006603 -0.004256 
0.012064 -0.011070 0.013645 0.009050 
0.008904 -0.017169 0.014011 0.013333 
0.011433 -0.012553 0.014051 0.009534 
0.002981 0.003248 0.002655 0.003520 
0.008725 0.006627 0.003515 0.010378 
-0.005946 -0.020203 0.019854 0.007026 
0.020655 -0.010052 -0.012787 0.019084 
0.014248 0.009897 -0.008729 0.014993 
-0.006891 0.005773 -0.008596 0.002631 
-0.001728 0.011043 -0.007813 0.007992 
-0.004852 0.001087 -0.004949 0.000486 
0.011270 0.016080 -0.018914 0.005276 
0.007851 0.014424 -0.012201 0.010992 
0.010972 0.015407 -0.017291 0.007667 
0.010683 0.001300 0.008267 0.006890 
0.006682 0.002623 0.005803 0.004226 
-0.001046 -0.003195 -0.000866 -0.003248 
-0.002162 -0.000999 -0.002133 -0.001059 
0.000368 -0.014315 0.012361 -0.007230 
-0.010544 0.013220 -0.014684 -0.008386 
0.002578 0.002319 0.002435 0.002469 
0.007055 0.001415 0.006465 0.003158 
-0.006757 -0.013581 0.009517 -0.011812 
-0.001598 0.019754 -0.017797 -0.008722 
0.001750 -0.000774 0.001764 -0.000742 
0.010643 -0.005332 0.011570 0.002801 
0.014839 -0.009163 0.010094 0.014223 
-0.018416 -0.012966 0.022520 -0.000346 
-0.015708 -0.009102 0.010055 -0.015115 
-0.009538 -0.006408 -0.003671 -0.010888 
-0.007976 0.001370 -0.007997 -0.001244 
-0.010051 0.014517 -0.014778 -0.009663 
0.001271 0.012969 -0.008820 0.009592 
0.012055 0.012968 -0.012751 0.012284 
0.005683 0.000173 0.005583 0.001077 
0.004479 -0.005099 0.005516 -0.003954 
0.004481 -0.007547 0.006969 -0.005336 
0.006921 0.000453 0.006618 0.002074 
0.007799 -0.004014 0.008733 -0.000825 
-0.004346 0.002450 -0.004614 0.001897 
0.015090 0.002234 0.004084 0.014698 
0.004101 0.010854 -0.003492 0.011065 
0.021455 -0.008451 -0.014644 0.017812 
0.017486 -0.003921 0.003569 0.017562 
-0.006889 0.007629 -0.009780 0.003164 
0.005032 0.007592 0.001581 0.008970 
0.000954 0.006218 -0.000276 0.006285 
-0.000814 0.015477 -0.014671 0.004997 
0.002901 0.006008 0.001517 0.006497 
-0.006629 -0.001437 -0.006133 -0.002898 
0.005341 -0.002280 0.005646 -0.001360 
0.001882 0.006233 0.000541 0.006489 
-0.003717 0.005391 -0.004770 0.004487 
0.002681 -0.003281 0.002962 -0.003030 
-0.018319 0.008335 0.000175 -0.020125 
0.012732 0.011424 -0.009799 0.014021 
-0.007192 -0.000118 -0.006927 -0.001937 
0.001693 0.000539 0.001684 0.000565 
-0.003837 -0.004196 -0.003119 -0.004754 
-0.000323 0.015009 -0.013628 0.006297 
-0.003842 0.008749 -0.007280 0.006190 
-0.009877 0.013818 -0.015074 -0.007829 
0.013977 -0.023520 -0.024416 0.012345 
0.010703 0.005742 0.004138 0.011419 
0.002063 0.006686 0.000396 0.006986 
0.003484 0.000223 0.003464 0.000433 
-0.002327 -0.001574 -0.002264 -0.001664 
0.007850 0.001612 0.006952 0.003986 
0.004499 0.001217 0.004342 0.001693 
0.005437 0.006878 0.002492 0.008406 
-0.011461 0.002608 -0.010529 -0.005224 
-0.008317 -0.007499 -0.002399 -0.010939 
0.004332 -0.014074 0.014438 -0.002896 
0.000393 -0.003822 0.000671 -0.003783 
-0.001082 -0.001928 -0.001035 -0.001953 
-0.009308 -0.009949 0.002270 -0.013434 
-0.011634 0.006235 -0.012301 -0.004786 
-0.013100 -0.013304 0.015178 -0.010873 
-0.009017 -0.017600 0.019662 -0.002114 
0.003543 0.004971 0.002571 0.005537 
-0.012402 0.008350 -0.013013 -0.007362 
-0.005594 -0.007510 -0.001914 -0.009167 
0.005984 0.010092 -0.001716 0.011607 
-0.003954 -0.017854 0.018127 -0.002410 
-0.020016 -0.013115 0.023030 0.006501 
-0.009395 -0.011537 0.005973 -0.013627 
-0.016987 -0.006982 0.008644 -0.016204 
-0.012944 -0.001248 -0.007734 -0.010454 
0.003822 -0.003046 0.004155 -0.002574 
0.002387 -0.002588 0.002541 -0.002437 
0.008709 0.007941 0.001683 0.011666 
0.001937 0.002468 0.001814 0.002560 
-0.001743 -0.004050 -0.001346 -0.004199 
-0.011285 -0.006939 -0.001982 -0.013099 
-0.004549 -0.009230 0.000685 -0.010267 
-0.007034 -0.010573 0.002670 -0.012415 
-0.004102 0.012001 -0.011449 0.005456 
0.005794 0.008708 0.000472 0.010449 
0.009710 0.002025 0.007631 0.006337 
-0.007054 -0.004802 -0.004905 -0.006983 
0.009005 0.021157 -0.018363 -0.013839 
-0.007509 0.008722 -0.011271 0.002330 
-0.002033 -0.007565 0.000325 -0.007827 
-0.009711 -0.009047 0.000687 -0.013254 
-0.009596 0.006560 -0.011596 -0.000809 
0.012574 -0.004057 0.011245 0.006935 
0.000668 -0.015615 0.014846 -0.004886 
0.003267 -0.003613 0.003668 -0.003205 
0.005692 -0.003277 0.006257 -0.001996 
-0.000037 -0.013579 0.010727 -0.008327 
-0.007001 0.007059 -0.009499 0.002937 
0.015759 -0.021501 -0.022592 0.014151 
0.011501 -0.011784 0.014076 0.008544 
-0.006482 0.012527 -0.014023 0.001516 
0.016715 0.012032 -0.018835 0.008331 
0.011890 -0.018200 0.004782 0.021207 
-0.000724 -0.010513 0.004878 -0.009341 
-0.014616 -0.011216 0.012761 -0.013288 
-0.006549 -0.013948 0.010359 -0.011407 
-0.011523 -0.012688 0.011274 -0.012910 
0.004979 0.003342 0.004308 0.004171 
0.013775 0.001680 0.006597 0.012209 
-0.004510 -0.000847 -0.004397 -0.001312 
0.001042 0.009283 -0.002943 0.008865 
0.013017 0.007938 -0.001951 0.015121 
0.000918 0.010200 -0.004267 0.009310 
0.005512 -0.001690 0.005714 -0.000764 
-0.005650 0.006072 -0.007354 0.003835 
-0.001807 0.002101 -0.001885 0.002031 
-0.009427 0.000729 -0.008830 -0.003380 
0.000632 0.011039 -0.005764 0.009436 
-0.013486 -0.004297 -0.003774 -0.013642 
-0.008393 0.015341 -0.015787 -0.007521 
-0.011825 0.004808 -0.011650 -0.005216 
0.006121 0.016912 -0.017097 0.005584 
0.019033 -0.007738 -0.002751 0.020361 
-0.007337 0.007217 -0.009965 0.002571 
0.010522 0.000604 0.008653 0.006017 
0.007634 0.006611 0.003481 0.009479 
0.013168 0.010580 -0.008386 0.014663 
0.007469 0.011984 -0.005893 0.012833 
-0.002566 0.001391 -0.002623 0.001281 
0.009858 -0.002916 0.009995 0.002403 
-0.011752 -0.007338 -0.000855 -0.013829 
-0.014101 -0.000689 -0.007194 -0.012148 
-0.000916 -0.001483 -0.000894 -0.001497 
0.010057 -0.004290 0.010739 0.002053 
-0.012328 0.000082 -0.009052 -0.008369 
0.009728 0.015829 -0.017026 0.007438 
-0.002838 0.013070 -0.011919 0.006067 
0.003075 0.005820 0.001765 0.006341 
0.005664 0.001091 0.005408 0.002006 
-0.005695 -0.000491 -0.005541 -0.001403 
-0.010537 -0.002180 -0.007668 -0.007548 
0.001889 0.000556 0.001877 0.000592 
-0.000891 0.007357 -0.002835 0.006847 
0.014198 -0.002771 0.009613 0.010810 
0.012027 -0.010873 0.013675 0.008711 
0.013765 0.000544 0.007678 0.011438 
-0.005630 -0.010387 0.002287 -0.011591 
-0.007505 0.008538 -0.011119 0.002365 
0.009373 -0.005938 0.011084 0.000501 
0.001561 -0.000305 0.001565 -0.000286 
0.005023 0.011475 -0.004468 0.011703 
-0.002718 0.008967 -0.006243 0.006987 
-0.002766 0.001410 -0.002830 0.001276 
0.001208 0.004966 0.000557 0.005080 
0.005431 -0.007052 0.007715 -0.004439 
-0.006911 -0.016666 0.016939 -0.006211 
-0.006737 -0.001323 -0.006248 -0.002846 
-0.004103 0.003876 -0.004661 0.003183 
-0.002878 0.003619 -0.003245 0.003294 
0.004631 -0.001060 0.004721 -0.000537 
0.004414 -0.004152 0.005093 -0.003285 
0.000759 -0.013146 0.010450 -0.008012 
0.010220 0.000851 0.008440 0.005824 
0.007819 -0.007284 0.010505 -0.001958 
-0.000958 0.000112 -0.000958 0.000108 
-0.001467 0.003887 -0.001794 0.003747 
-0.004807 0.002703 -0.005158 0.001951 
0.011314 0.006837 0.002126 0.013048 
-0.004320 -0.020292 0.019477 0.007144 
0.000933 -0.012413 0.009292 -0.008284 
-0.009591 -0.014794 0.014490 -0.010045 
-0.005647 0.001401 -0.005802 0.000439 
0.010391 0.007569 0.001573 0.012758 
0.001079 -0.017111 0.017123 -0.000884 
0.013281 -0.012092 0.011724 0.013607 
-0.004277 -0.001739 -0.004070 -0.002180 
-0.014145 -0.000817 -0.007023 -0.012305 
0.002179 -0.001337 0.002221 -0.001266 
0.004275 -0.000994 0.004350 -0.000583 
-0.002719 -0.007263 -0.000467 -0.007742 
-0.006806 0.013288 -0.014930 -0.000101 
-0.005593 0.009874 -0.010373 0.004601 
-0.005911 0.003303 -0.006503 0.001887 
-0.005562 0.000184 -0.005525 -0.000668 
0.001800 -0.006824 0.003413 -0.006178 
-0.004771 -0.006514 -0.002457 -0.007692 
0.002228 0.002042 0.002134 0.002141 
-0.000249 -0.007149 0.001551 -0.006983 
-0.007268 0.001869 -0.007502 -0.000204 
-0.006707 0.008313 -0.010117 0.003428 
-0.001708 -0.008046 0.001034 -0.008160 
-0.012604 -0.003993 -0.005124 -0.012188 
0.002916 0.009436 -0.001802 0.009711 
0.005047 -0.005607 0.006408 -0.003981 
0.002728 0.006734 0.000895 0.007210 
0.007856 0.009672 -0.001082 0.012413 
-0.003049 0.009052 -0.006697 0.006811 
0.002607 0.003596 0.002243 0.003833 
0.007457 0.002878 0.006191 0.005056 
0.010655 0.009090 -0.001498 0.013925 
-0.004954 -0.004512 -0.003837 -0.005494 
0.000419 0.008549 -0.002643 0.008141 
0.001229 0.003752 0.000936 0.003836 
0.003092 0.008111 -0.000079 0.008680 
0.005720 -0.015181 0.016152 0.001510 
-0.004585 -0.013376 0.008673 -0.011168 
0.008641 -0.002789 0.009038 0.000872 
0.013558 -0.013018 0.010392 0.015662 
0.016377 0.001800 0.001917 0.016364 
-0.001699 -0.005165 -0.000927 -0.005358 
-0.018643 0.004411 0.000286 -0.019155 
0.003525 -0.003443 0.003913 -0.002996 
-0.007473 0.007046 -0.009992 0.002376 
-0.002145 -0.008614 0.001294 -0.008782 
-0.003962 -0.013446 0.008889 -0.010839 
0.003594 -0.001906 0.003738 -0.001605 
0.000109 0.004510 -0.000346 0.004498 
0.003577 -0.009001 0.007233 -0.006443 
-0.010935 0.012774 -0.014441 -0.008615 
0.018878 0.014825 -0.022306 -0.008866 
0.005790 0.016253 -0.015622 0.007324 
0.001312 -0.007332 0.003253 -0.006701 
0.003367 0.003798 0.002856 0.004195 
0.004455 -0.010923 0.010385 -0.005595 
-0.008021 0.007497 -0.010848 0.001690 
0.013256 0.001834 0.006952 0.011434 
-0.004728 -0.010479 0.002630 -0.011191 
-0.002300 -0.000798 -0.002275 -0.000865 
0.010639 -0.000694 0.009367 0.005092 
-0.013788 -0.004002 -0.003790 -0.013848 
-0.002478 0.004970 -0.003205 0.004535 
0.007336 0.011212 -0.004087 0.012760 
0.007720 0.001907 0.006756 0.004193 
-0.001204 0.004822 -0.001783 0.004639 
-0.008931 0.003842 -0.009704 -0.000602 
-0.007013 -0.000942 -0.006567 -0.002635 
0.003953 0.001262 0.003831 0.001594 
0.003497 -0.006391 0.005038 -0.005262 
0.013098 -0.010701 0.012580 0.011305 
0.002267 -0.009028 0.005819 -0.007265 
-0.014547 -0.011199 0.012580 -0.013371 
-0.002365 -0.014818 0.012267 -0.008641 
0.006572 0.002264 0.005848 0.003758 
0.008782 0.006152 0.004078 0.009917 
-0.003700 0.004786 -0.004502 0.004040 
-0.000981 -0.004882 -0.000376 -0.004966 
0.009483 -0.014895 0.015139 0.009089 
-0.000730 0.000162 -0.000730 0.000160 
0.004177 0.002346 0.003884 0.002805 
0.011121 -0.010918 0.014185 0.006452 
-0.009737 -0.011869 0.007096 -0.013614 
-0.016689 0.006133 -0.006213 -0.016659 
0.001319 -0.010519 0.006678 -0.008233 
-0.014599 0.009500 -0.010469 -0.013921 
-0.000868 0.005742 -0.001810 0.005518 
0.007692 -0.011155 0.013528 -0.000779 
-0.000153 -0.003859 0.000132 -0.003860 
0.002770 0.000975 0.002726 0.001092 
-0.005485 0.010162 -0.010566 0.004659 
-0.009752 0.002880 -0.009912 -0.002268 
-0.009540 -0.004406 -0.005856 -0.008726 
-0.000047 -0.001681 -0.000023 -0.001681 
-0.012797 -0.010983 0.008775 -0.014401 
-0.002188 0.018259 -0.017931 -0.004078 
0.000804 0.013094 -0.009330 0.009223 
-0.003646 0.002959 -0.003947 0.002544 
0.001214 -0.001407 0.001238 -0.001386 
-0.004442 -0.006158 -0.002527 -0.007160 
0.007237 -0.000003 0.006996 0.001854 
-0.010387 -0.001545 -0.008073 -0.006717 
-0.006308 -0.003826 -0.005061 -0.005369 
-0.010883 -0.007563 -0.001237 -0.013195 
0.003116 0.000214 0.003102 0.000365 
-0.001119 0.004977 -0.001749 0.004792 
-0.008626 0.009757 -0.013023 0.000087 
0.013652 0.006100 0.000642 0.014939 
-0.009312 0.010595 -0.013976 -0.001912 
0.003362 -0.000573 0.003389 -0.000378 
0.009628 -0.004016 0.010324 0.001496 
-0.005579 -0.012194 0.005973 -0.012006 
0.001130 0.003312 0.000927 0.003375 
0.002483 0.004123 0.001994 0.004380 
0.001482 -0.001968 0.001540 -0.001923 
0.004785 0.005638 0.003102 0.006714 
0.005343 -0.004214 0.006161 -0.002888 
0.003017 0.009349 -0.001622 0.009689 
0.014626 0.010179 -0.010211 0.014604 
-0.001132 0.016475 -0.016326 0.002487 
-0.010249 0.013587 -0.014851 -0.008313 
-0.015738 -0.003377 -0.001221 -0.016050 
-0.002357 0.010770 -0.008042 0.007541 
0.014122 -0.002869 0.009744 0.010617 
-0.009580 -0.003440 -0.006656 -0.007701 
-0.008753 -0.005154 -0.005113 -0.008777 
0.007827 0.000666 0.007263 0.002991 
0.007374 -0.007037 0.009883 -0.002495 
-0.009679 0.018557 -0.009866 -0.018458 
-0.007617 0.010384 -0.012791 0.001495 
0.001513 -0.007088 0.003286 -0.006460 
-0.015149 0.007608 -0.009748 -0.013868 
-0.002399 -0.004170 -0.001906 -0.004418 
-0.015755 -0.007153 0.005746 -0.016321 
-0.011186 -0.005480 -0.004232 -0.011715 
0.002283 0.000054 0.002281 0.000113 
0.007333 0.003449 0.005846 0.005612 
-0.006909 -0.011349 0.004275 -0.012580 
-0.004751 0.018076 -0.017091 -0.007562 
-0.002213 0.006072 -0.003413 0.005488 
0.000394 -0.001628 0.000417 -0.001623 
-0.016424 0.013124 -0.001164 -0.020992 
0.012391 -0.003358 0.010933 0.006730 
0.002287 -0.014628 0.014008 -0.004794 
-0.012582 -0.004446 -0.004564 -0.012539 
0.007818 0.018495 -0.020072 -0.000532 
0.019505 -0.003784 -0.003812 0.019499 
-0.004111 0.011314 -0.010538 0.005818 
-0.005694 0.012774 -0.013753 0.002540 
-0.002396 0.006584 -0.003911 0.005814 
0.003775 -0.002830 0.004064 -0.002398 
-0.001986 -0.001373 -0.001946 -0.001430 
-0.002951 0.002401 -0.003115 0.002183 
0.007128 0.010726 -0.003000 0.012524 
0.012104 0.006184 0.002477 0.013364 
0.012509 -0.004743 0.011582 0.006695 
0.003950 0.001418 0.003811 0.001757 
-0.002671 -0.002927 -0.002435 -0.003126 
-0.005947 0.005757 -0.007525 0.003449 
0.014725 0.006619 -0.002297 0.015980 
0.001097 0.000407 0.001094 0.000414 
-0.009839 0.001500 -0.009385 -0.003314 
-0.008395 0.008240 -0.011715 0.001065 
-0.007840 -0.005686 -0.004461 -0.008596 
0.002975 0.005951 0.001609 0.006455 
0.011534 0.017037 -0.020526 0.001418 
0.011514 -0.000544 0.009441 0.006613 
0.004597 0.000558 0.004512 0.001043 
0.001036 -0.002946 0.001177 -0.002893 
0.010990 -0.010685 0.014162 0.005863 
-0.014564 -0.009416 0.008208 -0.015277 
0.000339 -0.007478 0.002376 -0.007099 
-0.002177 0.005119 -0.002933 0.004727 
0.010839 -0.009312 0.013644 0.004246 
0.009471 -0.005465 0.010909 0.000753 
-0.012556 -0.005216 -0.003512 -0.013135 
