0.009373 0.000672 0.008196 0.004597 
0.011654 0.028694 0.029370 -0.009829 
0.026914 0.012997 0.005489 -0.029380 
0.000763 0.028800 0.023668 -0.016426 
0.004664 0.020614 -0.019206 -0.008822 
-0.001580 -0.002388 -0.001481 -0.002450 
0.012054 -0.002785 0.010643 0.006307 
-0.008872 -0.014178 0.012380 -0.011245 
-0.001261 0.026591 0.011189 -0.024155 
-0.019691 0.013096 0.013866 -0.019157 
-0.015302 -0.015150 0.021503 -0.001138 
-0.014373 -0.014104 0.018939 -0.006844 
0.011520 0.002777 0.007031 0.009538 
0.019943 0.009378 -0.021156 0.006175 
-0.017738 -0.002621 0.003150 -0.017652 
-0.003232 -0.006019 -0.001759 -0.006601 
0.006665 -0.012390 0.014009 -0.001291 
-0.003121 -0.017376 0.017313 -0.003453 
-0.027366 -0.007282 0.012569 0.025377 
0.002352 -0.017951 0.017774 0.003443 
0.002420 0.014584 -0.011793 0.008914 
-0.015244 -0.000182 -0.005962 -0.014031 
0.010134 -0.015899 0.013582 0.013077 
-0.017632 0.016760 0.014042 -0.019865 
0.003271 -0.008951 0.006852 -0.006623 
0.017629 -0.015031 -0.008920 0.021381 
0.005481 0.014795 -0.012205 0.009998 
0.014886 -0.031500 0.006966 -0.034136 
-0.003906 -0.013881 0.009944 -0.010443 
-0.004619 0.002178 -0.004862 0.001562 
-0.002080 -0.009576 0.002559 -0.009459 
-0.020885 0.003027 0.010162 -0.018495 
0.008091 0.024409 -0.004341 -0.025346 
-0.007924 0.012425 -0.014691 -0.001148 
-0.010197 -0.002086 -0.007678 -0.007027 
-0.011964 -0.011462 0.008799 -0.014039 
-0.004455 0.000825 -0.004516 0.000366 
0.024563 0.007677 -0.023078 -0.011387 
0.019473 -0.013322 -0.013337 0.019464 
0.010404 0.005053 0.005059 0.010401 
0.029387 0.008121 0.005605 -0.029969 
0.008155 -0.031428 -0.022854 -0.023064 
0.020526 -0.002581 -0.008713 0.018763 
0.001801 -0.017238 0.017324 0.000498 
0.005165 -0.014073 0.014916 -0.001499 
-0.012392 -0.010647 0.007367 -0.014582 
-0.021662 0.005795 0.013946 -0.017560 
0.002597 -0.001233 0.002646 -0.001125 
0.002174 0.002979 0.001967 0.003119 
0.015119 -0.006908 0.009710 0.013492 
0.006986 0.014226 -0.011303 0.011110 
-0.002202 -0.030476 -0.030271 0.004159 
-0.000599 -0.016943 0.016695 -0.002954 
-0.010398 0.009782 -0.013797 -0.003667 
0.011456 -0.011656 0.014054 0.008343 
0.007183 -0.017566 0.015550 0.010879 
-0.018595 0.004342 0.000288 -0.019093 
0.038805 0.012200 -0.025835 0.031419 
-0.015254 -0.008156 0.006893 -0.015865 
-0.011354 0.012869 -0.013983 -0.009950 
-0.011122 0.020692 0.002320 -0.023376 
0.007313 -0.008577 0.010969 -0.002594 
0.001379 -0.014020 0.012464 -0.006565 
0.012449 -0.001290 0.009758 0.007836 
0.002009 0.006626 0.000386 0.006913 
0.008360 -0.018121 0.013258 0.014916 
0.019631 -0.004528 -0.004458 0.019647 
0.001387 -0.006224 0.002610 -0.005818 
-0.023239 -0.020401 -0.021499 0.022227 
0.002569 0.006701 0.000785 0.007134 
0.020557 -0.023372 -0.020949 -0.023022 
0.015812 0.029645 0.030713 0.013621 
-0.021865 -0.023150 -0.029062 0.013015 
0.002094 0.005958 0.000878 0.006254 
-0.004973 -0.020469 0.019402 0.008202 
-0.018614 -0.002866 0.006418 -0.017706 
0.010986 0.012511 -0.010201 0.013158 
0.010107 0.013760 -0.012454 0.011678 
0.005054 0.010321 -0.002307 0.011258 
-0.003527 -0.021123 0.018290 0.011141 
-0.006341 -0.001099 -0.005982 -0.002374 
0.013051 0.000743 0.008048 0.010300 
0.014581 -0.005215 0.010215 0.011638 
-0.012574 0.000368 -0.009131 -0.008652 
0.003144 -0.001326 0.003216 -0.001142 
0.004949 -0.012771 0.013211 -0.003616 
-0.011209 -0.013703 0.013586 -0.011351 
0.031104 0.013762 0.033818 -0.003636 
-0.003359 0.032834 0.022689 0.023970 
-0.003045 0.001005 -0.003092 0.000848 
0.017069 0.008925 -0.013242 0.013987 
0.009681 0.003031 0.006952 0.007388 
0.002974 -0.015315 0.015383 -0.002597 
-0.008543 0.016046 -0.015367 -0.009710 
-0.012529 0.011734 -0.012969 -0.011245 
0.004049 -0.001835 0.004210 -0.001429 
0.008280 -0.003414 0.008956 0.000074 
0.001777 -0.004758 0.002372 -0.004492 
0.007861 -0.004234 0.008886 -0.000867 
-0.024193 -0.006744 0.024201 0.006715 
0.007014 0.024341 -0.005716 -0.024678 
0.006901 0.016745 -0.017142 0.005845 
-0.005543 -0.012057 0.005721 -0.011973 
-0.013637 0.003191 -0.010279 -0.009512 
-0.000910 0.014118 -0.012348 0.006906 
-0.007106 0.002770 -0.007601 0.000626 
0.013929 -0.013052 0.009314 0.016662 
0.013949 0.005710 0.000771 0.015053 
-0.011701 0.013523 -0.013272 -0.011984 
-0.010974 0.000289 -0.009220 -0.005957 
0.002373 0.025676 0.001969 -0.025710 
-0.007704 0.000024 -0.007377 -0.002221 
-0.010607 0.016925 -0.011205 -0.016535 
-0.004468 0.020342 -0.014438 -0.015010 
0.007712 -0.012308 0.014513 0.000570 
-0.034883 -0.008829 -0.032989 -0.014370 
0.010311 -0.012843 0.014786 0.007255 
0.012777 -0.026246 -0.029187 0.000500 
-0.007591 -0.014607 0.012580 -0.010617 
-0.018987 -0.008560 0.017664 -0.011036 
-0.005338 0.002545 -0.005698 0.001581 
-0.002231 0.008517 -0.005272 0.007051 
-0.001592 0.010891 -0.007489 0.008067 
0.016699 0.011179 -0.017224 0.010352 
-0.033586 -0.009702 -0.034840 -0.002873 
-0.002646 -0.009429 0.001983 -0.009590 
-0.016257 0.002465 -0.006026 -0.015299 
-0.017651 0.004336 -0.003020 -0.017924 
0.002341 0.004458 0.001761 0.004718 
0.013536 -0.013961 0.009135 0.017167 
0.010705 0.018461 -0.021029 -0.003630 
-0.006080 0.005806 -0.007709 0.003355 
-0.022310 -0.013667 0.017927 0.019056 
-0.008272 0.004728 -0.009506 0.000641 
-0.014485 0.005875 -0.010537 -0.011546 
-0.009709 0.020973 -0.001131 -0.023083 
0.013415 0.017073 -0.021581 -0.002390 
-0.010902 -0.024628 -0.001424 0.026895 
-0.027930 -0.002210 0.018591 0.020960 
-0.002171 -0.020701 0.018446 0.009643 
-0.001291 0.007799 -0.003617 0.007029 
-0.007866 0.007909 -0.010997 0.001872 
-0.019166 0.000275 0.004633 -0.018600 
0.005011 0.004913 0.003669 0.005982 
0.018621 0.009636 -0.018640 0.009600 
-0.001697 0.020003 -0.017420 -0.009976 
-0.013367 -0.015603 0.020222 -0.003632 
-0.005364 -0.027112 -0.012417 0.024692 
-0.018097 0.009448 0.000467 -0.020409 
0.000818 0.002848 0.000693 0.002881 
-0.003630 0.006461 -0.005240 0.005241 
-0.002774 0.009810 -0.007263 0.007154 
0.003540 0.004615 0.002716 0.005143 
-0.007935 0.005326 -0.009467 0.001300 
0.016987 0.009888 -0.015145 0.012528 
-0.010909 0.013761 -0.014140 -0.010413 
-0.008231 0.022356 0.000871 -0.023807 
-0.022029 0.003862 0.015179 -0.016426 
0.024171 0.026455 0.021130 0.028942 
-0.003704 0.023138 -0.005781 -0.022708 
0.006615 -0.004541 0.007709 -0.002226 
-0.031699 0.021826 -0.033995 -0.018041 
0.010499 0.022036 -0.014184 -0.019865 
0.029603 0.011263 0.019056 -0.025300 
0.024670 -0.002230 -0.024383 0.004364 
-0.001321 0.003236 -0.001516 0.003150 
-0.025746 -0.016006 -0.012341 0.027690 
-0.009333 0.003757 -0.009986 -0.001216 
-0.006101 0.006074 -0.007881 0.003465 
-0.000447 -0.016339 0.015761 -0.004330 
-0.023177 0.013913 0.027006 -0.001196 
-0.007136 -0.020236 0.019908 0.008005 
-0.028175 0.024658 -0.037431 0.000861 
-0.017585 0.005175 -0.003358 -0.018020 
0.010911 0.006534 0.002850 0.012394 
0.014608 -0.033788 0.028153 -0.023716 
0.018246 -0.019681 -0.024931 0.009933 
0.006329 -0.039173 0.039263 0.005749 
0.021687 -0.016812 -0.027403 0.001435 
0.015723 0.013435 -0.019726 0.006213 
-0.011323 -0.011819 0.008829 -0.013782 
0.014357 0.045067 0.046644 -0.007838 
-0.024265 0.009698 0.025937 -0.003185 
-0.019367 0.023455 0.025376 0.016771 
0.007954 0.015081 -0.013985 0.009752 
-0.016744 0.005823 -0.005927 -0.016708 
-0.029502 -0.013407 -0.026209 0.019058 
-0.027554 0.002548 0.023173 0.015123 
-0.002028 0.032751 0.024882 0.021393 
-0.007980 -0.011986 0.006196 -0.012998 
0.015363 0.011349 -0.014742 0.012145 
-0.006013 -0.009763 0.001174 -0.011406 
0.001312 -0.004370 0.001757 -0.004211 
-0.006967 0.003862 -0.007822 0.001506 
-0.010798 -0.008862 0.001226 -0.013915 
0.025038 0.026234 0.017318 0.031862 
0.008959 0.003241 0.006645 0.006828 
0.021549 0.007221 -0.022039 0.005552 
0.022081 -0.006024 -0.015947 0.016418 
0.000052 -0.016963 0.016808 -0.002288 
0.016590 -0.017560 -0.012018 0.020956 
-0.007737 -0.005826 -0.004286 -0.008685 
-0.005621 0.033149 0.015745 0.029707 
-0.007442 -0.013773 0.010378 -0.011721 
-0.000177 0.018882 -0.018453 -0.004006 
0.003188 -0.004985 0.004004 -0.004357 
-0.004556 0.005354 -0.005722 0.004083 
0.017651 0.006975 -0.010699 0.015676 
0.016755 0.010819 -0.016596 0.011061 
-0.003842 0.010293 -0.008988 0.006318 
0.026986 0.002661 -0.022109 -0.015700 
-0.006847 -0.010821 0.003195 -0.012400 
0.022549 0.013763 -0.016817 -0.020373 
-0.013218 -0.007508 0.001460 -0.015131 
-0.016186 0.018051 0.011961 -0.021090 
0.010070 0.010767 -0.004777 0.013947 
0.005436 -0.018954 0.015767 0.011841 
0.002512 0.006354 0.000981 0.006762 
-0.013045 0.014077 -0.010203 -0.016255 
-0.006959 -0.025496 -0.001831 0.026365 
-0.004735 -0.009637 0.001257 -0.010664 
-0.005359 0.022522 -0.005497 -0.022489 
0.024373 -0.007329 -0.024898 0.005278 
0.021222 0.009405 -0.023192 0.000974 
-0.013359 0.012493 -0.011175 -0.014479 
-0.003666 0.011871 -0.010887 0.005987 
0.000286 -0.002646 0.000379 -0.002635 
-0.005299 0.006317 -0.007096 0.004199 
-0.000258 0.006213 -0.001441 0.006049 
-0.007196 -0.017190 0.018108 -0.004400 
-0.017095 -0.002536 0.001096 -0.017248 
0.000076 0.005225 -0.000633 0.005187 
0.014257 -0.003649 0.009957 0.010836 
0.003262 -0.003866 0.003726 -0.003420 
-0.016401 0.009302 -0.005873 -0.017917 
-0.010407 0.010370 -0.014074 -0.004215 
-0.014302 -0.002026 -0.005510 -0.013353 
0.031205 -0.012217 0.016219 -0.029324 
-0.011658 -0.035720 0.015669 -0.034152 
-0.017773 0.021354 0.027356 -0.004850 
-0.007805 0.012427 -0.014646 -0.000911 
-0.007394 -0.027760 -0.018655 0.021847 
0.014606 -0.024931 -0.028885 0.000747 
0.002251 0.003073 0.002023 0.003227 
0.007796 -0.021286 0.005216 0.022061 
-0.007757 -0.010116 0.001967 -0.012595 
-0.004276 0.006225 -0.005849 0.004778 
0.001300 -0.009440 0.005293 -0.007924 
-0.014446 -0.005303 -0.000616 -0.015376 
-0.002919 0.014747 -0.014565 0.003723 
0.001545 -0.020723 0.016500 0.012632 
-0.029323 -0.000621 0.011650 0.026917 
-0.003926 0.006812 -0.005806 0.005303 
0.034749 0.004773 0.035067 -0.000767 
0.016297 -0.005306 0.007038 0.015627 
0.009318 -0.014206 0.015322 0.007341 
0.015110 -0.010244 0.008871 0.015955 
-0.023417 -0.026652 -0.023866 -0.026250 
0.005123 -0.006909 0.007268 -0.004601 
0.006019 -0.011331 0.012389 -0.003335 
0.003681 0.025416 -0.000053 -0.025681 
-0.000636 0.009203 -0.004363 0.008128 
-0.014362 0.002629 -0.009300 -0.011255 
-0.008104 0.014120 -0.015691 -0.004337 
-0.012800 -0.008544 0.003010 -0.015092 
0.012378 0.004252 0.004940 0.012120 
0.012853 0.018866 -0.020793 -0.009422 
0.011665 -0.020481 -0.003334 0.023333 
0.000056 -0.007345 0.002003 -0.007066 
-0.016575 -0.015623 0.022336 0.004462 
-0.007291 0.022060 -0.003129 -0.023022 
0.023665 -0.014589 -0.027473 -0.004253 
-0.033711 0.011325 -0.033856 0.010884 
-0.013719 -0.004554 -0.003013 -0.014138 
-0.008389 0.002687 -0.008783 -0.000672 
0.016803 0.008745 -0.012138 0.014543 
0.000277 -0.002006 0.000318 -0.002000 
-0.022010 -0.009675 0.023771 0.003603 
0.002212 0.023331 -0.011274 -0.020545 
-0.006594 0.006609 -0.008762 0.003224 
0.019167 0.005474 -0.012619 0.015431 
-0.033484 0.008995 -0.029353 0.018452 
-0.017985 0.024313 0.026857 0.013903 
-0.015998 0.022129 0.025414 -0.009986 
-0.017868 0.030296 -0.013971 0.032278 
-0.029207 -0.001626 0.011300 0.026982 
0.006978 -0.000231 0.006829 0.001452 
-0.014211 0.024084 0.026827 -0.007893 
0.002040 0.019703 -0.019040 -0.005464 
-0.004783 -0.020041 0.019632 0.006252 
0.018901 0.003743 -0.008777 0.017153 
0.001117 0.006026 -0.000023 0.006129 
0.000232 -0.008064 0.002787 -0.007570 
0.007259 -0.001133 0.007300 0.000835 
-0.022754 -0.004862 0.022623 -0.005436 
0.008724 0.007607 0.002148 0.011373 
0.013207 -0.019417 -0.004689 0.023010 
0.005764 0.020013 -0.019846 -0.006315 
0.023128 0.006670 -0.024064 -0.000570 
0.009675 -0.039211 0.035279 0.019660 
0.017235 0.005639 -0.006769 0.016823 
0.001050 0.003970 0.000713 0.004044 
-0.002933 -0.010852 0.004015 -0.010500 
-0.022930 0.009214 0.021882 -0.011484 
-0.009122 0.018847 -0.010189 -0.018292 
-0.001974 0.000278 -0.001979 0.000238 
0.001413 0.016160 -0.015249 0.005532 
0.013333 -0.031004 -0.006921 -0.033032 
-0.003253 -0.009687 0.001989 -0.010023 
-0.022880 -0.003916 0.022247 -0.006626 
0.007582 0.003975 0.005664 0.006419 
-0.002367 0.000614 -0.002384 0.000543 
0.009324 -0.025943 -0.023000 0.015197 
-0.029385 0.011271 0.004619 0.031132 
0.006618 -0.005818 0.008324 -0.002893 
-0.003681 -0.002756 -0.003371 -0.003127 
-0.022983 -0.004302 0.022742 -0.005436 
-0.003136 0.004556 -0.003790 0.004027 
-0.019002 0.022608 0.027952 0.009534 
0.004864 -0.021729 0.009747 0.020020 
-0.033626 -0.007414 -0.033974 0.005605 
0.009133 0.009558 -0.001417 0.013143 
0.000131 0.000070 0.000131 0.000070 
0.010564 0.001858 0.007871 0.007287 
0.016397 0.005304 -0.003773 0.016816 
-0.033599 0.006912 -0.027756 0.020156 
0.006095 0.024935 -0.002587 -0.025539 
-0.003190 0.018688 -0.017552 -0.007166 
0.007941 0.018591 -0.020180 -0.001216 
-0.010507 0.008079 -0.012937 -0.002879 
-0.011612 -0.016340 0.019692 -0.003749 
-0.014618 -0.017495 0.021635 0.007189 
-0.028332 -0.001822 0.016851 0.022848 
-0.000783 -0.013891 0.010961 -0.008568 
0.003862 0.005168 0.002716 0.005852 
0.010069 0.005103 0.005085 0.010079 
0.016984 -0.008805 0.004305 0.018641 
0.003302 -0.011298 0.009737 -0.006614 
0.009159 -0.022333 -0.003565 0.023873 
0.012900 -0.034326 0.025550 -0.026304 
0.032166 -0.001309 0.012729 -0.029569 
0.002081 -0.005821 0.003144 -0.005323 
-0.020328 0.009837 0.011171 -0.019626 
0.012682 -0.002176 0.010209 0.007831 
0.015939 -0.010455 0.006399 0.017956 
-0.023398 0.006589 0.021624 -0.011104 
0.019995 0.029141 0.021846 0.027781 
0.007430 0.012357 -0.006833 0.012697 
0.012310 -0.010288 0.013373 0.008862 
-0.031044 0.011917 -0.013740 0.030281 
0.005795 0.030505 0.030896 -0.003102 
0.007368 -0.000503 0.007233 0.001491 
-0.015702 0.004379 -0.008097 -0.014148 
-0.004660 -0.005712 -0.002964 -0.006750 
-0.001806 0.019880 -0.017484 -0.009632 
0.022412 0.006461 -0.023054 0.003541 
0.002254 0.014716 -0.012123 0.008642 
-0.017618 -0.016975 0.020121 0.013918 
-0.029056 -0.012319 -0.019029 0.025178 
0.003788 -0.026334 -0.013340 0.023019 
0.005630 0.002767 0.004984 0.003810 
-0.018108 0.025328 0.023108 0.020867 
-0.018535 0.040328 0.032243 -0.030501 
-0.020884 0.021620 0.025562 0.015816 
-0.009233 0.023625 0.010670 -0.023012 
0.003362 0.000599 0.003322 0.000793 
0.005695 0.004540 0.004313 0.005869 
0.012072 -0.013360 0.012825 0.012639 
0.011021 -0.014431 0.013616 0.012014 
-0.004738 -0.010378 0.002486 -0.011134 
-0.006266 -0.005321 -0.004158 -0.007091 
-0.014933 0.013333 -0.006000 -0.019099 
0.010647 0.002666 0.007284 0.008210 
0.008482 -0.013742 0.015518 0.004470 
0.015345 -0.011634 0.007025 0.017930 
0.001159 -0.010803 0.006955 -0.008348 
0.019752 -0.001230 -0.006168 0.018805 
-0.007234 -0.006321 -0.003681 -0.008873 
-0.009594 0.015381 -0.014723 -0.010576 
0.004605 -0.006394 0.006332 -0.004690 
-0.014035 -0.008106 0.004178 -0.015660 
0.005325 -0.010736 0.011059 -0.004616 
0.005209 -0.019925 0.014401 0.014723 
-0.026396 -0.013193 -0.002544 0.029399 
-0.031825 -0.024563 0.030192 -0.026546 
-0.039746 -0.009425 0.025875 -0.031609 
-0.009238 -0.024064 0.005130 0.025261 
0.009861 -0.014125 0.014983 0.008500 
-0.002382 -0.026591 -0.008333 0.025363 
0.015277 0.003006 0.002628 0.015346 
0.007148 -0.003421 0.007853 -0.001056 
0.002054 -0.004545 0.002600 -0.004257 
0.004875 -0.007385 0.007316 -0.004978 
0.011598 -0.000786 0.009560 0.006612 
-0.015063 0.005702 -0.009634 -0.012907 
-0.010365 0.000583 -0.009207 -0.004797 
0.004781 0.009869 -0.001612 0.010846 
0.012625 -0.004789 0.011545 0.007001 
-0.000056 0.014285 -0.012172 0.007478 
0.005029 0.002057 0.004673 0.002771 
0.006036 -0.002626 0.006458 -0.001273 
-0.007582 0.012153 -0.014324 -0.000122 
-0.003551 -0.016967 0.016653 -0.004810 
-0.026493 -0.006202 0.019456 0.019021 
-0.004080 -0.015180 0.012944 -0.008918 
0.010734 0.024323 -0.001017 -0.026567 
0.026400 -0.012590 -0.022881 -0.018220 
0.008734 -0.015443 0.015475 0.008678 
0.014857 0.005891 -0.001252 0.015934 
0.004976 0.009893 -0.001594 0.010958 
0.016330 -0.016612 -0.007698 0.021986 
-0.021450 -0.009237 0.023350 -0.000456 
0.011995 -0.002016 0.010240 0.006564 
0.009270 -0.017375 0.012997 0.014795 
0.017727 -0.028946 0.000066 -0.033942 
-0.038803 -0.009266 0.011935 -0.038067 
-0.025931 -0.003468 0.024108 0.010163 
0.006271 -0.009695 0.010912 -0.003774 
0.000411 -0.002878 0.000531 -0.002858 
-0.002775 0.011310 -0.009236 0.007094 
0.026230 0.003761 -0.023299 -0.012620 
-0.005270 -0.005999 -0.003134 -0.007344 
-0.026663 0.005063 0.025607 0.008990 
-0.016143 -0.008666 0.010239 -0.015193 
0.015675 -0.011966 0.005575 0.018916 
-0.014458 0.002288 -0.008986 -0.011556 
-0.000735 0.022641 -0.011926 -0.019260 
-0.014694 0.021909 0.020889 -0.016111 
-0.004501 0.027743 0.022892 -0.016305 
0.007717 -0.012707 0.014825 0.001120 
-0.023268 0.004477 0.020364 -0.012114 
0.005301 0.010082 -0.001836 0.011242 
-0.001814 0.006930 -0.003506 0.006247 
0.007407 -0.024153 -0.008270 0.023872 
-0.005919 -0.020725 0.019276 0.009645 
-0.017359 -0.018738 0.015267 0.020478 
-0.001402 -0.007762 0.001030 -0.007820 
-0.016956 0.012995 0.001010 -0.021339 
0.013430 -0.002951 0.010292 0.009119 
-0.027138 -0.015222 -0.018049 0.025346 
-0.016050 0.031698 -0.016100 0.031673 
-0.004519 -0.013064 0.008012 -0.011264 
0.011409 0.017450 -0.020846 -0.000293 
-0.008396 -0.013181 0.009442 -0.012453 
0.006178 -0.002727 0.006633 -0.001266 
-0.001237 -0.007372 0.000835 -0.007429 
-0.003332 0.005305 -0.004298 0.004557 
-0.004418 -0.020324 0.019400 0.007498 
0.003541 0.025136 -0.001867 -0.025316 
-0.008800 0.008200 -0.012024 0.000358 
-0.000403 0.001406 -0.000418 0.001401 
0.019742 -0.008397 -0.006716 0.020375 
-0.023700 -0.004653 0.024130 -0.001050 
-0.017202 -0.001290 -0.000248 -0.017249 
-0.011030 0.008273 -0.013160 -0.004112 
-0.011902 0.012367 -0.013537 -0.010552 
0.009918 0.004475 0.005757 0.009233 
0.002011 -0.012197 0.009866 -0.007448 
0.000632 -0.008162 0.003270 -0.007505 
-0.026318 0.000905 0.025334 0.007188 
0.006022 0.013440 -0.009013 0.011648 
-0.026356 -0.004064 0.022708 0.013982 
-0.002036 -0.004583 -0.001448 -0.004801 
-0.005318 -0.004636 -0.004019 -0.005799 
0.003445 -0.003060 0.003749 -0.002679 
-0.018409 -0.025184 -0.027393 0.014925 
0.021796 0.026613 0.030309 0.016270 
-0.015066 -0.008152 0.006450 -0.015869 
0.006310 -0.006700 0.008499 -0.003530 
0.005855 -0.002108 0.006151 -0.000947 
-0.030036 0.017103 -0.022731 0.026038 
0.005689 0.031515 0.031289 0.006825 
-0.021600 0.001417 0.013884 -0.016607 
0.002539 0.000561 0.002519 0.000646 
-0.004710 0.031687 0.027404 0.016591 
0.016562 -0.007436 0.006257 0.017043 
-0.004614 -0.020459 0.019339 0.008116 
-0.020140 0.006293 0.007095 -0.019872 
0.007371 0.030340 0.031075 -0.003036 
-0.010995 0.000584 -0.009384 -0.005760 
-0.001917 0.006584 -0.003392 0.005960 
-0.012128 -0.011781 0.009871 -0.013728 
-0.017769 0.016089 0.012609 -0.020386 
-0.025329 -0.011699 0.010978 0.025649 
-0.028444 0.007879 0.017758 0.023576 
-0.002864 0.031939 0.028195 0.015276 
-0.006761 -0.007409 -0.002373 -0.009745 
0.025490 0.010367 -0.014530 -0.023369 
0.007000 0.016937 -0.017558 0.005252 
0.001706 -0.012069 0.009395 -0.007765 
0.011808 0.013795 -0.014595 0.010803 
0.001284 0.017910 -0.017944 0.000668 
0.001591 0.000499 0.001584 0.000521 
-0.008124 0.011210 -0.013844 -0.000146 
-0.004307 -0.029710 -0.027995 0.010841 
-0.029897 -0.008868 -0.012638 0.028508 
0.007299 -0.019201 0.012877 0.016005 
-0.026597 -0.017901 -0.026929 0.017398 
-0.008828 -0.020365 0.019760 0.010111 
0.013860 -0.011186 0.011067 0.013955 
0.011672 -0.011579 0.013892 0.008793 
0.008263 -0.013170 0.015259 0.002982 
-0.000263 -0.011919 0.007547 -0.009229 
0.004933 -0.013671 0.014317 -0.002501 
0.005632 -0.009721 0.010271 -0.004553 
-0.005572 -0.020676 0.019293 0.009291 
0.015423 0.022516 -0.000927 -0.027276 
-0.005521 0.016179 -0.016709 -0.003613 
-0.031401 -0.006105 -0.017372 0.026861 
-0.025908 0.003831 0.025981 0.003298 
-0.000463 0.012115 -0.008440 0.008704 
-0.004916 0.016711 -0.016976 -0.003902 
0.015484 0.015565 -0.021932 -0.001014 
-0.016642 0.023857 0.028915 0.003168 
-0.018354 -0.002370 0.004805 -0.017872 
0.002364 0.003269 0.002091 0.003449 
0.024191 0.016630 0.005259 -0.028881 
0.015780 -0.025989 -0.027567 -0.012826 
0.027543 0.003741 -0.018556 -0.020695 
0.002320 0.019820 -0.019092 -0.005806 
-0.019766 0.001458 0.006069 -0.018868 
0.029252 0.017228 0.033945 -0.000452 
-0.003119 0.034022 0.012692 0.031720 
-0.005640 -0.007877 -0.001487 -0.009574 
0.015767 0.006422 -0.004360 0.016457 
0.019197 0.009636 -0.019953 0.007954 
-0.018348 -0.002165 0.004501 -0.017919 
-0.000139 -0.011480 0.006894 -0.009180 
-0.017791 -0.014269 0.022632 0.002817 
0.010618 -0.000059 0.009020 0.005603 
-0.002771 -0.005076 -0.001891 -0.005465 
-0.011893 -0.004457 -0.005053 -0.011652 
-0.007130 0.005988 -0.008981 0.002456 
0.001801 -0.008470 0.004767 -0.007230 
-0.012968 0.008382 -0.012628 -0.008885 
-0.007178 0.026178 0.019361 -0.019025 
0.029474 0.003791 -0.005553 -0.029193 
-0.010145 0.001628 -0.009593 -0.003682 
0.014555 -0.012703 0.008059 0.017558 
0.011508 0.002377 0.007385 0.009140 
0.019580 -0.006253 -0.004551 0.020043 
-0.019194 -0.016797 0.017474 0.018580 
0.001754 -0.000992 0.001773 -0.000956 
0.000201 0.012614 -0.008840 0.009000 
0.007480 0.014865 -0.013163 0.010182 
0.002315 -0.000178 0.002319 -0.000116 
-0.015113 0.014566 -0.003020 -0.020771 
0.003668 0.003672 0.003144 0.004129 
-0.001622 -0.020578 0.018386 0.009383 
-0.013686 0.022567 0.020197 -0.016990 
-0.011779 0.004227 -0.011348 -0.005275 
-0.007084 -0.009890 0.001399 -0.012085 
0.007092 -0.010049 0.012047 -0.002481 
-0.006649 -0.015115 0.013366 -0.009697 
-0.017623 0.002049 -0.002115 -0.017615 
-0.000624 0.013432 -0.010911 0.007859 
0.021573 -0.000695 -0.014171 0.016280 
0.000332 -0.014599 0.012908 -0.006827 
0.012679 -0.015256 0.009321 0.017511 
-0.001038 0.013745 -0.011755 0.007199 
-0.007851 -0.005397 -0.004706 -0.008283 
-0.013442 -0.011692 0.011817 -0.013332 
-0.005166 -0.008164 -0.000960 -0.009614 
0.007552 0.006327 0.003748 0.009111 
0.009798 -0.010549 0.014082 0.002996 
0.012439 -0.022032 -0.013424 0.021446 
0.005394 0.039974 -0.040084 -0.004510 
-0.015281 -0.005058 0.000624 -0.016084 
-0.014165 0.002474 -0.009420 -0.010865 
-0.011137 -0.001805 -0.007906 -0.008049 
-0.003338 -0.002842 -0.003051 -0.003148 
-0.015035 0.017207 0.003998 -0.022497 
0.020356 0.012754 -0.023013 -0.006887 
0.019951 0.008008 -0.019272 0.009525 
-0.017389 -0.000660 -0.000441 -0.017396 
0.001041 -0.006642 0.002497 -0.006242 
0.006438 -0.008317 0.009839 -0.003718 
-0.006555 -0.000511 -0.006295 -0.001900 
0.008224 0.006086 0.004102 0.009372 
0.002117 0.001128 0.002084 0.001188 
0.002123 0.014312 -0.011289 0.009051 
0.002875 -0.024012 0.002673 0.024035 
-0.016354 0.030116 -0.002092 0.034206 
0.008356 0.029666 0.029803 -0.007857 
0.017925 -0.020231 -0.025391 0.009268 
0.003331 -0.012885 0.012063 -0.005621 
0.004685 -0.002604 0.005008 -0.001910 
0.027071 0.001518 -0.022764 -0.014730 
-0.008984 0.001584 -0.008862 -0.002166 
-0.001027 0.001935 -0.001073 0.001910 
0.010119 -0.002099 0.009786 0.003321 
0.009954 0.017100 -0.019568 0.002934 
-0.046479 0.011874 -0.010063 0.046905 
0.000961 -0.014255 0.012624 -0.006689 
0.021189 0.002127 -0.015081 0.015035 
0.005179 0.013501 -0.009032 0.011292 
-0.003759 0.025464 0.007691 -0.024564 
-0.008308 -0.046796 -0.047395 -0.003552 
0.000084 -0.025450 -0.002194 0.025355 
0.002395 -0.013909 0.012952 -0.005608 
0.020041 0.018194 -0.008710 -0.025628 
-0.008850 0.015326 -0.015426 -0.008675 
-0.010792 0.024804 0.021382 -0.016568 
0.039589 -0.004773 0.002306 0.039809 
-0.008605 0.016425 -0.015053 -0.010828 
-0.010279 0.002786 -0.010174 -0.003146 
-0.013831 0.015301 -0.005874 -0.019771 
-0.011319 0.020800 0.003502 -0.023420 
-0.013726 0.002282 -0.009703 -0.009973 
0.012639 -0.004352 0.011340 0.007078 
-0.004509 -0.013172 0.008260 -0.011207 
-0.020186 0.013420 0.016835 -0.017441 
-0.014208 0.019364 0.008532 -0.022451 
-0.000354 0.025619 0.003587 -0.025369 
-0.013033 0.004282 -0.011169 -0.007965 
-0.006029 -0.003849 -0.004865 -0.005244 
0.011878 0.024045 -0.000527 -0.026814 
0.019437 -0.013598 -0.013785 0.019304 
0.013434 -0.013384 0.010137 0.016026 
-0.026750 -0.017066 -0.024209 0.020511 
0.008256 -0.029951 -0.029055 -0.011000 
0.000346 -0.019269 0.018433 0.005625 
0.001655 -0.005040 0.002343 -0.004760 
-0.000721 0.012413 -0.009156 0.008412 
0.004988 0.012651 -0.007050 0.011628 
0.027471 -0.008968 -0.022095 -0.018626 
-0.017360 0.020947 0.025688 -0.008959 
0.001125 -0.007501 0.003198 -0.006877 
0.009329 -0.015690 0.014809 0.010671 
0.018373 0.003541 -0.006638 0.017494 
-0.009085 -0.030791 -0.031826 -0.004209 
0.006506 -0.005414 0.007987 -0.002801 
-0.011432 -0.015178 0.017360 -0.007727 
0.027472 0.002810 -0.020075 -0.018963 
-0.006082 0.005519 -0.007560 0.003207 
-0.021842 -0.003429 0.018823 -0.011598 
-0.003901 -0.015763 0.014247 -0.007793 
-0.015903 0.032873 -0.026355 0.025277 
-0.011734 -0.024128 0.000281 0.026829 
-0.008579 0.009833 -0.013049 0.000073 
0.009899 0.026394 0.012408 -0.025312 
0.013901 -0.015042 0.006191 0.019523 
0.000938 -0.009866 0.005462 -0.008269 
0.001424 0.009278 -0.002651 0.009004 
-0.000322 -0.005514 0.000516 -0.005500 
-0.027264 -0.009141 0.007731 0.027697 
0.000609 0.032223 0.029161 0.013723 
-0.002592 0.004254 -0.003096 0.003902 
0.024618 0.005955 -0.024274 -0.007233 
-0.002088 0.003583 -0.002387 0.003391 
0.014832 0.011736 -0.014572 0.012057 
-0.004696 -0.017004 0.016899 -0.005061 
-0.016682 -0.014705 0.022218 0.000953 
0.008995 0.014457 -0.013196 0.010760 
-0.005045 -0.007184 -0.001989 -0.008551 
0.004526 -0.020001 0.015071 0.013906 
-0.020524 -0.013992 0.021450 0.012527 
0.012090 0.027850 0.026151 -0.015425 
0.015379 -0.015322 0.000176 0.021708 
0.008817 -0.019902 0.007782 0.020329 
0.001845 0.008004 -0.000896 0.008165 
-0.007559 0.007812 -0.010624 0.002304 
-0.001799 -0.027013 -0.011551 0.024485 
-0.002332 -0.018111 0.018246 -0.000709 
-0.022958 -0.016210 0.004627 0.027721 
0.017533 0.031047 0.016086 0.031820 
0.010090 0.017080 -0.019629 0.002869 
-0.013753 0.002983 -0.010080 -0.009821 
-0.025854 -0.003276 0.024337 0.009322 
0.009041 0.002348 0.007214 0.005935 
0.022314 0.010404 -0.023428 -0.007571 
0.003336 0.009671 -0.001920 0.010048 
0.007431 -0.003416 0.008139 -0.000799 
0.016641 0.009711 -0.013897 0.013346 
0.017771 -0.010379 -0.000190 0.020579 
-0.006304 -0.009831 0.001269 -0.011610 
-0.004326 0.003302 -0.004764 0.002631 
-0.005247 0.005646 -0.006665 0.003871 
0.002136 -0.008278 0.004943 -0.006976 
-0.001072 0.012521 -0.009619 0.008087 
-0.020021 -0.031186 -0.000616 -0.037054 
-0.025886 0.001296 0.025617 0.003945 
0.007180 -0.016596 0.016160 0.008114 
-0.005423 -0.017158 0.017367 -0.004711 
0.003882 0.020298 -0.019294 -0.007404 
-0.005632 0.017646 -0.016709 -0.007993 
-0.003248 -0.013793 0.009847 -0.010189 
-0.009145 -0.015439 0.015727 -0.008642 
-0.001190 0.019672 -0.017969 -0.008093 
0.025712 0.008322 -0.018681 -0.019530 
0.023150 0.015314 -0.007998 -0.026580 
0.014760 0.025573 0.018460 -0.023045 
0.003882 0.030594 0.030674 -0.003190 
-0.011628 -0.000511 -0.008763 -0.007661 
0.015919 -0.035852 0.038240 0.008746 
0.016783 -0.027905 -0.014541 -0.029136 
0.006620 0.013194 -0.008574 0.012016 
-0.000409 -0.011799 0.007231 -0.009332 
0.008477 0.016459 -0.017455 0.006173 
0.001884 -0.001338 0.001919 -0.001288 
-0.005877 0.011004 -0.011897 0.003752 
-0.005915 -0.014930 0.012647 -0.009897 
-0.018955 0.001536 0.002821 -0.018807 
-0.005445 -0.001111 -0.005211 -0.001932 
-0.007969 0.015815 -0.015889 -0.007821 
-0.008465 -0.002398 -0.006942 -0.005404 
-0.016546 -0.003300 0.000730 -0.016856 
0.024663 0.018168 0.017145 -0.025385 
0.027340 0.010416 -0.002544 -0.029146 
-0.010906 0.019514 -0.003211 -0.022122 
-0.015309 -0.009825 0.010968 -0.014513 
-0.014669 0.012790 -0.007619 -0.017908 
0.008660 -0.018572 0.011819 0.016740 
0.004195 0.025177 -0.001612 -0.025474 
0.016564 -0.008256 0.005960 0.017522 
-0.002041 -0.017425 0.017334 -0.002709 
0.015323 -0.005417 0.009118 0.013454 
0.016062 -0.012611 0.003259 0.020159 
0.005050 -0.026100 -0.014300 0.022410 
0.016308 -0.000485 0.004435 0.015701 
0.013645 0.007127 -0.001389 0.015331 
0.015205 -0.008440 0.009412 0.014624 
-0.024414 -0.019795 -0.024365 0.019855 
0.011486 -0.003139 0.010778 0.005062 
0.026513 -0.013530 -0.020790 -0.021303 
-0.009500 0.005646 -0.011023 -0.000793 
-0.017060 -0.008650 0.012612 -0.014381 
0.009398 0.024701 -0.000738 -0.026418 
-0.020616 -0.015146 0.018718 0.017437 
0.013782 -0.010934 0.011342 0.013448 
0.010388 -0.009269 0.013535 0.003261 
0.007186 -0.003909 0.008070 -0.001344 
-0.014926 0.015671 -0.001054 -0.021616 
0.001212 0.002022 0.001156 0.002055 
-0.010015 -0.012192 0.008270 -0.013437 
0.014735 0.006253 -0.001694 0.015916 
-0.037526 0.011018 -0.019586 -0.033852 
-0.020460 0.014871 0.021085 -0.013970 
-0.011766 -0.005177 -0.004210 -0.012146 
0.028555 0.023409 0.013681 0.034296 
-0.004709 0.020948 -0.012570 -0.017407 
0.001273 -0.000246 0.001275 -0.000236 
-0.010579 0.004068 -0.010916 -0.003050 
0.009099 -0.003341 0.009628 0.001120 
0.010652 -0.005947 0.011873 0.002801 
-0.002766 0.013333 -0.012301 0.005839 
-0.007588 0.012614 -0.014703 -0.000729 
0.025463 -0.010723 -0.026699 -0.007105 
-0.026642 0.013419 0.020305 0.021854 
0.016779 -0.014985 -0.004902 0.021955 
0.000816 0.013869 -0.010901 0.008613 
0.004821 0.008754 0.000061 0.009994 
-0.003663 0.014794 -0.015017 0.002603 
-0.002564 0.020598 -0.015901 -0.013342 
0.013989 0.008005 -0.003868 0.015647 
-0.007928 0.012846 -0.014993 -0.001757 
0.000926 -0.009588 0.005102 -0.008170 
0.008763 -0.022519 -0.003285 0.023939 
-0.008272 -0.034534 -0.008452 -0.034490 
-0.003053 0.024193 -0.001360 -0.024347 
-0.001444 -0.010347 0.004114 -0.009603 
-0.017142 0.029924 -0.005427 0.034057 
-0.021633 0.005659 0.013756 -0.017629 
-0.022419 0.007354 0.018242 -0.014964 
-0.000400 -0.003110 -0.000247 -0.003126 
0.005672 -0.012474 0.013404 -0.002846 
-0.014124 -0.000719 -0.007078 -0.012244 
0.004659 0.016378 -0.015654 0.006700 
-0.001230 0.006822 -0.002811 0.006336 
0.014841 -0.002741 0.008763 0.012287 
0.003009 0.003907 0.002515 0.004241 
0.001180 -0.004452 0.001643 -0.004303 
-0.003847 -0.004798 -0.002881 -0.005434 
-0.014756 -0.008102 0.005647 -0.015858 
0.033464 0.007745 0.033780 -0.006220 
-0.014966 0.015545 -0.001232 -0.021543 
-0.000746 -0.014816 0.012833 -0.007442 
-0.021818 -0.009228 0.023656 0.001238 
0.008839 -0.005915 0.010632 -0.000283 
0.010209 0.010248 -0.003694 0.013985 
0.001717 -0.019540 0.017810 0.008220 
-0.010316 -0.011661 0.007224 -0.013791 
-0.012766 0.025158 0.027110 -0.007808 
-0.013372 -0.009915 0.007193 -0.015013 
-0.020659 -0.009982 0.022886 -0.001622 
0.002483 0.011929 -0.006200 0.010489 
0.010518 0.014776 -0.015445 0.009508 
-0.014345 -0.019959 0.016882 0.017865 
0.018077 0.040977 0.006510 -0.044311 
-0.003010 0.013798 -0.013202 0.005015 
-0.004537 0.029758 0.030064 -0.001508 
-0.027198 -0.005760 0.016949 0.022038 
-0.021191 -0.006952 0.020963 -0.007612 
-0.015933 0.026167 0.026777 0.014885 
-0.005740 0.040371 -0.034429 -0.021851 
-0.015847 -0.002202 -0.002522 -0.015799 
-0.015775 0.000440 -0.005542 -0.014776 
-0.016498 -0.011265 0.016970 -0.010539 
0.005777 -0.019101 0.015192 0.012939 
0.006752 0.015435 -0.014182 0.009094 
-0.011644 -0.033683 -0.010281 -0.034124 
-0.010008 -0.022093 0.014450 0.019479 
-0.004423 0.006758 -0.006348 0.004994 
0.005811 -0.002207 0.006125 -0.001056 
-0.009708 0.013008 -0.015062 -0.006049 
0.006664 0.005086 0.004517 0.007062 
0.004929 0.000077 0.004884 0.000671 
0.005486 -0.016805 0.016885 0.005234 
0.003273 0.000217 0.003256 0.000392 
-0.010367 -0.000078 -0.008878 -0.005353 
-0.009743 0.005557 -0.011151 -0.001209 
0.018572 0.013732 -0.022834 -0.003475 
-0.015133 -0.022117 0.004437 0.026428 
-0.007420 0.034600 -0.005714 0.034922 
-0.012033 -0.021420 0.014837 0.019582 
0.008821 0.002063 0.007275 0.005398 
0.014740 -0.024178 -0.027894 0.004873 
-0.028968 -0.017704 -0.033949 -0.000112 
0.007616 -0.002459 0.008003 0.000053 
-0.007729 -0.006180 -0.003934 -0.009080 
0.008759 -0.002491 0.009023 0.001233 
-0.012984 -0.016793 0.021225 0.000303 
-0.014905 0.001731 -0.008040 -0.012669 
-0.003391 0.020167 -0.015929 -0.012825 
-0.007053 0.028174 0.028010 -0.007678 
-0.016808 0.035575 -0.037653 -0.011416 
-0.016477 0.029849 -0.000290 0.034094 
-0.017269 -0.022771 -0.007784 0.027499 
0.003549 0.018744 -0.019049 -0.001028 
0.001300 -0.002220 0.001372 -0.002176 
0.011486 -0.021735 -0.008506 0.023065 
-0.029591 0.015754 -0.012847 0.030964 
0.013290 -0.016415 0.005024 0.020515 
-0.002030 -0.030090 -0.029208 0.007511 
0.007672 -0.012862 0.014924 0.001251 
0.016400 -0.007643 0.006662 0.016823 
-0.007873 0.011805 -0.014187 -0.000281 
0.009090 0.021234 -0.017948 -0.014539 
-0.011057 0.007039 -0.012566 -0.003727 
-0.002805 -0.007905 0.000078 -0.008388 
0.003819 0.011692 -0.005211 0.011142 
-0.000732 -0.003851 -0.000435 -0.003896 
0.003314 0.008496 -0.000384 0.009112 
-0.014065 -0.010246 0.009337 -0.014685 
-0.022474 -0.012073 0.021176 0.014228 
-0.029001 0.007229 0.014572 0.026096 
-0.007402 0.011868 -0.013976 0.000548 
-0.004840 -0.004730 -0.003645 -0.005702 
0.010172 -0.018377 0.008940 0.019007 
0.002151 0.001915 0.002070 0.002003 
-0.012641 -0.006820 -0.000702 -0.014346 
-0.009039 -0.010096 0.002479 -0.013322 
-0.009479 0.006180 -0.011295 -0.000675 
0.007519 0.016498 -0.016955 0.006421 
-0.012034 -0.022595 0.009217 0.023883 
-0.032199 0.010381 -0.021107 0.026439 
0.004886 -0.016158 0.016712 0.002379 
-0.003588 0.016490 -0.016844 -0.001035 
-0.005075 0.024067 0.001919 -0.024521 
0.005527 0.023267 -0.012041 -0.020662 
-0.009944 -0.005940 -0.004128 -0.010822 
-0.018873 0.017942 0.022523 -0.013070 
0.001481 -0.002935 0.001637 -0.002851 
0.010812 -0.002051 0.010069 0.004441 
-0.013670 0.003414 -0.010370 -0.009539 
0.022357 0.014226 -0.016030 -0.021101 
0.012130 0.010268 -0.006029 0.014705 
0.019132 0.003594 -0.009360 0.017069 
0.008936 -0.016198 0.014870 0.011005 
0.012709 -0.010949 0.012940 0.010674 
0.018125 -0.012680 -0.005572 0.021407 
0.017889 -0.012981 -0.005114 0.021502 
0.011767 0.011608 -0.008893 0.013934 
-0.002200 0.015549 -0.015383 0.003158 
-0.005052 0.009659 -0.009581 0.005200 
0.004203 0.018478 -0.018949 0.000128 
-0.005440 -0.002341 -0.004950 -0.003250 
0.015039 0.013683 -0.019132 0.006882 
0.018784 -0.024641 -0.023328 -0.020392 
-0.008797 0.000889 -0.008477 -0.002515 
0.005440 -0.005648 0.006890 -0.003746 
-0.022090 -0.000673 0.017191 -0.013888 
0.007249 -0.011070 0.013137 -0.001576 
0.005679 -0.019669 0.014309 0.014641 
0.005536 -0.028202 -0.026398 0.011363 
-0.003116 0.012061 -0.010650 0.006462 
-0.019033 -0.003632 0.009066 -0.017125 
-0.015267 0.007081 -0.009433 -0.013938 
0.027867 0.015475 0.024008 -0.020968 
0.013488 -0.031021 -0.005939 -0.033301 
0.002967 0.015085 -0.012791 0.008531 
0.000077 0.012670 -0.009028 0.008889 
0.003561 0.011089 -0.004153 0.010881 
0.016256 0.005326 -0.003442 0.016756 
-0.027538 -0.010404 0.001087 0.029418 
0.016804 0.001538 0.001045 0.016842 
-0.007030 -0.038040 0.032213 -0.021418 
0.016409 -0.015915 -0.005892 0.022087 
-0.009445 0.022598 0.005840 -0.023786 
-0.002765 0.028965 0.026771 -0.011397 
0.004651 0.007777 0.001177 0.008985 
0.024263 -0.009252 -0.025680 0.003853 
-0.005937 0.023882 0.002874 -0.024441 
-0.006109 0.004721 -0.007223 0.002728 
-0.003026 0.011180 -0.009301 0.006904 
-0.007980 0.016872 -0.015349 -0.010620 
0.025161 0.015838 0.007357 -0.028806 
0.020174 0.005363 -0.015800 0.013643 
0.008778 0.012328 -0.007540 0.013122 
-0.011475 -0.001038 -0.008421 -0.007864 
0.000378 0.023747 -0.008127 -0.022316 
0.004109 0.021457 -0.017830 -0.012624 
-0.018320 -0.017387 0.017712 0.018006 
-0.001649 0.007816 -0.004008 0.006910 
0.011631 -0.034911 0.025870 -0.026169 
0.043261 0.014700 -0.012410 -0.043972 
0.020216 0.013397 -0.022595 -0.008811 
0.036636 0.009530 0.016987 0.033830 
0.005787 0.024832 -0.003402 -0.025270 
0.018802 -0.000072 -0.003466 0.018480 
-0.010084 0.006989 -0.012143 -0.001753 
-0.009224 0.017414 -0.013011 -0.014801 
-0.018052 0.039867 0.022325 -0.037640 
-0.016595 0.022329 0.027151 -0.006068 
-0.027257 -0.007809 0.011848 0.025759 
-0.000157 -0.024492 0.003940 0.024173 
-0.010278 0.006734 -0.012107 -0.002098 
0.009061 0.028860 0.027087 -0.013464 
-0.014998 -0.016325 0.021973 0.002936 
0.005189 0.002188 0.004780 0.002976 
0.001377 0.001678 0.001338 0.001709 
0.016838 0.009929 -0.014870 0.012689 
-0.016835 0.003446 -0.005122 -0.016403 
-0.008003 -0.000891 -0.007307 -0.003384 
0.003343 -0.015917 0.016246 -0.000763 
0.004305 -0.009923 0.009054 -0.005918 
-0.005855 -0.007959 -0.001460 -0.009772 
0.024966 0.024728 0.028086 0.021118 
-0.001925 -0.015640 0.014140 -0.006954 
-0.020506 0.002251 0.008760 -0.018677 
0.006135 -0.005655 0.007691 -0.003235 
-0.008100 -0.011187 0.004385 -0.013097 
0.026012 0.029297 -0.023151 0.031606 
0.027436 0.006144 -0.014853 -0.023873 
-0.011471 0.020069 0.000875 -0.023099 
-0.001635 -0.016341 0.015547 -0.005289 
-0.013145 0.006962 -0.012154 -0.008576 
-0.007203 -0.005160 -0.004694 -0.007516 
-0.023409 -0.003990 0.023423 -0.003909 
0.004319 0.003829 0.003627 0.004489 
0.028882 -0.007432 -0.015238 -0.025637 
-0.007554 0.002962 -0.008105 0.000372 
0.013975 -0.009518 0.011468 0.012425 
-0.025253 0.002067 0.025328 -0.000686 
0.034050 0.016814 0.008133 0.037094 
0.003681 0.016605 -0.015984 0.005813 
-0.004297 -0.017988 0.018397 -0.001892 
0.002419 0.011180 -0.004855 0.010357 
0.004791 -0.006626 0.006693 -0.004697 
0.005259 -0.007824 0.008103 -0.004819 
-0.025210 -0.017501 -0.016905 0.025614 
0.015898 0.020031 -0.013511 -0.021713 
0.019459 0.003033 -0.009694 0.017142 
-0.008082 -0.008862 -0.000279 -0.011990 
0.007675 0.005618 0.004464 0.008399 
-0.013243 -0.007739 0.001978 -0.015210 
-0.017606 0.030880 -0.017839 0.030747 
0.008401 0.031332 0.031311 0.008480 
-0.008310 -0.006368 -0.003799 -0.009756 
-0.014246 -0.011561 0.012990 -0.012956 
-0.007364 -0.017320 0.018410 -0.003912 
-0.024474 0.023256 -0.006779 0.033073 
0.008335 0.002343 0.006907 0.005221 
0.008592 -0.026152 -0.022365 0.016049 
-0.032581 0.011840 -0.027614 0.020957 
-0.035385 0.004604 -0.035587 0.002617 
0.020078 0.002733 -0.011587 0.016624 
0.004146 0.003575 0.003569 0.004152 
0.012604 0.007406 -0.000357 0.014615 
-0.013020 -0.008353 0.002935 -0.015188 
-0.000987 0.003902 -0.001298 0.003810 
0.013236 -0.015079 0.008126 0.018345 
-0.007367 -0.000458 -0.006975 -0.002415 
-0.003354 -0.010744 0.003627 -0.010655 
-0.003698 -0.010756 0.003502 -0.010822 
-0.015085 0.007978 -0.009741 -0.014011 
0.031186 -0.016326 0.029121 -0.019776 
-0.000494 -0.028037 -0.019228 0.020411 
0.001922 0.003713 0.001592 0.003866 
0.002889 -0.012038 0.010407 -0.006704 
-0.025032 0.008689 0.026492 0.000518 
-0.011753 0.017840 -0.006044 -0.020491 
-0.007771 -0.001605 -0.006897 -0.003922 
-0.008367 0.023272 0.006080 -0.023972 
-0.003360 -0.044655 -0.020830 0.039642 
0.009459 -0.022257 -0.004138 0.023827 
-0.001642 0.017894 -0.017822 -0.002299 
0.005313 0.018551 -0.019297 -0.000079 
-0.002139 0.015659 -0.015516 0.003008 
-0.015517 -0.001111 -0.004515 -0.014887 
-0.004976 0.002130 -0.005232 0.001384 
0.004152 0.007081 0.001589 0.008053 
0.010381 -0.021376 -0.002890 0.023587 
-0.016111 0.003098 -0.006702 -0.014974 
-0.021351 0.000239 0.013553 -0.016499 
0.000102 0.006150 -0.001051 0.006060 
-0.005441 -0.020712 0.019232 0.009419 
-0.032176 -0.008879 -0.029803 0.015032 
0.009105 0.013398 -0.010552 0.012290 
-0.012799 -0.004922 -0.003625 -0.013225 
0.024908 0.019190 0.023956 -0.020366 
-0.012019 0.009246 -0.013386 -0.007123 
0.004942 -0.005826 0.006404 -0.004166 
-0.005559 0.023411 -0.000627 -0.024053 
-0.004014 0.016667 -0.017002 -0.002200 
-0.009129 0.013437 -0.015316 -0.005413 
-0.016914 0.002994 -0.004699 -0.016522 
0.002721 0.002092 0.002594 0.002248 
0.012802 -0.020627 -0.008277 0.022822 
-0.026692 0.012349 0.021892 0.019638 
0.012403 0.017010 -0.021051 -0.000114 
-0.008436 0.015364 -0.015699 -0.007793 
0.004881 0.022776 -0.014125 -0.018522 
0.014657 -0.005605 0.010230 0.011900 
-0.023467 0.016515 0.027008 0.009694 
0.013690 0.001167 0.007134 0.011742 
0.020299 0.012757 -0.023034 -0.006652 
-0.012294 0.006601 -0.012399 -0.006401 
-0.015203 -0.004110 -0.001132 -0.015708 
-0.001465 0.014177 -0.012793 0.006283 
0.023113 0.011065 -0.021519 -0.013913 
0.010647 -0.035951 0.031627 -0.020140 
0.006736 0.005506 0.004237 0.007599 
-0.004014 -0.021065 0.018500 0.010843 
0.004924 0.004711 0.003714 0.005714 
-0.003283 -0.001252 -0.003200 -0.001452 
-0.006776 0.012605 -0.014287 0.000828 
0.021100 -0.003802 -0.011013 0.018396 
-0.027427 -0.012088 -0.005225 0.029514 
0.015245 -0.005404 0.009254 0.013265 
0.025333 -0.009074 -0.026718 -0.003204 
0.015638 -0.025688 -0.028382 -0.009944 
-0.008465 -0.021049 0.018604 0.012984 
-0.022657 0.010007 0.021698 -0.011945 
-0.016432 -0.000231 -0.003460 -0.016066 
-0.007218 -0.002465 -0.006214 -0.004424 
-0.006613 -0.008112 -0.001446 -0.010366 
-0.007413 0.001595 -0.007562 -0.000563 
0.002348 0.014045 -0.010640 0.009464 
0.002784 -0.012542 0.011081 -0.006502 
-0.001832 0.002672 -0.001969 0.002572 
-0.011244 -0.007892 -0.000266 -0.013735 
-0.009448 0.032396 0.010943 0.031922 
0.005356 -0.007961 0.008327 -0.004769 
0.031601 0.011938 0.032804 -0.008062 
-0.008855 -0.034056 -0.012821 -0.032770 
0.006322 -0.035147 0.008618 -0.034656 
0.029879 0.000377 -0.007522 -0.028919 
0.023253 0.003718 -0.022969 0.005191 
-0.005411 -0.025419 -0.000288 0.025987 
-0.002266 -0.017655 0.017670 -0.002150 
-0.008052 0.012318 -0.014662 -0.001270 
0.020442 -0.019208 -0.028044 -0.000594 
0.018091 0.019511 -0.009488 -0.024858 
-0.000174 -0.005935 0.000865 -0.005874 
0.014889 -0.022730 -0.024388 0.011982 
0.009941 0.000226 0.008654 0.004898 
0.012975 0.024731 0.007134 -0.027001 
-0.015668 -0.041098 0.006919 0.043436 
0.004026 -0.022805 0.006776 0.022144 
0.009121 -0.000299 0.008469 0.003401 
0.007762 0.005620 0.004484 0.008470 
-0.003264 -0.030158 -0.029471 0.007186 
0.007394 0.002324 0.006381 0.004400 
-0.011518 0.017699 -0.007136 -0.019874 
0.006461 0.008984 0.000152 0.011065 
0.015606 0.013818 -0.020176 0.005234 
0.002880 -0.015872 0.016057 -0.001544 
0.008303 -0.011543 0.014194 0.000844 
0.001657 0.021221 -0.017484 -0.012140 
-0.017109 0.009535 -0.003299 -0.019307 
0.012065 0.029727 0.032071 0.000838 
-0.009064 0.006103 -0.010927 -0.000021 
0.007208 -0.016770 0.016072 0.008653 
0.011164 0.014038 -0.014376 0.010726 
0.029409 -0.006014 -0.012464 -0.027308 
-0.003232 0.000920 -0.003279 0.000737 
-0.012345 -0.012991 0.013332 -0.011975 
0.011734 0.018173 -0.021261 -0.003993 
0.016633 -0.006951 0.006160 0.016942 
-0.011810 0.006080 -0.012219 -0.005209 
-0.003524 -0.006960 -0.001287 -0.007694 
0.001782 0.023507 -0.010262 -0.021224 
0.012103 0.003543 0.005983 0.011101 
0.002972 0.006015 0.001561 0.006525 
-0.004594 0.004152 -0.005298 0.003205 
0.015441 0.002815 0.002564 0.015484 
0.011517 0.010630 -0.006068 0.014451 
-0.010965 0.012448 -0.014385 -0.008263 
0.028133 -0.027667 0.030408 0.025146 
-0.003021 -0.017537 0.017554 -0.002921 
0.003138 0.007677 0.000377 0.008285 
0.025276 0.010692 -0.014634 -0.023217 
0.005011 0.012625 -0.006992 0.011646 
0.011097 -0.010277 0.013978 0.005775 
-0.020793 -0.004923 0.017189 -0.012693 
-0.019279 -0.007490 0.016574 -0.012373 
0.000878 0.029541 0.027293 -0.011337 
-0.000773 0.015495 -0.014714 0.004919 
-0.007880 -0.004995 -0.005054 -0.007843 
-0.008420 0.002363 -0.008695 -0.000935 
-0.006917 -0.013763 0.010104 -0.011626 
-0.018567 -0.001389 0.004241 -0.018130 
-0.004770 0.010040 -0.009689 0.005447 
-0.003928 0.003289 -0.004323 0.002749 
-0.009870 0.019800 -0.005310 -0.021477 
0.018598 -0.026192 -0.016195 -0.027742 
0.000331 -0.029927 -0.029058 0.007168 
-0.000700 0.004081 -0.001046 0.004007 
-0.015370 -0.008161 0.007176 -0.015854 
-0.003878 0.002580 -0.004133 0.002147 
0.004280 0.010659 -0.003120 0.011055 
0.015220 -0.007728 0.009498 0.014182 
-0.013087 0.008213 -0.012502 -0.009079 
0.000088 0.014388 -0.012294 0.007475 
0.010345 0.017459 -0.020263 0.001123 
-0.013020 -0.001906 -0.007027 -0.011125 
-0.022746 -0.003268 0.021425 -0.008309 
-0.022791 -0.021223 -0.023720 0.020179 
0.009638 0.004756 0.005501 0.009233 
-0.005036 -0.019321 0.019715 0.003160 
0.010967 0.013379 -0.012450 0.012011 
0.001802 0.002457 0.001687 0.002537 
-0.013959 -0.008684 0.005346 -0.015546 
-0.020635 0.011508 0.015214 -0.018077 
-0.006881 -0.011520 0.004702 -0.012568 
-0.021780 0.009209 0.017177 -0.016252 
0.023548 0.023972 0.033308 0.004450 
-0.000707 0.023506 -0.008248 -0.022022 
0.001048 -0.007668 0.003255 -0.007021 
-0.008603 -0.012424 0.007655 -0.013029 
-0.016663 0.013755 0.001367 -0.021563 
0.013154 -0.014282 0.009654 0.016846 
-0.004964 0.007212 -0.007293 0.004845 
-0.015293 0.010932 -0.007872 -0.017071 
0.018917 -0.006388 -0.001761 0.019889 
-0.009301 -0.021438 0.017278 0.015734 
-0.003049 0.003431 -0.003391 0.003093 
-0.012662 0.015461 -0.009001 -0.017842 
-0.009033 0.020675 -0.004379 -0.022133 
-0.008104 -0.020055 0.020132 0.007911 
-0.028162 0.020270 -0.021209 0.027462 
-0.013433 0.025952 0.029219 0.000488 
0.006509 -0.012540 0.014061 -0.001386 
0.010986 0.010657 -0.005473 0.014294 
-0.009202 0.010808 -0.014061 -0.001948 
-0.024526 -0.005989 0.024324 0.006765 
0.014156 0.036013 -0.027667 0.027052 
0.014405 0.032944 0.009217 0.034754 
0.018361 -0.024565 -0.025099 -0.017625 
0.001413 0.004735 0.000829 0.004871 
0.007829 -0.001711 0.007970 0.000836 
0.002866 -0.002756 0.003073 -0.002522 
0.015646 -0.013266 0.003656 0.020185 
-0.018416 -0.008123 0.015275 -0.013108 
-0.009668 0.012449 -0.014930 -0.005054 
0.002074 -0.007094 0.003903 -0.006276 
-0.015907 -0.018507 0.018913 0.015421 
0.012748 -0.010141 0.012978 0.009844 
-0.023102 -0.022045 -0.028827 0.013737 
0.004063 0.035406 0.002648 0.035540 
-0.000861 -0.019268 0.018750 0.004519 
-0.016918 -0.003743 0.002446 -0.017154 
-0.003663 0.025295 0.006431 -0.024736 
-0.000097 -0.010296 0.005101 -0.008944 
-0.010576 -0.018630 0.021006 0.004208 
-0.018365 -0.014498 0.022658 0.005838 
-0.020817 0.012070 0.017036 -0.016995 
0.007631 0.017842 -0.019308 0.001942 
0.003918 0.008256 0.000250 0.009135 
-0.007378 0.004712 -0.008602 0.001626 
-0.005806 0.016178 -0.016677 -0.004162 
-0.000248 0.019108 -0.018466 -0.004918 
0.004774 -0.006297 0.006472 -0.004534 
-0.020446 0.018986 0.027899 -0.000395 
-0.007953 0.012477 -0.014741 -0.001279 
0.005611 -0.015108 0.016067 0.001254 
0.006002 -0.011914 0.013025 -0.002886 
0.003500 0.008513 -0.000292 0.009200 
0.021618 -0.010862 -0.018609 0.015460 
-0.003457 0.010185 -0.008446 0.006659 
-0.009857 -0.011741 0.006966 -0.013657 
-0.006563 -0.011815 0.005292 -0.012436 
-0.020299 -0.002436 0.012040 -0.016524 
-0.028200 -0.023612 -0.015064 -0.033554 
0.006958 0.043198 -0.002337 -0.043692 
-0.000760 0.021502 -0.015459 -0.014964 
0.020368 0.008999 -0.021537 0.005659 
-0.001554 0.005659 -0.002496 0.005311 
0.001240 0.018421 -0.018431 -0.001090 
0.012303 -0.025242 -0.026535 0.009187 
-0.003158 -0.027529 -0.014880 0.023376 
0.006793 0.010572 -0.002682 0.012277 
0.011187 -0.006154 0.012165 0.003879 
-0.031818 -0.003799 -0.015877 0.027834 
0.004104 -0.020878 0.013602 0.016362 
-0.007820 0.021431 -0.004546 -0.022356 
0.005561 0.011368 -0.004248 0.011921 
0.026627 0.001357 -0.024028 -0.011553 
0.001678 -0.006395 0.003020 -0.005882 
-0.021866 -0.007850 0.023092 -0.002548 
-0.025230 -0.000988 0.025185 0.001805 
0.003158 -0.008897 0.006672 -0.006679 
-0.005999 -0.001823 -0.005530 -0.002955 
-0.022243 -0.011685 0.022229 0.011711 
-0.016982 0.011646 -0.001255 -0.020553 
0.003117 -0.003021 0.003386 -0.002716 
0.004044 0.009624 -0.001506 0.010330 
0.020227 0.012571 -0.023143 -0.005618 
-0.041764 -0.000620 0.031275 -0.027685 
0.017601 0.003407 -0.003922 0.017494 
-0.011516 -0.003401 -0.006438 -0.010136 
-0.018902 -0.019759 0.004960 0.026891 
-0.002081 0.009151 -0.005769 0.007402 
0.007366 -0.018877 0.013444 0.015161 
-0.031598 0.011174 -0.017229 0.028748 
0.000969 -0.014296 0.012703 -0.006629 
0.026961 0.005143 -0.019172 -0.019641 
0.012031 -0.001931 0.010192 0.006678 
-0.014083 -0.019097 0.019627 0.013333 
0.000211 -0.008382 0.003073 -0.007802 
-0.018380 -0.005414 0.009909 -0.016400 
0.014308 -0.007784 0.011082 0.011937 
0.016905 0.015177 -0.022430 -0.003606 
0.029985 -0.009494 -0.002958 -0.031313 
-0.004351 -0.003651 -0.003711 -0.004299 
-0.026234 0.002415 0.025699 0.005797 
-0.010056 0.001168 -0.009346 -0.003891 
-0.003052 0.019570 -0.017019 -0.010132 
0.001999 0.007704 -0.000489 0.007944 
-0.009824 -0.002466 -0.007365 -0.006953 
-0.014267 0.020515 0.013584 -0.020974 
0.028076 -0.009944 -0.017694 -0.023960 
-0.001980 -0.016660 0.016088 -0.004761 
0.010710 -0.007278 0.012584 0.003052 
-0.013066 0.001704 -0.009777 -0.008834 
-0.000517 0.013578 -0.011110 0.007823 
0.027686 -0.003077 -0.022816 -0.015983 
0.018572 -0.026878 -0.011659 -0.030519 
-0.015134 0.013459 -0.005120 -0.019595 
-0.020771 0.002456 0.009834 -0.018460 
0.003098 -0.010799 0.008854 -0.006915 
-0.025974 -0.011814 0.006557 0.027771 
0.018757 -0.019917 -0.026634 0.006255 
0.018714 0.006157 -0.012376 0.015328 
0.003266 0.014984 -0.012531 0.008842 
0.032514 -0.003121 0.015755 -0.028612 
-0.017404 0.022294 0.028219 -0.001897 
-0.013929 0.022434 0.020447 -0.016711 
-0.009498 0.026439 0.025435 -0.011927 
0.009757 -0.016757 0.013111 0.014286 
0.023965 0.000435 -0.023143 0.006238 
-0.015023 0.016228 0.000885 -0.022097 
-0.006618 0.027065 0.022872 -0.015911 
-0.009078 0.024820 0.016748 -0.020444 
-0.010265 -0.013837 0.012823 -0.011506 
-0.018922 -0.014058 0.022757 0.006145 
0.002072 0.006870 0.000263 0.007171 
0.001744 0.002962 0.001567 0.003059 
0.002284 -0.003683 0.002617 -0.003453 
0.015001 -0.012886 0.006473 0.018686 
-0.033298 0.011936 -0.032605 0.013715 
0.025571 0.012938 -0.004430 -0.028314 
0.008022 -0.002869 0.008518 0.000152 
-0.000999 -0.011891 0.006982 -0.009677 
-0.005613 0.009357 -0.009883 0.004625 
0.004519 0.002499 0.004149 0.003076 
-0.004058 -0.006691 -0.001863 -0.007600 
-0.013497 0.020575 0.010779 -0.022120 
0.013117 0.008292 -0.002959 0.015233 
0.021424 0.014039 -0.019510 -0.016597 
-0.012521 0.005838 -0.012031 -0.006791 
0.006976 0.002294 0.006117 0.004062 
0.018031 -0.015066 -0.010886 0.020823 
0.018964 -0.001970 -0.002576 0.018892 
-0.010093 0.003577 -0.010425 -0.002444 
0.005327 0.005513 0.003510 0.006816 
0.006195 -0.009367 0.010516 -0.003941 
-0.021220 0.007318 0.012776 -0.018456 
-0.007256 0.016811 -0.016017 -0.008872 
-0.022395 -0.011261 0.022543 0.010961 
-0.022562 -0.004525 0.021931 -0.006966 
-0.034719 -0.010191 -0.031390 -0.017999 
0.009647 -0.025287 -0.020679 0.017461 
0.034143 0.006275 0.034534 -0.003533 
0.023137 -0.003311 -0.019752 0.012496 
0.003131 -0.014399 0.014178 -0.004012 
-0.003755 -0.011092 0.004085 -0.010975 
-0.012646 0.007987 -0.012748 -0.007823 
0.016631 0.014490 -0.022058 0.000058 
0.011289 0.009020 -0.002057 0.014303 
0.012641 0.000956 0.008120 0.009735 
0.002085 0.002397 0.001962 0.002498 
0.002006 0.004674 0.001389 0.004892 
0.002157 -0.008327 0.005011 -0.006992 
0.002559 -0.004169 0.003036 -0.003835 
-0.019773 0.004768 0.005076 -0.019696 
-0.010617 -0.037922 0.036176 -0.015559 
0.015230 0.015327 -0.021598 0.000622 
0.015507 0.010411 -0.012830 0.013574 
0.016863 -0.010138 0.003614 0.019341 
0.022502 -0.020133 -0.023717 -0.018687 
0.003342 -0.004106 0.003881 -0.003601 
0.006005 -0.010416 0.011381 -0.003875 
0.011475 -0.000391 0.009330 0.006693 
0.014639 -0.020289 -0.014121 0.020653 
-0.038447 0.002262 -0.019414 -0.033262 
-0.026014 0.002288 0.025756 0.004311 
0.004222 -0.003358 0.004663 -0.002713 
-0.004477 0.024032 0.000429 -0.024441 
-0.007539 -0.009823 0.001344 -0.012309 
-0.003726 -0.003869 -0.003134 -0.004363 
-0.008741 0.002024 -0.008838 -0.001546 
-0.003175 0.004265 -0.003742 0.003778 
-0.009778 0.020023 -0.004761 -0.021769 
0.031077 0.009300 0.023651 -0.022201 
-0.013521 0.018812 0.003548 -0.022894 
-0.004477 -0.015377 0.013421 -0.008739 
0.007356 0.001950 0.006498 0.003961 
-0.001691 0.014414 -0.013337 0.005724 
-0.005304 0.010826 -0.011142 0.004602 
0.003564 0.026097 0.004627 -0.025930 
-0.003231 0.000671 -0.003263 0.000495 
0.008004 -0.014465 0.015816 0.004810 
0.001657 0.000047 0.001656 0.000069 
0.022748 -0.006129 -0.018874 0.014099 
-0.033683 -0.003743 -0.030450 0.014877 
0.014573 0.007958 -0.004933 0.015855 
-0.003334 -0.011102 0.004270 -0.010777 
0.013832 0.008521 -0.004729 0.015543 
0.022874 -0.001498 -0.019035 0.012772 
-0.000411 0.005960 -0.001458 0.005794 
-0.010175 0.004949 -0.011123 -0.002078 
0.025026 -0.004938 -0.025389 0.002469 
0.009552 0.000921 0.008158 0.005052 
-0.009160 0.015621 -0.015026 -0.010106 
-0.008039 -0.009858 0.001542 -0.012627 
-0.014639 -0.002761 -0.004110 -0.014319 
-0.002758 0.022709 -0.009234 -0.020929 
-0.002708 0.015880 -0.016012 0.001768 
-0.002749 -0.000057 -0.002745 -0.000160 
0.007587 0.000414 0.007158 0.002548 
-0.000076 -0.015355 0.014132 -0.006006 
-0.009059 0.003586 -0.009699 -0.000930 
-0.006613 -0.015664 0.014660 -0.008611 
-0.002690 0.017027 -0.017202 -0.001126 
-0.008928 0.015015 -0.015455 -0.008141 
-0.027824 -0.001599 0.019760 0.019653 
-0.009321 0.006564 -0.011394 -0.000382 
-0.012001 -0.008135 0.001034 -0.014461 
-0.019395 -0.009897 0.020740 -0.006631 
-0.029245 0.008524 0.011199 0.028328 
0.006566 -0.022715 0.001817 0.023575 
0.019698 -0.003294 -0.004925 0.019354 
-0.014611 0.002388 -0.008861 -0.011860 
-0.007847 0.019655 -0.010735 -0.018238 
0.023830 0.001054 -0.023021 0.006244 
-0.006265 0.013715 -0.015078 0.000157 
-0.007144 0.027762 0.026732 -0.010350 
0.029358 0.006416 -0.000042 -0.030051 
-0.006836 0.033701 0.006699 0.033728 
0.029969 0.000180 -0.006977 -0.029146 
0.000266 0.006116 -0.000873 0.006060 
0.011702 -0.012636 0.013681 0.010461 
0.024628 0.007894 -0.022716 -0.012362 
-0.014312 -0.029070 -0.032349 -0.001846 
0.010320 -0.016147 0.012987 0.014092 
-0.006777 0.014874 -0.016061 -0.003036 
-0.005767 0.027555 0.023846 -0.014964 
0.005040 0.014512 -0.011447 0.010246 
0.008093 -0.000847 0.007932 0.001819 
0.013231 0.001567 0.007181 0.011223 
0.028166 0.006093 -0.010288 -0.026918 
0.021180 -0.007980 -0.013134 0.018432 
-0.019056 -0.006805 0.014664 -0.013943 
0.019548 0.028107 0.029790 0.016873 
0.005829 -0.011604 0.012530 -0.003410 
-0.031963 -0.012517 -0.034294 0.001502 
0.005216 -0.009438 0.009530 -0.005046 
-0.004112 -0.014263 0.010815 -0.010168 
-0.022250 -0.006889 0.023064 -0.003258 
-0.004098 0.008528 -0.007374 0.005928 
0.003627 0.007179 0.001168 0.007958 
-0.010638 -0.014099 0.013909 -0.010886 
0.032755 0.016152 0.025044 0.026582 
0.023243 0.020458 0.021832 -0.021957 
-0.018204 0.038968 0.009455 -0.041958 
-0.019648 0.022520 0.026888 0.013048 
-0.015277 0.038502 -0.020036 -0.036254 
0.005371 0.025976 0.004156 -0.026198 
-0.012417 -0.006888 -0.000859 -0.014174 
0.002461 -0.019948 0.016995 0.010730 
-0.012345 0.012555 -0.012887 -0.011998 
-0.008488 -0.008821 -0.000247 -0.012239 
-0.003157 -0.023163 0.012346 0.019851 
-0.010829 0.013959 -0.014140 -0.010593 
-0.003064 0.007195 -0.005080 0.005945 
-0.007989 0.026453 0.022527 -0.016004 
0.023602 -0.015041 -0.027480 -0.005305 
0.014573 0.000393 0.006806 0.012892 
-0.009164 0.012737 -0.015086 -0.004316 
-0.000206 0.013918 -0.011556 0.007760 
0.003685 -0.010678 0.009302 -0.006409 
0.003097 -0.019244 0.017287 0.009003 
-0.000065 0.008036 -0.002602 0.007604 
-0.003076 0.022936 -0.007765 -0.021800 
-0.010362 0.019812 -0.003803 -0.022033 
-0.012903 -0.000911 -0.008005 -0.010160 
-0.014306 0.025483 0.029186 0.001491 
-0.012830 0.025306 0.027590 -0.006618 
-0.020462 -0.010253 0.022832 -0.001584 
-0.021874 0.006935 0.015535 -0.016889 
-0.008138 0.022021 -0.001027 -0.023454 
0.006506 0.015621 -0.014515 0.008698 
0.003648 0.010596 -0.003244 0.010727 
-0.006154 -0.012552 0.006910 -0.012152 
0.024454 0.027491 0.009838 0.035453 
0.000092 0.010605 -0.005555 0.009034 
0.028651 0.001130 -0.015710 -0.023987 
-0.010734 -0.023967 0.003386 0.026042 
0.005657 -0.017660 0.016688 0.008084 
-0.004540 -0.001615 -0.004323 -0.002128 
0.011996 -0.018250 0.004027 0.021465 
-0.002006 -0.027905 -0.017668 0.021693 
0.019509 -0.001610 -0.004929 0.018944 
0.023201 -0.026424 0.019661 -0.029154 
-0.004262 0.002058 -0.004464 0.001571 
-0.002773 -0.007494 -0.000292 -0.007985 
0.015389 -0.006143 0.009133 0.013825 
-0.003341 0.039677 -0.039517 -0.004884 
-0.007867 -0.004313 -0.005561 -0.007040 
-0.010353 0.014877 -0.014177 -0.011293 
0.014699 -0.019227 -0.010024 0.022028 
-0.018185 0.008037 -0.000377 -0.019879 
-0.010567 -0.004826 -0.005266 -0.010355 
-0.001956 -0.011640 0.005937 -0.010201 
-0.016411 -0.011120 0.016478 -0.011021 
-0.029083 -0.003240 0.009709 0.027606 
-0.014335 0.002026 -0.008964 -0.011369 
0.022672 -0.016910 -0.027719 -0.005622 
0.012543 0.007203 0.000115 0.014464 
0.025571 0.010546 -0.013554 -0.024112 
-0.010946 -0.015162 0.016796 -0.008221 
-0.008672 0.005667 -0.010349 0.000461 
-0.005780 -0.001301 -0.005466 -0.002287 
-0.003046 -0.010800 0.003869 -0.010533 
-0.002032 -0.011083 0.004909 -0.010142 
0.003883 -0.014920 0.015281 -0.002043 
0.005613 -0.003853 0.006346 -0.002467 
-0.007584 -0.009728 0.001173 -0.012279 
-0.001899 -0.007153 0.000098 -0.007400 
0.009072 -0.003976 0.009877 0.000746 
-0.034766 -0.002995 -0.034577 0.004700 
-0.011367 0.002859 -0.010617 -0.004966 
-0.016853 0.015470 0.006586 -0.021908 
-0.011049 -0.008730 0.001197 -0.014031 
0.010022 0.009312 -0.001498 0.013599 
-0.008691 -0.029310 -0.028741 0.010418 
0.000090 -0.026133 -0.006764 0.025242 
0.009843 0.009314 -0.001369 0.013482 
-0.016415 -0.007015 0.007270 -0.016303 
-0.014432 0.003529 -0.009703 -0.011251 
-0.005919 -0.006472 -0.003072 -0.008215 
-0.012843 0.010724 -0.012819 -0.010752 
-0.016770 0.012394 -0.000885 -0.020834 
0.003098 0.029575 0.027221 -0.011971 
-0.023701 -0.007244 0.024224 0.005234 
0.010268 0.004210 0.005975 0.009351 
-0.002881 -0.001822 -0.002770 -0.001986 
0.011139 0.003160 0.006793 0.009376 
0.008755 0.014282 -0.012554 0.011092 
0.011257 -0.000054 0.009122 0.006597 
0.015424 0.013597 -0.019555 0.006356 
0.018644 -0.019283 -0.025080 0.009506 
-0.002116 0.009970 -0.006768 0.007620 
0.024415 0.010665 -0.018483 -0.019189 
-0.002563 -0.033661 -0.021369 -0.026134 
0.011091 0.010696 -0.005691 0.014318 
0.015872 -0.004215 0.007696 0.014507 
-0.024026 0.001905 0.022809 -0.007785 
0.029296 0.020028 0.029559 0.019638 
0.010186 0.019705 -0.020416 -0.008671 
-0.012625 0.016832 -0.006097 -0.020138 
-0.009301 0.000057 -0.008475 -0.003832 
-0.006802 0.003798 -0.007624 0.001602 
0.024935 -0.021821 0.001148 -0.033115 
-0.029772 0.007341 0.008269 0.029528 
0.018420 -0.024136 -0.026215 -0.015315 
-0.000412 0.006645 -0.001856 0.006393 
0.003273 -0.007965 0.005927 -0.006247 
-0.012422 -0.015021 0.018171 -0.007053 
-0.009267 0.023946 0.012534 -0.022410 
0.000701 -0.008584 0.003753 -0.007753 
-0.014139 0.004063 -0.010274 -0.010530 
0.007980 0.020511 -0.019626 -0.009961 
-0.009663 0.008974 -0.013096 -0.001543 
-0.023801 -0.005011 0.024322 0.000273 
-0.015598 0.022828 0.026352 -0.008366 
0.006899 0.029240 0.027045 -0.013082 
-0.025995 -0.008305 0.017490 0.020948 
-0.029885 0.005384 0.008972 0.029010 
0.006329 0.006652 0.003069 0.008654 
-0.014909 0.028763 0.017748 0.027103 
-0.006875 0.020258 -0.010926 -0.018392 
-0.018100 0.001921 -0.000493 -0.018195 
-0.005101 0.007414 -0.007601 0.004818 
-0.005211 0.007759 -0.007995 0.004841 
0.009286 -0.008561 0.012615 0.000623 
-0.009976 -0.015708 0.017045 -0.007464 
0.001298 0.009069 -0.002493 0.008816 
0.017816 -0.014149 -0.007475 0.021487 
0.009939 0.010678 -0.004449 0.013893 
0.030507 0.010522 0.023249 -0.022381 
0.004964 -0.013838 0.014535 -0.002203 
0.011285 -0.010394 0.013962 0.006361 
-0.002440 0.011102 -0.008612 0.007419 
-0.000954 0.009225 -0.004699 0.007996 
-0.003084 -0.010030 0.002595 -0.010168 
0.010697 -0.006468 0.012159 0.002899 
0.016097 0.013612 -0.020539 0.004749 
0.028262 -0.012135 -0.012210 -0.028230 
0.013974 -0.008311 0.011564 0.011428 
-0.023300 0.009302 0.023226 -0.009487 
-0.025297 -0.016512 -0.012016 0.027716 
-0.001056 0.001805 -0.001096 0.001782 
-0.007963 -0.010622 0.003078 -0.012913 
-0.001912 0.021863 -0.013394 -0.017386 
0.012280 -0.010060 0.013380 0.008542 
-0.006807 -0.021144 0.018651 0.012065 
0.017779 0.002445 -0.003024 0.017690 
-0.000156 0.001750 -0.000183 0.001748 
-0.003097 0.014269 -0.013967 0.004255 
-0.003525 -0.005211 -0.002437 -0.005800 
0.002283 -0.009656 0.006560 -0.007444 
-0.008647 -0.008709 -0.000392 -0.012266 
0.008728 0.008002 0.001543 0.011740 
0.006021 -0.015873 0.016543 0.003812 
-0.010154 -0.006090 -0.003866 -0.011191 
-0.001423 0.007248 -0.003316 0.006601 
0.012196 -0.015250 0.010514 0.016455 
-0.008576 -0.012016 0.006621 -0.013194 
-0.026484 -0.008928 0.013363 0.024547 
0.011830 0.027207 0.021897 -0.020017 
0.013174 0.005157 0.002828 0.013862 
0.020407 0.007833 -0.020163 0.008440 
-0.009741 -0.004812 -0.005439 -0.009405 
-0.008173 -0.004313 -0.005666 -0.007300 
0.010316 0.000525 0.008629 0.005679 
0.018000 0.007207 -0.012216 0.015057 
0.007047 -0.019654 0.012249 0.016909 
0.009656 -0.016432 0.013697 0.013252 
0.009467 -0.018411 0.010518 0.017832 
-0.018140 -0.002984 0.004988 -0.017694 
0.017404 -0.001527 0.002415 0.017303 
0.010154 -0.002726 0.010080 0.002987 
-0.003269 0.009841 -0.007832 0.006797 
-0.003008 0.014788 -0.014672 0.003533 
0.004105 0.025560 0.000921 -0.025871 
0.018285 0.014202 -0.022747 -0.004313 
-0.001895 0.011383 -0.008499 0.007806 
0.019632 0.003831 -0.011522 0.016351 
0.006058 -0.004529 0.007087 -0.002644 
-0.007533 0.002236 -0.007857 -0.000149 
-0.000745 0.009372 -0.004666 0.008162 
0.000779 0.005073 0.000109 0.005131 
0.001140 0.022354 -0.014390 -0.017145 
-0.005090 -0.007781 -0.001379 -0.009195 
-0.014401 0.020026 0.012063 -0.021516 
-0.004537 -0.009984 0.001880 -0.010804 
0.002662 0.005043 0.001814 0.005406 
0.002982 0.008614 -0.000733 0.009086 
0.005845 -0.026675 -0.019333 0.019286 
-0.005789 0.017584 -0.016642 -0.008109 
-0.009539 0.004273 -0.010374 -0.001279 
-0.001228 -0.012459 0.007892 -0.009718 
0.009073 -0.012908 0.015158 0.004378 
0.009524 0.003037 0.006920 0.007214 
-0.017457 -0.024325 -0.019262 0.022922 
0.016732 0.023077 0.007772 -0.027425 
0.010368 0.010345 -0.004067 0.014070 
0.012888 -0.032237 0.003388 -0.034552 
-0.000630 -0.027315 -0.014322 0.023267 
0.009168 -0.000669 0.008642 0.003133 
0.007284 0.005505 0.004446 0.007975 
0.003054 -0.006687 0.004722 -0.005634 
0.012155 -0.002239 0.010349 0.006756 
-0.026730 0.002492 0.025187 0.009292 
-0.009152 0.020872 -0.003235 -0.022560 
0.010863 0.016909 -0.019926 0.002624 
-0.005010 0.008013 -0.007970 0.005079 
0.009738 0.015595 -0.016587 0.007932 
0.010830 -0.007386 0.012678 0.003332 
-0.013318 0.012584 -0.011183 -0.014515 
-0.009766 -0.008114 -0.000951 -0.012661 
-0.026327 0.004896 0.025982 0.006484 
-0.013719 -0.006367 0.000039 -0.015124 
-0.018393 -0.006847 0.012691 -0.014970 
-0.005321 0.010055 -0.010294 0.004843 
-0.004318 0.019671 -0.015854 -0.012418 
0.009817 0.017820 -0.020344 0.000275 
-0.011937 -0.020889 0.016902 0.017123 
-0.012039 -0.014696 0.017020 -0.008440 
-0.000996 0.012277 -0.009141 0.008255 
-0.000281 -0.000940 -0.000277 -0.000941 
-0.005885 -0.009598 0.000912 -0.011222 
0.011885 0.024297 0.001236 -0.027020 
0.011675 0.006640 0.002081 0.013269 
0.000570 -0.014422 0.012706 -0.006846 
-0.002534 0.013470 -0.012345 0.005956 
-0.014228 -0.015804 0.021236 -0.001114 
0.006916 0.007268 0.002574 0.009697 
0.027924 -0.000568 -0.020969 -0.018448 
-0.015629 0.006897 -0.008688 -0.014708 
-0.001297 -0.011851 0.006718 -0.009849 
0.011079 0.005563 0.004138 0.011686 
0.001422 0.004500 0.000915 0.004630 
-0.001026 -0.004019 -0.000678 -0.004092 
0.009928 -0.027629 -0.029273 0.002237 
-0.031262 -0.015101 -0.034231 -0.005796 
0.016256 0.013567 -0.020690 0.004500 
-0.001265 0.011057 -0.007426 0.008289 
0.012285 0.013769 -0.015188 0.010481 
-0.001290 0.015891 -0.015543 0.003548 
-0.022237 -0.005688 0.022132 -0.006084 
0.013149 0.005914 0.001628 0.014326 
0.008403 -0.036222 0.027391 -0.025147 
0.016203 0.013769 -0.020895 0.003940 
0.001758 0.029100 0.024984 -0.015024 
-0.019919 -0.012871 0.023080 0.005456 
-0.024052 0.008152 0.024558 -0.006468 
-0.002866 0.011394 -0.009444 0.006989 
-0.002362 0.002913 -0.002560 0.002740 
-0.008263 0.021676 -0.002279 -0.023085 
0.015478 -0.015315 -0.000207 0.021773 
0.021167 0.008852 -0.022766 0.002854 
-0.015550 0.020222 0.017453 -0.018604 
-0.008821 0.029540 0.029365 0.009384 
0.009659 0.019566 -0.020564 -0.007296 
-0.004884 0.019024 -0.016199 -0.011107 
-0.026458 -0.000094 0.024880 0.009001 
-0.012943 -0.002150 -0.006849 -0.011191 
-0.010641 0.026779 0.028240 -0.005733 
0.027851 0.013795 0.016421 -0.026388 
0.003621 0.032674 0.027896 0.017392 
-0.001947 -0.018323 0.018425 0.000253 
0.006931 0.018799 -0.019980 -0.001492 
-0.020955 0.004122 0.010346 -0.018683 
0.010071 -0.015185 0.014308 0.011283 
-0.011763 0.014312 -0.012561 -0.013616 
-0.020785 -0.006775 0.019712 -0.009453 
-0.018210 0.011096 0.003096 -0.021098 
0.008766 -0.006967 0.011185 -0.000530 
0.003543 -0.032646 -0.023706 -0.022723 
-0.004571 0.019022 -0.016466 -0.010565 
0.028179 0.016273 0.028742 -0.015256 
-0.017501 -0.029846 -0.026080 -0.022736 
0.014651 0.002014 0.005007 0.013915 
0.013995 -0.006599 0.011307 0.010562 
0.024724 0.013393 -0.007763 -0.027026 
0.001427 -0.038132 0.032174 -0.020516 
0.007276 -0.000563 0.007169 0.001364 
-0.008215 -0.006732 -0.003368 -0.010073 
-0.014077 0.002561 -0.009558 -0.010647 
-0.017413 0.000831 -0.001835 -0.017336 
0.028026 0.011003 0.005233 -0.029650 
-0.019800 0.019350 0.027548 -0.002753 
0.002646 -0.009232 0.006464 -0.007103 
0.006266 0.009003 0.000099 0.010969 
0.004366 -0.023100 0.004748 0.023024 
0.019206 -0.019500 -0.026797 0.005574 
0.012424 0.011122 -0.008625 0.014271 
0.004191 0.005504 0.002774 0.006338 
-0.014634 0.006185 -0.010404 -0.012007 
0.028433 -0.022852 0.034444 -0.012011 
0.002965 -0.027468 -0.019150 0.019914 
0.009986 0.003663 0.006487 0.008429 
0.011418 0.006813 0.002022 0.013141 
-0.010424 -0.005232 -0.004844 -0.010610 
0.005276 -0.003943 0.005998 -0.002720 
-0.011795 -0.005087 -0.004311 -0.012100 
-0.003146 -0.014785 0.012099 -0.009062 
0.007790 -0.027637 -0.027138 0.009383 
0.001756 -0.029453 -0.028018 0.009248 
-0.000643 -0.029692 -0.027972 0.009981 
0.013124 0.012893 -0.014304 0.011569 
0.008795 -0.000277 0.008254 0.003050 
-0.033827 -0.005751 -0.033215 0.008606 
0.007966 -0.031592 -0.022242 -0.023808 
0.027806 0.006377 -0.012032 -0.025866 
-0.009853 0.014651 -0.014834 -0.009574 
0.005318 0.017368 -0.017704 0.004060 
-0.013591 0.012169 -0.010957 -0.014586 
0.028868 0.014164 0.025015 -0.020204 
0.020357 0.016297 -0.015822 -0.020728 
0.027110 0.013567 0.009738 -0.028709 
0.011568 0.004148 0.005617 0.010931 
0.018121 0.009664 -0.017486 0.010769 
-0.008800 -0.002152 -0.007221 -0.005471 
-0.000926 -0.004941 -0.000299 -0.005018 
-0.004194 -0.019989 0.019517 0.006021 
-0.011828 0.026102 0.028095 -0.005648 
0.004810 0.003724 0.004047 0.004542 
0.012130 0.003410 0.006111 0.011019 
-0.019009 -0.016942 0.017476 0.018519 
0.021360 0.028846 0.017414 0.031386 
0.000245 -0.001270 0.000256 -0.001268 
0.018777 -0.015406 -0.015253 0.018901 
0.013382 -0.029764 -0.017297 -0.027673 
-0.040182 -0.002623 0.011271 -0.038658 
-0.020955 -0.000825 0.012826 -0.016592 
-0.014804 -0.011183 0.013176 -0.013061 
-0.006576 -0.002204 -0.005865 -0.003701 
-0.007506 0.026114 0.019748 -0.018662 
0.008731 0.019849 -0.020326 -0.007553 
0.021987 0.014799 -0.015460 -0.021528 
0.013728 0.006318 0.000037 0.015112 
0.005059 -0.009282 0.009198 -0.005210 
0.007844 -0.011176 0.013648 -0.000419 
0.008314 0.001818 0.007138 0.004634 
0.014078 -0.004885 0.010683 0.010389 
-0.009417 0.009802 -0.013503 -0.001551 
0.024441 -0.000663 -0.023997 0.004682 
0.007406 0.021637 -0.017444 -0.014788 
0.021630 -0.023692 -0.013072 -0.029296 
0.023881 -0.019548 -0.018841 -0.024443 
-0.009114 0.013695 -0.015375 -0.005851 
0.014082 0.009498 -0.007526 0.015228 
-0.000781 0.008549 -0.003796 0.007700 
0.003257 0.023804 -0.009439 -0.022094 
0.008020 0.006941 0.003107 0.010141 
-0.012998 0.003454 -0.010782 -0.008039 
0.012780 -0.003819 0.011043 0.007481 
0.005379 0.001072 0.005159 0.001862 
-0.012398 0.012695 -0.012734 -0.012358 
0.002871 -0.002566 0.003052 -0.002347 
-0.028870 0.019438 -0.023091 0.026040 
0.030701 0.001157 0.000749 -0.030714 
-0.017538 0.005934 -0.003506 -0.018179 
0.011530 -0.002188 0.010310 0.005608 
-0.009664 -0.010601 0.004037 -0.013765 
0.005214 0.025233 -0.001037 -0.025745 
-0.010867 0.010638 -0.014142 -0.005591 
-0.006650 0.028059 0.027187 -0.009613 
-0.011570 -0.042565 0.000177 0.044109 
0.016574 -0.004620 0.006204 0.016048 
-0.007303 0.007806 -0.010358 0.002643 
-0.000201 0.008677 -0.003366 0.008001 
-0.002954 -0.000404 -0.002933 -0.000535 
0.022272 -0.004179 -0.016258 0.015785 
0.003337 0.004277 0.002677 0.004718 
0.011660 0.007231 0.001076 0.013678 
-0.014231 0.010167 -0.010837 -0.013728 
-0.014175 0.004901 -0.010588 -0.010623 
0.005964 -0.028234 -0.027024 0.010122 
-0.001981 0.003046 -0.002177 0.002910 
-0.004811 -0.003993 -0.003948 -0.004848 
-0.011778 -0.014399 0.016015 -0.009463 
-0.008882 0.014691 -0.015530 -0.007316 
-0.026526 -0.016102 -0.018206 0.025129 
-0.033003 0.002165 -0.020491 0.025962 
0.012604 0.003223 0.005983 0.011552 
-0.013781 0.018982 0.005251 -0.022862 
-0.010884 -0.010335 0.004582 -0.014293 
0.011550 0.006068 0.003096 0.012674 
-0.026935 -0.011709 0.000237 0.029368 
-0.042630 -0.007060 0.043184 0.001502 
-0.019635 -0.011395 0.022674 -0.001132 
-0.020494 -0.004919 0.016192 -0.013491 
-0.026498 -0.000245 0.024767 0.009424 
0.004865 -0.011222 0.011183 -0.004954 
0.008776 -0.002798 0.009152 0.001046 
0.019866 0.010657 -0.022384 0.002677 
-0.000811 0.009691 -0.005119 0.008269 
-0.004323 -0.001550 -0.004137 -0.001994 
-0.017630 -0.007012 0.010712 -0.015660 
-0.007228 -0.008703 -0.000631 -0.011296 
-0.015836 -0.013853 0.020537 -0.004571 
0.002044 0.022596 -0.014072 -0.017797 
0.010063 0.010874 -0.005025 0.013937 
0.014959 -0.005036 0.009618 0.012515 
-0.010703 0.002586 -0.010279 -0.003946 
0.034371 0.020042 -0.020971 0.033812 
-0.003253 0.019036 -0.017346 -0.008489 
-0.002067 -0.011185 0.005064 -0.010185 
-0.025033 -0.007122 0.022741 0.012658 
-0.011321 0.012688 -0.014061 -0.009562 
0.015742 -0.010157 0.007234 0.017282 
-0.003161 -0.022220 0.015707 0.016031 
0.003728 -0.003723 0.004205 -0.003174 
0.009368 -0.010750 0.014081 0.002246 
-0.008092 -0.022308 0.015034 0.018360 
-0.008082 0.012143 -0.014545 -0.001105 
-0.015361 -0.041384 0.003486 0.044005 
0.007247 -0.025047 -0.013062 0.022567 
0.006626 0.017999 -0.019099 0.001764 
0.029797 -0.024524 0.034876 0.016520 
-0.007298 -0.034970 -0.004824 -0.035396 
0.001278 -0.005130 0.001977 -0.004904 
-0.032260 -0.002170 -0.017154 0.027407 
-0.018793 -0.015775 0.020867 0.012907 
-0.021413 -0.010749 0.023566 0.004326 
0.013866 0.002489 0.005553 0.012947 
0.019981 -0.009973 -0.009697 0.020117 
-0.007967 0.007746 -0.010976 0.001733 
0.007541 0.008920 0.000264 0.011677 
0.023422 -0.006148 -0.021489 0.011162 
0.004787 0.019891 -0.019680 -0.005593 
0.008282 -0.010462 0.013342 -0.000197 
-0.002490 0.018914 -0.017772 -0.006934 
-0.002782 0.001372 -0.002845 0.001238 
-0.008641 -0.001832 -0.007303 -0.004968 
0.006382 0.018785 -0.019802 -0.001215 
-0.022747 -0.000929 0.019750 -0.011323 
0.009444 0.030964 0.031669 0.006707 
-0.014212 0.009029 -0.011170 -0.012598 
0.021340 0.017826 -0.004630 -0.027418 
0.007327 -0.035114 0.011563 -0.033955 
-0.010998 0.007788 -0.012922 -0.003829 
0.012553 -0.000852 0.009457 0.008299 
0.017016 0.005165 -0.005223 0.016998 
0.020124 0.004679 -0.014570 0.014648 
0.025642 0.013554 -0.001106 -0.028983 
-0.010260 -0.004346 -0.005843 -0.009487 
0.010937 -0.009517 0.013714 0.004702 
-0.021259 -0.009240 0.023143 -0.001312 
-0.018908 0.005135 0.001472 -0.019538 
0.001163 -0.012804 0.010178 -0.007855 
0.015314 -0.011671 0.007075 0.017908 
-0.021827 0.008694 0.016824 -0.016399 
0.034061 0.010976 0.032904 0.014068 
-0.002903 0.022960 -0.007925 -0.021743 
0.007892 0.009131 -0.000150 0.012068 
0.009895 0.000649 0.008428 0.005226 
-0.004845 0.002725 -0.005205 0.001951 
-0.017993 0.001279 -0.000395 -0.018034 
0.011287 -0.000697 0.009490 0.006149 
-0.000826 0.015511 -0.014763 0.004832 
0.014647 -0.013768 0.006198 0.019123 
0.002415 -0.023654 0.005314 0.023175 
0.022100 -0.005408 -0.015777 0.016393 
-0.012641 -0.009352 0.004602 -0.015035 
-0.007027 0.008796 -0.010863 0.002956 
0.011411 -0.019901 0.000024 0.022940 
-0.001339 0.004366 -0.001784 0.004203 
0.013402 0.014397 -0.018160 0.007557 
-0.002829 0.009616 -0.007094 0.007081 
-0.004176 0.000641 -0.004216 0.000268 
0.008687 0.010223 -0.002555 0.013170 
0.005295 -0.012285 0.012882 -0.003606 
-0.016849 -0.026360 -0.028711 0.012427 
-0.009351 -0.004409 -0.005821 -0.008544 
-0.003478 0.007260 -0.005600 0.005783 
-0.008014 -0.001180 -0.007211 -0.003689 
0.003400 -0.006007 0.004716 -0.005040 
0.007159 -0.001303 0.007252 0.000608 
-0.003807 -0.024857 0.003641 0.024882 
0.013009 0.001701 0.007232 0.010946 
0.013305 -0.014906 0.008245 0.018200 
-0.001967 0.002995 -0.002155 0.002864 
-0.001667 -0.002950 -0.001495 -0.003041 
-0.010477 0.006880 -0.012282 -0.002504 
0.024998 0.001775 -0.025021 -0.001401 
-0.028809 -0.025916 0.013442 -0.036344 
0.000089 -0.015896 0.015153 -0.004806 
-0.022421 -0.016228 0.007434 0.026661 
-0.005056 -0.003713 -0.004237 -0.004626 
0.017246 0.005402 -0.006347 0.016922 
-0.009850 -0.020783 0.018719 0.013362 
0.011087 -0.016031 0.011719 0.015575 
-0.001898 -0.007674 0.000542 -0.007887 
-0.023145 -0.004204 0.023022 -0.004833 
0.006981 -0.007333 0.009674 -0.002989 
0.006405 -0.004806 0.007590 -0.002553 
-0.009509 -0.009320 0.001159 -0.013264 
-0.000565 0.025964 0.006119 -0.025239 
0.005104 0.017696 -0.018173 0.002988 
-0.008107 -0.001708 -0.007066 -0.004325 
-0.015190 0.000509 -0.006670 -0.013657 
0.000063 -0.013523 0.010718 -0.008246 
-0.007123 -0.004095 -0.005374 -0.006215 
0.008765 -0.002213 0.008926 0.001436 
0.004844 -0.012008 0.012152 -0.004472 
-0.016903 0.002797 -0.004625 -0.016497 
-0.004762 0.016860 -0.017048 -0.004037 
-0.002661 -0.007764 0.000043 -0.008208 
-0.021132 0.006670 0.011923 -0.018679 
0.007488 0.015787 -0.015385 0.008282 
0.005792 -0.001535 0.005973 -0.000480 
0.016379 0.000364 0.003451 0.016016 
0.017642 0.009724 -0.016425 0.011663 
0.001736 0.016458 -0.015748 0.005087 
-0.001662 0.002707 -0.001795 0.002620 
0.015581 0.005809 -0.002693 0.016409 
0.023561 0.008837 -0.023463 -0.009095 
-0.014247 -0.006412 0.001051 -0.015588 
0.005798 0.013838 -0.009937 0.011241 
0.001289 0.011308 -0.005767 0.009812 
0.009780 0.018072 -0.020536 -0.000726 
-0.003284 -0.027890 -0.017385 0.022055 
-0.012099 -0.016816 0.020682 -0.001197 
0.019263 -0.009529 -0.005715 0.020717 
0.007422 -0.024406 -0.009774 0.023562 
0.024403 -0.014945 -0.026515 -0.010762 
-0.005072 0.001121 -0.005176 0.000432 
-0.008399 0.040343 -0.028559 -0.029706 
-0.001179 -0.003468 -0.000945 -0.003539 
-0.007442 0.014135 -0.015704 -0.002928 
-0.012046 -0.012961 0.012814 -0.012202 
-0.013699 -0.018455 0.020981 0.009386 
0.010433 -0.001559 0.009693 0.004163 
0.002620 0.006682 0.000839 0.007128 
0.002668 -0.016451 0.016659 -0.000455 
-0.005958 0.029718 0.030257 0.001787 
0.037250 0.007583 0.016836 0.034083 
0.022093 0.021424 0.021485 -0.022034 
-0.001635 -0.015760 0.014439 -0.006524 
0.007396 0.006487 0.003548 0.009176 
-0.002334 -0.022336 0.015058 0.016661 
-0.008612 0.015215 -0.015619 -0.007856 
0.017607 0.000022 0.000462 0.017601 
-0.009761 -0.007599 -0.001818 -0.012236 
-0.001631 -0.002927 -0.001465 -0.003013 
0.015121 -0.013301 0.005433 0.019392 
-0.027157 0.003082 0.024438 0.012238 
0.000144 -0.001570 0.000163 -0.001568 
0.011394 0.013293 -0.012769 0.011978 
0.008419 -0.001852 0.008519 0.001317 
0.001434 0.013093 -0.009022 0.009596 
-0.016986 0.003794 -0.004851 -0.016715 
-0.010750 -0.002117 -0.007695 -0.007799 
0.012077 -0.000589 0.009408 0.007594 
0.004933 -0.010870 0.010823 -0.005034 
0.001147 -0.028791 -0.024726 0.014794 
-0.003752 -0.018881 0.019192 0.001498 
-0.025306 -0.000465 0.025255 0.001674 
-0.016086 -0.023850 -0.010807 0.026660 
0.006061 0.005882 0.003638 0.007622 
0.013163 -0.001298 0.009471 0.009232 
-0.006110 0.011151 -0.012273 0.003326 
0.004502 0.002520 0.004130 0.003093 
0.000832 -0.024164 0.004725 0.023712 
0.000866 0.009854 -0.003848 0.009113 
0.005582 -0.000058 0.005524 0.000805 
0.012492 -0.024757 -0.025356 0.011226 
-0.029438 -0.006186 0.000016 0.030081 
-0.011776 0.030636 0.017245 0.027925 
-0.002635 -0.020127 0.019066 0.006969 
-0.011314 0.025124 0.024056 -0.013437 
-0.003326 0.007516 -0.005620 0.005997 
0.011206 -0.019582 0.001974 0.022475 
-0.004547 -0.010865 0.003417 -0.011272 
0.000229 0.006387 -0.001066 0.006302 
-0.005376 0.023754 0.000828 -0.024341 
-0.015208 0.009946 -0.008808 -0.015895 
-0.020551 0.004224 0.008517 -0.019174 
0.004757 0.006634 0.002337 0.007821 
-0.027067 -0.009793 0.006850 0.027958 
0.010434 0.029318 0.030279 -0.007183 
0.005789 0.019881 -0.019898 -0.005731 
-0.016605 0.005472 -0.006280 -0.016316 
0.004836 -0.000107 0.004816 0.000456 
-0.013748 -0.007989 0.003382 -0.015537 
0.010497 -0.007421 0.012580 0.002646 
-0.017892 -0.001001 0.001499 -0.017857 
-0.015022 -0.005555 0.000969 -0.015987 
-0.016645 -0.007267 0.008437 -0.016084 
0.005976 -0.002790 0.006435 -0.001441 
-0.002945 0.015919 -0.016133 0.001344 
-0.006258 0.021706 -0.007111 -0.021442 
0.024748 -0.012608 -0.027057 -0.006273 
-0.017388 0.021499 0.026948 -0.006194 
0.006680 -0.001238 0.006786 0.000316 
0.017905 -0.006070 0.002230 0.018773 
-0.013332 -0.017132 0.021567 0.002467 
0.003154 0.001066 0.003090 0.001238 
-0.000956 0.003281 -0.001145 0.003219 
-0.001004 -0.003277 -0.000810 -0.003330 
0.015059 0.011457 -0.014365 0.012316 
0.006179 -0.004792 0.007331 -0.002720 
0.013562 0.015525 -0.020306 0.003553 
0.026849 0.002513 -0.022672 -0.014600 
0.015733 0.027071 0.029326 -0.010972 
-0.002098 0.025287 0.003701 -0.025102 
-0.025384 0.010691 0.026775 0.006460 
0.005918 0.010617 -0.002737 0.011843 
0.014858 -0.013930 0.005213 0.019689 
-0.014293 0.017981 0.003582 -0.022688 
-0.016938 0.004752 -0.005259 -0.016787 
0.012948 0.004035 0.004688 0.012726 
0.008252 -0.019894 0.009157 0.019494 
-0.005184 0.030649 0.029995 0.008159 
-0.013346 0.023726 0.023747 -0.013308 
0.003411 -0.010537 0.008836 -0.006677 
-0.022335 0.022832 0.013309 0.029035 
-0.008887 -0.009369 0.000919 -0.012881 
-0.025653 0.005426 0.026151 0.001904 
-0.019855 -0.002784 0.010814 -0.016883 
-0.001850 -0.011107 0.005061 -0.010059 
0.010969 0.009757 -0.003333 0.014297 
-0.016896 -0.015955 0.022175 0.006952 
0.012580 0.031061 0.029506 0.015888 
-0.007754 0.015798 -0.016016 -0.007293 
-0.011013 0.005063 -0.011578 -0.003589 
-0.017052 0.033895 -0.037021 0.008309 
0.016358 -0.009127 0.006121 0.017704 
-0.000773 -0.018898 0.018643 0.003186 
-0.016883 0.004526 -0.005362 -0.016636 
0.027662 0.014138 0.016623 -0.026244 
0.014246 -0.032808 0.017009 -0.031465 
0.003001 0.021436 -0.017584 -0.012621 
-0.004964 0.021991 -0.008554 -0.020859 
-0.012130 0.003564 -0.011034 -0.006172 
0.003001 -0.003693 0.003398 -0.003331 
-0.002204 -0.000375 -0.002194 -0.000429 
-0.006940 0.002343 -0.007312 0.000429 
0.017352 0.017718 -0.018707 -0.016281 
0.019768 0.006302 -0.016004 0.013204 
0.015899 -0.011845 0.004986 0.019189 
-0.006291 0.003961 -0.007131 0.002103 
-0.001585 0.002310 -0.001674 0.002246 
-0.009453 0.011511 -0.014532 -0.003269 
0.020145 0.002639 -0.011712 0.016601 
-0.002121 0.012254 -0.010053 0.007321 
-0.017070 0.005380 -0.004968 -0.017195 
-0.009521 0.012568 -0.014990 -0.004889 
-0.020677 0.010644 0.014008 -0.018564 
0.006097 0.010517 -0.002538 0.011889 
0.022281 0.020476 0.016828 -0.025150 
0.010656 -0.001378 0.009693 0.004637 
0.002314 -0.003913 0.002703 -0.003654 
-0.000541 -0.000930 -0.000536 -0.000934 
0.013234 -0.019766 -0.006238 0.022955 
-0.027439 0.001506 0.023238 0.014668 
0.001711 -0.008178 0.004393 -0.007106 
0.002446 0.009749 -0.002557 0.009721 
0.014838 -0.022898 -0.024789 0.011401 
0.015170 -0.010099 0.008811 0.015953 
-0.015747 0.005852 -0.008370 -0.014566 
