0.002509 -0.002686 0.002561 -0.002635 
-0.002569 0.000966 -0.002579 0.000938 
0.002487 -0.002678 0.002539 -0.002629 
0.002435 -0.002677 0.002486 -0.002630 
-0.002662 -0.000810 -0.002653 -0.000840 
-0.000996 -0.002561 -0.000968 -0.002572 
0.000919 0.002585 0.000891 0.002595 
0.000794 0.000890 0.000792 0.000892 
0.000844 -0.002705 0.000875 -0.002695 
0.002482 -0.002655 0.002533 -0.002606 
0.002544 0.000772 0.002536 0.000799 
0.002598 -0.000860 0.002607 -0.000831 
0.002602 0.000800 0.002593 0.000828 
-0.000908 0.000821 -0.000910 0.000819 
0.000939 0.002507 0.000912 0.002517 
-0.000870 -0.002616 -0.000841 -0.002626 
0.002578 0.000802 0.002569 0.000830 
0.000916 0.002448 0.000891 0.002457 
0.002533 0.000858 0.002524 0.000884 
0.002695 0.002504 0.002645 0.002557 
-0.002658 0.000909 -0.002668 0.000879 
-0.000932 -0.002671 -0.000900 -0.002682 
0.002494 -0.000912 0.002503 -0.000886 
0.000825 0.000796 0.000824 0.000797 
-0.002664 -0.002504 -0.002614 -0.002555 
0.002678 0.002509 0.002628 0.002561 
-0.000860 0.000765 -0.000862 0.000763 
-0.002674 0.000938 -0.002685 0.000907 
-0.002458 0.002648 -0.002508 0.002600 
0.002537 -0.000922 0.002547 -0.000895 
-0.002599 -0.000789 -0.002591 -0.000817 
0.002513 0.000822 0.002504 0.000848 
-0.000927 -0.002539 -0.000900 -0.002549 
-0.002610 -0.000769 -0.002602 -0.000797 
0.000861 -0.002651 0.000891 -0.002641 
-0.000865 -0.000910 -0.000863 -0.000912 
0.002478 -0.002701 0.002531 -0.002652 
-0.000880 0.000818 -0.000882 0.000816 
-0.002498 0.002671 -0.002550 0.002621 
-0.002626 -0.000802 -0.002616 -0.000831 
0.000944 0.002578 0.000915 0.002588 
-0.002669 -0.002459 -0.002621 -0.002510 
-0.002654 -0.002483 -0.002605 -0.002534 
0.000993 0.002461 0.000967 0.002471 
0.002587 -0.000880 0.002596 -0.000851 
0.001004 0.002535 0.000976 0.002546 
0.000835 -0.002636 0.000864 -0.002627 
0.002577 -0.000936 0.002587 -0.000907 
-0.000924 -0.000918 -0.000922 -0.000920 
0.000799 0.000853 0.000797 0.000854 
0.002596 0.000818 0.002587 0.000846 
-0.002626 0.001009 -0.002637 0.000978 
0.002736 0.002553 0.002683 0.002609 
0.000900 -0.000941 0.000902 -0.000939 
-0.002522 0.000962 -0.002532 0.000935 
0.002590 0.000818 0.002581 0.000846 
0.000833 0.002462 0.000809 0.002470 
0.002468 -0.002710 0.002521 -0.002661 
0.002496 -0.002709 0.002549 -0.002658 
0.000880 0.000852 0.000878 0.000854 
-0.002644 -0.002460 -0.002596 -0.002510 
0.000775 -0.000885 0.000777 -0.000884 
0.002516 0.000792 0.002508 0.000817 
0.000923 0.002565 0.000895 0.002575 
-0.002590 0.000956 -0.002601 0.000927 
0.000879 0.000810 0.000877 0.000812 
0.002592 -0.000901 0.002602 -0.000872 
-0.002544 0.002706 -0.002598 0.002654 
0.002528 -0.002649 0.002580 -0.002598 
0.000865 0.000755 0.000863 0.000757 
-0.000870 0.000861 -0.000872 0.000859 
0.002642 0.002504 0.002593 0.002555 
0.002465 -0.002703 0.002518 -0.002654 
0.000861 0.000772 0.000860 0.000774 
-0.000904 0.000833 -0.000906 0.000831 
0.002488 -0.002683 0.002540 -0.002633 
-0.000924 0.000818 -0.000926 0.000816 
-0.000840 0.002583 -0.000868 0.002573 
-0.000857 0.000828 -0.000858 0.000826 
0.000776 0.000799 0.000775 0.000800 
-0.000945 -0.002626 -0.000915 -0.002636 
0.000815 0.000770 0.000814 0.000772 
0.000898 0.002514 0.000872 0.002523 
0.000867 0.000853 0.000865 0.000855 
-0.002647 -0.000723 -0.002639 -0.000752 
0.002473 -0.000911 0.002482 -0.000886 
0.000826 0.000779 0.000824 0.000780 
0.002435 -0.002735 0.002489 -0.002687 
0.002520 -0.002646 0.002571 -0.002596 
-0.000920 -0.002607 -0.000890 -0.002617 
-0.000906 0.000827 -0.000908 0.000825 
0.000960 0.002572 0.000932 0.002582 
-0.000790 0.000778 -0.000792 0.000776 
0.000898 -0.002648 0.000929 -0.002638 
-0.002653 0.000910 -0.002664 0.000879 
0.000819 -0.000900 0.000821 -0.000898 
0.000761 0.000850 0.000760 0.000851 
0.000779 -0.000883 0.000781 -0.000881 
0.000948 0.000857 0.000946 0.000859 
0.000814 -0.000950 0.000816 -0.000948 
0.002491 -0.002692 0.002544 -0.002643 
-0.002726 -0.000891 -0.002715 -0.000924 
-0.000911 -0.002574 -0.000883 -0.002584 
0.000853 0.000879 0.000851 0.000880 
-0.002606 -0.000856 -0.002596 -0.000885 
0.002501 -0.002669 0.002553 -0.002619 
-0.000767 0.002567 -0.000794 0.002559 
-0.000823 0.002525 -0.000850 0.002516 
-0.002675 -0.000802 -0.002666 -0.000832 
-0.000880 -0.000852 -0.000878 -0.000854 
-0.000892 -0.000936 -0.000890 -0.000938 
-0.000801 0.002555 -0.000828 0.002547 
-0.000899 -0.002615 -0.000869 -0.002625 
0.000745 -0.002688 0.000776 -0.002679 
-0.002637 -0.000785 -0.002628 -0.000814 
0.000845 0.002502 0.000819 0.002511 
0.002710 0.002487 0.002660 0.002540 
-0.000946 0.000817 -0.000947 0.000815 
0.002718 0.002509 0.002667 0.002563 
0.000863 -0.000916 0.000866 -0.000914 
-0.000935 -0.002651 -0.000904 -0.002661 
-0.000862 0.000832 -0.000864 0.000830 
-0.000929 0.000811 -0.000931 0.000809 
-0.000871 0.000851 -0.000873 0.000849 
0.000899 0.002510 0.000873 0.002519 
0.002727 0.002416 0.002680 0.002469 
-0.002646 -0.000853 -0.002636 -0.000882 
0.000821 -0.000906 0.000823 -0.000904 
-0.002603 -0.000785 -0.002594 -0.000813 
0.000843 0.000780 0.000841 0.000782 
0.002538 0.000826 0.002529 0.000852 
-0.002668 0.000924 -0.002679 0.000893 
0.002536 -0.002702 0.002590 -0.002651 
0.000815 0.000803 0.000813 0.000804 
-0.002640 -0.000827 -0.002631 -0.000857 
0.000785 -0.002618 0.000814 -0.002609 
-0.000959 -0.002641 -0.000929 -0.002652 
-0.002752 -0.000767 -0.002743 -0.000800 
0.002703 0.002491 0.002653 0.002544 
0.000903 0.002544 0.000876 0.002554 
0.002591 0.000807 0.002582 0.000835 
-0.002702 -0.000805 -0.002692 -0.000837 
0.000816 -0.002658 0.000846 -0.002648 
0.002510 -0.000902 0.002519 -0.000876 
-0.002614 0.000956 -0.002624 0.000926 
-0.002642 -0.000851 -0.002632 -0.000881 
-0.000925 -0.002707 -0.000893 -0.002718 
0.002589 0.002488 0.002541 0.002536 
-0.002661 0.000885 -0.002671 0.000854 
0.000824 -0.000911 0.000826 -0.000909 
-0.000955 0.000849 -0.000957 0.000846 
-0.000909 0.000848 -0.000911 0.000846 
-0.002587 0.000907 -0.002597 0.000878 
0.000730 0.000771 0.000728 0.000772 
-0.002625 0.000948 -0.002635 0.000918 
-0.002693 -0.000818 -0.002684 -0.000849 
-0.000884 -0.000877 -0.000882 -0.000879 
-0.002577 0.000878 -0.002587 0.000850 
0.000791 -0.002582 0.000818 -0.002574 
-0.002730 -0.002472 -0.002680 -0.002526 
-0.000934 -0.000938 -0.000932 -0.000941 
0.002546 0.000814 0.002537 0.000840 
0.002566 -0.002736 0.002622 -0.002683 
-0.000936 -0.002677 -0.000904 -0.002688 
-0.002692 -0.002524 -0.002641 -0.002578 
-0.002618 0.000939 -0.002628 0.000909 
0.000840 0.000830 0.000838 0.000832 
0.002475 -0.002718 0.002528 -0.002668 
-0.000839 0.002522 -0.000865 0.002513 
0.000820 -0.000969 0.000822 -0.000967 
0.002544 -0.000947 0.002554 -0.000920 
-0.000961 -0.002628 -0.000931 -0.002639 
0.002595 0.000818 0.002586 0.000846 
0.002448 -0.002651 0.002498 -0.002604 
0.000833 -0.000971 0.000835 -0.000969 
-0.002477 0.002729 -0.002531 0.002679 
-0.002685 -0.002470 -0.002636 -0.002522 
-0.002699 -0.002422 -0.002652 -0.002474 
-0.002418 0.002782 -0.002473 0.002734 
-0.002693 -0.000881 -0.002683 -0.000912 
-0.002640 -0.000829 -0.002630 -0.000859 
0.002714 0.002471 0.002665 0.002525 
0.002522 -0.002675 0.002575 -0.002624 
0.002614 0.000844 0.002605 0.000873 
0.002490 -0.002665 0.002542 -0.002616 
-0.002678 -0.000858 -0.002668 -0.000889 
0.002499 -0.000899 0.002508 -0.000873 
0.002697 0.002492 0.002648 0.002545 
0.002620 -0.000921 0.002630 -0.000891 
0.002353 -0.002692 0.002403 -0.002647 
-0.000852 0.000788 -0.000853 0.000786 
-0.000815 0.002614 -0.000844 0.002604 
0.000802 -0.002676 0.000833 -0.002667 
-0.000918 0.000809 -0.000919 0.000807 
-0.000910 -0.000915 -0.000908 -0.000917 
0.000788 -0.002614 0.000817 -0.002605 
-0.002729 -0.002536 -0.002677 -0.002591 
0.000910 0.002576 0.000882 0.002586 
-0.002583 0.000918 -0.002593 0.000890 
-0.000948 0.002622 -0.000978 0.002611 
0.002578 0.000815 0.002569 0.000842 
-0.002408 0.002735 -0.002461 0.002687 
0.002520 -0.000933 0.002530 -0.000906 
0.002533 -0.002688 0.002587 -0.002637 
-0.000859 0.000782 -0.000861 0.000780 
-0.002672 -0.002532 -0.002621 -0.002585 
0.002574 0.000852 0.002565 0.000879 
-0.002620 -0.000747 -0.002612 -0.000775 
0.000904 0.002468 0.000879 0.002477 
-0.000874 0.000853 -0.000876 0.000851 
-0.000947 0.000871 -0.000950 0.000869 
0.002541 0.000817 0.002532 0.000844 
-0.002446 0.002713 -0.002499 0.002665 
-0.000915 -0.000902 -0.000913 -0.000904 
0.000808 -0.002648 0.000838 -0.002639 
0.000830 -0.002671 0.000861 -0.002662 
-0.000780 0.002648 -0.000810 0.002639 
0.002533 0.000736 0.002526 0.000762 
-0.000891 -0.000921 -0.000889 -0.000923 
-0.002657 -0.000699 -0.002649 -0.000729 
0.002670 0.002477 0.002622 0.002529 
-0.002645 0.000997 -0.002657 0.000966 
-0.000926 -0.002594 -0.000897 -0.002604 
-0.002484 0.002693 -0.002536 0.002644 
-0.000994 -0.000941 -0.000992 -0.000943 
-0.002684 -0.000861 -0.002674 -0.000893 
0.000782 -0.002667 0.000812 -0.002658 
-0.000841 0.000836 -0.000843 0.000834 
-0.002629 -0.000773 -0.002620 -0.000802 
0.000783 0.000883 0.000781 0.000885 
-0.000946 -0.002645 -0.000915 -0.002656 
0.000799 -0.000970 0.000801 -0.000969 
0.000915 0.002567 0.000887 0.002577 
0.000838 0.000848 0.000836 0.000850 
-0.000878 -0.000934 -0.000875 -0.000936 
-0.002669 -0.000882 -0.002659 -0.000913 
-0.000978 -0.000941 -0.000975 -0.000944 
-0.000941 -0.002626 -0.000910 -0.002637 
-0.002480 0.002750 -0.002535 0.002700 
-0.002715 -0.002546 -0.002663 -0.002601 
0.000815 -0.000938 0.000817 -0.000936 
-0.002646 0.000848 -0.002656 0.000817 
0.002645 0.002470 0.002597 0.002521 
-0.000903 0.000779 -0.000904 0.000777 
0.000821 0.000819 0.000819 0.000821 
0.002628 0.002517 0.002579 0.002568 
-0.002748 -0.000795 -0.002738 -0.000828 
-0.000871 0.000858 -0.000873 0.000857 
0.000847 -0.002680 0.000878 -0.002670 
0.000795 -0.000940 0.000798 -0.000938 
-0.000793 0.002618 -0.000822 0.002609 
0.002591 0.000847 0.002581 0.000875 
0.002709 0.002530 0.002657 0.002584 
-0.000942 -0.002636 -0.000912 -0.002647 
-0.002748 -0.002490 -0.002697 -0.002545 
-0.000773 0.002646 -0.000802 0.002637 
0.000895 0.002561 0.000868 0.002570 
-0.000807 0.002545 -0.000834 0.002536 
0.002658 0.002487 0.002609 0.002538 
0.000783 -0.000871 0.000785 -0.000870 
0.002531 0.000756 0.002523 0.000782 
-0.002711 -0.002569 -0.002658 -0.002624 
0.002512 -0.000945 0.002522 -0.000919 
-0.000969 -0.002581 -0.000940 -0.002592 
0.000857 -0.002688 0.000888 -0.002678 
0.002596 0.000784 0.002588 0.000812 
-0.000883 0.000779 -0.000884 0.000777 
-0.000813 0.002577 -0.000841 0.002568 
0.002508 0.000875 0.002499 0.000900 
0.000761 -0.000916 0.000763 -0.000914 
0.000811 -0.002617 0.000840 -0.002608 
-0.000950 -0.002644 -0.000919 -0.002655 
-0.002480 0.002717 -0.002533 0.002667 
0.002685 0.002484 0.002636 0.002536 
-0.000949 -0.002628 -0.000919 -0.002638 
0.000898 0.002525 0.000871 0.002534 
-0.000913 0.000815 -0.000915 0.000813 
0.000836 -0.000967 0.000838 -0.000965 
0.002504 -0.002719 0.002558 -0.002668 
-0.002604 -0.000841 -0.002594 -0.000870 
-0.000914 0.000816 -0.000916 0.000814 
0.000963 0.002533 0.000936 0.002543 
0.002452 -0.002701 0.002504 -0.002652 
0.002545 -0.000929 0.002554 -0.000902 
0.002534 -0.002692 0.002588 -0.002641 
0.002708 0.002557 0.002655 0.002612 
0.002530 0.000801 0.002521 0.000828 
-0.002662 0.000910 -0.002673 0.000879 
0.002529 -0.002694 0.002582 -0.002643 
0.002727 0.002492 0.002677 0.002546 
-0.002638 0.000903 -0.002648 0.000873 
0.000885 0.002602 0.000857 0.002612 
0.000852 -0.000922 0.000854 -0.000920 
0.000895 -0.000841 0.000896 -0.000839 
0.002550 0.000791 0.002541 0.000818 
-0.000941 -0.002608 -0.000911 -0.002619 
-0.000757 0.002557 -0.000783 0.002549 
0.000821 0.002512 0.000796 0.002520 
-0.002678 -0.000773 -0.002669 -0.000803 
-0.002652 0.000940 -0.002662 0.000909 
-0.002554 0.002649 -0.002606 0.002598 
-0.000847 -0.002644 -0.000817 -0.002654 
-0.000779 0.002550 -0.000806 0.002542 
0.002571 -0.000936 0.002581 -0.000908 
0.000829 -0.002671 0.000860 -0.002661 
-0.000982 -0.002601 -0.000952 -0.002612 
-0.000896 0.000803 -0.000898 0.000801 
-0.002654 0.000890 -0.002664 0.000860 
-0.002477 0.002668 -0.002528 0.002620 
0.002552 -0.000923 0.002562 -0.000896 
0.002510 -0.000956 0.002520 -0.000930 
-0.002659 0.000887 -0.002669 0.000857 
0.000775 0.000802 0.000774 0.000803 
0.002686 0.002495 0.002636 0.002548 
0.002484 -0.000862 0.002493 -0.000837 
-0.000781 0.002592 -0.000808 0.002584 
0.002542 -0.000888 0.002552 -0.000861 
0.002660 0.002466 0.002612 0.002517 
-0.002642 -0.002488 -0.002593 -0.002539 
0.000770 -0.000953 0.000772 -0.000951 
0.002675 0.002475 0.002626 0.002527 
0.000873 0.002584 0.000845 0.002593 
-0.000895 -0.000914 -0.000892 -0.000916 
0.000770 0.000819 0.000768 0.000820 
0.000823 0.000790 0.000821 0.000792 
0.000857 0.002565 0.000829 0.002574 
0.002436 -0.002643 0.002486 -0.002596 
-0.002608 -0.000839 -0.002599 -0.000868 
-0.000947 -0.002637 -0.000916 -0.002647 
-0.002635 -0.000807 -0.002626 -0.000836 
0.000851 -0.002686 0.000882 -0.002675 
0.002571 0.000804 0.002562 0.000832 
0.002643 0.000821 0.002633 0.000850 
0.002747 0.002545 0.002694 0.002600 
0.000807 -0.001007 0.000809 -0.001005 
0.000975 0.002514 0.000949 0.002525 
-0.000979 0.000850 -0.000981 0.000848 
0.002487 -0.000897 0.002496 -0.000872 
0.000928 0.002522 0.000901 0.002531 
-0.002430 0.002656 -0.002480 0.002610 
-0.002667 -0.002491 -0.002617 -0.002543 
-0.002579 0.000917 -0.002589 0.000889 
0.002514 -0.000858 0.002523 -0.000832 
-0.000925 -0.002547 -0.000898 -0.002556 
-0.000799 0.002610 -0.000828 0.002601 
-0.000803 0.002609 -0.000832 0.002600 
0.002550 -0.002693 0.002604 -0.002641 
-0.001024 -0.002573 -0.000995 -0.002584 
-0.002594 0.000961 -0.002605 0.000932 
0.000975 0.002608 0.000945 0.002619 
0.002520 -0.002718 0.002574 -0.002667 
0.000861 -0.002707 0.000893 -0.002696 
-0.000815 0.002611 -0.000843 0.002602 
0.002482 -0.002706 0.002535 -0.002657 
-0.000958 0.000823 -0.000960 0.000820 
-0.002632 -0.002580 -0.002580 -0.002631 
-0.000973 -0.002625 -0.000942 -0.002636 
-0.002660 0.000937 -0.002671 0.000906 
0.002647 0.002513 0.002597 0.002564 
-0.002603 0.002722 -0.002659 0.002667 
-0.002582 0.000954 -0.002593 0.000925 
0.002604 0.000839 0.002595 0.000868 
0.002538 -0.002733 0.002594 -0.002680 
0.002692 0.002505 0.002642 0.002558 
0.002703 0.002478 0.002653 0.002530 
0.002634 0.002500 0.002586 0.002551 
-0.002682 -0.002466 -0.002634 -0.002517 
0.002751 0.002520 0.002699 0.002576 
-0.000897 -0.000901 -0.000895 -0.000903 
0.002698 0.002445 0.002650 0.002497 
0.000836 -0.000958 0.000838 -0.000956 
-0.000917 -0.000917 -0.000915 -0.000919 
-0.002688 -0.000770 -0.002679 -0.000801 
0.002610 0.000758 0.002602 0.000787 
0.000843 0.000809 0.000842 0.000810 
0.002645 0.000752 0.002637 0.000782 
-0.002447 0.002786 -0.002503 0.002736 
0.000861 0.000799 0.000859 0.000801 
-0.000939 -0.002638 -0.000908 -0.002648 
0.000784 -0.002702 0.000815 -0.002693 
0.000960 0.002571 0.000931 0.002582 
0.000841 -0.002568 0.000868 -0.002559 
0.000837 0.002555 0.000810 0.002564 
0.000941 0.002540 0.000914 0.002550 
0.002703 0.002548 0.002651 0.002602 
-0.002509 0.002704 -0.002563 0.002653 
0.002686 0.002541 0.002634 0.002594 
-0.000834 0.002580 -0.000861 0.002571 
0.000852 0.002610 0.000823 0.002619 
-0.002389 0.002691 -0.002439 0.002645 
0.000833 0.000797 0.000832 0.000798 
0.000876 -0.000932 0.000879 -0.000930 
0.000853 0.000788 0.000852 0.000790 
-0.000854 -0.000960 -0.000851 -0.000962 
0.002554 -0.000898 0.002563 -0.000870 
-0.002620 -0.000743 -0.002612 -0.000772 
0.000801 -0.000904 0.000803 -0.000902 
0.000974 0.002581 0.000945 0.002592 
-0.002685 0.000929 -0.002696 0.000897 
-0.000907 0.000792 -0.000909 0.000790 
0.000786 -0.000925 0.000788 -0.000924 
0.002544 0.000848 0.002535 0.000874 
-0.002625 -0.000851 -0.002615 -0.000880 
0.002775 0.002475 0.002724 0.002530 
0.000932 0.002527 0.000905 0.002537 
0.002557 0.000861 0.002547 0.000888 
-0.002712 -0.002460 -0.002663 -0.002513 
-0.000806 0.002548 -0.000833 0.002540 
0.000863 0.002581 0.000835 0.002590 
-0.000922 0.000871 -0.000924 0.000869 
0.000879 0.000871 0.000877 0.000873 
0.002537 -0.000928 0.002547 -0.000901 
0.002470 -0.000951 0.002480 -0.000925 
-0.000799 0.002521 -0.000825 0.002513 
0.000956 0.002541 0.000929 0.002551 
-0.002479 0.002650 -0.002530 0.002601 
0.002732 0.002498 0.002681 0.002552 
0.002600 0.000755 0.002591 0.000783 
0.000824 -0.000891 0.000826 -0.000889 
-0.000880 0.000767 -0.000881 0.000765 
-0.002594 0.000879 -0.002604 0.000851 
-0.002593 -0.002527 -0.002544 -0.002577 
0.002693 0.002505 0.002643 0.002558 
0.002561 -0.000867 0.002570 -0.000840 
0.002580 0.000803 0.002572 0.000831 
-0.000823 0.002589 -0.000851 0.002580 
0.000757 -0.002605 0.000785 -0.002596 
-0.002672 -0.000856 -0.002662 -0.000886 
0.002498 -0.002697 0.002551 -0.002647 
0.002555 -0.000985 0.002565 -0.000957 
-0.000800 0.002537 -0.000826 0.002528 
0.002539 -0.002689 0.002592 -0.002637 
-0.002526 0.000987 -0.002537 0.000959 
0.000830 0.000811 0.000829 0.000812 
0.002702 0.002514 0.002651 0.002568 
-0.000823 0.002588 -0.000851 0.002579 
0.002693 0.002494 0.002644 0.002547 
-0.002724 -0.002517 -0.002673 -0.002571 
0.000868 0.000808 0.000867 0.000809 
0.000978 0.002526 0.000951 0.002536 
0.002707 0.002412 0.002660 0.002463 
0.002694 0.002522 0.002643 0.002575 
-0.002563 0.000954 -0.002573 0.000926 
-0.000935 -0.002612 -0.000906 -0.002623 
0.000782 0.000691 0.000781 0.000693 
0.000771 -0.000899 0.000773 -0.000898 
-0.000934 -0.000846 -0.000932 -0.000848 
0.000957 0.000762 0.000955 0.000764 
-0.000932 -0.002580 -0.000904 -0.002590 
-0.002652 -0.000861 -0.002642 -0.000891 
-0.000940 -0.000937 -0.000938 -0.000939 
0.000842 0.000779 0.000841 0.000781 
0.002527 0.000800 0.002518 0.000825 
-0.000869 -0.002638 -0.000839 -0.002648 
0.002571 -0.000904 0.002581 -0.000876 
-0.002647 -0.000790 -0.002638 -0.000819 
-0.000948 -0.000935 -0.000946 -0.000937 
0.002526 0.000775 0.002518 0.000801 
0.000889 -0.000862 0.000890 -0.000860 
0.000807 -0.000905 0.000809 -0.000904 
-0.002608 -0.000831 -0.002599 -0.000859 
0.002476 -0.002710 0.002529 -0.002661 
0.000741 -0.000957 0.000744 -0.000956 
-0.000852 -0.000977 -0.000850 -0.000979 
0.000757 -0.000961 0.000759 -0.000960 
0.000881 0.000859 0.000880 0.000861 
0.002593 -0.002704 0.002648 -0.002650 
-0.000925 -0.002655 -0.000894 -0.002665 
0.002738 0.002477 0.002688 0.002531 
-0.002553 -0.000846 -0.002543 -0.000873 
0.000915 0.002532 0.000888 0.002542 
0.002523 -0.002780 0.002580 -0.002727 
0.000780 -0.002624 0.000809 -0.002616 
0.002511 -0.000921 0.002520 -0.000894 
-0.000892 -0.000926 -0.000890 -0.000928 
-0.002706 -0.002559 -0.002653 -0.002613 
0.000880 0.002560 0.000852 0.002569 
0.002542 0.000832 0.002534 0.000859 
0.000729 -0.002654 0.000759 -0.002646 
0.002502 -0.002698 0.002555 -0.002648 
-0.000735 0.002560 -0.000762 0.002553 
0.000845 -0.000937 0.000847 -0.000935 
0.000750 -0.002677 0.000781 -0.002668 
0.000751 -0.002658 0.000781 -0.002650 
0.002680 0.002513 0.002629 0.002565 
0.002510 -0.000972 0.002521 -0.000945 
0.002495 -0.002659 0.002546 -0.002610 
-0.000796 0.002567 -0.000823 0.002559 
-0.002726 -0.002517 -0.002675 -0.002571 
0.002565 -0.000926 0.002575 -0.000898 
-0.000877 0.002541 -0.000904 0.002532 
-0.000877 0.000828 -0.000878 0.000827 
-0.002594 0.000954 -0.002604 0.000925 
0.000860 0.000806 0.000858 0.000808 
-0.002581 0.000880 -0.002591 0.000851 
0.002786 0.002495 0.002734 0.002552 
0.000926 0.002526 0.000899 0.002536 
0.000961 0.002552 0.000933 0.002562 
0.002716 0.002486 0.002666 0.002540 
-0.000828 0.002507 -0.000853 0.002498 
0.000922 0.002514 0.000896 0.002523 
-0.000796 0.002536 -0.000822 0.002527 
0.002527 -0.000972 0.002537 -0.000945 
0.000797 -0.000883 0.000798 -0.000881 
0.002552 -0.000862 0.002561 -0.000835 
0.000902 0.002528 0.000875 0.002537 
0.002619 0.000809 0.002610 0.000838 
-0.002755 -0.002547 -0.002702 -0.002604 
0.002603 -0.000954 0.002613 -0.000925 
0.002643 0.002591 0.002590 0.002643 
0.000774 -0.002672 0.000804 -0.002663 
-0.002662 -0.000854 -0.002652 -0.000885 
-0.000888 -0.002637 -0.000858 -0.002647 
-0.002649 0.000914 -0.002659 0.000884 
0.002442 -0.002729 0.002496 -0.002680 
0.000844 0.002533 0.000817 0.002542 
0.000831 -0.002611 0.000860 -0.002602 
-0.002702 -0.002475 -0.002652 -0.002528 
-0.002661 -0.002497 -0.002612 -0.002548 
-0.000843 0.002488 -0.000868 0.002479 
-0.000912 -0.000897 -0.000910 -0.000899 
0.002382 -0.002659 0.002431 -0.002614 
0.002516 -0.002755 0.002572 -0.002703 
-0.000916 -0.002664 -0.000885 -0.002675 
0.000825 0.000791 0.000823 0.000792 
-0.002472 0.002712 -0.002525 0.002663 
-0.000851 -0.000901 -0.000849 -0.000903 
-0.000892 -0.002600 -0.000863 -0.002610 
0.002543 0.000848 0.002534 0.000875 
0.002532 -0.000869 0.002541 -0.000843 
-0.000847 0.002573 -0.000875 0.002563 
0.000860 -0.002636 0.000890 -0.002626 
-0.000840 -0.000885 -0.000838 -0.000887 
-0.000839 0.000799 -0.000841 0.000798 
-0.000921 -0.002639 -0.000891 -0.002650 
-0.000920 -0.000912 -0.000918 -0.000915 
-0.002697 -0.002474 -0.002648 -0.002527 
-0.000859 -0.002646 -0.000829 -0.002655 
0.002581 0.000803 0.002573 0.000831 
0.000800 0.000788 0.000798 0.000789 
0.000782 0.000766 0.000781 0.000767 
0.002529 0.000846 0.002520 0.000873 
0.002511 -0.000853 0.002520 -0.000828 
-0.000809 0.002575 -0.000837 0.002566 
-0.000883 -0.000831 -0.000881 -0.000833 
0.000905 0.002570 0.000877 0.002580 
-0.000981 -0.000929 -0.000978 -0.000932 
-0.002645 -0.000830 -0.002636 -0.000860 
0.000835 0.000709 0.000834 0.000710 
0.000779 -0.002665 0.000809 -0.002656 
-0.000946 -0.002594 -0.000917 -0.002604 
0.002477 -0.000914 0.002486 -0.000889 
0.000770 -0.000904 0.000772 -0.000902 
0.002709 0.002425 0.002661 0.002477 
0.000780 -0.000948 0.000782 -0.000947 
-0.002661 -0.000789 -0.002652 -0.000819 
-0.000897 0.000812 -0.000898 0.000810 
0.002564 0.000819 0.002555 0.000846 
0.000992 0.002525 0.000965 0.002535 
-0.000839 0.002525 -0.000865 0.002517 
-0.000880 -0.000980 -0.000878 -0.000982 
0.000792 -0.002657 0.000821 -0.002648 
0.000815 -0.000903 0.000817 -0.000901 
-0.000923 -0.000937 -0.000921 -0.000939 
0.002553 0.000796 0.002545 0.000823 
0.000893 0.000784 0.000891 0.000786 
0.002708 0.002457 0.002660 0.002509 
0.002506 -0.002693 0.002559 -0.002643 
-0.000922 -0.000884 -0.000920 -0.000886 
-0.000931 -0.002655 -0.000900 -0.002665 
0.002550 -0.000972 0.002560 -0.000944 
-0.000886 -0.000912 -0.000884 -0.000914 
-0.002599 -0.000792 -0.002590 -0.000820 
-0.002622 0.000965 -0.002633 0.000935 
-0.002642 -0.000762 -0.002633 -0.000791 
0.000761 -0.000909 0.000763 -0.000907 
0.000829 -0.000885 0.000831 -0.000883 
0.002722 0.002510 0.002671 0.002564 
-0.002711 -0.000765 -0.002702 -0.000796 
0.000982 0.002545 0.000954 0.002556 
0.000845 -0.000904 0.000848 -0.000902 
-0.000825 0.002548 -0.000851 0.002539 
0.002537 0.000771 0.002529 0.000797 
0.002496 -0.002677 0.002549 -0.002628 
0.002779 0.002519 0.002726 0.002576 
-0.000848 0.000875 -0.000850 0.000874 
0.002538 -0.000925 0.002547 -0.000898 
-0.002479 0.002692 -0.002531 0.002643 
-0.000930 0.000793 -0.000932 0.000791 
-0.000912 -0.000930 -0.000910 -0.000932 
0.000888 0.000772 0.000886 0.000774 
0.000789 -0.000841 0.000791 -0.000839 
-0.002492 0.002680 -0.002544 0.002630 
0.002670 0.002478 0.002621 0.002530 
-0.002633 0.000956 -0.002644 0.000925 
-0.002703 0.000913 -0.002714 0.000881 
-0.000905 0.000829 -0.000907 0.000827 
-0.002686 -0.002480 -0.002637 -0.002532 
-0.002479 0.002706 -0.002532 0.002657 
-0.000798 0.002571 -0.000825 0.002563 
0.002552 0.000743 0.002544 0.000770 
-0.002662 -0.002495 -0.002613 -0.002546 
0.002511 -0.000919 0.002520 -0.000892 
0.002500 -0.002697 0.002553 -0.002647 
-0.002669 -0.002510 -0.002619 -0.002562 
0.002549 -0.000955 0.002559 -0.000927 
-0.000934 -0.002646 -0.000903 -0.002656 
0.000890 -0.002702 0.000922 -0.002691 
-0.000926 -0.002623 -0.000896 -0.002633 
0.002496 -0.000967 0.002506 -0.000941 
-0.000899 0.000756 -0.000900 0.000754 
0.000834 -0.002633 0.000864 -0.002623 
0.000776 -0.002681 0.000806 -0.002672 
-0.000860 -0.002584 -0.000832 -0.002593 
-0.000965 -0.002619 -0.000935 -0.002630 
-0.000893 -0.000859 -0.000892 -0.000861 
0.000813 -0.000976 0.000815 -0.000974 
-0.002482 0.002704 -0.002535 0.002655 
-0.002632 -0.000834 -0.002622 -0.000863 
-0.002460 0.002678 -0.002512 0.002630 
-0.002491 0.002711 -0.002544 0.002661 
0.000946 0.002539 0.000919 0.002549 
0.002579 0.000770 0.002571 0.000798 
0.000876 -0.000980 0.000879 -0.000978 
-0.000791 0.002572 -0.000819 0.002563 
-0.002652 -0.000852 -0.002642 -0.000882 
-0.002715 -0.002468 -0.002666 -0.002521 
0.000801 -0.000919 0.000803 -0.000917 
0.000823 -0.000913 0.000825 -0.000911 
0.002726 0.002434 0.002678 0.002487 
-0.002689 -0.002467 -0.002640 -0.002519 
-0.002475 0.002651 -0.002526 0.002603 
0.002496 -0.002749 0.002551 -0.002698 
-0.000880 0.000815 -0.000882 0.000814 
-0.002566 0.002730 -0.002622 0.002677 
0.002492 -0.002726 0.002546 -0.002676 
0.000786 -0.000907 0.000788 -0.000905 
0.002748 0.002475 0.002698 0.002529 
0.002645 0.002471 0.002597 0.002521 
-0.000844 0.002526 -0.000870 0.002517 
0.002507 -0.002655 0.002558 -0.002606 
0.002736 0.002395 0.002689 0.002447 
-0.000881 -0.000909 -0.000879 -0.000911 
0.002520 -0.000905 0.002530 -0.000878 
-0.002576 0.000905 -0.002586 0.000877 
0.002545 0.000787 0.002536 0.000813 
0.002663 0.002533 0.002612 0.002585 
0.002509 -0.002725 0.002564 -0.002674 
-0.002494 0.002725 -0.002548 0.002675 
-0.000819 0.000836 -0.000821 0.000834 
0.000826 0.000839 0.000825 0.000840 
-0.002524 0.002735 -0.002579 0.002683 
0.002571 -0.000871 0.002580 -0.000843 
0.002531 0.000857 0.002522 0.000884 
-0.002746 -0.002482 -0.002695 -0.002537 
0.002661 0.002523 0.002611 0.002575 
0.000887 0.000814 0.000885 0.000816 
0.002511 -0.002699 0.002564 -0.002648 
0.002657 0.002486 0.002608 0.002537 
-0.000931 0.000809 -0.000933 0.000806 
0.002739 0.002535 0.002687 0.002590 
-0.002734 -0.002477 -0.002684 -0.002531 
0.000751 0.000807 0.000750 0.000808 
0.002752 0.002504 0.002700 0.002559 
0.000839 0.000823 0.000838 0.000825 
0.002422 -0.002654 0.002472 -0.002608 
-0.000942 -0.002542 -0.000914 -0.002552 
-0.002595 0.000914 -0.002605 0.000885 
0.000821 -0.000884 0.000823 -0.000882 
0.002459 -0.002785 0.002515 -0.002735 
-0.002491 0.002771 -0.002547 0.002719 
-0.000902 -0.000838 -0.000900 -0.000840 
-0.000808 0.002572 -0.000836 0.002563 
0.000886 0.000834 0.000885 0.000836 
-0.002511 0.002662 -0.002563 0.002612 
-0.000927 -0.002634 -0.000897 -0.002644 
0.000832 0.000802 0.000831 0.000804 
-0.002590 0.000932 -0.002600 0.000903 
0.000823 -0.000890 0.000825 -0.000888 
0.000852 -0.000961 0.000855 -0.000959 
-0.000786 0.002604 -0.000814 0.002596 
0.002736 0.002521 0.002685 0.002576 
0.002531 0.000802 0.002522 0.000828 
0.000939 0.002610 0.000909 0.002620 
0.002531 0.000835 0.002522 0.000862 
-0.002737 -0.002463 -0.002687 -0.002517 
0.000782 -0.000929 0.000784 -0.000928 
0.002533 -0.000951 0.002543 -0.000924 
0.002577 0.000823 0.002568 0.000851 
-0.002718 -0.002524 -0.002667 -0.002578 
-0.000846 -0.002581 -0.000818 -0.002590 
-0.002701 -0.002489 -0.002651 -0.002542 
0.000805 -0.002702 0.000836 -0.002693 
0.002509 -0.002635 0.002560 -0.002586 
-0.002463 0.002752 -0.002518 0.002703 
-0.002771 -0.002493 -0.002719 -0.002549 
-0.002674 -0.002465 -0.002626 -0.002517 
0.002601 -0.000901 0.002611 -0.000872 
-0.000843 0.002526 -0.000869 0.002517 
-0.000829 0.000809 -0.000830 0.000807 
0.000761 -0.000941 0.000763 -0.000939 
-0.000790 0.002597 -0.000818 0.002589 
0.000789 -0.002625 0.000817 -0.002616 
0.002565 -0.000937 0.002575 -0.000909 
-0.002623 0.000952 -0.002634 0.000922 
-0.000916 -0.000932 -0.000914 -0.000934 
-0.000915 -0.000868 -0.000913 -0.000870 
-0.000939 -0.002609 -0.000909 -0.002619 
-0.002734 -0.002448 -0.002685 -0.002501 
-0.000899 -0.002676 -0.000868 -0.002687 
0.000792 -0.002636 0.000821 -0.002627 
0.000876 -0.000946 0.000878 -0.000944 
-0.002603 0.000925 -0.002613 0.000896 
0.002580 0.000783 0.002572 0.000811 
-0.002665 -0.002475 -0.002616 -0.002526 
0.000880 0.002640 0.000850 0.002650 
0.002566 -0.000915 0.002576 -0.000887 
-0.000806 0.002640 -0.000836 0.002631 
-0.000842 0.002605 -0.000870 0.002595 
-0.002426 0.002673 -0.002477 0.002626 
0.000800 0.000834 0.000798 0.000836 
-0.000762 0.002648 -0.000792 0.002640 
-0.000809 0.002569 -0.000836 0.002560 
0.002701 0.002519 0.002650 0.002572 
-0.002643 -0.002446 -0.002596 -0.002496 
-0.002580 0.000950 -0.002590 0.000921 
0.000779 -0.000971 0.000782 -0.000969 
0.000788 -0.002606 0.000816 -0.002597 
0.002517 -0.002654 0.002568 -0.002604 
0.000808 0.000753 0.000807 0.000755 
0.002559 0.000746 0.002551 0.000772 
0.000810 0.000806 0.000808 0.000808 
0.000818 -0.000904 0.000820 -0.000902 
-0.002657 0.000914 -0.002667 0.000883 
0.002469 -0.002720 0.002523 -0.002671 
-0.000915 0.000833 -0.000917 0.000831 
0.000936 0.002562 0.000908 0.002572 
0.002511 -0.002688 0.002563 -0.002638 
0.002550 0.000836 0.002541 0.000862 
0.000823 -0.002673 0.000854 -0.002663 
-0.002720 -0.002469 -0.002671 -0.002522 
-0.000918 -0.000946 -0.000916 -0.000948 
0.000803 0.000841 0.000802 0.000843 
-0.002707 0.000840 -0.002717 0.000808 
0.002508 -0.000932 0.002518 -0.000905 
-0.000920 0.000849 -0.000922 0.000847 
-0.002591 0.000955 -0.002602 0.000926 
-0.000904 -0.002646 -0.000873 -0.002656 
-0.002394 0.002700 -0.002445 0.002654 
0.002684 0.002533 0.002633 0.002586 
-0.000912 -0.000833 -0.000910 -0.000835 
-0.000882 0.002560 -0.000909 0.002550 
-0.002571 -0.000821 -0.002562 -0.000849 
-0.000945 -0.002709 -0.000912 -0.002720 
-0.000939 -0.002654 -0.000908 -0.002664 
-0.000763 0.002505 -0.000788 0.002497 
-0.000873 -0.002647 -0.000843 -0.002657 
0.000963 0.002553 0.000935 0.002563 
-0.002506 0.002760 -0.002561 0.002708 
-0.002781 -0.002465 -0.002730 -0.002521 
-0.000856 -0.000868 -0.000854 -0.000870 
0.002529 -0.000859 0.002538 -0.000832 
0.002526 -0.002692 0.002580 -0.002641 
0.000804 -0.000914 0.000806 -0.000912 
-0.002642 -0.000792 -0.002633 -0.000822 
0.002508 -0.000919 0.002517 -0.000893 
0.000820 0.000867 0.000818 0.000869 
-0.002665 -0.000883 -0.002655 -0.000914 
-0.000866 -0.002649 -0.000836 -0.002659 
0.000883 0.002489 0.000858 0.002498 
0.000801 0.000745 0.000799 0.000746 
-0.000840 0.000781 -0.000841 0.000779 
-0.000994 -0.002592 -0.000965 -0.002603 
0.000836 0.000844 0.000834 0.000846 
-0.000918 -0.002626 -0.000888 -0.002637 
-0.002656 -0.002511 -0.002606 -0.002562 
0.000790 -0.000932 0.000792 -0.000930 
0.002520 -0.000890 0.002529 -0.000863 
0.002535 -0.000908 0.002544 -0.000881 
-0.002523 0.002675 -0.002576 0.002625 
0.000739 -0.000945 0.000741 -0.000943 
0.002735 0.002494 0.002685 0.002549 
0.000758 -0.000868 0.000760 -0.000866 
-0.002703 -0.002503 -0.002652 -0.002556 
0.002634 0.002499 0.002586 0.002550 
-0.000852 0.002601 -0.000880 0.002592 
-0.000963 -0.002618 -0.000933 -0.002629 
-0.002671 -0.000844 -0.002661 -0.000875 
0.002690 0.002522 0.002639 0.002575 
0.002439 -0.002695 0.002491 -0.002647 
-0.002713 -0.000744 -0.002704 -0.000776 
0.002452 -0.002680 0.002503 -0.002632 
0.000876 0.002601 0.000847 0.002610 
0.002695 0.002562 0.002642 0.002616 
0.002701 0.002505 0.002651 0.002558 
0.002515 -0.002687 0.002568 -0.002636 
-0.000877 -0.000958 -0.000874 -0.000960 
0.002516 -0.002693 0.002569 -0.002642 
0.000889 0.000856 0.000887 0.000858 
0.002565 -0.000831 0.002574 -0.000804 
-0.002625 0.000903 -0.002635 0.000873 
0.002734 0.002523 0.002683 0.002578 
-0.002679 0.000894 -0.002690 0.000862 
0.000884 0.000830 0.000883 0.000832 
0.000824 -0.000897 0.000826 -0.000895 
-0.000845 0.002505 -0.000870 0.002496 
-0.000938 -0.000936 -0.000935 -0.000938 
0.002587 -0.000912 0.002597 -0.000883 
0.000845 0.000813 0.000843 0.000815 
-0.000922 -0.000903 -0.000919 -0.000905 
-0.000918 -0.000864 -0.000916 -0.000867 
-0.000855 0.000792 -0.000856 0.000790 
0.000937 0.002602 0.000908 0.002612 
0.002529 -0.000935 0.002539 -0.000908 
0.002487 -0.002696 0.002540 -0.002646 
0.000795 0.000835 0.000793 0.000836 
-0.000786 0.002558 -0.000813 0.002549 
-0.002502 0.002687 -0.002554 0.002637 
-0.002492 0.002763 -0.002548 0.002712 
0.000831 -0.002666 0.000862 -0.002656 
-0.000927 -0.000902 -0.000925 -0.000904 
0.002600 0.000758 0.002592 0.000786 
0.002525 0.000854 0.002516 0.000880 
-0.000911 -0.002587 -0.000882 -0.002597 
-0.000952 -0.002654 -0.000921 -0.002665 
0.002529 -0.002645 0.002580 -0.002595 
0.002766 0.002502 0.002714 0.002558 
0.002750 0.002473 0.002700 0.002528 
-0.000845 0.002542 -0.000872 0.002533 
-0.000912 -0.000872 -0.000910 -0.000874 
0.000898 0.000774 0.000896 0.000776 
0.002711 0.002531 0.002659 0.002585 
0.002560 -0.000901 0.002570 -0.000874 
-0.002512 0.002766 -0.002568 0.002714 
-0.000788 0.002554 -0.000814 0.002545 
0.002589 0.000798 0.002580 0.000826 
-0.000804 0.002598 -0.000832 0.002589 
-0.000963 -0.002602 -0.000933 -0.002613 
-0.002657 -0.000804 -0.002648 -0.000834 
0.000816 -0.002651 0.000846 -0.002642 
0.000928 0.002537 0.000901 0.002546 
-0.000972 -0.000841 -0.000970 -0.000843 
0.000800 -0.000936 0.000802 -0.000934 
0.000918 0.002532 0.000891 0.002541 
0.000759 -0.002711 0.000791 -0.002702 
0.002652 0.002540 0.002601 0.002592 
0.000807 -0.002689 0.000838 -0.002680 
-0.002653 -0.000775 -0.002644 -0.000805 
0.000856 0.000800 0.000854 0.000802 
0.002471 -0.000902 0.002480 -0.000877 
-0.000901 0.000794 -0.000903 0.000792 
-0.000871 -0.002683 -0.000840 -0.002693 
0.002741 0.002546 0.002688 0.002602 
-0.000881 -0.002599 -0.000852 -0.002609 
-0.002638 -0.000801 -0.002629 -0.000830 
0.002744 0.002481 0.002694 0.002535 
0.002515 0.000772 0.002507 0.000797 
-0.000834 0.002596 -0.000863 0.002587 
-0.000897 -0.000894 -0.000895 -0.000896 
-0.002696 -0.002455 -0.002647 -0.002507 
-0.000870 -0.000995 -0.000868 -0.000998 
0.000755 -0.002648 0.000785 -0.002639 
0.000794 -0.002655 0.000824 -0.002646 
0.000826 0.002440 0.000802 0.002448 
0.000863 0.000826 0.000861 0.000828 
-0.002735 -0.000893 -0.002724 -0.000927 
-0.002645 0.000970 -0.002656 0.000939 
-0.002654 -0.000810 -0.002644 -0.000839 
-0.000821 0.002573 -0.000848 0.002564 
0.000884 0.002499 0.000858 0.002508 
-0.000812 0.002540 -0.000838 0.002531 
-0.000726 0.002580 -0.000753 0.002572 
-0.000786 0.002573 -0.000813 0.002564 
-0.000874 0.000833 -0.000876 0.000831 
-0.002590 0.000891 -0.002600 0.000862 
-0.001000 -0.002658 -0.000968 -0.002669 
-0.002613 0.000917 -0.002624 0.000888 
0.000821 0.000824 0.000819 0.000826 
-0.002506 0.002706 -0.002559 0.002655 
-0.002635 -0.000794 -0.002626 -0.000823 
0.000860 0.000851 0.000858 0.000852 
0.000846 -0.000834 0.000847 -0.000832 
-0.002641 -0.000812 -0.002632 -0.000841 
0.002548 0.000849 0.002538 0.000876 
-0.002505 0.002688 -0.002558 0.002637 
-0.002577 0.000946 -0.002587 0.000918 
0.000838 -0.002627 0.000867 -0.002617 
0.002579 -0.000901 0.002589 -0.000873 
0.000852 -0.002614 0.000881 -0.002605 
-0.002702 -0.002460 -0.002654 -0.002513 
-0.002729 -0.002432 -0.002680 -0.002485 
-0.000893 0.000861 -0.000895 0.000859 
-0.002722 -0.002522 -0.002670 -0.002577 
-0.000910 0.000913 -0.000912 0.000911 
0.000854 0.002521 0.000828 0.002530 
0.002704 0.002440 0.002656 0.002492 
-0.002692 -0.002553 -0.002640 -0.002607 
-0.002509 0.002668 -0.002561 0.002618 
-0.002684 -0.000814 -0.002674 -0.000845 
0.000790 -0.002677 0.000821 -0.002667 
0.002504 -0.002699 0.002558 -0.002649 
-0.002635 0.000906 -0.002645 0.000876 
-0.002718 -0.002508 -0.002667 -0.002562 
-0.000913 -0.000909 -0.000911 -0.000912 
-0.000886 0.000843 -0.000888 0.000842 
-0.002613 0.000948 -0.002624 0.000918 
-0.000974 -0.002597 -0.000944 -0.002608 
-0.002727 -0.002560 -0.002673 -0.002616 
-0.000871 0.002636 -0.000901 0.002626 
-0.000906 0.000864 -0.000908 0.000862 
-0.000903 -0.002651 -0.000872 -0.002661 
-0.000859 -0.002604 -0.000830 -0.002613 
0.002546 -0.002671 0.002599 -0.002620 
0.000825 0.000833 0.000823 0.000835 
-0.002747 -0.002465 -0.002697 -0.002520 
-0.002639 -0.002423 -0.002592 -0.002472 
0.002436 -0.002688 0.002487 -0.002641 
0.002478 -0.002666 0.002529 -0.002618 
-0.002703 -0.002504 -0.002653 -0.002557 
0.002539 0.000835 0.002531 0.000861 
-0.000838 0.000820 -0.000840 0.000819 
-0.002660 -0.000848 -0.002650 -0.000878 
0.002508 -0.002738 0.002563 -0.002687 
0.002730 0.002503 0.002679 0.002558 
0.002684 0.002531 0.002633 0.002584 
0.002588 0.000849 0.002578 0.000877 
0.000888 0.002515 0.000862 0.002524 
0.000809 -0.002623 0.000838 -0.002614 
0.002479 -0.002609 0.002528 -0.002562 
-0.000876 0.000797 -0.000877 0.000795 
0.000852 0.000828 0.000850 0.000830 
-0.000890 0.000818 -0.000892 0.000816 
0.000991 0.002555 0.000963 0.002566 
-0.000929 -0.002642 -0.000898 -0.002652 
0.002658 0.002591 0.002605 0.002644 
0.000810 -0.000881 0.000812 -0.000879 
0.000795 -0.000927 0.000797 -0.000925 
-0.000920 -0.000962 -0.000918 -0.000964 
-0.002487 0.002654 -0.002538 0.002605 
0.002526 -0.000913 0.002535 -0.000886 
0.000820 -0.002665 0.000851 -0.002656 
-0.000883 0.000826 -0.000885 0.000824 
0.000801 -0.002654 0.000831 -0.002644 
-0.002653 -0.002498 -0.002603 -0.002550 
-0.000987 -0.002551 -0.000958 -0.002561 
0.000818 -0.002695 0.000850 -0.002685 
0.000795 0.000772 0.000794 0.000774 
-0.002625 -0.000840 -0.002615 -0.000870 
0.002555 -0.000896 0.002564 -0.000868 
0.002662 0.002505 0.002612 0.002557 
-0.002657 -0.002524 -0.002606 -0.002575 
-0.002677 -0.000853 -0.002667 -0.000884 
0.000793 0.000828 0.000792 0.000830 
0.002600 0.000816 0.002591 0.000844 
0.000823 -0.002708 0.000855 -0.002698 
-0.002693 -0.002430 -0.002645 -0.002482 
0.002554 -0.000937 0.002564 -0.000909 
0.000928 0.002543 0.000901 0.002553 
-0.000908 -0.000927 -0.000906 -0.000929 
0.002516 -0.000960 0.002526 -0.000933 
0.000850 0.000826 0.000848 0.000828 
0.002448 -0.002696 0.002500 -0.002648 
-0.002649 -0.000844 -0.002639 -0.000874 
-0.002634 0.000921 -0.002644 0.000891 
0.002560 -0.000899 0.002570 -0.000871 
-0.002636 0.000920 -0.002647 0.000889 
0.002547 -0.000965 0.002557 -0.000937 
0.002511 -0.002718 0.002565 -0.002667 
-0.000933 -0.002617 -0.000903 -0.002627 
0.002584 0.000791 0.002576 0.000819 
0.002533 -0.000881 0.002542 -0.000855 
0.002501 0.000845 0.002492 0.000871 
0.002430 -0.002667 0.002480 -0.002620 
-0.002636 -0.000822 -0.002626 -0.000851 
-0.002591 0.002703 -0.002646 0.002649 
0.002702 0.002543 0.002650 0.002597 
-0.002463 0.002736 -0.002516 0.002687 
0.000822 0.000841 0.000821 0.000843 
-0.000802 0.002576 -0.000830 0.002568 
-0.000885 0.000828 -0.000887 0.000826 
-0.000962 -0.002629 -0.000931 -0.002640 
0.002689 0.002438 0.002641 0.002489 
-0.000884 -0.000921 -0.000882 -0.000923 
-0.000901 -0.000929 -0.000899 -0.000932 
0.000812 -0.002614 0.000840 -0.002605 
0.002598 0.000762 0.002589 0.000790 
-0.000925 -0.002536 -0.000898 -0.002545 
-0.002503 0.002705 -0.002556 0.002655 
0.000910 0.002562 0.000882 0.002572 
0.000850 -0.000878 0.000852 -0.000877 
0.002569 -0.000922 0.002579 -0.000894 
-0.000891 -0.002529 -0.000864 -0.002538 
0.000807 -0.002627 0.000836 -0.002618 
-0.000905 -0.000945 -0.000902 -0.000948 
-0.002735 -0.002472 -0.002685 -0.002526 
-0.002464 0.002771 -0.002520 0.002721 
-0.002599 0.000972 -0.002610 0.000943 
-0.000950 -0.002677 -0.000918 -0.002688 
-0.002649 -0.000758 -0.002641 -0.000787 
0.002534 -0.002731 0.002589 -0.002679 
-0.000886 -0.000975 -0.000883 -0.000977 
-0.000981 0.000821 -0.000983 0.000819 
0.000844 0.000767 0.000843 0.000769 
0.002710 0.002505 0.002659 0.002558 
-0.000909 -0.002584 -0.000881 -0.002594 
0.002512 -0.000969 0.002522 -0.000942 
-0.002613 -0.000771 -0.002604 -0.000800 
0.002682 0.002502 0.002632 0.002554 
0.000940 0.002498 0.000914 0.002507 
-0.000911 -0.000954 -0.000909 -0.000956 
0.000800 -0.002638 0.000829 -0.002629 
-0.002751 -0.002441 -0.002702 -0.002495 
0.002753 0.002512 0.002701 0.002567 
-0.002613 -0.000853 -0.002604 -0.000882 
0.002494 -0.002682 0.002546 -0.002633 
-0.002627 0.000900 -0.002637 0.000870 
0.000835 -0.000867 0.000837 -0.000865 
-0.002671 -0.000848 -0.002661 -0.000879 
0.000841 0.000821 0.000839 0.000823 
0.002540 -0.000946 0.002550 -0.000919 
-0.000834 -0.002659 -0.000804 -0.002669 
-0.002624 0.000922 -0.002634 0.000892 
-0.000911 -0.002611 -0.000881 -0.002621 
-0.002721 -0.000828 -0.002711 -0.000860 
-0.000740 0.002541 -0.000766 0.002533 
0.002524 -0.002720 0.002578 -0.002669 
-0.002455 0.002696 -0.002507 0.002648 
-0.000882 -0.000957 -0.000880 -0.000959 
-0.000900 -0.002659 -0.000869 -0.002669 
0.000779 -0.000998 0.000782 -0.000997 
-0.000823 0.002482 -0.000848 0.002473 
-0.002676 -0.002500 -0.002626 -0.002552 
-0.002773 -0.002497 -0.002722 -0.002554 
0.002464 0.000785 0.002456 0.000809 
0.000911 0.002587 0.000882 0.002597 
0.000784 -0.000882 0.000786 -0.000880 
-0.000956 0.000915 -0.000958 0.000912 
-0.002624 0.000966 -0.002634 0.000935 
-0.000764 0.002633 -0.000793 0.002625 
0.002683 0.002501 0.002633 0.002554 
-0.002675 -0.002466 -0.002627 -0.002517 
-0.002662 -0.000774 -0.002653 -0.000804 
-0.002535 0.002638 -0.002587 0.002588 
0.000925 0.002503 0.000899 0.002512 
0.002384 -0.002716 0.002436 -0.002670 
-0.000905 -0.000927 -0.000903 -0.000929 
0.000830 -0.002618 0.000858 -0.002608 
0.002599 0.000783 0.002591 0.000811 
-0.002664 -0.000870 -0.002654 -0.000900 
0.000838 -0.002595 0.000867 -0.002586 
0.000859 0.000815 0.000858 0.000817 
-0.000917 -0.000985 -0.000914 -0.000988 
0.002424 -0.002681 0.002475 -0.002634 
0.002476 -0.000831 0.002484 -0.000806 
-0.000898 0.002558 -0.000925 0.002548 
-0.002607 -0.002463 -0.002560 -0.002512 
-0.002449 0.002638 -0.002499 0.002591 
-0.002611 -0.002438 -0.002565 -0.002486 
-0.002662 0.000853 -0.002672 0.000822 
-0.002562 0.000873 -0.002571 0.000845 
0.002743 0.002501 0.002692 0.002556 
0.000866 -0.000929 0.000868 -0.000927 
-0.002670 0.000893 -0.002680 0.000862 
0.000948 0.002573 0.000919 0.002583 
-0.002652 -0.002486 -0.002604 -0.002537 
0.002716 0.002500 0.002665 0.002554 
-0.000952 0.000879 -0.000955 0.000877 
0.002554 0.000814 0.002546 0.000841 
-0.002668 -0.002488 -0.002619 -0.002540 
-0.002389 0.002691 -0.002440 0.002645 
0.000932 0.002581 0.000903 0.002591 
0.000815 0.000792 0.000814 0.000794 
-0.000820 0.002505 -0.000846 0.002497 
-0.002499 0.002711 -0.002553 0.002660 
0.000794 -0.002749 0.000827 -0.002739 
0.000830 -0.002669 0.000861 -0.002659 
-0.002638 0.000945 -0.002649 0.000915 
-0.002710 -0.000826 -0.002700 -0.000858 
0.002692 0.002479 0.002643 0.002531 
-0.000966 -0.000841 -0.000964 -0.000843 
-0.002595 0.000895 -0.002605 0.000867 
0.002421 -0.002691 0.002472 -0.002644 
-0.000892 -0.002685 -0.000860 -0.002695 
-0.000906 -0.000968 -0.000903 -0.000971 
0.002666 0.002530 0.002615 0.002582 
-0.002667 -0.002472 -0.002619 -0.002523 
-0.002530 0.000927 -0.002540 0.000900 
0.000796 0.000789 0.000795 0.000791 
-0.000938 -0.002653 -0.000908 -0.002663 
-0.000835 0.002552 -0.000862 0.002543 
-0.002602 0.000899 -0.002612 0.000870 
0.000870 -0.000927 0.000872 -0.000925 
-0.000992 -0.000856 -0.000990 -0.000858 
-0.000853 0.002540 -0.000879 0.002531 
-0.002695 -0.002443 -0.002647 -0.002494 
0.002589 0.000807 0.002580 0.000835 
-0.002621 -0.000744 -0.002613 -0.000773 
0.000866 0.002529 0.000839 0.002538 
-0.000875 0.000824 -0.000877 0.000822 
-0.002591 -0.000815 -0.002582 -0.000843 
-0.002467 0.002716 -0.002521 0.002667 
0.002565 0.000845 0.002556 0.000873 
-0.002649 -0.000769 -0.002640 -0.000799 
-0.002545 0.000810 -0.002554 0.000783 
-0.000845 0.000855 -0.000847 0.000853 
0.002598 -0.000876 0.002608 -0.000848 
0.002523 -0.000901 0.002532 -0.000874 
0.002448 -0.000901 0.002457 -0.000877 
-0.002741 -0.002454 -0.002692 -0.002508 
-0.000892 0.000823 -0.000894 0.000821 
-0.000902 -0.002697 -0.000870 -0.002707 
0.002493 -0.000913 0.002502 -0.000887 
0.000849 -0.000947 0.000851 -0.000945 
-0.002658 -0.000876 -0.002648 -0.000907 
-0.000893 0.000866 -0.000895 0.000864 
-0.000881 -0.000908 -0.000879 -0.000910 
-0.002674 0.000942 -0.002685 0.000910 
-0.002535 0.002729 -0.002590 0.002676 
-0.000807 0.002586 -0.000835 0.002577 
0.000756 -0.000969 0.000758 -0.000968 
-0.000937 -0.002637 -0.000906 -0.002648 
-0.000905 0.000816 -0.000907 0.000814 
0.000839 0.000825 0.000838 0.000826 
0.002581 0.000763 0.002573 0.000790 
-0.002627 -0.000847 -0.002617 -0.000877 
-0.000928 -0.002656 -0.000897 -0.002667 
-0.002581 0.000990 -0.002592 0.000961 
0.002512 -0.000901 0.002521 -0.000875 
0.002669 0.002481 0.002620 0.002532 
-0.000792 0.002597 -0.000820 0.002588 
0.000849 0.000840 0.000848 0.000842 
0.000786 -0.002704 0.000817 -0.002695 
-0.000830 0.002653 -0.000860 0.002643 
-0.000877 -0.002633 -0.000847 -0.002643 
0.000809 -0.000960 0.000812 -0.000958 
-0.002630 -0.000803 -0.002621 -0.000832 
0.002517 -0.000892 0.002527 -0.000866 
0.000835 -0.002666 0.000865 -0.002656 
-0.002668 -0.002420 -0.002621 -0.002470 
-0.000898 -0.000975 -0.000895 -0.000977 
0.002520 -0.000939 0.002529 -0.000912 
0.000799 -0.000843 0.000801 -0.000841 
-0.002604 0.000888 -0.002614 0.000859 
0.002573 0.000849 0.002563 0.000877 
-0.002602 -0.000831 -0.002592 -0.000860 
0.000820 -0.002667 0.000851 -0.002657 
-0.002542 0.002762 -0.002598 0.002709 
0.002512 0.000776 0.002504 0.000801 
-0.000912 -0.002718 -0.000879 -0.002729 
0.000819 -0.002696 0.000850 -0.002687 
-0.000891 -0.002553 -0.000864 -0.002562 
0.002601 0.000808 0.002592 0.000837 
0.002456 -0.002711 0.002508 -0.002662 
0.002455 -0.000898 0.002464 -0.000873 
0.000788 0.000920 0.000786 0.000922 
-0.000771 0.002581 -0.000799 0.002573 
-0.000923 -0.002566 -0.000895 -0.002576 
0.002724 0.002450 0.002675 0.002504 
0.002537 -0.002664 0.002589 -0.002613 
0.002656 0.002455 0.002608 0.002505 
-0.000967 0.000835 -0.000969 0.000832 
0.000825 0.000808 0.000823 0.000809 
0.000805 -0.000954 0.000807 -0.000953 
0.000795 0.000826 0.000793 0.000828 
0.002531 -0.000886 0.002540 -0.000859 
0.002574 -0.000893 0.002584 -0.000865 
-0.002673 -0.000851 -0.002663 -0.000881 
0.002638 0.000767 0.002629 0.000796 
0.002558 0.000831 0.002549 0.000858 
0.000819 0.000856 0.000817 0.000857 
0.002471 -0.002693 0.002524 -0.002644 
0.002693 0.002492 0.002643 0.002544 
0.000779 -0.000897 0.000781 -0.000895 
-0.000946 -0.002622 -0.000916 -0.002633 
-0.000951 -0.002568 -0.000922 -0.002579 
0.002553 0.000797 0.002545 0.000824 
0.002574 0.000792 0.002565 0.000820 
0.002496 -0.000915 0.002505 -0.000889 
-0.000897 -0.002658 -0.000866 -0.002668 
-0.002549 0.000966 -0.002559 0.000939 
-0.000911 0.000812 -0.000913 0.000810 
-0.002671 -0.000825 -0.002662 -0.000856 
-0.000996 -0.000936 -0.000993 -0.000939 
-0.000787 0.002597 -0.000815 0.002588 
0.000812 -0.000957 0.000814 -0.000955 
-0.002662 -0.002531 -0.002611 -0.002583 
0.000817 0.000783 0.000815 0.000784 
0.002545 -0.000977 0.002555 -0.000949 
0.000794 0.000881 0.000792 0.000883 
-0.000801 0.002555 -0.000827 0.002547 
-0.000826 0.002625 -0.000855 0.002616 
-0.000858 -0.000935 -0.000856 -0.000937 
0.000778 -0.002638 0.000807 -0.002630 
0.002546 0.000875 0.002536 0.000902 
0.000849 -0.002667 0.000880 -0.002657 
0.002654 0.002508 0.002605 0.002560 
0.002461 -0.002670 0.002513 -0.002622 
-0.002682 -0.000738 -0.002673 -0.000768 
-0.002616 -0.000867 -0.002606 -0.000896 
-0.000932 0.000747 -0.000934 0.000745 
-0.002589 0.000941 -0.002599 0.000912 
-0.002487 0.002700 -0.002540 0.002650 
0.000915 0.002566 0.000887 0.002575 
-0.000961 -0.000852 -0.000959 -0.000854 
0.002525 0.000769 0.002517 0.000794 
0.002729 0.002442 0.002681 0.002495 
-0.002617 0.000882 -0.002627 0.000852 
0.002440 -0.002606 0.002488 -0.002560 
-0.002647 0.001039 -0.002659 0.001008 
-0.002676 0.000947 -0.002687 0.000915 
0.002561 0.000840 0.002552 0.000867 
0.002518 -0.000956 0.002528 -0.000929 
0.002658 0.002491 0.002609 0.002542 
-0.002657 -0.000872 -0.002647 -0.000902 
0.002589 0.000827 0.002580 0.000855 
0.002553 -0.000892 0.002562 -0.000864 
-0.000919 -0.002617 -0.000890 -0.002627 
0.000844 0.002511 0.000818 0.002520 
-0.000939 -0.000898 -0.000937 -0.000900 
-0.002467 0.002679 -0.002519 0.002630 
-0.002519 0.002664 -0.002571 0.002613 
-0.000998 -0.002614 -0.000968 -0.002625 
0.002621 0.002420 0.002575 0.002469 
-0.000793 0.002555 -0.000820 0.002547 
0.000789 -0.000901 0.000791 -0.000900 
0.002700 0.002476 0.002651 0.002528 
0.002513 0.000841 0.002504 0.000867 
-0.002542 0.002692 -0.002596 0.002640 
-0.000898 0.000857 -0.000900 0.000855 
0.002567 0.000802 0.002559 0.000829 
0.002534 0.000811 0.002526 0.000838 
0.000820 -0.000926 0.000822 -0.000924 
-0.000952 -0.002557 -0.000924 -0.002567 
0.000974 0.002576 0.000946 0.002586 
-0.002682 -0.002479 -0.002633 -0.002531 
-0.002601 -0.000821 -0.002592 -0.000849 
0.002587 -0.000894 0.002597 -0.000866 
0.000804 -0.002677 0.000835 -0.002668 
-0.000904 -0.000964 -0.000902 -0.000966 
-0.000818 0.002564 -0.000845 0.002556 
-0.000984 -0.000879 -0.000981 -0.000882 
-0.000900 -0.000899 -0.000897 -0.000902 
-0.002645 0.000875 -0.002655 0.000844 
0.000896 0.002527 0.000869 0.002536 
0.002515 -0.000940 0.002525 -0.000914 
0.000793 0.000778 0.000791 0.000779 
-0.002586 -0.000868 -0.002577 -0.000896 
-0.000902 -0.002583 -0.000874 -0.002593 
-0.002452 0.002695 -0.002504 0.002646 
-0.002658 -0.000919 -0.002647 -0.000950 
-0.000933 -0.000892 -0.000931 -0.000895 
-0.000882 -0.002554 -0.000855 -0.002563 
0.002573 0.000757 0.002565 0.000784 
0.002552 -0.000931 0.002562 -0.000904 
-0.002382 0.002694 -0.002433 0.002648 
-0.000861 -0.002679 -0.000830 -0.002689 
-0.002684 -0.000750 -0.002675 -0.000781 
-0.002710 -0.002583 -0.002656 -0.002638 
0.002508 -0.000859 0.002517 -0.000833 
0.002450 -0.002794 0.002506 -0.002744 
0.002586 -0.000914 0.002596 -0.000885 
-0.002513 0.002670 -0.002565 0.002620 
-0.000897 -0.002590 -0.000869 -0.002600 
0.000772 -0.002639 0.000802 -0.002630 
0.002424 -0.002722 0.002476 -0.002674 
0.002518 -0.000947 0.002528 -0.000920 
0.002550 0.000847 0.002541 0.000874 
0.002493 -0.000927 0.002503 -0.000901 
-0.002694 0.000900 -0.002705 0.000868 
0.000780 0.000772 0.000778 0.000774 
0.000851 -0.000916 0.000853 -0.000914 
0.002742 0.002483 0.002692 0.002538 
-0.002399 0.002696 -0.002450 0.002650 
-0.000939 -0.000936 -0.000936 -0.000938 
0.002565 0.000786 0.002557 0.000813 
0.000863 -0.000960 0.000865 -0.000958 
-0.000741 0.002600 -0.000769 0.002592 
0.000860 -0.000907 0.000862 -0.000905 
-0.000905 -0.000913 -0.000903 -0.000915 
-0.002622 0.000956 -0.002632 0.000926 
-0.002598 -0.000791 -0.002589 -0.000819 
-0.002572 0.000919 -0.002582 0.000891 
0.000773 -0.002670 0.000803 -0.002661 
-0.000793 0.002600 -0.000821 0.002591 
-0.000828 0.002550 -0.000855 0.002542 
-0.002669 0.000959 -0.002680 0.000927 
0.000816 -0.000905 0.000818 -0.000903 
0.000861 0.002557 0.000833 0.002566 
0.000789 -0.000924 0.000791 -0.000922 
-0.002645 -0.000783 -0.002636 -0.000813 
0.002478 -0.002695 0.002530 -0.002646 
0.000907 0.002550 0.000879 0.002559 
0.002759 0.002474 0.002709 0.002529 
-0.002494 0.002668 -0.002546 0.002618 
-0.002567 0.000878 -0.002576 0.000851 
-0.002678 -0.002494 -0.002629 -0.002546 
-0.002700 -0.000754 -0.002691 -0.000785 
0.002718 0.002569 0.002665 0.002625 
0.000799 -0.000866 0.000801 -0.000865 
-0.002668 -0.000880 -0.002658 -0.000910 
-0.002726 -0.000830 -0.002716 -0.000863 
0.000929 0.002504 0.000903 0.002513 
0.000789 0.000835 0.000787 0.000836 
-0.000887 0.000792 -0.000889 0.000790 
0.000831 -0.000893 0.000833 -0.000891 
0.000776 -0.000845 0.000778 -0.000843 
0.000775 0.000774 0.000774 0.000775 
-0.002658 -0.002467 -0.002610 -0.002518 
-0.002424 0.002705 -0.002476 0.002658 
0.000885 -0.000925 0.000888 -0.000923 
-0.002485 0.002735 -0.002539 0.002684 
-0.002617 -0.000739 -0.002608 -0.000767 
-0.002477 0.002712 -0.002530 0.002663 
0.002584 -0.000991 0.002595 -0.000962 
-0.000954 -0.000988 -0.000951 -0.000991 
0.002569 0.000741 0.002561 0.000768 
-0.002465 0.002676 -0.002517 0.002628 
0.002695 0.002539 0.002643 0.002593 
0.002553 0.000771 0.002545 0.000798 
-0.000906 -0.000876 -0.000904 -0.000879 
-0.002634 -0.002549 -0.002583 -0.002601 
0.002752 0.002521 0.002700 0.002576 
-0.002675 -0.000817 -0.002665 -0.000848 
0.002562 -0.000905 0.002571 -0.000877 
-0.002660 -0.000878 -0.002650 -0.000909 
-0.000954 -0.002567 -0.000926 -0.002577 
-0.002718 -0.002432 -0.002670 -0.002484 
0.000842 -0.000926 0.000844 -0.000925 
0.002611 -0.000985 0.002622 -0.000955 
-0.000859 0.000757 -0.000861 0.000755 
-0.002581 0.000953 -0.002592 0.000924 
-0.000927 -0.002630 -0.000897 -0.002641 
-0.002620 -0.000767 -0.002612 -0.000795 
0.002579 -0.000882 0.002589 -0.000854 
0.000796 0.000794 0.000795 0.000796 
-0.000851 -0.000971 -0.000849 -0.000973 
0.002776 0.002508 0.002724 0.002564 
0.000913 0.002499 0.000887 0.002509 
-0.000903 0.000868 -0.000905 0.000866 
0.000798 -0.002639 0.000828 -0.002630 
-0.002465 0.002731 -0.002519 0.002682 
-0.000911 0.000832 -0.000913 0.000830 
0.000893 0.000821 0.000891 0.000823 
-0.002636 0.000936 -0.002646 0.000906 
0.000899 0.002505 0.000873 0.002514 
-0.002590 0.000917 -0.002600 0.000888 
-0.000887 -0.000951 -0.000885 -0.000953 
0.000716 -0.002749 0.000748 -0.002740 
0.002531 -0.000905 0.002540 -0.000878 
-0.002733 -0.002484 -0.002683 -0.002539 
-0.000905 0.000885 -0.000907 0.000883 
0.000873 -0.000946 0.000875 -0.000944 
0.002578 0.000789 0.002569 0.000817 
0.000883 0.002529 0.000856 0.002538 
-0.000965 -0.002628 -0.000934 -0.002639 
0.002519 0.000798 0.002511 0.000824 
-0.002697 -0.002465 -0.002648 -0.002518 
0.000823 -0.000863 0.000825 -0.000861 
0.002460 -0.002673 0.002512 -0.002625 
-0.000924 -0.000939 -0.000922 -0.000941 
0.000801 -0.002683 0.000832 -0.002673 
0.002670 0.002508 0.002620 0.002560 
0.002595 0.000800 0.002586 0.000828 
-0.002456 0.002741 -0.002510 0.002692 
-0.000907 -0.002602 -0.000878 -0.002612 
-0.000958 -0.000938 -0.000955 -0.000941 
-0.002564 0.000970 -0.002575 0.000942 
-0.002646 0.000940 -0.002657 0.000909 
-0.000916 -0.000939 -0.000914 -0.000941 
-0.002580 -0.002456 -0.002534 -0.002503 
-0.000934 -0.002650 -0.000904 -0.002660 
0.002459 -0.002684 0.002510 -0.002636 
-0.002659 -0.002460 -0.002611 -0.002511 
0.002723 0.002529 0.002671 0.002583 
-0.000828 -0.000856 -0.000827 -0.000858 
-0.002508 0.002750 -0.002564 0.002698 
0.000886 0.002545 0.000859 0.002554 
-0.000818 0.002622 -0.000847 0.002613 
0.000818 -0.002600 0.000846 -0.002591 
0.002494 -0.002701 0.002547 -0.002651 
-0.002656 0.000942 -0.002667 0.000911 
0.002611 0.000751 0.002603 0.000779 
-0.000873 0.000815 -0.000875 0.000813 
-0.002542 0.002657 -0.002594 0.002606 
-0.000906 0.000838 -0.000908 0.000836 
0.002422 -0.002666 0.002472 -0.002620 
-0.000898 -0.002590 -0.000869 -0.002600 
0.000963 0.002529 0.000936 0.002540 
0.002701 0.002549 0.002649 0.002604 
0.000781 -0.000964 0.000783 -0.000963 
0.002490 -0.000876 0.002499 -0.000851 
0.002492 -0.000952 0.002502 -0.000926 
-0.002652 0.000858 -0.002661 0.000828 
0.000856 0.000835 0.000854 0.000837 
0.002512 -0.002678 0.002565 -0.002628 
0.002483 -0.002771 0.002539 -0.002720 
0.002465 -0.002717 0.002518 -0.002668 
0.002699 0.002453 0.002650 0.002505 
0.002732 0.002478 0.002682 0.002532 
0.002531 -0.002651 0.002582 -0.002600 
0.000804 -0.002621 0.000833 -0.002612 
0.002603 0.000820 0.002594 0.000848 
0.000929 0.002553 0.000902 0.002563 
-0.000879 -0.002614 -0.000850 -0.002624 
0.002714 0.002468 0.002665 0.002521 
0.000744 0.000804 0.000742 0.000805 
-0.002658 -0.002506 -0.002609 -0.002558 
0.000849 0.000766 0.000848 0.000768 
-0.002756 -0.002441 -0.002707 -0.002495 
-0.000826 0.002545 -0.000853 0.002536 
-0.002654 -0.002458 -0.002606 -0.002509 
0.000792 0.000745 0.000791 0.000747 
-0.002632 0.000991 -0.002643 0.000960 
0.002564 -0.000926 0.002574 -0.000898 
0.000865 0.002569 0.000837 0.002579 
-0.000923 -0.002674 -0.000892 -0.002685 
0.002471 -0.002723 0.002524 -0.002673 
0.002615 -0.001009 0.002626 -0.000979 
-0.002664 -0.000858 -0.002654 -0.000888 
0.002468 -0.002754 0.002522 -0.002704 
0.002520 -0.000937 0.002529 -0.000911 
0.002525 -0.000793 0.002533 -0.000767 
0.000845 -0.002631 0.000874 -0.002621 
-0.000941 -0.002597 -0.000911 -0.002607 
-0.002636 0.000888 -0.002646 0.000858 
-0.000885 0.000841 -0.000887 0.000839 
0.000815 -0.002616 0.000844 -0.002607 
-0.002740 -0.002502 -0.002689 -0.002556 
-0.000938 0.000829 -0.000940 0.000827 
-0.002511 0.002680 -0.002564 0.002630 
0.002515 0.000732 0.002507 0.000758 
0.000915 0.002553 0.000888 0.002563 
0.000850 -0.002648 0.000880 -0.002638 
-0.002484 0.002696 -0.002537 0.002646 
-0.002734 -0.002528 -0.002682 -0.002583 
0.002754 0.002488 0.002703 0.002543 
-0.000904 0.000839 -0.000906 0.000837 
0.000890 -0.000925 0.000892 -0.000923 
-0.000950 -0.000898 -0.000947 -0.000900 
0.002673 0.002564 0.002621 0.002617 
0.002707 0.002544 0.002655 0.002599 
-0.002603 -0.000786 -0.002594 -0.000814 
-0.000928 -0.000956 -0.000925 -0.000958 
0.002656 0.002518 0.002606 0.002570 
-0.000984 -0.002617 -0.000954 -0.002628 
-0.000860 0.000776 -0.000862 0.000775 
0.000797 -0.002650 0.000826 -0.002640 
0.002728 0.002533 0.002676 0.002588 
0.002600 0.000841 0.002590 0.000870 
-0.000938 -0.002571 -0.000910 -0.002581 
-0.002501 0.002680 -0.002553 0.002630 
0.000791 -0.000903 0.000793 -0.000902 
-0.002478 0.002723 -0.002532 0.002673 
0.002523 -0.000976 0.002534 -0.000949 
-0.002670 -0.000802 -0.002660 -0.000833 
0.002535 -0.000888 0.002544 -0.000861 
0.000823 -0.000819 0.000825 -0.000817 
0.002545 -0.000890 0.002555 -0.000863 
0.000763 0.000811 0.000761 0.000813 
0.000757 -0.000907 0.000759 -0.000906 
-0.000893 -0.000905 -0.000891 -0.000908 
0.000805 -0.002659 0.000835 -0.002650 
-0.002547 0.002699 -0.002601 0.002647 
-0.002432 0.002686 -0.002483 0.002638 
0.002443 -0.002701 0.002495 -0.002653 
0.002597 0.000785 0.002588 0.000813 
0.000791 -0.002641 0.000820 -0.002632 
-0.002606 0.000925 -0.002616 0.000896 
0.002648 0.002467 0.002600 0.002517 
0.000814 0.000885 0.000812 0.000886 
-0.000758 0.002579 -0.000786 0.002570 
0.002504 -0.002635 0.002555 -0.002586 
-0.000995 -0.000824 -0.000993 -0.000827 
0.000815 -0.000934 0.000817 -0.000933 
-0.002606 0.000984 -0.002617 0.000954 
0.002438 -0.002697 0.002490 -0.002649 
0.002667 0.002457 0.002619 0.002508 
0.000911 0.002549 0.000884 0.002559 
-0.002678 -0.000814 -0.002668 -0.000845 
0.002655 0.000843 0.002646 0.000873 
-0.000930 0.000813 -0.000932 0.000811 
-0.000855 0.002570 -0.000883 0.002561 
0.000795 0.000796 0.000794 0.000798 
-0.002438 0.002627 -0.002487 0.002580 
-0.002687 -0.000806 -0.002678 -0.000837 
-0.000886 0.000873 -0.000888 0.000871 
-0.002551 0.002672 -0.002604 0.002621 
-0.000747 0.002583 -0.000774 0.002575 
-0.000892 0.000862 -0.000894 0.000860 
0.002510 0.000857 0.002501 0.000883 
0.000755 -0.002660 0.000785 -0.002652 
-0.002730 -0.002539 -0.002678 -0.002594 
0.000806 -0.002654 0.000836 -0.002644 
-0.000913 -0.002640 -0.000883 -0.002650 
-0.000902 -0.000921 -0.000900 -0.000923 
-0.000893 0.000840 -0.000895 0.000838 
0.002654 0.002503 0.002605 0.002554 
-0.002519 0.002651 -0.002570 0.002601 
-0.002620 -0.000759 -0.002611 -0.000788 
0.002577 0.000855 0.002567 0.000883 
0.000842 -0.000911 0.000844 -0.000909 
0.000759 -0.002686 0.000789 -0.002677 
-0.000952 -0.002607 -0.000923 -0.002618 
0.002586 0.000782 0.002578 0.000810 
-0.000945 -0.002657 -0.000914 -0.002668 
-0.002702 -0.000854 -0.002692 -0.000886 
0.000804 -0.002597 0.000832 -0.002588 
0.002567 -0.001038 0.002579 -0.001009 
0.002531 -0.002644 0.002582 -0.002594 
0.000852 -0.002645 0.000882 -0.002635 
0.002684 0.002441 0.002636 0.002492 
0.002538 -0.000917 0.002548 -0.000890 
-0.002616 0.000868 -0.002625 0.000839 
0.002498 -0.002716 0.002552 -0.002665 
0.002688 0.002466 0.002639 0.002518 
-0.001013 -0.002662 -0.000981 -0.002674 
-0.000803 0.002587 -0.000830 0.002578 
0.000836 -0.000859 0.000838 -0.000857 
0.002637 0.002545 0.002586 0.002597 
0.000746 -0.000953 0.000748 -0.000951 
-0.000756 0.002567 -0.000783 0.002559 
-0.000807 0.002545 -0.000834 0.002537 
-0.000893 0.000771 -0.000895 0.000769 
-0.002441 0.002725 -0.002494 0.002677 
0.002523 -0.000918 0.002532 -0.000891 
-0.000853 0.000870 -0.000855 0.000869 
-0.000918 0.000796 -0.000920 0.000794 
-0.000906 0.000833 -0.000907 0.000831 
-0.000987 -0.002621 -0.000957 -0.002632 
0.000959 0.002513 0.000933 0.002523 
-0.002768 -0.002498 -0.002717 -0.002554 
-0.002642 0.000944 -0.002653 0.000913 
0.000905 0.002548 0.000878 0.002558 
0.002503 -0.002724 0.002557 -0.002673 
0.000801 0.000866 0.000799 0.000868 
-0.000869 -0.000993 -0.000866 -0.000995 
0.000786 -0.002656 0.000816 -0.002647 
-0.002624 0.000909 -0.002634 0.000879 
0.000986 0.002546 0.000958 0.002557 
-0.002492 0.002653 -0.002543 0.002604 
0.000792 0.000846 0.000791 0.000848 
-0.002678 0.000937 -0.002689 0.000906 
-0.000937 -0.000961 -0.000934 -0.000964 
0.000734 -0.000886 0.000735 -0.000884 
0.002496 -0.000919 0.002505 -0.000893 
-0.000915 -0.000842 -0.000914 -0.000844 
0.002555 0.000782 0.002547 0.000809 
0.000790 0.000813 0.000789 0.000814 
-0.002660 -0.000787 -0.002651 -0.000817 
0.000841 0.000820 0.000839 0.000821 
0.002497 -0.000899 0.002506 -0.000874 
0.000800 -0.000900 0.000802 -0.000899 
0.002444 -0.002704 0.002497 -0.002656 
0.000930 -0.002636 0.000960 -0.002626 
-0.002435 0.002738 -0.002489 0.002689 
-0.000923 -0.000970 -0.000920 -0.000972 
0.000811 -0.002654 0.000841 -0.002645 
0.002580 0.000851 0.002570 0.000879 
-0.000872 0.000874 -0.000873 0.000872 
0.000980 0.002499 0.000953 0.002509 
0.000861 0.002508 0.000835 0.002517 
0.000908 0.002517 0.000881 0.002526 
0.000870 0.002540 0.000844 0.002549 
0.000752 -0.002641 0.000781 -0.002633 
-0.002478 0.002717 -0.002532 0.002667 
0.000777 0.000826 0.000775 0.000827 
-0.002587 0.000905 -0.002597 0.000876 
-0.000876 -0.002598 -0.000847 -0.002608 
-0.002699 -0.000842 -0.002689 -0.000874 
-0.002653 -0.000812 -0.002643 -0.000842 
-0.000937 0.000880 -0.000939 0.000878 
0.002601 0.000805 0.002593 0.000833 
-0.000914 -0.000881 -0.000912 -0.000883 
-0.000973 0.000819 -0.000975 0.000817 
-0.000807 0.000861 -0.000809 0.000859 
-0.000877 -0.000924 -0.000875 -0.000926 
-0.000822 0.002513 -0.000847 0.002505 
0.000784 -0.002666 0.000815 -0.002657 
-0.000951 -0.002614 -0.000922 -0.002625 
0.000805 0.000790 0.000804 0.000792 
-0.000888 0.000781 -0.000890 0.000779 
0.000807 0.000878 0.000806 0.000880 
0.000774 -0.002668 0.000804 -0.002660 
-0.002585 0.000881 -0.002595 0.000853 
0.000857 -0.000906 0.000860 -0.000904 
0.002573 -0.000935 0.002584 -0.000907 
0.000813 0.000883 0.000811 0.000885 
0.000847 0.000830 0.000845 0.000832 
0.002467 -0.002687 0.002519 -0.002639 
-0.000924 -0.002566 -0.000896 -0.002576 
-0.002567 0.000924 -0.002577 0.000896 
-0.002466 0.002695 -0.002519 0.002646 
0.000838 0.002518 0.000812 0.002526 
0.000800 0.000785 0.000799 0.000787 
0.000765 0.000773 0.000763 0.000774 
-0.000881 -0.000917 -0.000879 -0.000919 
0.002602 -0.000861 0.002611 -0.000833 
0.000825 -0.002670 0.000856 -0.002661 
-0.000901 -0.002613 -0.000871 -0.002623 
-0.002606 0.000981 -0.002617 0.000952 
-0.000981 -0.000889 -0.000979 -0.000892 
0.000950 0.002519 0.000924 0.002529 
0.000854 0.000834 0.000852 0.000836 
-0.002729 -0.002485 -0.002678 -0.002539 
0.002754 0.002410 0.002707 0.002463 
0.002568 0.000809 0.002559 0.000836 
0.000774 -0.002745 0.000807 -0.002736 
0.002472 -0.000948 0.002481 -0.000922 
-0.002608 -0.000824 -0.002599 -0.000852 
-0.000912 -0.002646 -0.000881 -0.002657 
-0.002680 -0.000827 -0.002671 -0.000858 
0.002680 0.002496 0.002630 0.002548 
-0.002613 0.000900 -0.002622 0.000871 
-0.000927 0.000896 -0.000929 0.000894 
0.000816 -0.000880 0.000818 -0.000879 
-0.000931 -0.000948 -0.000929 -0.000950 
-0.002472 0.002740 -0.002527 0.002690 
0.000876 -0.000904 0.000878 -0.000902 
0.002546 -0.000958 0.002556 -0.000930 
-0.002681 -0.000810 -0.002672 -0.000840 
0.002680 0.002447 0.002632 0.002498 
-0.002696 -0.002470 -0.002647 -0.002523 
-0.000953 -0.002628 -0.000923 -0.002638 
0.002550 -0.000902 0.002560 -0.000874 
0.000753 -0.000874 0.000755 -0.000873 
0.000871 0.002490 0.000846 0.002499 
-0.002691 -0.000770 -0.002681 -0.000801 
0.002556 0.000792 0.002547 0.000819 
-0.002436 0.002728 -0.002489 0.002680 
-0.002471 0.002705 -0.002524 0.002656 
-0.000883 -0.000936 -0.000881 -0.000938 
-0.000819 0.002556 -0.000846 0.002547 
-0.002751 -0.002440 -0.002702 -0.002494 
0.002579 -0.000925 0.002589 -0.000897 
0.002596 -0.000975 0.002607 -0.000946 
-0.002604 0.000874 -0.002613 0.000846 
-0.002478 0.002736 -0.002532 0.002686 
-0.000870 -0.000851 -0.000869 -0.000853 
-0.002728 -0.002551 -0.002675 -0.002606 
0.002592 0.002552 0.002542 0.002601 
0.000896 -0.002681 0.000927 -0.002670 
-0.002632 -0.000761 -0.002624 -0.000790 
-0.000873 0.000783 -0.000874 0.000781 
-0.002719 -0.002529 -0.002667 -0.002584 
0.000881 0.002478 0.000856 0.002487 
-0.002718 -0.002478 -0.002668 -0.002531 
0.002524 -0.000910 0.002534 -0.000884 
0.002525 -0.002767 0.002582 -0.002714 
-0.002695 -0.000769 -0.002686 -0.000800 
0.002542 -0.002700 0.002596 -0.002648 
0.000780 -0.000919 0.000782 -0.000917 
-0.000928 -0.002613 -0.000899 -0.002624 
0.002462 -0.002746 0.002516 -0.002697 
0.002453 -0.002734 0.002507 -0.002685 
0.002617 0.002583 0.002566 0.002634 
-0.002694 -0.000789 -0.002685 -0.000821 
-0.000875 -0.002570 -0.000848 -0.002579 
0.002528 -0.000914 0.002537 -0.000887 
0.000896 0.000824 0.000894 0.000826 
-0.002699 -0.002476 -0.002650 -0.002528 
0.002676 0.002495 0.002626 0.002547 
0.000803 -0.002674 0.000834 -0.002665 
-0.002502 0.002714 -0.002555 0.002663 
-0.002564 0.000903 -0.002574 0.000875 
-0.000916 -0.000937 -0.000914 -0.000939 
-0.002440 0.002701 -0.002493 0.002653 
0.000890 0.002491 0.000865 0.002500 
-0.002694 0.000945 -0.002706 0.000913 
0.000920 0.002514 0.000893 0.002523 
-0.002716 -0.002444 -0.002668 -0.002496 
-0.002711 -0.002501 -0.002660 -0.002555 
0.002560 0.000884 0.002550 0.000911 
-0.000878 -0.002692 -0.000846 -0.002702 
-0.000874 -0.000968 -0.000872 -0.000971 
-0.000951 -0.002697 -0.000918 -0.002708 
-0.002690 -0.002550 -0.002638 -0.002604 
0.000860 -0.000916 0.000862 -0.000914 
0.000807 -0.000965 0.000809 -0.000963 
0.000913 0.002558 0.000886 0.002568 
-0.002477 0.002701 -0.002530 0.002652 
-0.002613 -0.000841 -0.002603 -0.000870 
-0.000820 0.002610 -0.000848 0.002601 
0.000841 0.000735 0.000839 0.000737 
-0.002645 -0.000867 -0.002635 -0.000897 
-0.002576 0.002732 -0.002632 0.002678 
-0.000843 0.002593 -0.000871 0.002583 
0.000833 0.000822 0.000831 0.000824 
-0.000818 0.002517 -0.000843 0.002508 
0.000784 -0.002627 0.000813 -0.002618 
0.000933 0.002550 0.000906 0.002560 
0.000776 -0.002706 0.000807 -0.002697 
0.000972 0.002503 0.000945 0.002513 
-0.002446 0.002671 -0.002497 0.002624 
-0.000781 0.002616 -0.000810 0.002607 
-0.002476 0.002632 -0.002526 0.002584 
0.000812 -0.000847 0.000814 -0.000845 
-0.002485 0.002686 -0.002538 0.002637 
-0.002525 0.002676 -0.002578 0.002626 
-0.002689 -0.002425 -0.002642 -0.002476 
-0.002660 -0.000788 -0.002651 -0.000818 
-0.000892 -0.000875 -0.000890 -0.000877 
-0.000750 0.002598 -0.000778 0.002589 
-0.000863 -0.002639 -0.000833 -0.002649 
-0.002764 -0.002546 -0.002711 -0.002602 
-0.000897 -0.002609 -0.000868 -0.002619 
-0.002684 -0.002485 -0.002635 -0.002537 
0.000930 0.002488 0.000904 0.002497 
-0.000850 0.000763 -0.000852 0.000761 
-0.000928 -0.002617 -0.000899 -0.002628 
0.000795 0.000816 0.000793 0.000818 
0.000772 -0.002650 0.000801 -0.002642 
-0.000917 -0.002600 -0.000888 -0.002610 
0.000911 0.002554 0.000884 0.002564 
-0.000885 0.000823 -0.000887 0.000821 
0.002488 -0.002687 0.002540 -0.002638 
-0.000933 -0.002607 -0.000904 -0.002617 
0.000902 0.002434 0.000878 0.002442 
-0.000846 0.002583 -0.000874 0.002574 
-0.002507 0.002722 -0.002562 0.002671 
0.002828 0.002480 0.002776 0.002538 
0.002545 0.000751 0.002537 0.000777 
0.000776 -0.002734 0.000809 -0.002725 
-0.000888 -0.000887 -0.000886 -0.000890 
-0.002659 -0.002558 -0.002607 -0.002611 
-0.000926 -0.000834 -0.000924 -0.000836 
-0.002489 0.002679 -0.002541 0.002630 
0.000739 -0.000928 0.000741 -0.000927 
0.002527 0.000716 0.002520 0.000742 
0.000811 0.000800 0.000809 0.000801 
0.000873 0.002530 0.000846 0.002539 
0.000827 0.000791 0.000826 0.000792 
-0.002653 0.000936 -0.002664 0.000905 
-0.000835 0.002567 -0.000863 0.002558 
-0.002597 -0.000827 -0.002588 -0.000856 
-0.002476 0.002654 -0.002527 0.002605 
-0.002653 -0.000777 -0.002644 -0.000807 
-0.000937 -0.000918 -0.000935 -0.000921 
0.000999 0.002531 0.000971 0.002542 
-0.002735 -0.002470 -0.002685 -0.002524 
-0.000922 -0.000863 -0.000920 -0.000865 
0.000903 0.002553 0.000875 0.002562 
-0.000921 -0.002605 -0.000891 -0.002616 
0.000932 0.002514 0.000906 0.002524 
-0.002724 -0.002454 -0.002675 -0.002507 
0.000867 0.000880 0.000865 0.000881 
0.000834 -0.000984 0.000836 -0.000982 
-0.002674 -0.002477 -0.002626 -0.002529 
-0.000979 -0.002562 -0.000951 -0.002572 
0.002529 -0.000948 0.002539 -0.000921 
-0.000921 0.000847 -0.000923 0.000845 
-0.000940 -0.002655 -0.000909 -0.002666 
-0.002598 0.000954 -0.002608 0.000925 
-0.000921 -0.000853 -0.000919 -0.000855 
-0.002758 -0.002548 -0.002704 -0.002605 
-0.002520 0.002662 -0.002572 0.002612 
-0.000853 -0.002594 -0.000825 -0.002603 
-0.000810 0.002509 -0.000835 0.002500 
0.000936 -0.000944 0.000938 -0.000941 
-0.000958 0.000793 -0.000959 0.000790 
0.002583 -0.000859 0.002593 -0.000831 
-0.000795 0.002528 -0.000821 0.002520 
-0.002632 -0.000845 -0.002622 -0.000875 
0.000816 -0.002673 0.000847 -0.002664 
0.002753 0.002499 0.002701 0.002555 
0.000772 0.000816 0.000770 0.000817 
-0.000932 -0.000941 -0.000930 -0.000943 
0.000787 -0.000889 0.000789 -0.000888 
-0.000938 -0.002569 -0.000910 -0.002579 
0.000805 -0.002701 0.000837 -0.002692 
0.002656 0.002582 0.002603 0.002635 
-0.002486 0.002757 -0.002541 0.002706 
0.000832 -0.002616 0.000861 -0.002606 
0.000776 -0.002754 0.000809 -0.002745 
0.000786 -0.000916 0.000788 -0.000914 
-0.002440 0.002720 -0.002493 0.002672 
-0.002482 0.002624 -0.002532 0.002576 
0.002722 0.002447 0.002673 0.002500 
0.000899 0.002482 0.000874 0.002491 
0.002533 -0.002657 0.002585 -0.002607 
0.000815 -0.000893 0.000817 -0.000891 
0.002580 0.000840 0.002571 0.000868 
-0.000909 0.000841 -0.000911 0.000839 
0.000904 0.002464 0.000880 0.002473 
-0.002689 -0.000759 -0.002680 -0.000790 
0.002568 -0.000936 0.002578 -0.000908 
0.002517 -0.000874 0.002526 -0.000847 
0.000811 -0.000979 0.000813 -0.000978 
0.000771 -0.002652 0.000800 -0.002643 
-0.002670 0.000911 -0.002680 0.000880 
-0.002624 -0.000717 -0.002616 -0.000746 
0.000946 0.002518 0.000919 0.002527 
0.000794 -0.002612 0.000823 -0.002604 
-0.002651 -0.002484 -0.002602 -0.002535 
0.002533 -0.000966 0.002543 -0.000939 
0.000853 -0.000880 0.000855 -0.000878 
0.002537 -0.002632 0.002588 -0.002582 
-0.000938 -0.000932 -0.000935 -0.000934 
0.002655 0.002617 0.002601 0.002671 
0.000872 0.000801 0.000871 0.000803 
0.000850 -0.000888 0.000852 -0.000886 
0.002696 0.002449 0.002648 0.002501 
0.000856 0.000789 0.000854 0.000790 
-0.002655 -0.002538 -0.002604 -0.002590 
-0.002493 0.002725 -0.002547 0.002675 
-0.002647 0.000924 -0.002658 0.000893 
0.002519 -0.002674 0.002572 -0.002624 
-0.002763 -0.002549 -0.002710 -0.002605 
-0.002445 0.002704 -0.002498 0.002656 
0.002555 0.000854 0.002546 0.000881 
0.002670 0.002505 0.002621 0.002557 
0.000879 0.002493 0.000854 0.002502 
0.002728 0.002535 0.002676 0.002590 
-0.002673 -0.002428 -0.002626 -0.002479 
-0.000814 0.002543 -0.000841 0.002534 
0.000772 -0.002657 0.000801 -0.002648 
-0.002540 0.000834 -0.002549 0.000807 
-0.002711 -0.002505 -0.002660 -0.002559 
-0.000941 0.000832 -0.000943 0.000830 
0.002537 -0.000913 0.002546 -0.000886 
-0.002562 0.000977 -0.002572 0.000949 
0.000778 -0.002697 0.000809 -0.002688 
-0.000856 -0.000912 -0.000854 -0.000914 
-0.000794 0.002537 -0.000820 0.002529 
0.002519 -0.002689 0.002572 -0.002639 
0.000850 -0.002688 0.000881 -0.002678 
0.000805 -0.002698 0.000837 -0.002688 
-0.002781 -0.002448 -0.002731 -0.002504 
-0.002764 -0.002502 -0.002712 -0.002558 
0.000847 0.000793 0.000845 0.000795 
0.000920 0.002522 0.000893 0.002532 
-0.002613 0.000916 -0.002623 0.000887 
-0.002740 -0.002455 -0.002691 -0.002509 
-0.000915 -0.002633 -0.000885 -0.002643 
-0.000895 0.000924 -0.000898 0.000922 
0.002540 -0.000922 0.002549 -0.000895 
0.002536 -0.000996 0.002546 -0.000968 
-0.000912 -0.002616 -0.000883 -0.002627 
0.000775 0.000784 0.000774 0.000785 
0.002540 0.000779 0.002531 0.000805 
-0.000956 -0.002559 -0.000928 -0.002569 
-0.002729 -0.002537 -0.002677 -0.002592 
-0.000956 -0.000971 -0.000953 -0.000974 
0.000907 0.002532 0.000880 0.002542 
-0.002634 0.000883 -0.002643 0.000853 
0.000821 -0.002615 0.000850 -0.002606 
0.002481 -0.000939 0.002491 -0.000914 
-0.000929 0.000759 -0.000930 0.000757 
-0.002711 0.000915 -0.002722 0.000883 
0.000882 0.002496 0.000857 0.002505 
-0.002535 0.002699 -0.002589 0.002648 
-0.000942 0.000833 -0.000944 0.000830 
0.002510 -0.002726 0.002565 -0.002675 
-0.000911 -0.000879 -0.000909 -0.000881 
0.002734 0.002502 0.002683 0.002557 
-0.002650 -0.000841 -0.002640 -0.000871 
-0.002617 -0.000852 -0.002607 -0.000881 
-0.000896 0.000841 -0.000898 0.000839 
-0.000952 -0.000913 -0.000950 -0.000915 
0.002578 0.000790 0.002570 0.000818 
0.000862 0.000820 0.000861 0.000822 
0.002498 -0.002693 0.002551 -0.002643 
-0.000947 0.000821 -0.000949 0.000818 
-0.002680 -0.000826 -0.002671 -0.000856 
0.000800 0.000779 0.000798 0.000781 
0.000830 -0.000982 0.000833 -0.000980 
0.002661 0.002548 0.002610 0.002601 
0.000828 0.000865 0.000826 0.000867 
0.000970 0.002527 0.000942 0.002537 
-0.000813 0.002555 -0.000840 0.002546 
-0.000953 -0.002588 -0.000925 -0.002598 
-0.000911 0.000781 -0.000912 0.000779 
-0.002665 -0.000787 -0.002656 -0.000817 
-0.000849 0.002571 -0.000876 0.002562 
0.002616 0.002448 0.002569 0.002497 
0.000846 0.000823 0.000844 0.000825 
0.002487 -0.002707 0.002540 -0.002657 
-0.000919 0.000811 -0.000920 0.000809 
0.000897 0.002568 0.000869 0.002578 
0.002617 0.000758 0.002608 0.000786 
-0.002497 0.002701 -0.002550 0.002651 
0.002456 -0.002740 0.002510 -0.002691 
0.000767 -0.000888 0.000769 -0.000886 
0.000820 0.000869 0.000818 0.000871 
0.000778 -0.000914 0.000780 -0.000913 
-0.000884 -0.000875 -0.000882 -0.000877 
-0.002661 -0.002418 -0.002615 -0.002468 
0.002472 -0.000964 0.002482 -0.000938 
-0.002669 -0.000814 -0.002660 -0.000845 
0.000753 -0.000947 0.000755 -0.000946 
0.002565 -0.000942 0.002575 -0.000914 
-0.000921 -0.000928 -0.000919 -0.000930 
0.002511 -0.000899 0.002520 -0.000873 
0.000881 0.000797 0.000879 0.000799 
-0.002728 -0.000907 -0.002717 -0.000940 
0.002514 -0.002682 0.002566 -0.002632 
-0.000806 0.002540 -0.000832 0.002532 
0.002473 -0.002679 0.002525 -0.002630 
-0.002574 0.000939 -0.002584 0.000910 
0.002597 0.000829 0.002587 0.000857 
-0.002603 0.000875 -0.002613 0.000846 
-0.002756 -0.000838 -0.002745 -0.000871 
-0.000950 -0.002639 -0.000920 -0.002650 
0.000931 0.002533 0.000904 0.002543 
-0.000903 0.000803 -0.000905 0.000801 
0.000942 0.002519 0.000915 0.002529 
-0.000915 -0.002622 -0.000885 -0.002632 
-0.000754 0.002531 -0.000779 0.002523 
-0.000916 -0.000867 -0.000914 -0.000869 
0.000940 0.002507 0.000913 0.002517 
0.002552 0.000767 0.002544 0.000794 
0.002510 0.000786 0.002502 0.000811 
-0.000866 0.002558 -0.000893 0.002549 
-0.002467 0.002729 -0.002521 0.002679 
-0.002639 -0.000843 -0.002629 -0.000872 
0.002661 0.002452 0.002613 0.002503 
0.002710 0.002508 0.002660 0.002561 
-0.002767 -0.000797 -0.002757 -0.000830 
0.000715 -0.002691 0.000745 -0.002683 
0.002584 0.000840 0.002575 0.000868 
0.002573 0.000779 0.002564 0.000806 
-0.000910 0.000808 -0.000912 0.000806 
0.000824 0.000829 0.000822 0.000831 
0.000772 -0.002539 0.000798 -0.002531 
0.002478 -0.002630 0.002528 -0.002582 
-0.002709 -0.002488 -0.002659 -0.002541 
0.000793 -0.002688 0.000823 -0.002679 
0.000838 0.000869 0.000836 0.000870 
-0.000850 0.002542 -0.000876 0.002533 
0.002593 -0.000917 0.002603 -0.000888 
-0.002654 -0.000788 -0.002645 -0.000818 
0.000872 0.002508 0.000846 0.002517 
0.000754 -0.002659 0.000784 -0.002650 
-0.000881 0.000808 -0.000882 0.000807 
0.002539 -0.000940 0.002549 -0.000913 
-0.000896 -0.002570 -0.000868 -0.002579 
-0.000890 0.000803 -0.000891 0.000801 
-0.000836 0.002547 -0.000863 0.002538 
-0.002659 0.000910 -0.002669 0.000879 
-0.000932 -0.002602 -0.000903 -0.002612 
-0.000900 -0.000862 -0.000898 -0.000864 
-0.000973 -0.000929 -0.000970 -0.000932 
0.002565 -0.000924 0.002575 -0.000896 
0.000920 0.002530 0.000893 0.002540 
-0.002446 0.002762 -0.002501 0.002713 
0.002638 0.000810 0.002629 0.000840 
0.002664 0.002513 0.002614 0.002565 
-0.000844 0.002481 -0.000869 0.002472 
0.000806 0.000800 0.000805 0.000802 
-0.002491 0.002712 -0.002544 0.002662 
0.002533 -0.002691 0.002587 -0.002640 
-0.002438 0.002658 -0.002488 0.002611 
-0.000779 0.002612 -0.000808 0.002603 
0.000821 -0.000923 0.000823 -0.000921 
0.000971 0.002571 0.000942 0.002582 
-0.002476 0.002670 -0.002527 0.002622 
0.002731 0.002497 0.002680 0.002551 
0.002682 0.002504 0.002632 0.002556 
0.000848 -0.000952 0.000850 -0.000950 
-0.002706 -0.002512 -0.002655 -0.002565 
0.000791 0.000821 0.000789 0.000823 
0.002575 -0.000901 0.002585 -0.000872 
0.000935 0.002494 0.000909 0.002504 
-0.000923 -0.000896 -0.000921 -0.000898 
-0.002600 0.000930 -0.002610 0.000901 
0.002555 -0.002676 0.002608 -0.002624 
0.000967 0.002538 0.000939 0.002548 
0.000859 -0.000876 0.000861 -0.000874 
0.002514 -0.002718 0.002568 -0.002667 
-0.000946 -0.002652 -0.000915 -0.002663 
-0.002654 0.000930 -0.002664 0.000899 
0.000793 -0.000904 0.000795 -0.000902 
0.000833 0.000799 0.000831 0.000801 
-0.002621 -0.000784 -0.002612 -0.000812 
0.002564 0.000787 0.002556 0.000814 
-0.000905 -0.002627 -0.000875 -0.002637 
0.002512 -0.000898 0.002522 -0.000871 
0.002531 -0.000906 0.002541 -0.000879 
-0.000858 0.002568 -0.000886 0.002558 
-0.000853 -0.000914 -0.000851 -0.000916 
-0.002628 0.000979 -0.002639 0.000949 
-0.002670 -0.002506 -0.002620 -0.002558 
0.000803 -0.000906 0.000805 -0.000904 
0.000842 0.000814 0.000840 0.000816 
0.002595 0.000832 0.002586 0.000860 
0.002554 0.000814 0.002545 0.000841 
-0.002675 0.000879 -0.002685 0.000848 
0.000822 0.000790 0.000821 0.000792 
-0.000983 -0.000939 -0.000980 -0.000941 
0.002525 0.000789 0.002517 0.000815 
-0.000892 0.002569 -0.000920 0.002559 
-0.002667 -0.000743 -0.002658 -0.000773 
-0.002653 -0.002435 -0.002606 -0.002485 
0.000812 -0.002644 0.000842 -0.002634 
0.002556 -0.002711 0.002610 -0.002659 
0.002539 0.000890 0.002530 0.000917 
-0.002702 -0.002546 -0.002650 -0.002600 
-0.000756 0.002576 -0.000784 0.002568 
0.002525 -0.002701 0.002579 -0.002650 
0.000874 0.002582 0.000846 0.002591 
0.000836 0.000841 0.000834 0.000843 
0.002608 -0.000942 0.002619 -0.000912 
-0.002668 -0.002494 -0.002618 -0.002546 
0.000818 -0.000998 0.000821 -0.000996 
0.000831 -0.000851 0.000832 -0.000850 
-0.002699 -0.002512 -0.002648 -0.002566 
0.002672 0.002529 0.002621 0.002582 
0.002564 0.000839 0.002555 0.000866 
0.000771 -0.002641 0.000801 -0.002632 
0.000910 0.002485 0.000884 0.002494 
-0.000836 0.000830 -0.000838 0.000828 
0.002456 -0.002784 0.002512 -0.002734 
0.000813 -0.002716 0.000845 -0.002706 
-0.002619 0.000938 -0.002630 0.000908 
0.000816 -0.000946 0.000819 -0.000944 
-0.002684 -0.002498 -0.002634 -0.002551 
0.000956 0.002488 0.000930 0.002497 
0.002585 0.000815 0.002576 0.000843 
0.000810 -0.002677 0.000841 -0.002668 
-0.002674 -0.002441 -0.002627 -0.002492 
-0.002729 -0.002466 -0.002680 -0.002520 
-0.000840 -0.000994 -0.000837 -0.000996 
-0.002745 -0.002514 -0.002694 -0.002569 
0.000860 0.000756 0.000858 0.000757 
0.000819 -0.000877 0.000821 -0.000875 
-0.000873 0.000769 -0.000874 0.000768 
-0.002660 -0.000753 -0.002651 -0.000783 
-0.002617 -0.000821 -0.002607 -0.000850 
-0.000831 0.002626 -0.000860 0.002616 
-0.000872 0.002521 -0.000899 0.002512 
0.000842 -0.000870 0.000844 -0.000868 
-0.000912 0.000899 -0.000915 0.000897 
-0.002730 -0.002442 -0.002682 -0.002495 
-0.000758 0.002590 -0.000785 0.002582 
0.000798 -0.000916 0.000800 -0.000915 
-0.002663 -0.000784 -0.002654 -0.000814 
0.002488 -0.002704 0.002541 -0.002655 
0.000930 0.002507 0.000903 0.002517 
-0.000817 -0.000854 -0.000815 -0.000856 
-0.002520 0.002751 -0.002576 0.002699 
0.000767 0.000866 0.000766 0.000868 
0.000823 -0.000894 0.000824 -0.000892 
0.000785 0.000794 0.000784 0.000795 
0.002706 0.002485 0.002656 0.002538 
0.002610 0.000769 0.002601 0.000797 
0.000814 -0.000892 0.000816 -0.000890 
-0.000785 0.002565 -0.000812 0.002556 
0.000880 0.002512 0.000854 0.002521 
-0.000794 0.002570 -0.000821 0.002562 
